0.80445176;0.16280572;10.180145
0.641646;-0.019153614;10.984597
1.1300632;-0.009576807;10.055647
0.59376204;0.32561144;9.682152
0.33518824;0.46926352;9.021352
1.1300632;0.02873042;9.758766
0.7086837;0.0;10.553641
0.47884035;0.21068975;10.43872
0.93852705;0.05746084;9.835381
0.60333884;0.41180268;9.308656
0.6703765;0.17238252;9.720459
0.90021986;0.0;10.189722
0.6512229;0.1436521;10.199299
0.6703765;0.076614454;10.055647
0.7661445;0.18195933;9.490616
0.7182605;0.21068975;9.624691
0.641646;0.08619126;10.0269165
0.78529817;0.1340753;10.093954
0.7565677;0.095768064;9.998186
0.6512229;0.19153613;9.682152
0.8714894;0.18195933;9.634268
0.8331822;0.1436521;9.873688
0.6607997;0.19153613;10.065224
0.842759;0.11492168;10.007763
0.78529817;0.15322891;9.749189
0.6991069;0.24899697;9.710882
0.8619126;0.17238252;9.816227
0.7182605;0.15322891;9.931149
0.7374141;0.16280572;10.065224
0.80445176;0.12449849;9.921572
0.7182605;0.18195933;9.710882
0.7374141;0.21068975;9.816227
0.7469909;0.16280572;9.854534
0.7278373;0.10534488;9.883265
0.7278373;0.19153613;9.950302
0.7086837;0.21068975;9.749189
0.6991069;0.18195933;9.80665
0.7086837;0.19153613;9.825804
0.7182605;0.16280572;9.892841
0.7374141;0.10534488;9.921572
0.6991069;0.16280572;9.80665
0.7086837;0.15322891;9.835381
0.7661445;0.18195933;9.80665
0.7182605;0.16280572;9.9790325
0.7374141;0.16280572;9.883265
0.7757214;0.1436521;9.883265
0.78529817;0.21068975;9.835381
0.7565677;0.17238252;9.816227
0.79487497;0.1340753;9.825804
0.7469909;0.16280572;9.911995
0.7661445;0.20111294;9.911995
0.80445176;0.12449849;9.835381
0.7757214;0.18195933;9.883265
0.7757214;0.16280572;9.80665
0.7661445;0.12449849;9.911995
0.7278373;0.18195933;9.854534
0.7469909;0.21068975;9.80665
0.7757214;0.15322891;9.825804
0.7278373;0.1340753;9.902418
0.7278373;0.17238252;9.854534
0.7757214;0.19153613;9.835381
0.6703765;0.1340753;9.844957
0.7565677;0.1436521;9.825804
0.7469909;0.1340753;9.864111
0.7182605;0.18195933;9.864111
0.7374141;0.15322891;9.854534
0.7086837;0.1340753;9.931149
0.7374141;0.1436521;9.77792
0.7278373;0.15322891;9.892841
0.7469909;0.16280572;9.844957
0.7374141;0.10534488;9.931149
0.81402856;0.15322891;9.835381
0.7565677;0.18195933;9.825804
0.7757214;0.16280572;9.835381
0.7374141;0.18195933;9.854534
0.7757214;0.12449849;9.854534
0.7757214;0.1340753;9.883265
0.7374141;0.18195933;9.883265
0.7469909;0.19153613;9.797073
0.7565677;0.1340753;9.864111
0.7661445;0.16280572;9.864111
0.80445176;0.10534488;9.816227
0.7757214;0.11492168;9.902418
0.6991069;0.18195933;9.816227
0.7757214;0.1340753;9.797073
0.7469909;0.15322891;9.883265
0.7374141;0.19153613;9.883265
0.80445176;0.1340753;9.797073
0.7182605;0.17238252;9.844957
0.7278373;0.1340753;9.883265
0.7469909;0.17238252;9.835381
0.7278373;0.17238252;9.854534
0.7469909;0.095768064;9.873688
0.7278373;0.1436521;9.883265
0.6991069;0.1436521;9.854534
0.7757214;0.15322891;9.835381
0.7374141;0.16280572;9.902418
0.7469909;0.17238252;9.854534
0.7374141;0.11492168;9.902418
0.7565677;0.1436521;9.854534
0.7565677;0.1340753;9.816227
0.7661445;0.10534488;9.873688
0.7469909;0.12449849;9.835381
0.7757214;0.17238252;9.825804
0.7757214;0.15322891;9.864111
0.7661445;0.21068975;9.816227
0.7661445;0.15322891;9.873688
0.7278373;0.1436521;9.864111
0.7661445;0.18195933;9.844957
0.79487497;0.19153613;9.77792
0.7469909;0.15322891;9.797073
0.7469909;0.20111294;9.825804
0.7757214;0.17238252;9.835381
0.7565677;0.18195933;9.797073
0.7374141;0.16280572;9.873688
0.7757214;0.1340753;9.902418
0.6991069;0.2681506;9.844957
0.7661445;0.1436521;9.864111
0.7469909;0.15322891;9.835381
0.7469909;0.1340753;9.864111
0.78529817;0.15322891;9.816227
0.7565677;0.15322891;9.873688
0.7374141;0.17238252;9.77792
0.80445176;0.16280572;9.844957
0.6895301;0.11492168;9.892841
0.7278373;0.20111294;9.844957
0.78529817;0.1436521;9.816227
0.7565677;0.16280572;9.902418
0.7565677;0.16280572;9.854534
0.7565677;0.10534488;9.835381
0.7182605;0.17238252;9.835381
0.78529817;0.15322891;9.825804
0.7661445;0.15322891;9.883265
0.7565677;0.12449849;9.844957
0.80445176;0.11492168;9.892841
0.80445176;0.15322891;9.883265
0.7086837;0.1340753;9.864111
0.7374141;0.17238252;9.873688
0.7278373;0.20111294;9.883265
0.7086837;0.1340753;9.80665
0.7757214;0.1436521;9.854534
0.7374141;0.1436521;9.835381
0.7565677;0.1340753;9.835381
0.7374141;0.15322891;9.835381
0.7086837;0.17238252;9.864111
0.7469909;0.16280572;9.864111
0.7661445;0.10534488;9.883265
0.7182605;0.11492168;9.873688
0.7565677;0.12449849;9.873688
0.7661445;0.16280572;9.825804
0.7374141;0.1436521;9.864111
0.78529817;0.11492168;9.873688
0.7278373;0.1436521;9.80665
0.7374141;0.17238252;9.80665
0.7661445;0.11492168;9.873688
0.7278373;0.16280572;9.864111
0.79487497;0.16280572;9.864111
0.78529817;0.17238252;9.844957
0.6895301;0.16280572;9.883265
0.79487497;0.11492168;9.844957
0.78529817;0.19153613;9.883265
0.6895301;0.15322891;9.816227
0.79487497;0.16280572;9.873688
0.7565677;0.15322891;9.787497
0.7374141;0.15322891;9.902418
0.79487497;0.15322891;9.816227
0.7565677;0.18195933;9.844957
0.7661445;0.16280572;9.873688
0.7565677;0.1436521;9.825804
0.7086837;0.16280572;9.844957
0.7757214;0.18195933;9.835381
0.7469909;0.17238252;9.864111
0.7278373;0.16280572;9.873688
0.91937345;0.23942018;10.1226845
0.7086837;0.17238252;9.931149
0.6607997;0.15322891;9.80665
0.8331822;0.12449849;9.825804
0.7661445;0.18195933;9.844957
0.6703765;0.24899697;9.768343
0.8331822;0.11492168;9.864111
0.641646;0.19153613;9.825804
0.6607997;0.1340753;9.844957
0.80445176;0.095768064;9.854534
0.7182605;0.21068975;9.844957
0.6991069;0.10534488;9.873688
0.79487497;0.17238252;9.854534
0.7565677;0.1436521;9.825804
0.7565677;0.12449849;9.902418
0.7469909;0.19153613;9.844957
0.78529817;0.1436521;9.921572
0.7086837;0.1340753;9.892841
0.79487497;0.17238252;9.758766
0.79487497;0.1340753;9.816227
0.6799533;0.15322891;9.873688
0.80445176;0.17238252;9.835381
0.82360536;0.1340753;9.892841
0.7661445;0.1340753;9.921572
0.81402856;0.10534488;9.844957
0.82360536;0.18195933;9.835381
0.8619126;0.15322891;9.998186
0.7757214;0.12449849;9.950302
0.82360536;0.18195933;9.691729
0.8523358;0.22026655;10.04607
0.6512229;0.32561144;9.931149
0.7374141;0.11492168;9.80665
0.6703765;0.16280572;9.950302
0.7661445;0.10534488;9.940725
0.8331822;0.11492168;10.036493
0.45010993;0.23942018;9.825804
0.7182605;0.05746084;9.825804
0.7757214;0.095768064;9.921572
0.5650316;0.24899697;9.825804
0.7565677;0.095768064;9.883265
0.7374141;0.18195933;9.835381
0.6512229;0.18195933;9.883265
0.80445176;0.19153613;9.854534
0.7565677;0.17238252;9.758766
0.7182605;0.20111294;9.854534
0.80445176;0.22984336;9.758766
0.79487497;0.1340753;9.787497
0.7661445;0.18195933;9.854534
0.8331822;0.20111294;9.80665
0.82360536;0.21068975;9.864111
0.80445176;0.17238252;9.80665
0.82360536;0.20111294;9.835381
0.79487497;0.15322891;9.950302
0.7565677;0.17238252;9.825804
0.79487497;0.18195933;9.892841
0.80445176;0.17238252;9.844957
0.7757214;0.17238252;9.873688
0.7374141;0.17238252;9.902418
0.7374141;0.1436521;9.864111
0.7469909;0.15322891;9.816227
0.7278373;0.1340753;9.835381
0.7374141;0.12449849;9.797073
0.6895301;0.10534488;9.864111
0.6703765;0.15322891;9.80665
0.7182605;0.10534488;9.797073
0.6703765;0.18195933;9.883265
0.6607997;0.17238252;9.844957
0.7469909;0.16280572;9.892841
0.6703765;0.16280572;9.864111
0.7086837;0.1436521;9.911995
0.79487497;0.18195933;9.844957
0.7374141;0.17238252;9.844957
0.7374141;0.20111294;9.892841
0.79487497;0.076614454;9.854534
0.7661445;0.095768064;9.940725
0.7565677;0.15322891;9.816227
0.81402856;0.19153613;9.787497
0.7374141;0.18195933;9.844957
0.7565677;0.1340753;9.825804
0.7757214;0.16280572;9.873688
0.7565677;0.11492168;9.825804
0.7757214;0.1436521;9.854534
0.7278373;0.10534488;9.854534
0.7374141;0.16280572;9.873688
0.7757214;0.18195933;9.864111
0.7565677;0.15322891;9.864111
0.7469909;0.1436521;9.844957
0.7278373;0.1436521;9.835381
0.7182605;0.17238252;9.816227
0.6991069;0.12449849;9.825804
0.6895301;0.21068975;9.854534
0.6895301;0.1436521;9.825804
0.7086837;0.17238252;9.844957
0.7086837;0.16280572;9.797073
0.7374141;0.1340753;9.816227
0.7565677;0.18195933;9.787497
0.7086837;0.15322891;9.816227
0.7757214;0.18195933;9.911995
0.7374141;0.1436521;9.787497
0.7757214;0.18195933;9.873688
0.7661445;0.19153613;9.873688
0.7757214;0.076614454;9.825804
0.7278373;0.1436521;9.883265
0.7757214;0.15322891;9.797073
0.78529817;0.16280572;9.883265
0.7469909;0.1340753;9.77792
0.7661445;0.1340753;9.864111
0.7565677;0.21068975;9.854534
0.7374141;0.1436521;9.844957
0.78529817;0.11492168;9.825804
0.6991069;0.17238252;9.873688
0.7278373;0.18195933;9.854534
0.7374141;0.1436521;9.873688
0.7469909;0.21068975;9.864111
0.7278373;0.18195933;9.854534
0.7661445;0.12449849;9.873688
0.7661445;0.15322891;9.854534
0.7469909;0.1436521;9.931149
0.7086837;0.16280572;9.844957
0.7661445;0.20111294;9.854534
0.78529817;0.17238252;9.854534
0.7661445;0.16280572;9.921572
0.7469909;0.19153613;9.854534
0.7278373;0.17238252;9.844957
0.7374141;0.1436521;9.892841
0.7757214;0.11492168;9.921572
0.7469909;0.17238252;9.940725
0.7278373;0.19153613;9.911995
0.7661445;0.17238252;9.873688
0.7086837;0.18195933;9.854534
0.8331822;0.2681506;9.921572
0.90979666;0.2681506;9.988609
0.89064306;0.2873042;10.04607
0.8714894;0.39264908;10.0748005
0.92895025;0.39264908;9.854534
0.94810385;0.49799395;9.998186
1.0247183;0.5267244;10.084377
1.0534488;0.63206923;9.988609
1.0055647;0.7661445;10.0748005
1.2449849;0.79487497;10.007763
1.1683705;0.81402856;10.065224
0.8714894;1.0247183;10.0748005
1.1204864;0.9768343;9.969456
1.0534488;0.9576807;9.988609
0.6607997;1.2449849;10.496181
1.340753;1.1587936;9.988609
1.0151415;1.1109096;10.04607
0.10534488;1.5705963;10.314221
1.8004397;1.5801731;10.649409
0.37349546;2.327164;10.754754
-0.89064306;0.7469909;9.097966
0.90979666;1.9057846;10.668563
0.35434186;1.8195933;10.515334
-1.1013328;1.5801731;9.701305
1.3311762;2.4612393;9.844957
1.1492168;2.4995465;10.352529
-1.1683705;2.2122424;9.461885
1.7908629;2.2218192;9.500193
0.5267244;2.585738;9.701305
-0.9576807;2.5953147;9.299079
1.6567876;2.4899697;9.414001
1.13964;2.3942018;9.385271
-0.5267244;2.5953147;9.615114
1.4173675;2.5378537;9.394848
0.82360536;2.5187001;9.56723
-0.17238252;2.480393;9.615114
1.5610195;2.2218192;9.605537
1.2641385;2.1739352;9.490616
-0.047884032;2.1739352;10.055647
1.2162545;2.1068976;9.701305
1.5801731;1.9728222;9.605537
0.24899697;2.087744;9.931149
0.91937345;1.8387469;9.701305
1.2737153;1.7717092;9.844957
0.2777274;1.9919758;9.77792
1.1875241;1.7142484;9.710882
1.3215994;1.7142484;9.864111
0.62249243;1.436521;9.720459
0.8619126;1.4556746;10.352529
1.2258313;1.1013328;10.342952
0.6991069;1.091756;10.6398325
0.81402856;1.1779473;10.553641
0.79487497;1.0342951;10.199299
0.38307226;0.9959879;10.151415
0.20111294;0.9959879;10.477027
0.2873042;0.80445176;10.189722
-0.02873042;0.6703765;10.01734
-0.21068975;1.1683705;9.940725
0.29688102;0.92895025;9.3182335
0.45010993;0.9864111;9.548077
0.33518824;1.1587936;9.749189
1.1013328;0.9576807;10.036493
1.2545617;0.8523358;9.576807
0.7661445;1.2641385;9.931149
1.5897499;1.1109096;8.858546
1.484405;1.0630256;9.844957
0.6512229;1.1204864;9.844957
1.3024458;0.8619126;9.969456
1.2354081;0.7757214;9.921572
0.49799395;0.89064306;10.400413
0.8810662;0.46926352;10.036493
0.58418524;0.5554548;10.199299
0.2873042;0.7086837;10.314221
1.1779473;0.2681506;10.266336
0.8619126;0.4405331;10.821792
0.39264908;0.4213795;10.362105
0.9576807;0.37349546;9.80665
0.6799533;0.48841715;9.605537
-0.095768064;0.2681506;9.576807
-0.047884032;0.46926352;9.576807
0.2873042;0.50757074;9.011775
0.81402856;1.0726024;9.797073
1.685518;0.6703765;9.3661175
0.7278373;0.7661445;10.275913
0.8619126;0.9864111;9.739613
1.6376339;0.38307226;10.362105
-0.25857377;0.90021986;10.323798
0.90979666;0.7278373;10.093954
0.90021986;0.10534488;10.869676
-0.7278373;0.94810385;11.109096
1.1683705;0.5267244;11.089942
1.2354081;0.61291564;10.67814
-0.32561144;1.484405;9.873688
1.2737153;1.0055647;10.04607
1.3599066;1.3790601;9.998186
1.3215994;1.5705963;11.061212
2.72939;1.1875241;10.228029
1.2066777;1.6280571;10.160992
0.36391866;2.087744;9.500193
1.6567876;1.5705963;8.37013
0.18195933;1.733402;9.155427
-0.4309563;1.8579005;8.916007
0.62249243;1.4173675;9.442732
-0.641646;1.8195933;9.193734
0.12449849;1.7525556;9.193734
1.1875241;1.2641385;9.56723
0.047884032;1.541866;10.199299
0.39264908;1.340753;10.25676
1.4652514;1.4939818;9.691729
1.340753;1.5514427;9.14585
0.61291564;1.8100165;9.892841
0.82360536;2.0111294;9.165004
1.0534488;1.5035586;9.356541
-0.2873042;1.6089035;9.931149
0.80445176;1.5801731;9.643845
1.6950948;0.81402856;10.429143
-0.4213795;1.3503298;10.620679
-0.1340753;1.1875241;10.084377
0.81402856;1.1300632;10.01734
-0.90979666;1.484405;9.720459
0.7086837;1.7046716;9.931149
2.8443117;1.733402;10.237606
2.4516625;2.3080103;10.764331
2.882619;1.982399;10.400413
2.930503;2.3175871;9.80665
0.8331822;1.6472107;9.088389
-0.641646;2.183512;9.77792
0.37349546;1.5801731;8.6574335
-1.3694834;1.4077905;9.356541
-1.685518;2.0398598;8.714894
2.72939;1.0247183;8.532935
2.3942018;1.3215994;11.348516
1.3599066;1.6663644;12.248735
2.5474305;0.8714894;10.6398325
0.8619126;1.388637;9.193734
0.59376204;1.0534488;7.776367
1.9249382;0.076614454;11.147403
-2.336741;0.37349546;11.482592
-2.815581;0.31603462;10.419566
-1.091756;0.24899697;7.2592196
-0.8619126;1.5993267;7.575254
1.13964;0.9672575;10.831368
2.5570073;0.58418524;12.076353
2.930503;0.78529817;12.449849
2.9879637;1.4556746;11.042058
3.2273839;1.6472107;8.283937
0.545878;0.36391866;9.883265
-1.7717092;1.1779473;11.137826
-0.61291564;0.82360536;8.935161
-2.3750482;0.78529817;8.446744
-3.3423057;2.1452048;7.2304893
2.633622;1.6089035;9.289502
4.654328;0.2777274;8.973468
0.4213795;2.0494366;13.666103
5.861006;1.2162545;11.080365
4.0318356;-0.19153613;9.682152
-4.012682;1.5514427;11.099519
-1.3024458;0.5650316;7.8625584
0.45968673;-0.78529817;6.895301
-5.851429;1.6472107;10.01734
-1.3982137;1.2162545;9.988609
5.813122;-0.095768064;12.354081
2.1930888;0.7086837;14.432248
3.3518825;0.5554548;14.5567465
6.8761473;0.40222588;10.28549
-0.62249243;-0.05746084;9.873688
-5.631162;1.484405;10.400413
0.019153614;0.90021986;8.015787
-1.0821792;0.33518824;6.2632318
-3.4093432;2.7868507;8.772355
6.83784;1.5131354;8.101978
4.865018;0.90979666;12.631808
-2.0494366;2.882619;9.892841
6.1387334;-0.08619126;6.8569937
-1.5514427;0.7565677;9.308656
-6.1195793;3.2848446;8.590396
2.9879637;1.4748282;9.404425
-0.37349546;0.49799395;7.5465236
-2.6144683;3.3806129;8.772355
6.5026517;0.47884035;9.892841
3.1316159;2.2601264;9.595961
0.17238252;2.3654714;10.1226845
2.4516625;0.5267244;11.137826
-2.2697031;1.6280571;9.059659
-2.1452048;1.0151415;13.8959465
0.1340753;0.7278373;11.329363
2.9879637;1.5993267;7.843405
2.7964275;-0.06703765;10.994174
-0.095768064;1.5705963;12.660539
2.231396;0.9672575;11.013328
-1.5610195;0.02873042;11.712435
-3.0550013;2.3654714;7.73806
2.9592333;1.3982137;11.520899
0.10534488;0.9864111;8.935161
-1.043872;2.1930888;10.907983
4.4819455;1.091756;11.60709
2.1739352;2.1068976;8.801085
-2.4899697;2.3463178;8.379706
-0.7278373;2.3080103;7.833828
2.8060043;0.842759;7.73806
1.9249382;2.3463178;13.426683
3.5051112;1.934515;9.892841
2.882619;0.29688102;9.988609
-0.94810385;2.4516625;9.883265
0.80445176;1.4269443;5.497087
-0.5554548;-0.1436521;10.266336
-4.606444;1.6280571;10.055647
1.4939818;0.23942018;10.362105
4.2521024;0.019153614;9.069236
0.4405331;2.7102363;11.434708
1.4556746;1.436521;12.5264635
0.5363012;1.2162545;7.2687964
-1.7908629;2.3654714;7.776367
1.6950948;2.0111294;9.193734
4.261679;0.62249243;11.051635
0.29688102;1.388637;13.177686
-0.89064306;1.388637;9.433155
0.15322891;0.4213795;7.326257
-2.0590134;2.1547816;7.929596
-0.06703765;1.1204864;11.080365
2.0494366;-0.35434186;12.74673
2.0398598;2.1164744;10.936713
2.4995465;1.6567876;10.6398325
0.038307227;1.5897499;7.699753
-0.9864111;2.27928;7.8912888
2.0111294;0.6991069;9.337387
0.641646;1.8866309;10.275913
2.2409728;1.6567876;10.927136
4.462792;-0.2681506;7.479486
-0.9672575;1.0534488;10.888829
-3.1794999;1.1204864;9.911995
0.1340753;0.842759;7.651869
0.19153613;0.38307226;9.595961
1.8100165;0.7278373;9.500193
5.1810527;0.7757214;13.64695
0.24899697;0.4213795;12.430696
-3.016694;0.36391866;12.038046
0.35434186;0.92895025;8.6574335
0.9576807;0.90979666;6.5696893
-0.5746084;1.6567876;12.861651
2.930503;0.80445176;9.768343
1.6950948;-0.60333884;11.84651
-4.0222588;1.9057846;9.653421
1.9249382;0.6799533;8.169016
3.3997664;0.23942018;8.868123
-0.8810662;2.087744;11.243171
1.7429788;0.9768343;11.722012
1.9632454;0.8523358;8.762778
-4.3957543;1.6759412;8.312668
-1.6663644;1.9919758;7.441179
5.00867;0.8523358;9.854534
-0.12449849;1.2545617;12.564771
0.7661445;1.340753;9.758766
3.8881836;0.23942018;9.14585
-1.9632454;0.047884032;9.615114
-1.8004397;1.3024458;11.15698
5.861006;-0.40222588;10.994174
3.466804;1.1109096;11.741165
-1.3120226;1.2258313;12.411542
-0.6895301;0.2681506;9.356541
-1.8483237;0.8619126;7.422025
-0.076614454;2.566584;7.422025
4.596867;0.35434186;10.831368
3.122039;0.12449849;13.206416
-0.019153614;0.7182605;12.593501
-1.4748282;-0.038307227;9.021352
-1.5993267;1.8866309;9.519346
5.056554;1.1492168;7.019799
2.9592333;0.40222588;14.78659
-2.5761611;1.5705963;12.6222315
-0.62249243;0.40222588;6.943185
-2.1260512;3.1028855;6.8186865
-0.7182605;3.4380736;5.8322754
6.933608;-0.076614454;11.166556
2.96881;1.0151415;15.102624
-4.1946416;1.9632454;11.262324
0.90021986;1.1587936;6.167464
3.5625722;3.0262709;4.711789
2.1452048;1.0630256;11.559206
0.8331822;-0.48841715;11.300632
-1.7717092;1.9919758;13.627796
-3.3039982;2.0207062;6.167464
1.6663644;3.466804;4.462792
5.0374002;2.2697031;9.892841
0.4309563;0.6799533;13.857639
1.6663644;-0.94810385;12.938266
-0.92895025;0.80445176;12.191275
-2.4899697;1.7621324;7.0102224
3.5625722;0.8810662;6.167464
2.6719291;1.1587936;11.683704
-3.1028855;0.047884032;13.283031
0.20111294;0.37349546;10.515334
1.091756;1.9919758;8.6095495
1.7908629;0.7661445;8.829816
7.1634517;-0.2777274;12.26789
1.1300632;-0.92895025;15.131354
-7.1826053;-1.1779473;10.783484
2.183512;3.5817258;8.178593
7.5848308;-2.2697031;3.5242648
-2.9592333;2.27928;13.397953
-1.2545617;0.11492168;14.202404
1.091756;-1.8004397;10.036493
-4.3382936;2.2409728;8.063671
3.2561142;0.5554548;7.029376
6.244078;-0.79487497;10.496181
-1.8579005;0.1340753;15.610195
-1.8387469;-0.4213795;12.488156
1.9536686;-0.15322891;6.7612257
1.4556746;2.7389667;4.1946416
0.78529817;0.7565677;10.199299
-2.4612393;-1.5610195;11.511322
-1.9728222;1.6567876;10.67814
1.4173675;-0.21068975;6.6079965
0.90979666;1.0247183;6.540959
2.7102363;0.5363012;10.486604
3.074155;-2.4516625;12.315774
-2.3654714;-0.62249243;13.589489
-0.2873042;0.16280572;9.002198
4.2521024;-0.2777274;6.196194
-0.59376204;0.31603462;9.921572
-1.0247183;-0.94810385;10.850522
1.0151415;-1.4939818;11.118672
0.1340753;0.1436521;11.511322
1.5514427;-0.24899697;8.686164
3.7062242;-1.5801731;9.720459
0.90979666;-0.78529817;12.919112
-0.10534488;-1.5897499;11.932701
-0.2681506;-1.0342951;11.166556
0.89064306;0.33518824;8.015787
2.585738;-1.1204864;9.988609
-0.19153613;-0.6703765;9.739613
-1.7429788;-0.90021986;11.176133
-0.18195933;-0.6607997;10.869676
1.1300632;0.641646;8.686164
2.8921957;-0.12449849;8.734048
-0.11492168;-0.41180268;9.107543
-3.064578;0.39264908;11.760319
0.6512229;-0.545878;8.504205
1.5897499;-0.047884032;8.743625
0.6703765;0.79487497;9.452309
2.5474305;0.34476504;7.920019
-0.545878;0.038307227;9.662998
-3.41892;1.091756;7.3166804
1.0151415;-0.8619126;6.9144545
1.8483237;-0.10534488;11.262324
4.146757;-0.40222588;10.994174
2.815581;-0.89064306;14.231135
-2.3080103;0.17238252;10.448297
0.90021986;-0.047884032;8.2169
2.5570073;-0.49799395;8.992621
0.23942018;0.24899697;11.329363
2.3175871;-0.89064306;13.283031
0.076614454;-0.41180268;10.228029
-2.9017725;0.92895025;7.97748
2.1547816;1.3120226;8.772355
5.2002063;-0.4405331;8.37013
1.6567876;0.31603462;14.326903
0.29688102;-0.36391866;13.426683
0.2873042;-0.49799395;9.11712
-0.22984336;2.1260512;9.308656
3.064578;0.47884035;8.015787
1.0151415;-1.6376339;12.53604
-1.982399;0.36391866;14.077906
0.25857377;-0.25857377;9.892841
0.5554548;1.2641385;6.1004257
1.3599066;2.6144683;6.2249246
3.1603463;0.49799395;9.643845
-0.4405331;0.1340753;12.248735
-3.1028855;1.6567876;11.281479
1.6950948;0.32561144;8.360553
2.7389667;1.3982137;7.1059904
1.6376339;1.0342951;11.061212
0.30645782;-0.1436521;11.042058
0.009576807;0.0;12.076353
0.20111294;0.22026655;9.3182335
-1.091756;0.81402856;7.73806
2.6623523;1.3982137;7.785944
3.763685;-0.80445176;10.726024
-3.7445314;-0.39264908;13.196839
-0.7469909;0.06703765;10.764331
2.777274;-1.7238252;9.586384
-0.5650316;1.0534488;10.381259
2.6719291;0.17238252;8.714894
2.384625;-1.8579005;10.91756
-3.1986535;1.7525556;12.325351
1.6184803;0.9672575;9.940725
4.1659107;0.1340753;6.8282633
0.6991069;1.0630256;10.275913
0.45010993;-0.48841715;12.765883
-1.4652514;-0.8523358;9.375694
-2.2888567;2.1547816;9.672575
1.5897499;1.2354081;6.0716953
1.8004397;0.24899697;6.751649
-2.0398598;1.2545617;11.501745
0.7565677;0.6512229;8.820239
3.8594532;0.06703765;8.791509
1.3024458;1.388637;11.530476
1.9728222;-0.17238252;9.184157
2.5953147;-0.46926352;13.139379
-2.930503;0.15322891;10.821792
-3.0454245;0.095768064;9.14585
2.3750482;0.1436521;7.6710224
1.1779473;-0.22026655;11.530476
0.0;-1.2162545;13.024457
1.7717092;-1.4556746;11.87524
-1.6280571;-0.50757074;11.798626
2.0494366;0.6895301;7.3645644
6.3206925;-1.283292;9.5385
-1.283292;-1.484405;12.756307
-1.4939818;0.0;12.315774
3.4859576;-2.1643584;9.825804
-4.5202527;1.2737153;7.1251445
3.2082303;-0.12449849;7.6614456
6.6750345;-2.4037786;10.783484
-5.899313;0.51714754;14.068329
-1.9057846;0.89064306;10.208876
6.6175733;-1.9536686;5.3725886
-1.4173675;2.2026656;8.446744
0.9959879;1.2737153;9.873688
6.5122285;-1.9919758;10.726024
-6.5218053;0.6991069;12.593501
-0.91937345;1.1587936;7.728483
6.885724;0.32561144;5.315128
-2.6048915;1.5227122;9.605537
-4.185065;1.3024458;9.212888
3.2848446;0.08619126;8.130709
1.0821792;1.7621324;7.728483
-0.8523358;1.0151415;9.873688
3.9264908;0.019153614;9.260772
2.9400797;-0.45968673;11.36767
0.095768064;-0.60333884;13.484144
0.32561144;-0.40222588;11.511322
1.6184803;0.02873042;9.892841
1.5897499;0.10534488;9.758766
-0.38307226;-0.62249243;10.362105
-1.2737153;-0.39264908;11.21444
0.37349546;-0.047884032;10.25676
-0.30645782;-0.35434186;10.151415
2.7964275;0.6895301;9.030929
5.5162406;-0.63206923;11.358093
0.7469909;-0.46926352;12.066776
-0.842759;1.1875241;12.861651
1.9249382;-0.6607997;8.6095495
-0.08619126;1.091756;7.536947
1.2162545;1.7621324;9.011775
0.92895025;-0.6512229;9.56723
-4.5298295;1.6376339;11.530476
1.2641385;1.2641385;6.655881
4.10845;0.4405331;6.9144545
-0.8714894;2.3942018;9.528923
3.5242648;0.41180268;8.408437
2.7964275;-1.0726024;12.612655
-4.2904096;1.5705963;11.080365
2.6719291;0.50757074;7.067683
3.1411927;-0.62249243;8.379706
-4.8937483;1.7238252;12.5264635
3.667917;-0.8331822;12.124237
3.916914;-1.3790601;11.894394
-3.86903;1.8866309;9.56723
2.5187001;-0.009576807;7.8050976
4.0892963;-0.545878;8.944737
-2.1164744;-0.047884032;11.003751
-0.2777274;-2.3080103;13.9917145
1.4460979;0.10534488;10.745177
2.2409728;0.076614454;9.672575
0.59376204;0.02873042;10.180145
0.20111294;0.47884035;9.643845
1.2641385;-1.283292;12.459426
-1.5705963;0.45010993;11.951855
0.8714894;1.1683705;8.983045
4.9703627;-0.4405331;7.872135
-1.8195933;0.06703765;11.195287
-3.074155;-0.7278373;12.248735
1.5227122;0.29688102;9.56723
2.7102363;0.58418524;7.249643
-0.6799533;0.2777274;10.611102
-1.2354081;-0.23942018;10.812215
0.08619126;-1.3024458;9.682152
-1.1875241;0.21068975;11.81778
2.719813;1.2162545;6.9719152
4.0222588;-1.8483237;9.3182335
-3.763685;0.2777274;12.497733
0.11492168;0.05746084;9.662998
3.3135753;-1.541866;9.270349
-2.2505496;2.087744;7.651869
1.9057846;0.2873042;9.615114
2.9017725;-1.8770541;8.963891
-4.912902;1.7525556;11.147403
1.5801731;-0.22026655;7.6231384
3.2082303;-0.08619126;7.6135616
-0.05746084;0.94810385;11.137826
3.86903;-0.8810662;11.836933
1.0534488;-1.5705963;12.823344
-2.030283;-1.9057846;14.374787
6.0621185;-1.7908629;12.650962
5.9567738;-3.2082303;15.035586
-3.5338416;-2.9113493;16.82645
-0.6703765;-3.3327289;16.606182
3.8881836;-4.31914;15.160085
-1.3215994;-1.7142484;17.650055
5.1906295;-2.7964275;14.901511
6.493075;-3.9360676;17.180792
-1.4939818;-1.8483237;16.270994
-0.45968673;-3.7828386;12.53604
0.12449849;-3.6487634;10.055647
-3.3997664;-1.9728222;9.9790325
0.08619126;-3.7541082;15.610195
-0.20111294;-2.96881;15.02601
0.50757074;-1.8387469;13.350069
0.20111294;-2.0590134;11.731588
-0.5554548;-0.7469909;8.101978
2.2409728;-1.1779473;12.220005
1.0342951;-0.58418524;11.128249
-1.2066777;0.038307227;7.4124484
-0.20111294;-0.25857377;4.8937483
-4.223372;0.93852705;1.5514427
-3.371036;0.25857377;4.146757
0.36391866;-0.641646;8.063671
-0.019153614;1.6472107;5.2289367
-2.2505496;2.1452048;7.967903
2.0973208;3.1411927;-2.3750482
4.012682;1.4939818;3.86903
-2.2984335;1.5897499;10.429143
2.585738;2.9592333;5.21936
3.6391866;-0.38307226;8.446744
-3.4859576;4.6351743;4.1371803
4.3382936;0.6703765;4.55856
1.541866;-0.90021986;9.844957
-4.5202527;4.280833;11.195287
4.367024;-0.93852705;12.679692
2.566584;1.4077905;8.954314
0.02873042;4.453215;7.0581064
4.7500963;0.2873042;11.87524
-2.0015526;4.711789;10.582372
2.0973208;2.2026656;11.405977
3.016694;2.087744;11.195287
-2.4995465;5.1523223;7.345411
1.7812861;3.2369606;8.341399
2.9783869;5.2480903;6.1004257
-2.087744;5.7365074;8.303091
-1.2354081;4.644751;5.9567738
1.4652514;4.501099;2.1068976
-5.659893;2.8538885;9.844957
-2.4420857;5.889736;7.297527
8.0445175;5.2863975;4.0318356
-1.8674773;0.82360536;5.3247046
-6.301539;6.3589997;9.77792
11.683704;2.6719291;10.036493
3.2369606;0.4213795;11.530476
-7.8912888;5.506664;14.384364
9.165004;-0.10534488;9.500193
-0.038307227;4.2999864;10.132261
-5.2480903;3.514688;3.41892
1.7621324;2.3175871;6.1866174
0.4213795;3.4763808;4.1180267
-2.2409728;4.271256;6.8569937
4.10845;4.2425256;4.711789
4.501099;5.1140146;-0.17238252
-3.5817258;3.1603463;6.0716953
-0.9768343;4.0701427;5.2959743
4.8745947;2.5953147;5.094861
-3.8115692;3.3039982;8.111555
-5.142745;7.1826053;5.8801594
3.8594532;3.1986535;5.66947
-2.27928;3.6774938;4.501099
-2.528277;4.3766007;6.205771
7.536947;1.9249382;12.306197
1.1779473;4.7979803;9.528923
-1.6759412;4.501099;8.686164
4.5298295;0.82360536;8.686164
3.7828386;3.4763808;9.279925
-3.0550013;4.5681367;22.07454
4.7309427;3.9839516;5.9759274
10.275913;3.620033;9.77792
-3.7541082;2.0494366;20.178331
0.15322891;3.5338416;8.734048
14.087482;-3.7541082;19.144037
-5.7365074;4.2425256;14.393941
-1.0821792;5.2002063;2.0590134
5.046977;4.673482;2.5474305
-7.7572136;9.615114;-10.400413
4.55856;5.899313;4.9416323
16.64449;-2.078167;12.440272
-4.8937483;4.7022123;16.625336
3.1890767;2.681506;7.7093296
9.059659;-5.717354;10.055647
-12.660539;-4.213795;16.443377
-10.5440645;-8.561666;29.113493
1.436521;-9.911995;36.276943
3.371036;-6.6846113;29.697678
5.0278234;-6.6750345;27.408821
3.0358477;-8.829816;20.96363
-8.331821;-5.1235914;22.017078
-2.585738;-5.133168;9.030929
1.0151415;-5.0757074;13.330915
-8.647857;-0.92895025;14.614207
0.41180268;-1.9057846;8.082825
3.5913026;-3.4572272;8.178593
-6.579266;0.076614454;6.7324953
0.2873042;2.1643584;2.767697
2.087744;-1.2162545;-6.9048777
-5.142745;2.2122424;9.222465
14.489709;-4.644751;7.9104424
-0.82360536;-1.6280571;10.697293
-11.865664;4.7884035;3.6296098
9.519346;-1.1492168;-15.974113
4.8937483;-3.8881836;1.9153614
-13.254301;2.5474305;9.730036
6.579266;-0.36391866;1.6184803
8.944737;-4.6160207;-2.72939
-10.582372;1.340753;2.1068976
8.868123;-3.86903;5.813122
7.929596;-5.0374002;14.652514
-8.571242;-3.5913026;16.280571
5.4204726;-2.7964275;17.918205
14.767436;-9.509769;8.714894
-3.2369606;-4.7979803;17.697939
-0.5746084;-6.349423;21.001938
12.708423;-8.37013;16.529568
-3.0071173;-5.9663506;18.828003
-3.9935284;-3.3518825;18.89504
10.0269165;-8.00621;11.683704
2.528277;-7.469909;15.073894
-3.6774938;-4.711789;16.01242
7.1347213;-4.357447;10.70687
1.6472107;-9.040505;5.0374002
-8.197746;-0.7086837;6.7133417
4.8937483;-4.1659107;5.4300494
-1.1492168;-3.4572272;4.3478703
-6.799533;-1.9153614;7.7189064
4.012682;-3.5625722;5.6120086
2.0398598;-3.1890767;6.6175733
-4.6830587;-2.3654714;4.4340615
-1.6759412;-7.1251445;11.999739
6.339846;-2.72939;7.4986396
1.9536686;-7.7667904;9.346964
-7.6614456;-1.3024458;12.50731
9.136273;-3.4859576;1.8674773
7.489063;-8.686164;14.796166
-10.457873;-5.209783;10.697293
4.2999864;-1.3120226;5.497087
-3.8019924;1.0247183;6.38773
-8.121132;1.043872;7.2592196
7.9008656;-3.371036;10.419566
2.4995465;-2.681506;19.450495
-1.6472107;1.8004397;17.00841
12.966996;-0.7374141;11.63582
6.5505357;0.47884035;6.2728086
-4.501099;2.1164744;10.534488
6.339846;-0.81402856;13.589489
8.734048;-2.432509;13.330915
-7.747637;1.5610195;15.160085
-2.1260512;3.5434184;4.4819455
5.161899;3.763685;-1.0630256
-7.9104424;4.213795;8.896853
-6.588843;6.895301;11.63582
10.67814;2.384625;6.090849
2.078167;3.86903;12.919112
-4.759673;7.603985;15.313314
10.97502;2.1164744;7.699753
2.5378537;0.63206923;12.29662
-11.377247;4.405331;12.411542
5.439626;-0.11492168;7.881712
0.095768064;-0.009576807;7.144298
-10.208876;2.815581;9.289502
2.1068976;-0.9672575;6.2823853
3.0933087;-3.667917;10.601525
-6.38773;-0.10534488;15.658079
4.5872903;-1.2066777;12.861651
7.2304893;-2.5953147;9.002198
-3.6870706;1.6950948;11.118672
5.8801594;-0.9959879;6.8665705
3.1028855;-0.15322891;9.069236
-3.265691;2.2505496;6.9144545
1.934515;0.91937345;7.8912888
-0.9576807;1.685518;7.967903
-1.9153614;5.6120086;6.167464
4.156334;1.8195933;8.954314
-2.6048915;5.2002063;5.9759274
2.4037786;5.0182467;7.1059904
5.21936;2.767697;8.724471
-0.79487497;8.054094;10.793061
2.030283;2.834735;8.542512
1.4460979;2.9113493;13.283031
-2.183512;7.249643;11.061212
1.6472107;1.7812861;7.929596
-3.5338416;4.673482;14.824897
2.0111294;3.1316159;11.061212
5.267244;-1.0055647;14.020445
-2.2697031;3.1316159;15.160085
3.0358477;0.22984336;12.516887
3.6008794;-0.8331822;13.493721
-3.916914;2.777274;11.233594
1.043872;1.1204864;8.66701
3.1316159;-1.6950948;6.5984197
-3.8402996;1.283292;9.854534
-1.3120226;-1.8387469;8.8777
0.6607997;1.5801731;5.00867
1.2066777;1.0726024;5.45878
1.8100165;0.63206923;7.2592196
1.9919758;-0.095768064;9.107543
1.4556746;-0.93852705;12.210428
2.0207062;-0.24899697;9.595961
2.2218192;-0.58418524;8.331821
1.8770541;0.24899697;6.694188
0.06703765;0.8619126;7.0964136
-4.1276035;-0.79487497;7.5082164
-4.8745947;1.3982137;9.289502
0.11492168;-0.095768064;6.5984197
2.6910827;-0.4405331;8.552089
2.5953147;1.4077905;13.713987
4.357447;-1.484405;15.112201
1.3599066;-0.39264908;14.911088
0.17238252;0.2873042;11.291056
2.7389667;-0.91937345;8.896853
-2.633622;0.79487497;12.277467
0.2873042;0.9768343;12.603078
2.2601264;-2.6144683;12.660539
0.019153614;-0.47884035;13.110648
4.6830587;-0.545878;11.032481
5.506664;-2.135628;11.329363
-2.5378537;-0.7661445;10.237606
-0.7469909;-2.719813;8.37013
-1.1875241;-1.1683705;8.983045
1.0726024;-0.05746084;6.6079965
6.4643445;-2.9496565;8.552089
-1.0630256;-2.078167;9.739613
-4.55856;-1.4652514;8.6574335
3.5242648;-4.8841715;6.2345014
3.8019924;-2.6240451;8.101978
0.7086837;-3.3614593;13.9151
2.9496565;-5.2002063;11.15698
-0.545878;-3.7349546;10.237606
-2.2984335;-3.8594532;7.52737
3.41892;-5.0757074;7.5465236
0.32561144;-4.9799395;15.131354
-3.265691;-4.1946416;13.321339
2.6527755;-4.654328;9.77792
1.1587936;-3.9264908;6.301539
-2.7485435;-2.1068976;8.293514
4.4340615;-6.0238113;12.229582
1.13964;-4.4915223;15.437813
-1.1779473;-3.1411927;14.480132
2.3175871;-3.0071173;6.215348
-0.15322891;-1.8770541;4.8362875
-3.6008794;-3.2465374;6.588843
-0.8331822;-2.9496565;11.722012
3.3039982;-3.620033;11.358093
0.40222588;-3.0262709;12.708423
0.6799533;-1.7429788;10.534488
2.9975405;-1.7717092;8.743625
0.4309563;-1.0055647;9.165004
0.0;-1.0534488;7.441179
0.7086837;-1.982399;9.308656
-1.0247183;-1.5035586;9.710882
2.0590134;-0.90021986;11.118672
5.1523223;-2.681506;12.717999
-0.06703765;-1.2449849;11.894394
1.13964;-1.1109096;11.386824
1.8866309;-1.7142484;7.3645644
-2.2697031;-0.49799395;8.599973
-1.1971009;-1.0055647;9.854534
1.1013328;-1.1875241;10.907983
0.095768064;-0.91937345;11.166556
1.4460979;-0.21068975;10.783484
2.9400797;-0.047884032;10.04607
0.5363012;0.63206923;8.887277
-0.22984336;0.59376204;7.2113357
-1.8100165;0.0;8.169016
-2.7964275;0.93852705;9.174581
1.1300632;0.095768064;9.279925
2.585738;-0.48841715;10.46745
2.5187001;-0.2777274;11.501745
3.3327289;-0.47884035;12.852075
0.6991069;-0.45010993;10.390836
-0.51714754;0.59376204;7.0006456
-0.35434186;-0.58418524;6.157887
-3.1986535;0.6799533;12.401965
0.9576807;-0.7086837;8.494628
3.4284968;-1.7908629;11.252748
-0.4213795;0.20111294;12.382812
3.0933087;-0.17238252;10.984597
3.9552212;-1.8100165;10.314221
-2.5091233;0.7757214;8.686164
0.58418524;-0.50757074;8.207323
-0.2873042;-0.038307227;9.222465
-2.825158;-0.12449849;8.456321
3.0550013;-1.8004397;11.147403
4.76925;-0.9959879;11.664551
1.6184803;-0.81402856;13.455414
1.9919758;-0.80445176;10.812215
2.0494366;-0.8523358;6.83784
-2.585738;-0.5746084;7.1826053
-2.5761611;-0.51714754;6.933608
-1.8100165;-1.5227122;9.385271
-0.5650316;-0.30645782;11.463438
1.1875241;-1.3215994;10.065224
3.1411927;-1.4269443;10.927136
3.6296098;-0.29688102;10.1226845
3.074155;-1.3790601;10.888829
-0.41180268;-1.3024458;11.702858
-1.3120226;-0.82360536;8.350976
-1.0821792;-1.6472107;8.7053175
-2.825158;-0.62249243;9.481039
-0.34476504;-2.432509;8.781932
1.7908629;-2.8634653;10.898406
1.3694834;-1.3790601;12.152967
3.8977604;-2.0685902;11.836933
4.280833;-2.5953147;11.128249
0.7469909;-1.9536686;12.018892
1.1109096;-2.4229321;10.448297
-0.15322891;-2.5378537;9.232041
-3.3806129;-1.982399;8.954314
-1.2641385;-1.5227122;7.517793
1.0534488;-2.480393;8.293514
-1.1683705;-2.1452048;10.668563
1.8674773;-1.9057846;11.453861
5.497087;-2.9783869;12.162544
2.566584;-1.7717092;11.942278
3.0933087;-1.6663644;11.444284
2.183512;-2.4612393;9.9790325
-2.3654714;-1.2641385;9.289502
-0.62249243;-1.541866;8.494628
0.79487497;-2.1547816;8.082825
-2.96881;-1.5610195;8.810662
-1.484405;-1.532289;9.902418
2.920926;-1.9249382;8.944737
0.32561144;-1.5897499;11.492168
0.90979666;-1.2066777;11.501745
4.5202527;-1.8962077;10.323798
2.1739352;-1.484405;10.697293
-0.25857377;-0.93852705;11.109096
1.8962077;-1.8195933;9.423578
-0.06703765;-1.5993267;10.160992
-2.4899697;-0.63206923;9.56723
0.6703765;-1.8387469;8.24563
-0.038307227;-0.9864111;8.944737
-0.2873042;-0.62249243;9.749189
1.6759412;-1.2066777;10.093954
0.9768343;-0.641646;9.375694
0.2681506;-0.5267244;9.107543
0.45010993;-1.0534488;9.5385
-0.2777274;-0.7661445;9.107543
-0.19153613;-1.283292;9.864111
0.47884035;-0.90021986;9.605537
1.3599066;-0.9864111;9.864111
1.0151415;-0.9864111;11.042058
1.292869;-0.82360536;10.783484
2.585738;-1.1683705;10.97502
0.81402856;-1.2737153;10.927136
-0.7086837;-1.0055647;10.773908
2.078167;-1.4556746;9.184157
1.3503298;-1.3024458;10.141838
-0.51714754;-0.7086837;9.56723
2.4516625;-1.5227122;9.404425
1.2354081;-1.0726024;9.825804
-0.15322891;-0.5267244;9.998186
2.3654714;-1.3215994;9.481039
1.2449849;-1.3694834;9.509769
-0.9672575;-1.0821792;10.132261
1.3120226;-1.5514427;9.825804
0.24899697;-1.541866;10.247183
-1.0821792;-1.1204864;10.323798
1.7717092;-1.7142484;9.375694
1.1587936;-1.6280571;9.835381
-1.0630256;-1.2354081;10.333375
1.1492168;-1.685518;9.768343
1.091756;-1.7238252;9.634268
-1.0055647;-1.091756;9.931149
1.1109096;-1.4748282;9.576807
0.9576807;-1.6280571;10.362105
-0.6512229;-1.13964;10.314221
1.4269443;-1.6567876;9.787497
1.091756;-1.5131354;9.80665
-0.33518824;-1.1683705;10.228029
1.292869;-1.7717092;10.170568
1.292869;-1.7908629;10.25676
-0.076614454;-1.3982137;10.658986
1.3599066;-1.7717092;9.940725
1.0151415;-1.7238252;9.864111
0.10534488;-1.6280571;10.314221
1.0726024;-1.7238252;9.883265
1.283292;-1.7525556;9.720459
0.2873042;-1.4556746;9.902418
0.8523358;-1.4556746;9.56723
1.2354081;-1.6663644;9.595961
0.1340753;-1.4652514;9.864111
1.0342951;-1.5705963;9.730036
0.9672575;-1.6663644;9.739613
0.05746084;-1.388637;9.911995
0.81402856;-1.5705963;9.988609
0.90021986;-1.6663644;9.969456
0.20111294;-1.3024458;10.218452
0.78529817;-1.532289;10.151415
0.9768343;-1.4939818;10.084377
0.2777274;-1.3790601;10.429143
0.6991069;-1.5035586;10.132261
0.81402856;-1.4652514;9.9790325
0.33518824;-1.3503298;10.007763
0.5363012;-1.3024458;9.873688
0.842759;-1.3599066;9.864111
0.4405331;-1.283292;10.007763
0.45010993;-1.2545617;9.844957
0.8619126;-1.3790601;9.844957
0.61291564;-1.2641385;9.931149
0.6703765;-1.2737153;10.0269165
0.93852705;-1.2258313;10.0269165
0.545878;-1.0630256;10.199299
0.6512229;-1.0534488;10.103531
0.89064306;-0.9768343;10.208876
0.60333884;-0.90979666;10.199299
0.5650316;-0.78529817;10.25676
0.8714894;-0.78529817;10.04607
0.6703765;-0.61291564;10.323798
0.49799395;-0.50757074;10.323798
0.842759;-0.5746084;10.314221
0.5363012;-0.30645782;10.505757
0.62249243;-0.095768064;10.323798
1.0534488;-0.33518824;9.902418
0.4309563;0.05746084;10.199299
0.60333884;0.11492168;9.911995
1.1683705;0.019153614;9.605537
0.5363012;0.45010993;9.758766
0.641646;0.45968673;9.586384
0.94810385;0.5363012;9.279925
0.47884035;0.79487497;9.165004
0.7278373;0.7374141;9.136273
0.9864111;0.6512229;9.14585
0.5554548;0.7182605;9.337387
0.545878;0.6512229;9.3661175
0.80445176;0.48841715;9.270349
0.545878;0.49799395;9.643845
0.38307226;0.30645782;9.902418
0.63206923;0.095768064;10.065224
0.46926352;0.22984336;10.065224
0.49799395;0.11492168;10.151415
0.6607997;0.047884032;10.228029
0.62249243;0.076614454;10.275913
0.4213795;0.095768064;10.43872
0.58418524;0.23942018;10.151415
0.49799395;0.37349546;10.036493
0.45968673;0.45968673;9.758766
0.7086837;0.37349546;9.844957
0.4213795;0.48841715;9.911995
0.45010993;0.5746084;9.768343
0.81402856;0.47884035;9.548077
0.6991069;0.45010993;9.624691
0.50757074;0.45968673;9.749189
0.842759;0.30645782;9.653421
0.7278373;0.4309563;9.873688
0.60333884;0.2777274;9.854534
0.8619126;0.30645782;9.80665
0.842759;0.21068975;9.9790325
0.5363012;0.2777274;10.007763
0.7661445;0.31603462;9.9790325
0.82360536;0.34476504;9.931149
0.5746084;0.4405331;9.902418
0.7661445;0.4213795;9.892841
0.79487497;0.51714754;9.873688
0.545878;0.5363012;9.921572
0.6895301;0.5746084;9.854534
0.7661445;0.5267244;9.758766
0.6991069;0.5746084;9.883265
0.63206923;0.59376204;9.873688
0.7374141;0.63206923;9.825804
0.7182605;0.49799395;9.825804
0.50757074;0.48841715;9.844957
0.6607997;0.45968673;9.816227
0.58418524;0.41180268;9.816227
0.50757074;0.48841715;9.892841
0.6991069;0.37349546;9.825804
0.58418524;0.39264908;9.911995
0.46926352;0.39264908;9.931149
0.6703765;0.32561144;9.835381
0.59376204;0.2777274;9.873688
0.46926352;0.29688102;9.854534
0.7469909;0.23942018;9.825804
0.63206923;0.20111294;9.844957
0.60333884;0.22984336;9.816227
0.7374141;0.15322891;9.816227
0.6895301;0.12449849;9.825804
0.641646;0.11492168;9.854534
0.7374141;0.076614454;9.797073
0.61291564;0.02873042;9.902418
0.6799533;0.047884032;9.883265
0.7565677;0.047884032;9.911995
0.7278373;0.038307227;9.940725
0.7374141;0.019153614;9.998186
0.78529817;0.0;10.007763
0.6512229;0.047884032;9.921572
0.6895301;0.08619126;9.931149
0.7182605;0.076614454;9.883265
0.6607997;0.08619126;9.883265
0.62249243;0.11492168;9.844957
0.6512229;0.1436521;9.854534
0.6895301;0.18195933;9.844957
0.6991069;0.095768064;9.80665
0.641646;0.17238252;9.835381
0.6512229;0.10534488;9.835381
0.6799533;0.095768064;9.854534
0.59376204;0.095768064;9.854534
0.60333884;0.08619126;9.892841
0.6703765;0.10534488;9.921572
0.59376204;0.10534488;9.873688
0.6703765;0.076614454;9.883265
0.63206923;0.06703765;9.892841
0.62249243;0.047884032;9.883265
0.7374141;0.06703765;9.883265
0.641646;0.038307227;9.816227
0.641646;0.12449849;9.844957
0.61291564;-0.009576807;9.80665
0.6799533;0.08619126;9.854534
0.60333884;0.02873042;9.883265
0.6895301;0.019153614;9.950302
0.6895301;0.038307227;9.931149
0.6799533;0.019153614;9.854534
0.6607997;0.0;9.9790325
0.641646;-0.009576807;9.902418
0.6799533;-0.019153614;9.940725
0.6607997;0.0;9.9790325
0.61291564;0.0;9.873688
0.6991069;0.019153614;9.911995
0.62249243;0.038307227;9.844957
0.62249243;0.038307227;9.873688
0.6799533;0.038307227;9.873688
0.60333884;0.038307227;9.825804
0.6512229;0.0;9.921572
0.6607997;0.076614454;9.844957
0.6607997;0.0;9.816227
0.6703765;0.038307227;9.873688
0.60333884;0.06703765;9.854534
0.6799533;-0.019153614;9.835381
0.6512229;0.038307227;9.864111
0.6512229;-0.05746084;9.816227
0.63206923;0.0;9.873688
0.6607997;-0.019153614;9.787497
0.6991069;-0.019153614;9.883265
0.6799533;0.0;9.844957
0.60333884;-0.10534488;9.864111
0.61291564;-0.047884032;9.921572
0.63206923;-0.08619126;9.873688
0.6607997;-0.08619126;9.921572
0.59376204;-0.22984336;9.959879
0.6895301;-0.19153613;9.9790325
0.6512229;-0.1436521;9.9790325
0.6512229;-0.2681506;9.998186
0.6703765;-0.21068975;10.01734
0.62249243;-0.20111294;10.007763
0.6607997;-0.22984336;9.921572
0.7086837;-0.22984336;9.9790325
0.641646;-0.17238252;9.892841
0.7182605;-0.20111294;9.940725
0.6799533;-0.18195933;10.0269165
0.641646;-0.1436521;9.959879
0.7086837;-0.17238252;9.921572
0.7086837;-0.10534488;9.940725
0.6512229;-0.095768064;9.988609
0.7182605;-0.17238252;9.959879
0.6703765;-0.095768064;9.921572
0.6895301;-0.009576807;9.940725
0.6991069;-0.076614454;9.921572
0.6895301;-0.05746084;9.940725
0.641646;0.009576807;9.921572
0.7086837;-0.038307227;9.864111
0.641646;0.0;9.950302
0.6703765;-0.047884032;9.873688
0.6607997;0.009576807;9.883265
0.60333884;0.06703765;9.892841
0.60333884;-0.02873042;9.854534
0.63206923;0.08619126;9.873688
0.62249243;0.02873042;9.902418
0.6703765;0.038307227;9.854534
0.59376204;0.10534488;9.864111
0.59376204;0.095768064;9.816227
0.5746084;0.10534488;9.864111
0.60333884;0.076614454;9.835381
0.6703765;0.095768064;9.864111
0.6703765;0.12449849;9.825804
0.641646;0.06703765;9.940725
0.6991069;0.10534488;9.844957
0.6607997;0.06703765;9.921572
0.6607997;0.095768064;9.80665
0.6799533;0.095768064;9.892841
0.6512229;0.11492168;9.844957
0.6703765;0.17238252;9.835381
0.6991069;0.08619126;9.825804
0.7086837;0.1436521;9.864111
0.7086837;0.1340753;9.892841
0.7182605;0.12449849;9.816227
0.7086837;0.17238252;9.892841
0.6991069;0.1340753;9.816227
0.6991069;0.18195933;9.873688
0.63206923;0.18195933;9.864111
0.6607997;0.10534488;9.835381
0.6799533;0.15322891;9.921572
0.62249243;0.11492168;9.80665
0.7182605;0.1340753;9.844957
0.61291564;0.19153613;9.864111
0.6799533;0.1340753;9.835381
0.641646;0.11492168;9.864111
0.60333884;0.095768064;9.864111
0.6512229;0.1436521;9.883265
0.6895301;0.1436521;9.864111
0.63206923;0.11492168;9.854534
0.59376204;0.16280572;9.864111
0.6512229;0.05746084;9.854534
0.58418524;0.1436521;9.77792
0.641646;0.11492168;9.892841
0.6607997;0.095768064;9.816227
0.62249243;0.15322891;9.902418
0.6895301;0.047884032;9.873688
0.6895301;0.11492168;9.864111
0.6703765;0.10534488;9.825804
0.6799533;0.047884032;9.844957
0.641646;0.10534488;9.911995
0.6799533;0.1340753;9.844957
0.7086837;0.1340753;9.873688
0.61291564;0.12449849;9.825804
0.7374141;0.06703765;9.873688
0.6512229;0.1436521;9.864111
1.0821792;-0.12449849;10.0748005
0.6991069;0.7469909;10.362105
-0.5267244;0.4213795;8.676587
2.681506;-0.47884035;9.155427
0.35434186;0.18195933;10.898406
-0.91937345;0.1436521;11.60709
1.934515;-0.10534488;9.519346
1.1587936;0.2777274;8.561666
-0.62249243;0.29688102;9.797073
1.1204864;0.0;10.247183
1.043872;-0.20111294;10.649409
-0.20111294;0.24899697;10.180145
1.1300632;0.15322891;9.14585
1.2162545;0.0;9.414001
0.047884032;0.20111294;10.132261
0.80445176;0.009576807;10.275913
1.2737153;-0.047884032;10.04607
0.21068975;0.2777274;9.720459
0.8619126;0.095768064;9.509769
0.9768343;0.047884032;9.77792
0.29688102;0.1436521;10.151415
0.6895301;0.047884032;10.01734
0.8714894;0.095768064;9.672575
0.38307226;0.22984336;9.672575
0.59376204;0.10534488;9.816227
0.842759;-0.009576807;10.036493
0.5267244;0.06703765;10.113108
0.5746084;0.12449849;9.77792
0.7565677;0.05746084;9.643845
0.5267244;0.11492168;9.80665
0.51714754;0.08619126;9.940725
0.78529817;0.009576807;10.055647
0.641646;0.0;9.950302
0.5554548;0.06703765;9.854534
0.78529817;0.06703765;9.844957
0.61291564;0.05746084;9.911995
0.6512229;0.019153614;9.892841
0.78529817;0.06703765;9.844957
0.641646;0.095768064;9.787497
0.63206923;0.05746084;9.797073
0.7182605;0.047884032;9.844957
0.7278373;0.08619126;9.911995
0.60333884;0.02873042;9.892841
0.7182605;0.05746084;9.816227
0.6799533;-0.019153614;9.950302
0.6607997;0.02873042;9.892841
0.7565677;-0.019153614;9.921572
0.61291564;-0.019153614;9.911995
0.6512229;-0.009576807;9.844957
0.6799533;-0.019153614;9.883265
0.641646;-0.038307227;9.844957
0.61291564;-0.038307227;10.01734
0.63206923;-0.009576807;9.940725
0.641646;0.0;9.873688
0.63206923;-0.009576807;9.854534
0.62249243;0.0;9.80665
0.63206923;0.02873042;9.864111
0.63206923;-0.019153614;9.844957
0.59376204;0.019153614;9.825804
0.6991069;-0.009576807;9.816227
0.641646;0.009576807;9.892841
0.6607997;0.009576807;9.940725
0.7182605;0.076614454;9.835381
0.6512229;0.0;9.825804
0.641646;0.06703765;9.816227
0.7565677;0.06703765;9.844957
0.6895301;0.076614454;9.911995
0.641646;0.06703765;9.883265
0.6799533;0.05746084;9.892841
0.641646;0.06703765;9.844957
0.7374141;0.08619126;9.816227
0.6607997;0.047884032;9.9790325
0.6512229;0.038307227;9.854534
0.63206923;0.02873042;9.816227
0.62249243;0.08619126;9.883265
0.641646;0.076614454;9.844957
0.6607997;0.08619126;9.825804
0.5746084;0.11492168;9.835381
0.6607997;0.10534488;9.816227
0.6512229;0.08619126;9.873688
0.641646;0.08619126;9.864111
0.6895301;0.05746084;9.883265
0.6512229;0.05746084;9.854534
0.6703765;0.047884032;9.864111
0.6607997;0.095768064;9.921572
0.6799533;0.047884032;9.931149
0.6607997;0.10534488;9.854534
0.7182605;0.038307227;9.873688
0.7278373;0.095768064;9.873688
0.7086837;0.11492168;9.892841
0.7182605;0.047884032;9.883265
0.6991069;0.06703765;9.873688
0.6895301;0.1436521;9.80665
0.6991069;0.15322891;9.854534
0.7182605;0.12449849;9.825804
0.6512229;0.095768064;9.844957
0.7086837;0.095768064;9.940725
0.6703765;0.16280572;9.844957
0.6607997;0.08619126;9.844957
0.641646;0.019153614;9.768343
-0.9768343;2.777274;3.5913026
3.9839516;-2.27928;12.899959
-0.59376204;-1.340753;19.412188
-1.9632454;1.6280571;8.37013
4.2042184;-0.60333884;4.999093
-1.4748282;0.29688102;9.595961
-0.9864111;0.59376204;11.9614315
4.1659107;-1.9632454;13.110648
-0.58418524;0.47884035;10.783484
-0.78529817;0.8331822;8.714894
2.6910827;-0.45010993;8.255207
0.02873042;0.5650316;9.442732
-0.009576807;-0.19153613;12.210428
1.6089035;-0.24899697;10.563218
0.21068975;0.35434186;9.481039
0.16280572;0.20111294;9.442732
0.81402856;0.2681506;9.174581
1.1875241;-0.1436521;9.969456
0.45968673;0.095768064;10.0269165
0.5363012;0.31603462;9.308656
0.9672575;-0.076614454;9.653421
0.24899697;0.22026655;10.01734
0.7182605;-0.06703765;10.28549
0.8714894;-0.038307227;9.950302
0.38307226;0.2681506;9.691729
0.7086837;0.009576807;9.768343
