;-9;5;-2
;-9;3;-9
;-8;-5;1
;-3;0;-4
;-9;4;-1
;-11;10;-1
5746575742506913103671807183864449444944484842555713103671767183864449444944484842545313103671787176764444444444448644784255651310;;;
;-2;12;-7
;-5;4;-12
;-2;12;-17
;-15;4;-16
;-14;0;-6
;-18;0;-16
;-13;2;-9
;-17;9;10
;-10;8;2
;-13;2;-2
;-7;0;-4
;-6;4;0
;-10;4;5
;-8;1;0
;-16;1;0
;-14;3;0
;-9;9;0
3671788277674444864444444444444444444478425268131036717886;
;-14;6;0
;-11;8;-4
;-9;6;-5
;-7;8;-6
;-7;9;1
;-9;8;-10
;-8;10;-12
;-4;11;-4
;-3;3;-6
;-15;-1;-8
;-14;0;-15
;-14;6;-7
;-15;6;-14
;-11;7;-11
;-8;4;-8
;-8;5;0
;-8;9;-4
;-4;6;-1
;-14;5;3
;-11;5;0
367178827767444486444444444444444444447842526813103671788684714444444444444444447842506913;
10367178717165444444444444484448484457574657574444444444444253541310367178718365446544494444444444444444444444444457574657574455651310;;;
;-12;10;0
;-14;7;-11
;-17;4;-11
;-7;4;-2
;-28;5;-16
;3;4;8
;-19;4;-9
;-15;10;-2
;-7;10;4
;-15;7;3
;-13;4;6
;-10;4;-2
;-20;5;-7
;-14;3;-2
83864449444944484842555713103671767183864449444944484842545313103671787176764444444444448644784255651310;;;
;-11;5;-5
;-8;13;-15
;-13;2;-10
;-1;9;-13
;-7;9;-6
;-12;8;-1
;-8;6;-1
;-13;4;-9
;-9;-1;-17
;-12;9;-6
;-9;10;0
4449444944484842545313103671787176764444444444448644784255651310;-11;6;-2
;-1;1;-15
;-7;5;7
;-5;3;-1
;-7;1;-12
;-13;3;-7
;-10;4;-9
;-17;-3;-4
;-16;-4;-2
;-13;7;0
;-4;2;0
;-14;3;-1
;-15;9;-8
;-10;5;1
;-10;5;-3
;-14;3;-4
;-13;3;-6
;-11;6;0
;-4;8;-14
;-9;4;-8
;-15;0;-3
;-17;6;-4
;-62;-3;-8446
;-8;7;-3
;-14;9;-6
;-19;3;0
;-16;7;7
;-11;9;3
;-14;7;-2
;-15;4;-5
;-6;11;0
;-13;6;7
;-15;9;0
;-12;9;0
;-9;4;0
;-2;0;-1
;-5;2;-7
;-4;1;-2
;-1;4;-1
;-6;0;-9
76764444444444448644784255651310;-7;7;0
;-12;10;-6
;-8;12;7
;-7;6;2
;-14;12;6
;-2;18;0
;-4;11;-2
;-7;12;2
;-2;4;0
;-7;4;-3
;-2;15;-7
;0;3;-3
;-12;7;-3
;-7;11;-7
;-3;8;-1
;0;6;-9
;-7;1;0
;-10;1;-10
;-7;3;-7
;-15;4;-3
767183864449444944484842545313103671787176764444444444448644784255651310;-3;4;-14
;-8;6;-2
;-8;10;3
;-14;5;-7
;-11;4;0
;-2;10;0
;-12;10;0
;-7;7;-1
;-4;12;0
;-6;-2;-10
;-7;1;-5
;-3;3;-17
;-6;4;4
;-1;4;-5
;2;9;-2
;-5;6;-3
;-4;0;-2
;-8;6;-11
;-13;15;-1
;-6;11;5
367178827767444486444444444444444444447842526813103671788684714444444444444444447842506913103671787171654444444444444844484844;;;
;-3;9;-10
;-6;11;-12
;0;8;-1
;1;11;-2
;-6;9;-9
;-6;14;-11
;-6;16;-2
;-4;7;9
;-4;10;8
;0;10;8
;0;10;0
;-3;13;-8
;-7;14;1
;-13;9;-11
;-7;6;-18
;-6;9;-12
13103671767183864449444944484842545313103671787176764444444444448644784255651310;-1;0;-10
;0;6;0
;0;11;-8
;-9;7;-6
;-2;7;-9
;-3;11;-5
;0;7;-6
;28761;-10103;-28586
;-6;6;-10
;1;10;-11
;-3;7;-15
;0;10;-10
;0;15;-4
;-3;12;-14
;-2;8;0
;-2;11;-8
;-2;5;-5
;-5;9;-3
;0;11;-10
;-6;6;-2
367178827767444486444444444444444444447842526813103671788684714444444444444444447842506913103671787171654444444444444844484844;;;
;2;8;-8
;0;10;-16
;0;7;-13
;-7;10;-4
;-7;3;-8
;2;9;-7
;-8;11;-16
;1;13;-7
;2;11;-8
;-5;11;2
;-2;5;-5
;2;7;-6
;0;10;-9
;-5;10;-7
;2;10;-8
;-2;8;6
;-9;8;-10
;-2;9;1
;-5;9;-10
;0;12;0
;-7;9;-8
;-10;19;-12
;-6;11;1
;-2;12;-15
;-1;15;-1
;6;9;-1
;-2;3;-9
;-5;9;-10
;-11;4;-12
;-6;1;-5
;-12;5;-5
;-2;5;-7
;-4;3;-8
;-2;4;0
;-12;10;-5
367178;-13;3;-7
827767444486444444444444444444447842526813103671788684714444444444444444447842506913103671787171654444444444444844484844575746;;;
;-9;6;-11
;-4;1;-7
;0;10;-7
;-1;4;-11
;-3;10;-8
;-4;13;-19
;-8;14;-13
;-9;4;0
;0;11;0
;-3;8;-3
;-11;11;-8
;-1;11;-11
;-2;7;-14
;-4;3;-12
;0;3;-15
;0;7;-11
;-4;6;-22
;-9;8;-3
;-9;3;-2
;-11;11;-1
;-2;5;-2
;-3;17;-13
;-8;10;1
;-11;6;0
;-11;11;6
;1;10;-4
;2;10;-1
;-4;12;-3
;-1;9;0
;-4;6;1
;-8;6;-4
;0;13;-4
;-6;8;-8
;2;5;-3
;-1;16;1
;0;8;-3
3671767183864449444944484842545313103671787176764444444444448644784255651310;4;5;-6
;2;6;-8
;2;10;-11
;5;7;-6
;13;5;2
;5;5;4
;6;6;-4
;9;5;-8
;4;8;-1
;11;8;-5
;15;12;-10
;7;12;-10
;14;1;-7
;13;6;-12
;0;10;-5
;8;19;-6
;11;16;0
;12;16;-13
;13;16;-6
;19;16;0
;4;4;-2
;11;9;-9
;3;13;-11
;5;9;-16
;16;7;-5
;16;6;0
;11;4;-3
;12;6;-3
;12;6;-8
13103671767183864449444944484842545313103671787176764444444444448644784255651310;14;4;-4
;13;7;-3
;17;9;-4
;15;6;-4
;16;2;-4
;17;6;-4
;18;12;-9
;19;8;-3
;16;12;-6
;15;11;7
;15;13;-7
;19;7;0
;15;13;-7
;22;6;-9
;18;12;-2
;16;12;0
;10;3;-3
;7;0;-4
;18;6;-6
367178827767444486444444444444444444447842526813103671788684714444444444444444447842;
;8;6;-7
;11;7;-4
;12;8;-6
;5;4;-8
;7;6;-2
;20;3;-6
;21;8;-4
;13;6;-8
;15;7;-4
;15;12;-6
;15;6;-7
;15;10;-16
;14;7;-8
;18;0;-8
;22;10;-3
;14;5;-5
;9;7;3
;14;8;-12
;19;7;-6
;18;4;-10
367178827767444486444444444444444444447842526813103671788684714444444444444444447842506913103671787171654444444444444844484844;;;
;13;3;-12
;21;6;3
;15;8;4
;9;4;-11
;15;10;0
;18;7;0
;14;10;-2
;15;8;-12
;13;8;-11
;18;5;-5
;24;17;-12
;15;12;-7
;24;14;-7
;19;3;-11
;17;5;-15
;20;3;-12
8071838644494449444849444857444444495242555213103671767183864449444944484842545313103671787176764444444444448644784255651310;;;
;22;9;0
;16;1;0
;16;7;-10
;17;2;-5
;21;1;-13
;16;10;-5
;16;11;-5
;14;2;-3
;16;7;5
;15;8;0
;11;9;-9
;12;0;-8
;19;8;-11
;21;9;5
;22;13;-12
;19;5;-8
;15;14;-14
367178827767;17;6;-4
444486444444444444444444447842526813103671788684714444444444444444447842506913103671787171654444444444444844484844575746575744;;;
;14;11;-13
;16;6;-3
;12;6;-5
;13;5;0
;15;7;-6
;15;8;-2
;17;14;-7
;23;8;-6
;15;5;-9
;13;2;-5
;15;8;-8
;16;5;-9
;11;8;-5
;24;4;-13
;21;6;-2
;20;13;0
;13;10;-1
;23;5;0
;24;7;-11
;22;10;0
;17;5;-1
;12;9;-9
;11;9;-4
;11;10;1
;10;6;0
;10;10;3
;17;11;3
;17;6;-9
;16;3;-5
;14;2;-8
;12;3;3
;9;6;-3
;10;0;-4
;14;0;-5
;14;6;0
;11;-1;-2
83864449444944484842545313103671787176764444444444448644784255651310;6;1;6
;4;1;-4
;5;3;-10
;5;3;-3
;5;8;-6
;8;5;-8
;1;7;-2
;1;4;-10
;12;2;-2
;8;6;2
;1;0;-7
;8;0;0
;10;2;2
;6;3;0
;8;-1;5
;12;0;6
;5;0;-3
;7;-4;-9
;7;-2;5
;4;0;0
367178827767444486444444;0;-2;2
;0;4;0
;0;1;-2
;2;1;-5
;-2;9;-1
;-5;8;-12
;-7;1;-7
;1;0;-16
;8;-2;-18
;3;1;-11
;-4;1;-1
;0;2;-1
;0;-1;-10
;0;0;-10
;-4;1;-13
;-859;-5544;5341
;0;-4;-10
;-7;1;0
;-6;-1;-2
;0;-2;6
;0;-1;-1
36717882776744448644444444444444444444784252681310367178868471444444444444444444784250691310367178717165;;;
444444444444484448484457574657574444444444444253541310367178718365446544494444444444444444444444444457574657574457574657574457;;;
;2;3;-11
;0;3;-16
;2;-3;-3
;-3;1;4
;0;-1;0
;-3;0;5
;-1;-6;-3
;-4;-3;-7
;-1;-6;-1
;0;3;-12
;5;2;0
;-1;1;-14
;5;-2;-3
;0;0;0
;-2;-3;-7
367178827767444486444444444444444444447842526813103671788684714444444444444444447842506913;
;-7;2;-4
;-1;3;3
;1;2;5
;2;1;11
;0;-4;-4
;-2;2;0
;-3;3;-5
;0;0;-2
;-5;-3;-8
;-9;-3;-20
;-5;-2;-6
;0;-5;-10
;-3;0;-1
;0;-1;-2
;-1;0;-9
;-2;-2;-14
;3;6;-14
;6;9;0
;0;2;-7
;3;2;1
1310;-2;0;-5
;1;0;0
;1;0;3
;-3;0;-17
;-2;10;-16
;0;5;-16
;-6;0;-13
;-4;0;-5
;-1;5;-13
;0;-2;8
103671767183864449444944485144444444495444444444494944444444504942545013103671787176764444444444448644784255651310;;;
;0;-2;-3
;0;0;0
;-8;-5;-4
;4;-1;-7
;-4;-6;-10
;-4;0;-2
;3;0;-1
;-1;0;-17
;0;-3;-4
;0;-1;-5
;-6;1;-2
;0;-6;-2
;-3;-3;-10
;0;-9;-1
;0;-9;-4
;-5;-4;3
;-17;7;-10
36717882776744504953484849464848448644444444444444505648505051444444784254681310367178868471444444444444;
;-6;4;-4
;-8;9;-4
;-11;7;11
;-13;3;0
;-13;0;-8
;-9;-2;-1
;-8;1;0
;-12;4;0
;-13;-5;-2
;-19;0;-3
;-18;2;2
;-14;1;-1
;-18;8;-4
;-13;0;0
;-18;-1;2
;-12;-8;-3
;-19;-1;-10
;-10;0;-1
;-8;5;-15
3671788277674450495348485046484844864444444444;
;-10;0;-7
;-5;5;0
;-8;-2;2
;-6;2;0
;-9;0;1
;-14;0;-6
;-6;1;-4
;-11;8;0
;-12;7;8
;-4;5;5
;0;3;1
;-6;0;-7
;-15;6;-5
;-4;10;6
;-6;3;3
;-7;6;0
;-16;3;1
;-15;0;-5
;-16;1;-4
;-14;0;0
367178827767445049534848514648484486444444444444445056485050514444447842547013103671788684714444444444444444447842506913103671;;;
;-12;7;4
;-16;5;0
;-10;7;-9
;-10;12;-4
;-8;6;-7
;-13;1;-3
;-17;4;-9
;-12;3;-1
;-8;2;-5
;-7;0;-4
;-5;0;-13
;-4;4;-6
;-9;2;-9
;-9;4;-5
;-12;2;2
;-11;5;0
;-11;2;-1
;-6;-8;-18
;-14;0;-1
;-19;0;-4
;-18;3;2
;-3;8;0
;-4;0;-6
;-10;2;-14
;-4;4;-12
;-2;4;-11
;-6;2;-5
;-9;2;0
;-12;9;-5
;-11;2;-1
;-13;12;-12
;-6;2;-14
;-7;4;-10
;-12;6;-18
367178827767445049534848534648484486444444444444445056485050514444447842545713103671788684;;;
714444444444444444447842506913103671787171654450495348485346484844444444444844484844575746575744444444444442556613103671787183448644784253551310;;;
;-4;6;-4
;-15;4;4
;-13;7;3
;-15;6;-7
;-6;9;-4
3671;-8;4;-4
788277674450495348485446484844864444444444444450564850505144444478425465131036717886847144444444444444444478425069131036717871;;;
;-12;7;-2
;-12;0;0
;-7;7;2
;-11;3;-5
;-9;6;2
;-4;4;0
;-5;2;-5
;-14;8;-12
;-18;7;-4
;-11;9;-2
;-7;6;0
;-9;3;-6
;-12;1;-10
;-10;6;4
;-8;2;-2
767183864449444944484842545313103671787176764444444444504953484855464848448644784253531310;;;
;-7;3;-9
;0;4;-5
;-7;10;0
;-8;1;-10
;-8;3;-3
;-9;3;-8
;-16;3;-12
;-21;8;-15
;-14;10;-5
;-11;4;-4
;-9;7;-1
;-2;9;-13
;-8;0;-4
;-11;1;1
;-14;5;0
;-7;6;-9
;-14;-2;-12
;-20;0;-8
;-7;1;0
;-9;3;-5
;-6;4;0
;-10;13;2
;-5;2;4
;-3;5;0
;-4;5;-4
;-4;6;-2
;-10;4;-9
;-6;0;-3
;-13;5;-12
;-13;14;0
;-15;6;-1
;-13;4;-8
;-7;-4;-7
;-7;3;-11
;-16;3;0
;-13;1;-4
;-8;6;-7
8644494449444849444952444444505242556613103671767183864449444944484842545313103671787176764444444444504953484857464848448644784253661310;;;
;-11;0;2
;-6;3;-5
;-12;1;-16
;-17;2;-10
;-11;1;-10
;-10;7;-7
;-11;-2;-3
;-9;0;-2
;-11;4;-3
;-10;4;-4
;-17;-1;0
;-6;1;-3
;-11;4;-4
;-11;5;-7
;-4;3;-8
;-9;4;-11
367178827767445049534849;-9;8;-17
;-5;4;-4
;-15;0;-13
;-13;3;-5
;-14;0;2
;-11;10;-12
;-16;5;-5
;-19;6;-3
;-17;8;-6
;-10;6;-11
;-12;2;-4
;-13;0;3
;-7;1;8
;-8;0;9
;-12;5;-7
;-8;11;-4
;-5;3;-10
;-13;0;-9
;-19;3;0
;-17;6;6
367178827767445049534849494648484486444444444444445056485050514444447842546713103671;-9;0;-9
788684714444444444444444447842506913103671787171654450495348494946484844444444444844484844575746575744444444444442556913103671;;;
;0;8;-4
;-2;3;-14
;-3;7;-8
;-5;7;1
;-2;6;-3
;-8;8;0
;-5;0;0
;-2;0;-5
;-3;3;-4
;-6;6;-7
;-2;6;-8
;0;10;-2
;0;7;-3
;4;6;-9
;-7;6;-6
36718071838644494449444849444952444444505342556513103671767183864449444944484842545313103671787176764444444444504953484950464848448644784253491310;;;
;-7;1;3
;-1;7;-2
;0;16;-11
;-1;7;-12
;-1;7;-6
;-3;12;-1
;-4;11;-14
;0;12;-2
;-6;11;-1
;-5;9;-2
;-2;8;-1
;0;2;1
;-6;4;2
;0;14;-3
;2;5;0
;1;11;0
8644494449444849444952444444505442555713103671767183864449444944484842545313103671787176764444444444504953484951464848448644784253481310;;;
;4;7;0
;12;14;-2
;0;9;-5
;0;14;-11
;-4;16;-3
;-1;18;-5
;0;11;0
;0;7;0
;2;5;-2
;-2;11;0
;0;13;-5
;-7;16;-8
;-3;19;-2
;0;7;-12
;-11;11;-9
;0;14;-5
;0;16;5
;1;4;-3
;1;11;-3
;0;11;-11
;1;12;0
;-1;8;0
;-4;9;10
;-3;18;0
;-8;10;5
;-4;13;0
;-1;13;0
;0;10;-9
;-2;5;-4
;-8;9;-5
;4;3;4
;0;10;-9
;-3;10;4
;0;12;-9
;2;9;3
;-1;18;-4
4842545313103671787176764444444444504953484953464848448644784253541310;0;13;-6
;0;13;-8
;7;13;-6
;5;19;-4
;3;19;-7
