;-8;0;-1
;-1;7;-5
;-4;2;-5
;0;2;-15
;3;3;-9
;1;4;-5
;-3;0;-3
;0;0;-13
36717882776744504953485356464848448644;
;6;-1;0
;8;4;0
;2;1;0
;3;-4;-9
;0;-1;-8
;-6;1;7
;-6;4;-1
;6;3;0
;0;0;-5
;-5;0;-8
;-5;5;-5
;0;10;-3
;-1;-1;0
;-1;0;-8
;-5;3;-11
;-8;-2;-10
;2;-7;2
;1;1;2
;0;-4;0
36717882776744504953485357464848448644444444;0;0;-11
;1;5;-4
;6;8;2
;-5;5;-1
;4;4;3
;5;0;10
;-6;7;0
;-2;1;-2
;11;-4;-6
;-1;3;-11
;-6;1;-14
;-5;0;-15
;0;0;-9
;-8;0;-5
;0;-6;-7
;-2;0;-1
;1;-6;-5
;2;0;-13
;-9;0;-11
;-1;4;5
36717882776744504953494848464848448644444444444444505648505051444444784254681310367178868471444444;
;-1;0;-7
;0;-1;-19
;0;0;-23
;0;-1;-10
;-7;0;-10
;0;-2;-17
;-9;0;-13
;2;0;4
;-10;5;-17
;26;-3;1
;1;2;-4
;7;-6;-6
;3;3;-8
;39;-32;30
;0;5;-32
;-11;-19;99
;-132;12;349
;49;10;417
;-368;-211;784
44494449444849444952444444505542555613103671767183864449444944484842545313103671787176764444444444504953494849464848448644784253501310;;;
;115;4;-1039
;-40;-54;-959
;159;-73;-657
;-63;-66;-361
;-298;478;2741
;-546;-45;1916
;262;-203;56
;9;25;155
;-73;46;102
;-18;4;34
;-6;1;26
;-8;-3;2
;-7;-5;1
;-5;-5;8
;14;-2;12
;-25;0;-8
;-2;-1;5
367178827767445049534948504648484486444444444444445056485050514444447842547013103671788684714444444444444444447842506913103671;;;
;0;-7;-3
;0;0;-6
;0;-3;-9
;-3;-1;-3
;-1;-7;-17
;3;0;-13
;3;1;0
;4;-3;6
;-2;-4;9
;0;2;-9
;2;0;-1
;0;0;0
;-1;2;-9
;11;-2;5
367178827767445049534948514648;0;5;-4
;2;1;0
;3;2;-8
;-1;4;4
;0;9;-3
;6;1;-7
;1;-1;-4
;-4;-2;-3
;-6;0;0
;0;3;-9
367178827767445049534948524648484486444444444444445056485050514444447842545713103671788684714444444444444444447842506913103671;;;
;-6;0;-5
;0;-3;-4
;-3;0;2
;-1;4;0
;2;5;1
;5;9;-4
