;ay;ax;az
0;0.35434186;-0.2681506;10.160992
1;1.2545617;0.1436521;10.697293
2;0.7469909;-0.11492168;10.065224
3;0.5267244;-0.34476504;9.691729
4;0.92895025;-0.24899697;9.308656
5;0.81402856;-0.22026655;9.864111
6;0.59376204;-0.095768064;10.371682
7;0.78529817;-0.11492168;9.969456
8;0.8331822;-0.22984336;9.672575
9;0.59376204;-0.23942018;9.595961
10;0.7374141;-0.20111294;9.730036
11;0.8714894;-0.1340753;10.093954
12;0.6512229;-0.1340753;10.093954
13;0.7469909;-0.16280572;9.844957
14;0.78529817;-0.22026655;9.672575
15;0.6895301;-0.22026655;9.749189
16;0.8331822;-0.17238252;10.0269165
17;0.8331822;-0.16280572;10.007763
18;0.6703765;-0.19153613;9.873688
19;0.7374141;-0.22984336;9.710882
20;0.80445176;-0.20111294;9.662998
21;1.4460979;-0.41180268;7.920019
22;0.37349546;0.16280572;9.911995
23;0.51714754;-1.0055647;9.346964
24;1.5035586;-0.0;9.969456
25;0.06703765;-0.047884032;9.921572
26;0.5746084;-0.5746084;9.500193
27;1.8100165;0.2777274;10.199299
28;-0.11492168;-0.47884035;9.988609
29;0.5746084;-0.2873042;9.988609
30;1.6759412;-0.019153614;9.797073
31;-0.1436521;-0.60333884;9.730036
32;1.1587936;0.095768064;10.160992
33;1.1109096;-0.18195933;9.80665
34;0.22984336;-0.37349546;10.01734
35;0.8714894;-0.06703765;9.969456
36;0.9768343;-0.29688102;9.500193
37;0.545878;-0.15322891;9.9790325
38;0.6607997;-0.18195933;9.940725
39;1.0055647;-0.18195933;9.797073
40;0.5746084;-0.1340753;10.0269165
41;0.58418524;-0.32561144;9.682152
42;1.1300632;-0.047884032;9.797073
43;0.50757074;-0.22984336;10.01734
44;0.5554548;-0.33518824;9.816227
45;1.1971009;-0.02873042;9.873688
46;0.545878;-0.31603462;9.835381
47;0.62249243;-0.22984336;9.825804
48;0.9768343;-0.10534488;9.883265
49;0.47884035;-0.35434186;9.854534
50;0.79487497;-0.05746084;9.959879
51;0.8523358;-0.21068975;9.749189
52;0.641646;-0.22026655;9.844957
53;0.78529817;-0.18195933;9.883265
54;0.80445176;-0.2681506;9.816227
55;0.7469909;-0.1436521;9.902418
56;0.6607997;-0.22984336;9.835381
57;0.842759;-0.17238252;9.77792
58;0.7182605;-0.18195933;9.902418
59;0.641646;-0.22984336;9.854534
60;0.8523358;-0.17238252;9.825804
61;0.7086837;-0.24899697;9.864111
62;0.641646;-0.19153613;9.80665
63;0.8523358;-0.15322891;9.873688
64;0.7182605;-0.16280572;9.844957
65;0.7182605;-0.18195933;9.873688
66;0.81402856;-0.16280572;9.835381
67;0.7278373;-0.21068975;9.854534
68;0.7374141;-0.18195933;9.921572
69;0.7661445;-0.19153613;9.797073
70;0.78529817;-0.18195933;9.844957
71;0.7086837;-0.19153613;9.844957
72;0.80445176;-0.22026655;9.77792
73;0.7757214;-0.16280572;9.854534
74;0.7086837;-0.23942018;9.835381
75;0.80445176;-0.16280572;9.864111
76;0.7661445;-0.22026655;9.835381
77;0.6799533;-0.20111294;9.892841
78;0.80445176;-0.20111294;9.844957
79;0.7086837;-0.22984336;9.854534
80;0.7086837;-0.19153613;9.816227
81;0.7661445;-0.18195933;9.873688
82;0.7374141;-0.20111294;9.883265
83;0.7374141;-0.18195933;9.825804
84;0.78529817;-0.18195933;9.864111
85;0.7661445;-0.16280572;9.864111
86;0.7757214;-0.18195933;9.892841
87;0.7565677;-0.21068975;9.854534
88;0.7661445;-0.17238252;9.873688
89;0.7757214;-0.19153613;9.921572
90;0.7565677;-0.1340753;9.864111
91;0.7374141;-0.18195933;9.873688
92;0.7374141;-0.1340753;9.816227
93;0.7278373;-0.20111294;9.854534
94;0.7469909;-0.16280572;9.835381
95;0.7469909;-0.16280572;9.844957
96;0.7565677;-0.19153613;9.835381
97;0.7469909;-0.18195933;9.816227
98;0.7374141;-0.19153613;9.854534
99;0.7661445;-0.19153613;9.873688
100;0.7565677;-0.17238252;9.854534
101;0.7565677;-0.15322891;9.921572
102;0.7182605;-0.16280572;9.787497
103;0.7469909;-0.19153613;9.854534
104;0.6991069;-0.20111294;9.854534
105;0.7469909;-0.21068975;9.892841
106;0.7469909;-0.15322891;9.80665
107;0.7182605;-0.19153613;9.844957
108;0.7565677;-0.15322891;9.797073
109;0.7661445;-0.22984336;9.873688
110;0.7469909;-0.12449849;9.825804
111;0.7661445;-0.16280572;9.902418
112;0.7469909;-0.21068975;9.864111
113;0.7182605;-0.20111294;9.864111
114;0.7565677;-0.17238252;9.825804
115;0.7182605;-0.1340753;9.902418
116;0.7278373;-0.23942018;9.825804
117;0.7661445;-0.19153613;9.844957
118;0.7278373;-0.17238252;9.873688
119;0.7469909;-0.1436521;9.825804
120;0.7278373;-0.16280572;9.892841
121;0.7469909;-0.19153613;9.864111
122;0.7661445;-0.18195933;9.911995
123;0.7374141;-0.18195933;9.873688
124;0.7278373;-0.1340753;9.835381
125;0.7757214;-0.1436521;9.844957
126;0.7086837;-0.22026655;9.883265
127;0.7086837;-0.19153613;9.835381
128;0.7469909;-0.19153613;9.844957
129;0.7182605;-0.17238252;9.854534
130;0.7757214;-0.15322891;9.816227
131;0.7086837;-0.1340753;9.854534
132;0.6991069;-0.16280572;9.844957
133;0.7374141;-0.19153613;9.854534
134;0.7565677;-0.18195933;9.768343
135;0.7757214;-0.19153613;9.854534
136;0.62249243;-0.15322891;9.921572
137;0.7757214;-0.15322891;9.797073
138;0.80445176;-0.20111294;9.80665
139;0.6799533;-0.19153613;9.902418
140;0.6895301;-0.10534488;9.528923
141;0.80445176;-0.16280572;10.007763
142;0.6895301;-0.23942018;10.084377
143;0.7565677;-0.12449849;9.950302
144;0.7565677;-0.12449849;9.950302
145;0.7374141;-0.18195933;9.931149
146;0.7278373;-0.17238252;9.873688
147;0.7374141;-0.1340753;9.873688
148;0.7374141;-0.20111294;9.835381
149;0.7182605;-0.12449849;9.835381
150;0.7469909;-0.19153613;9.797073
151;0.7374141;-0.22984336;9.844957
152;0.7278373;-0.18195933;9.80665
153;0.7469909;-0.19153613;9.797073
154;0.7565677;-0.21068975;9.854534
155;0.7374141;-0.20111294;9.883265
156;0.81402856;-0.16280572;9.787497
157;0.7374141;-0.15322891;9.892841
158;0.6895301;-0.16280572;9.825804
159;0.7469909;-0.16280572;9.950302
160;0.6799533;-0.16280572;9.883265
161;0.7278373;-0.20111294;9.883265
162;0.7182605;-0.1436521;9.892841
163;0.7374141;-0.21068975;9.854534
164;0.6895301;-0.1340753;9.940725
165;0.6895301;-0.11492168;9.873688
166;0.7278373;-0.17238252;9.892841
167;0.79487497;-0.15322891;9.873688
168;0.7565677;-0.21068975;9.892841
169;0.80445176;-0.20111294;9.864111
170;0.7278373;-0.12449849;10.151415
171;0.7565677;-0.15322891;9.634268
172;0.7661445;-0.22984336;9.682152
173;0.7278373;-0.22984336;9.873688
174;0.62249243;-0.24899697;9.730036
175;0.8523358;-0.16280572;9.825804
176;0.7182605;-0.15322891;9.921572
177;0.58418524;-0.22984336;9.892841
178;0.8523358;-0.1340753;9.883265
179;0.6703765;-0.19153613;9.883265
180;0.7565677;-0.10534488;9.988609
181;0.80445176;-0.17238252;10.007763
182;0.6895301;-0.1436521;9.844957
183;0.6799533;-0.22026655;9.873688
184;0.7661445;-0.21068975;9.80665
185;0.7278373;-0.18195933;9.77792
186;0.7086837;-0.18195933;9.816227
187;0.7469909;-0.20111294;9.758766
188;0.7469909;-0.18195933;9.797073
189;0.7086837;-0.19153613;9.864111
190;0.7661445;-0.11492168;9.883265
191;0.7469909;-0.18195933;9.902418
192;0.7182605;-0.1340753;9.931149
193;0.7757214;-0.19153613;9.873688
194;0.7469909;-0.19153613;9.940725
195;0.6991069;-0.20111294;9.902418
196;0.7757214;-0.21068975;9.873688
197;0.7374141;-0.23942018;9.80665
198;0.7374141;-0.22026655;9.864111
199;0.7565677;-0.1436521;9.787497
200;0.7565677;-0.12449849;9.825804
201;0.7469909;-0.20111294;9.864111
202;0.7086837;-0.17238252;9.797073
203;0.7374141;-0.18195933;9.864111
204;0.7565677;-0.21068975;9.873688
205;0.7374141;-0.17238252;9.902418
206;0.7469909;-0.19153613;9.931149
207;0.6991069;-0.19153613;9.892841
208;0.7661445;-0.21068975;9.80665
209;0.80445176;-0.18195933;9.825804
210;0.7182605;-0.15322891;9.844957
211;0.7469909;-0.16280572;9.873688
212;0.7565677;-0.18195933;9.911995
213;0.7469909;-0.1436521;9.835381
214;0.7469909;-0.12449849;9.921572
215;0.7469909;-0.1436521;9.816227
216;0.7374141;-0.23942018;9.921572
217;0.7565677;-0.1436521;9.873688
218;0.7086837;-0.18195933;9.844957
219;0.7182605;-0.1436521;9.825804
220;0.79487497;-0.22026655;9.835381
221;0.6895301;-0.22026655;9.80665
222;0.7565677;-0.20111294;9.835381
223;0.7278373;-0.20111294;9.883265
224;0.6895301;-0.25857377;9.873688
225;0.7661445;-0.19153613;9.854534
226;0.7182605;-0.1340753;9.864111
227;0.7278373;-0.21068975;9.864111
228;0.78529817;-0.17238252;9.931149
229;0.7374141;-0.15322891;9.835381
230;0.7661445;-0.18195933;9.835381
231;0.78529817;-0.17238252;9.816227
232;0.7278373;-0.22026655;9.864111
233;0.78529817;-0.18195933;9.816227
234;0.7661445;-0.16280572;9.844957
235;0.7182605;-0.15322891;9.892841
236;0.7278373;-0.1340753;9.835381
237;0.7374141;-0.20111294;9.835381
238;0.7086837;-0.22984336;9.873688
239;0.79487497;-0.17238252;9.77792
240;0.7278373;-0.15322891;9.864111
241;0.7565677;-0.18195933;9.854534
242;0.79487497;-0.17238252;9.844957
243;0.7374141;-0.16280572;9.816227
244;0.7661445;-0.12449849;9.844957
245;0.7469909;-0.16280572;9.816227
246;0.7565677;-0.16280572;9.892841
247;0.7565677;-0.18195933;9.825804
248;0.7469909;-0.18195933;9.892841
249;0.7469909;-0.17238252;9.844957
250;0.79487497;-0.18195933;9.835381
251;0.7086837;-0.16280572;9.873688
252;0.7565677;-0.1436521;9.864111
253;0.7661445;-0.19153613;9.883265
254;0.7469909;-0.15322891;9.835381
255;0.7374141;-0.16280572;9.854534
256;0.7565677;-0.22984336;9.883265
257;0.7565677;-0.18195933;9.816227
258;0.7469909;-0.19153613;9.873688
259;0.7278373;-0.24899697;9.835381
260;0.7661445;-0.15322891;9.892841
261;0.78529817;-0.18195933;9.787497
262;0.7278373;-0.19153613;9.883265
263;0.7278373;-0.1436521;9.825804
264;0.7278373;-0.17238252;9.921572
265;0.7565677;-0.15322891;9.835381
266;0.7374141;-0.18195933;9.844957
267;0.7374141;-0.17238252;9.835381
268;0.7374141;-0.17238252;9.902418
269;0.7182605;-0.20111294;9.873688
270;0.80445176;-0.19153613;9.816227
271;0.7661445;-0.20111294;9.864111
272;0.78529817;-0.17238252;9.873688
273;0.7661445;-0.21068975;9.911995
274;0.7278373;-0.25857377;9.892841
275;0.7374141;-0.20111294;9.931149
276;0.7661445;-0.25857377;9.892841
277;0.7565677;-0.29688102;9.825804
278;0.7661445;-0.37349546;9.969456
279;0.80445176;-0.4405331;9.950302
280;0.8619126;-0.47884035;9.883265
281;0.93852705;-0.58418524;9.9790325
282;0.89064306;-0.58418524;9.931149
283;0.92895025;-0.6895301;9.988609
284;1.1109096;-0.7086837;9.988609
285;0.92895025;-0.82360536;10.036493
286;0.90021986;-0.78529817;9.844957
287;0.9576807;-0.90021986;9.825804
288;0.9768343;-1.0055647;9.864111
289;0.90021986;-1.0342951;9.969456
290;0.8331822;-1.0726024;9.9790325
291;0.92895025;-1.1587936;9.758766
292;0.81402856;-1.0534488;9.787497
293;0.641646;-1.13964;9.940725
294;0.81402856;-1.2258313;9.998186
295;1.4556746;-1.2449849;10.534488
296;0.24899697;-2.231396;11.195287
297;0.61291564;-0.91937345;9.232041
298;1.6950948;-0.6799533;9.662998
299;-0.047884032;-2.3558946;11.549629
300;0.32561144;-1.0630256;9.030929
301;1.7525556;-1.2354081;9.9790325
302;0.05746084;-2.0015526;11.128249
303;0.12449849;-1.4460979;9.605537
304;1.7621324;-1.3694834;10.036493
305;-0.38307226;-2.480393;10.802638
306;0.49799395;-1.9536686;9.653421
307;1.6950948;-1.541866;9.797073
308;-0.1340753;-2.6431987;10.208876
309;0.47884035;-2.0111294;9.5385
310;1.3982137;-2.2888567;9.701305
311;0.32561144;-2.6048915;9.423578
312;0.5650316;-2.231396;9.490616
313;0.89064306;-2.480393;9.3661175
314;0.5746084;-2.4612393;9.682152
315;0.5746084;-2.2122424;9.595961
316;0.79487497;-2.4229321;9.423578
317;0.6512229;-2.0590134;9.615114
318;0.29688102;-2.2697031;9.80665
319;0.7469909;-2.030283;9.720459
320;0.91937345;-1.6472107;9.883265
321;0.39264908;-1.9632454;10.103531
322;1.2066777;-1.484405;10.132261
323;1.0630256;-1.5514427;10.151415
324;0.59376204;-1.5035586;10.01734
325;0.9864111;-1.292869;10.0269165
326;0.8714894;-1.4173675;9.825804
327;0.545878;-1.283292;9.854534
328;0.8523358;-1.283292;9.892841
329;0.59376204;-1.2545617;9.854534
330;0.12449849;-1.3024458;9.787497
331;0.18195933;-1.388637;9.5385
332;0.18195933;-1.4748282;9.471462
333;0.4213795;-1.8004397;9.892841
334;1.2258313;-1.340753;9.643845
335;0.5746084;-1.3599066;10.582372
336;0.49799395;-1.4748282;10.534488
337;1.3503298;-1.0534488;10.0269165
338;-0.22984336;-1.043872;10.524911
339;0.17238252;-1.1875241;9.749189
340;1.283292;-0.46926352;9.835381
341;-0.20111294;-0.94810385;10.1226845
342;0.61291564;-0.7278373;9.634268
343;1.7908629;-0.34476504;9.624691
344;0.49799395;-0.7565677;9.576807
345;1.2449849;-0.6512229;9.481039
346;2.135628;-0.2873042;9.346964
347;0.24899697;-0.8810662;9.241618
348;0.7182605;-0.45010993;9.279925
349;1.8962077;-1.1683705;9.040505
350;1.3599066;-1.0821792;8.829816
351;-0.038307227;-1.1683705;9.672575
352;1.0630256;-1.4748282;9.078813
353;2.2505496;-0.9959879;9.816227
354;0.82360536;-1.3311762;10.726024
355;1.4939818;-0.6991069;10.295067
356;0.9768343;-0.7565677;11.750742
357;0.038307227;-0.842759;10.0748005
358;0.9576807;-0.46926352;11.597513
359;0.82360536;-0.50757074;11.022904
360;0.7661445;-0.7278373;11.080365
361;1.484405;-0.5363012;11.089942
362;0.7086837;-1.1013328;10.189722
363;0.5746084;-0.8619126;9.490616
364;0.2777274;-1.0247183;9.3182335
365;0.34476504;-1.3790601;9.040505
366;0.80445176;-1.0726024;9.002198
367;0.0;-1.4173675;8.628703
368;0.49799395;-1.8291701;9.279925
369;1.7908629;-1.3694834;9.299079
370;-0.49799395;-1.388637;9.921572
371;-1.0534488;-1.7046716;9.749189
372;0.81402856;-1.4077905;8.7053175
373;-0.36391866;-1.7812861;10.093954
374;-0.35434186;-1.9919758;10.218452
375;1.6184803;-0.7565677;9.988609
376;-0.12449849;-1.6567876;11.492168
377;0.6703765;-1.5131354;9.375694
378;2.566584;-0.6991069;10.0269165
379;0.6991069;-1.4269443;10.218452
380;1.6376339;-0.6991069;10.362105
381;1.5035586;-0.6703765;10.208876
382;0.38307226;-2.2601264;9.902418
383;2.5570073;-1.043872;8.63828
384;0.7278373;-1.6184803;10.199299
385;-0.93852705;-2.1643584;10.582372
386;2.633622;-1.1492168;9.768343
387;1.8291701;-1.1971009;10.314221
388;-0.61291564;-1.9536686;10.5919485
389;1.9249382;-0.81402856;9.136273
390;-0.34476504;-1.4748282;9.653421
391;-0.7661445;-1.4939818;8.839393
392;1.8962077;-0.5650316;9.423578
393;1.0247183;-1.3024458;9.5385
394;0.37349546;-1.1971009;10.007763
395;1.6089035;-0.7374141;9.433155
396;0.48841715;-1.283292;9.691729
397;0.1436521;-1.2641385;9.519346
398;-0.1436521;-1.091756;9.768343
399;-1.5514427;-1.6472107;9.490616
400;0.076614454;-1.7046716;9.251195
401;1.3215994;-1.5610195;10.199299
402;0.641646;-1.6663644;9.710882
403;-0.05746084;-0.94810385;11.089942
404;0.93852705;-1.7525556;9.634268
405;2.5570073;-1.733402;9.222465
406;0.24899697;-1.9440918;9.9790325
407;0.8523358;-1.4939818;9.385271
408;2.4516625;-0.49799395;11.808203
409;-0.22984336;-0.90021986;11.348516
410;-0.6512229;-0.46926352;11.147403
411;1.292869;-0.23942018;10.007763
412;0.19153613;-0.9576807;9.749189
413;-0.17238252;-0.31603462;10.381259
414;1.4269443;-0.2681506;10.726024
415;2.480393;-0.36391866;10.7356
416;1.1109096;-0.9576807;10.534488
417;1.5610195;-1.8483237;10.04607
418;2.681506;-1.2258313;8.207323
419;-1.1683705;-1.484405;8.7532015
420;-2.681506;-2.3175871;8.944737
421;1.13964;-1.4269443;7.5561004
422;0.6703765;-1.532289;8.829816
423;-0.5267244;-1.436521;8.599973
424;2.327164;-0.5650316;9.758766
425;2.9592333;-1.685518;11.358093
426;3.016694;-0.9576807;8.781932
427;1.9728222;-1.3215994;11.377247
428;-0.18195933;-1.9536686;9.854534
429;-0.22984336;-0.79487497;10.132261
430;0.24899697;-1.0247183;10.879252
431;0.17238252;-0.22026655;11.319786
432;0.11492168;-0.009576807;11.233594
433;0.59376204;-1.3599066;10.113108
434;1.8483237;-0.29688102;8.887277
435;1.6663644;-1.1492168;9.576807
436;2.2601264;-1.7717092;11.511322
437;2.4420857;-1.1109096;9.911995
438;-1.2258313;-1.8004397;9.481039
439;-1.8004397;-2.27928;6.588843
440;0.22984336;-1.283292;5.5162406
441;-1.532289;-1.3120226;9.3182335
442;-0.5267244;-1.3790601;8.925584
443;2.72939;-1.2449849;9.682152
444;1.934515;-2.2026656;7.9966335
445;0.90979666;-2.1260512;9.212888
446;1.6567876;-1.4939818;10.515334
447;2.078167;-1.7621324;11.204864
448;-0.29688102;-0.842759;12.162544
449;-2.4516625;-1.4748282;11.57836
450;2.5953147;0.11492168;9.624691
451;1.5227122;0.6512229;12.813767
452;0.93852705;-1.091756;13.551182
453;4.9799395;0.05746084;13.656527
454;1.7142484;0.2777274;11.549629
455;-2.7389667;-2.0685902;12.392388
456;-0.12449849;-0.32561144;8.848969
457;-0.24899697;-0.842759;7.881712
458;-1.484405;-1.2354081;9.461885
459;1.8674773;-1.2354081;8.676587
460;2.0685902;-1.484405;8.762778
461;0.94810385;-3.1124623;8.983045
462;3.0933087;-2.2601264;7.249643
463;0.9768343;-1.3120226;8.829816
464;-1.0151415;-2.3942018;9.308656
465;1.3790601;-0.91937345;7.833828
466;0.5363012;-1.8674773;9.586384
467;1.0726024;-1.3120226;8.360553
468;0.81402856;-0.8523358;10.170568
469;-0.641646;-1.9728222;10.745177
470;2.6048915;-1.3120226;8.619126
471;0.93852705;-0.91937345;10.630256
472;-3.7253778;-1.7717092;11.042058
473;0.7661445;-1.283292;9.356541
474;3.6104562;-1.436521;11.60709
475;1.3503298;-1.1779473;10.065224
476;4.012682;-0.90021986;13.254301
477;1.5131354;-1.0534488;11.9135475
478;-2.9017725;-1.3311762;10.208876
479;-0.5650316;-0.7086837;8.39886
480;0.7182605;-1.7717092;8.571242
481;-0.20111294;-1.1683705;11.444284
482;1.3599066;-0.78529817;10.879252
483;2.7389667;-0.7469909;11.836933
484;1.0630256;-1.5705963;8.820239
485;-0.2681506;-2.4420857;9.32781
486;-0.25857377;-1.9440918;6.6750345
487;-0.79487497;-1.4269443;7.5944076
488;-0.24899697;-2.1739352;10.352529
489;2.7964275;-1.5897499;7.747637
490;3.3614593;-1.3599066;9.481039
491;-1.4939818;-1.982399;10.342952
492;0.19153613;-1.3694834;8.810662
493;1.4269443;-0.0;9.222465
494;-1.3982137;-1.3982137;12.823344
495;1.7429788;-0.6703765;11.463438
496;4.3287168;0.80445176;11.003751
497;-0.82360536;-0.4405331;11.856087
498;-1.0630256;-0.7182605;11.827356
499;2.4899697;-0.38307226;8.887277
500;-1.484405;-1.1875241;10.668563
501;-1.7238252;-1.4077905;8.801085
502;3.1507695;-1.0055647;10.745177
503;3.3614593;-1.1971009;9.232041
504;1.9057846;-1.532289;11.204864
505;-0.23942018;-1.0055647;12.239159
506;-1.5705963;-1.4939818;7.2783732
507;0.7374141;0.1436521;6.9240313
508;-1.7717092;-2.078167;10.132261
509;0.6895301;-1.1587936;11.434708
510;1.7812861;0.5267244;10.323798
511;-0.17238252;-1.9249382;10.208876
512;0.6991069;-1.0726024;8.408437
513;0.90021986;-1.3790601;7.632715
514;0.047884032;-1.6663644;8.90643
515;3.9360676;-1.292869;10.94629
516;0.37349546;-0.10534488;11.903971
517;-3.3039982;-1.0726024;9.241618
518;0.18195933;-0.7182605;8.00621
519;0.46926352;-0.33518824;8.887277
520;1.2449849;-0.8714894;13.359646
521;3.122039;1.3503298;13.263878
522;1.4748282;-0.076614454;14.030022
523;1.7908629;-1.7812861;9.739613
524;-1.2258313;-0.6703765;8.810662
525;-1.8866309;-1.3790601;6.244078
526;3.9935284;-1.3503298;11.693281
527;2.2409728;-0.32561144;9.624691
528;-2.930503;-2.3463178;11.233594
529;0.62249243;-1.9057846;9.279925
530;1.8579005;0.12449849;7.345411
531;-0.1436521;-1.8004397;11.329363
532;5.2289367;-1.6280571;11.482592
533;3.1986535;-0.5746084;9.9790325
534;-3.4284968;-2.5953147;11.166556
535;-0.5554548;-1.1587936;5.3247046
536;0.9959879;-0.2873042;8.034941
537;-1.292869;-2.5187001;10.323798
538;3.620033;-1.0247183;10.984597
539;5.439626;-0.22026655;10.170568
540;-1.7812861;-1.6089035;10.247183
541;0.45968673;-1.532289;10.668563
542;4.4723687;-0.38307226;9.251195
543;1.0151415;-0.5746084;12.842498
544;1.091756;-1.1779473;12.248735
545;3.0071173;-0.641646;9.950302
546;-3.572149;-1.0726024;9.442732
547;-4.5202527;-2.480393;7.4986396
548;3.122039;-2.0207062;7.0102224
549;0.5554548;-1.7908629;10.103531
550;-0.22026655;-1.7525556;10.994174
551;3.8786068;-0.8714894;11.128249
552;-0.6512229;-3.4859576;9.528923
553;-0.8331822;-2.4133554;7.393295
554;4.663905;-0.91937345;7.9870567
555;0.5650316;-0.8331822;12.382812
556;-3.4093432;-1.5610195;10.160992
557;0.51714754;-0.8331822;5.5737014
558;-2.3463178;-2.5953147;6.4260373
559;1.283292;-3.5529952;9.586384
560;6.244078;0.32561144;9.998186
561;-1.7525556;-1.1587936;14.81532
562;-3.620033;-1.0534488;11.9135475
563;4.912902;0.34476504;7.776367
564;4.050989;-1.1109096;11.9135475
565;-0.7757214;-0.038307227;13.484144
566;0.62249243;0.82360536;14.010868
567;-2.9783869;-1.5897499;9.902418
568;-1.8387469;-1.2162545;4.0222588
569;2.0590134;-1.4556746;6.7708025
570;3.1124623;-1.6663644;10.055647
571;3.1124623;-0.47884035;11.87524
572;0.1340753;-0.33518824;12.459426
573;1.1300632;-0.38307226;7.0964136
574;4.185065;0.33518824;9.088389
575;-1.7812861;-0.58418524;9.911995
576;-2.2601264;0.82360536;11.032481
577;0.78529817;-0.35434186;9.902418
578;-0.31603462;-0.4309563;5.8226986
579;0.545878;-0.32561144;7.3549876
580;3.1028855;-0.31603462;11.013328
581;2.2122424;1.3311762;11.501745
582;-0.45968673;0.9864111;12.5743475
583;0.9576807;0.047884032;10.208876
584;1.3694834;1.1683705;9.126697
585;0.16280572;-0.19153613;9.797073
586;2.2984335;0.24899697;11.568783
587;0.24899697;2.2601264;10.7356
588;-4.7405195;-0.7469909;10.409989
589;0.93852705;-0.25857377;7.4507556
590;3.6008794;1.1587936;7.517793
591;-2.7485435;-0.2777274;12.737153
592;1.5993267;0.5363012;11.453861
593;2.585738;1.2258313;11.789049
594;-0.08619126;-1.2258313;10.860099
595;4.817134;0.08619126;9.959879
596;1.685518;1.4269443;10.1226845
597;-5.8801594;-0.8331822;10.821792
598;-0.8619126;1.091756;6.8091097
599;1.3982137;0.49799395;6.847417
600;-0.8714894;-0.10534488;9.069236
601;3.8594532;0.7374141;10.572795
602;1.9249382;1.2258313;10.6398325
603;-2.1452048;-0.4213795;10.936713
604;3.5529952;0.038307227;7.6710224
605;4.7788267;1.091756;7.5848308
606;-1.388637;-1.3215994;12.373235
607;0.6991069;0.60333884;7.680599
608;0.36391866;1.3120226;6.2823853
609;-3.7253778;-2.0398598;7.73806
610;4.146757;0.4213795;7.747637
611;2.767697;0.78529817;10.160992
612;-2.767697;-1.0821792;10.783484
613;2.5474305;0.6895301;10.5919485
614;3.0071173;1.6280571;9.500193
615;-1.4460979;-0.9959879;13.053187
616;3.3997664;1.2066777;11.712435
617;1.2162545;0.2681506;13.081918
618;-0.8810662;-0.33518824;10.524911
619;0.25857377;1.2545617;11.291056
620;-2.4037786;-0.047884032;10.228029
621;2.9400797;-0.842759;10.70687
622;6.7612257;1.388637;11.84651
623;-2.2218192;0.5650316;12.593501
624;-2.7389667;-0.6895301;11.702858
625;4.5872903;0.8523358;8.1881695
626;-0.1340753;-1.5035586;8.887277
627;-1.7142484;0.06703765;10.515334
628;0.038307227;0.18195933;10.189722
629;0.076614454;0.047884032;7.6135616
630;0.11492168;-1.0534488;11.032481
631;2.2122424;-1.1492168;7.824251
632;3.7732618;-0.50757074;9.710882
633;1.7717092;-0.9959879;10.5919485
634;-1.8387469;-0.46926352;9.80665
635;0.59376204;-0.46926352;8.331821
636;3.1507695;-1.13964;9.682152
637;0.34476504;0.1436521;10.840945
638;-2.2697031;0.10534488;10.984597
639;0.31603462;-0.076614454;9.998186
640;0.8619126;0.6512229;9.165004
641;1.1492168;-1.6280571;9.557653
642;5.439626;-0.545878;11.319786
643;0.9768343;0.9672575;9.873688
644;-2.72939;0.1436521;11.616667
645;0.7086837;-0.92895025;9.787497
646;2.834735;1.4556746;8.1881695
647;-0.9864111;-1.4556746;12.229582
648;0.51714754;0.545878;10.716447
649;2.4899697;1.7717092;10.46745
650;-2.585738;-0.1340753;13.800179
651;2.96881;-0.5554548;7.565677
652;5.9663506;0.39264908;8.829816
653;-2.3080103;-2.3175871;10.275913
654;-0.10534488;-0.4405331;9.337387
655;1.9057846;1.2545617;10.812215
656;-3.9935284;-2.4899697;10.67814
657;3.2752678;-0.7278373;6.435614
658;5.7748146;1.0342951;11.243171
659;-5.9759274;-2.183512;12.631808
660;1.484405;1.1300632;8.580819
661;2.8538885;-0.35434186;8.485051
662;-3.016694;-2.1164744;6.1004257
663;2.9592333;0.33518824;9.576807
664;4.261679;1.0055647;11.195287
665;-3.5242648;0.41180268;12.631808
666;-1.2545617;0.06703765;11.530476
667;4.9703627;0.6512229;7.8146744
668;-0.22026655;0.37349546;12.181698
669;0.095768064;0.6607997;12.11466
670;0.8331822;1.2354081;11.262324
671;-1.5705963;-0.4405331;9.346964
672;2.0973208;-1.0630256;6.4068837
673;3.5051112;0.45968673;8.66701
674;-1.9632454;-0.0;11.616667
675;-0.30645782;0.94810385;12.794614
676;0.6799533;1.5035586;10.601525
677;0.019153614;-0.90021986;8.820239
678;4.2904096;0.50757074;10.831368
679;2.8060043;1.4173675;12.315774
680;-2.1739352;-0.6799533;13.187263
681;-0.40222588;0.63206923;8.274361
682;1.1971009;-1.1300632;6.789956
683;1.1875241;-0.6799533;6.4739213
684;0.5746084;-0.1436521;10.28549
685;1.2545617;-0.2873042;9.528923
686;-2.0015526;-0.6991069;10.745177
687;-0.8619126;-0.94810385;5.8226986
688;4.654328;-0.4405331;6.3781533
689;0.25857377;-0.7182605;13.608643
690;-0.91937345;-0.641646;9.720459
691;4.261679;0.6991069;8.896853
692;-1.4173675;-0.62249243;7.8529816
693;-0.6607997;-2.4995465;7.4507556
694;7.240066;0.46926352;8.896853
695;-0.60333884;-0.7757214;12.26789
696;-2.9592333;-0.50757074;10.457873
697;3.3327289;1.5131354;9.251195
698;0.009576807;-0.24899697;9.002198
699;-0.37349546;-0.8714894;10.879252
700;3.8402996;0.46926352;11.57836
701;0.6703765;0.019153614;11.597513
702;-1.3311762;1.7812861;10.898406
703;0.37349546;-1.7812861;12.497733
704;3.7541082;-1.1204864;7.2687964
705;3.7445314;0.5363012;10.965444
706;0.23942018;-1.4077905;12.440272
707;-0.94810385;2.2601264;11.683704
708;-1.3120226;-0.89064306;12.469003
709;2.633622;-1.1204864;5.659893
710;1.7046716;0.37349546;10.582372
711;-1.7046716;-2.1547816;10.352529
712;1.934515;0.45968673;11.118672
713;-1.1204864;-0.7086837;8.647857
714;0.06703765;-3.2273839;7.1634517
715;6.081272;-0.4405331;7.0581064
716;1.1587936;-0.79487497;9.011775
717;-2.030283;-1.3599066;11.21444
718;2.7964275;1.7429788;9.308656
719;-0.4405331;-0.8810662;8.322245
720;0.37349546;-0.35434186;10.323798
721;3.4380736;0.8331822;9.078813
722;-1.1971009;0.038307227;11.597513
723;-1.3024458;-0.46926352;10.04607
724;5.6407394;-0.6991069;7.824251
725;3.7828386;-0.7086837;10.994174
726;-0.46926352;-0.7661445;9.691729
727;0.2873042;1.3599066;11.587936
728;-2.1643584;-0.90021986;11.951855
729;-0.90021986;-0.4309563;8.762778
730;1.1204864;0.1436521;8.1402855
731;-0.17238252;-1.388637;9.232041
732;0.22984336;0.12449849;8.628703
733;-0.60333884;0.06703765;12.373235
734;2.5761611;-1.0342951;10.716447
735;5.889736;1.091756;11.482592
736;-0.9864111;0.076614454;10.113108
737;-2.719813;0.06703765;11.003751
738;1.6472107;2.078167;9.720459
739;-2.3558946;-0.1340753;12.0571995
740;0.9672575;-0.17238252;12.555194
741;6.8761473;1.8195933;9.232041
742;-2.432509;0.7278373;13.9917145
743;-5.1235914;-0.12449849;10.745177
744;4.0318356;0.81402856;6.9240313
745;-0.641646;-0.8523358;9.500193
746;-0.91937345;-0.9576807;9.030929
747;4.8267107;0.9959879;10.70687
748;-2.3558946;0.35434186;9.442732
749;-2.5474305;-2.2984335;7.795521
750;6.14831;0.009576807;4.6830587
751;0.12449849;-0.7757214;9.548077
752;-2.8634653;-1.2258313;9.9790325
753;3.2561142;1.3215994;8.475474
754;-2.0207062;-1.1300632;7.690176
755;0.32561144;-0.8331822;9.528923
756;6.14831;0.8810662;10.323798
757;0.6512229;-0.47884035;11.750742
758;-1.4748282;0.58418524;11.530476
759;2.719813;1.7812861;10.515334
760;2.432509;1.6472107;11.84651
761;1.3311762;2.2888567;16.261417
762;2.9400797;3.1603463;16.941372
763;3.2369606;3.4955344;16.816874
764;1.1779473;3.8307228;17.056293
765;0.39264908;3.1507695;17.27656
766;3.86903;3.1794999;16.414646
767;3.9360676;3.1411927;17.496826
768;1.2641385;2.8538885;16.721106
769;0.7278373;2.4229321;14.882358
770;2.2697031;1.685518;13.273455
771;0.35434186;1.3120226;11.903971
772;-1.043872;1.1971009;12.74673
773;0.9768343;0.8619126;10.0269165
774;1.6567876;1.5035586;8.475474
775;-1.7621324;1.2449849;10.419566
776;-1.8866309;1.1492168;10.726024
777;1.3982137;1.0534488;11.204864
778;-0.02873042;1.3120226;8.571242
779;-2.9783869;1.2162545;10.400413
780;1.9632454;2.2026656;9.634268
781;1.1875241;1.934515;11.195287
782;-3.2944214;0.82360536;10.553641
783;-1.5131354;0.61291564;6.7708025
784;-0.50757074;0.7086837;4.5394063
785;-2.5091233;0.29688102;7.2209125
786;-0.1436521;0.34476504;9.5385
787;1.1109096;0.8810662;8.054094
788;-1.091756;-1.5801731;6.3206925
789;1.8195933;-1.4748282;4.817134
790;0.6895301;-1.0342951;4.807557
791;-3.3327289;-1.8770541;6.8569937
792;-0.5267244;-0.8523358;7.0485296
793;0.50757074;-1.5610195;6.1770406
794;-1.7046716;-1.9153614;6.090849
795;-0.49799395;-1.7525556;7.920019
796;2.930503;-2.0207062;7.3645644
797;1.0534488;-2.4229321;10.793061
798;1.2641385;-4.453215;11.051635
799;6.7324953;-1.7429788;6.196194
800;2.087744;-4.501099;10.486604
801;-1.388637;-4.2999864;6.5984197
802;1.0534488;-0.80445176;9.710882
803;-1.7908629;-4.012682;8.561666
804;-1.3215994;-4.1946416;8.207323
805;2.5761611;-1.8483237;4.2999864
806;-1.2641385;-4.8841715;12.315774
807;3.5434184;-4.4340615;7.3645644
808;5.851429;-2.0494366;7.7093296
809;-1.7812861;-4.462792;9.586384
810;2.4899697;-5.056554;6.2345014
811;6.83784;-2.6527755;4.271256
812;-6.9144545;-5.401319;4.5777135
813;-4.4819455;-3.3901896;4.5681367
814;4.261679;-0.90021986;4.673482
815;-5.985504;-2.873042;6.981492
816;-6.38773;-3.6008794;8.935161
817;5.66947;-2.528277;3.5242648
818;2.0973208;-4.223372;7.2592196
819;-3.3135753;-3.8786068;4.999093
820;4.156334;-4.309563;7.4507556
821;6.291962;-5.841852;9.32781
822;2.0111294;-1.9440918;9.452309
823;0.58418524;-1.7238252;15.150508
824;0.49799395;-3.86903;11.942278
825;0.1340753;-0.10534488;6.7324953
826;0.51714754;-3.371036;12.382812
827;1.1875241;-3.1603463;10.151415
828;-1.9919758;-2.0111294;16.203957
829;-1.8291701;-5.841852;4.9799395
830;6.1387334;-3.1507695;5.6120086
831;-0.25857377;-2.920926;9.5385
832;1.685518;-7.019799;11.693281
833;10.007763;-3.6583402;6.703765
834;-0.6895301;-6.5696893;1.0630256
835;-3.9839516;-8.264784;-0.9576807
836;9.442732;-0.46926352;5.4779334
837;4.7309427;-4.0414124;13.713987
838;-1.5610195;-5.1140146;7.7093296
839;4.462792;-6.0716953;-1.5035586
840;-1.7621324;-5.6790466;-2.6719291
841;-9.011775;-4.7022123;9.184157
842;2.4516625;-1.8100165;14.192827
843;8.159439;-1.3694834;7.967903
844;-3.6487634;-2.030283;11.84651
845;-1.8291701;-5.00867;8.858546
846;10.429143;-0.33518824;9.586384
847;-0.7661445;-3.6774938;18.55985
848;-0.7278373;-3.4476504;13.292608
849;12.354081;-0.6799533;14.192827
850;-5.0757074;-1.8100165;15.20797
851;-4.31914;-2.5378537;12.172121
852;11.147403;5.1906295;16.098612
853;-4.8267107;2.3463178;21.327549
854;-7.8625584;0.5363012;19.82399
855;5.813122;5.803545;19.622877
856;-0.38307226;1.7046716;21.068975
857;2.9113493;3.5817258;24.899698
858;8.2169;7.8625584;23.530214
859;-5.4779334;1.7238252;19.230228
860;-3.6583402;3.8498764;14.173674
861;4.1276035;4.367024;7.8625584
862;-3.667917;1.4173675;12.200851
863;-3.6487634;3.514688;12.871228
864;1.2066777;2.4229321;11.195287
865;-5.1235914;0.8810662;7.9008656
866;-5.4779334;0.94810385;-4.721366
867;-5.257667;1.5801731;-2.767697
868;0.41180268;0.7278373;11.540052
869;10.67814;4.309563;6.847417
870;-5.7748146;2.1739352;12.095507
871;-5.056554;-1.340753;-0.80445176
872;14.173674;3.8402996;-6.1770406
873;-0.641646;3.9456444;12.995727
874;2.0111294;-0.7278373;4.1946416
875;14.891934;8.274361;9.854534
876;-6.895301;1.3311762;6.742072
877;-3.6583402;-0.90979666;6.301539
878;12.325351;9.500193;3.916914
879;-4.1659107;2.5570073;12.650962
880;-8.283937;0.89064306;13.359646
881;3.8402996;6.9623384;9.193734
882;-2.336741;0.8810662;5.2480903
883;5.841852;5.7269306;15.380352
884;3.6487634;6.129156;20.858286
885;0.89064306;3.1411927;14.097059
886;6.1195793;6.493075;17.391481
887;1.1013328;3.265691;11.21444
888;4.050989;3.217807;10.208876
889;4.807557;8.475474;13.867216
890;-5.631162;3.9743748;15.705963
891;3.016694;6.1387334;10.821792
892;6.8569937;4.6830587;8.801085
893;-0.7565677;3.265691;7.28795
894;2.432509;6.83784;12.938266
895;4.855441;5.4204726;9.653421
896;-4.357447;4.7022123;8.054094
897;-3.715801;2.9113493;7.9104424
898;7.881712;3.3039982;1.0247183
899;0.92895025;6.751649;13.474567
900;-6.090849;3.016694;9.548077
901;9.490616;6.6175733;6.742072
902;2.327164;5.391742;11.674128
903;-2.9400797;0.40222588;10.6398325
904;10.381259;6.157887;11.903971
905;0.39264908;4.711789;12.344504
906;-7.776367;0.7278373;10.67814
907;5.6407394;5.5162406;6.6079965
908;3.4284968;1.6089035;10.5919485
909;-0.8810662;1.7142484;14.719552
910;2.4612393;4.146757;13.263878
911;-4.3382936;-0.019153614;7.28795
912;-1.7908629;-0.90021986;6.751649
913;4.3478703;1.982399;5.6120086
914;1.283292;-0.02873042;11.147403
915;2.1643584;-1.1587936;19.85272
916;7.28795;0.24899697;10.007763
917;2.777274;-2.2888567;8.90643
918;-0.22026655;-3.3518825;9.969456
919;2.3080103;-1.5801731;3.9743748
920;-1.5514427;-0.45968673;11.022904
921;-6.129156;-5.1140146;11.013328
922;2.9592333;-4.721366;2.5187001
923;1.1779473;-3.3135753;8.178593
924;-6.6367273;-6.5984197;10.084377
925;4.510676;-2.1164744;11.329363
926;0.45968673;-1.2354081;13.694834
927;-3.3327289;-4.606444;12.469003
928;8.523358;-0.12449849;11.654974
929;0.41180268;-1.532289;10.802638
930;-7.6231384;-2.6240451;11.568783
931;4.050989;1.4269443;11.425131
932;1.7046716;1.388637;11.980585
933;-6.0525417;-0.17238252;12.50731
934;3.0262709;3.6391866;9.212888
935;-2.3558946;0.1436521;13.570335
936;-2.432509;1.13964;11.013328
937;6.3111157;1.5227122;10.802638
938;1.4173675;0.05746084;9.864111
939;-1.8674773;-1.1300632;10.726024
940;3.4380736;-0.5554548;9.251195
941;1.7429788;-0.81402856;3.916914
942;-3.8115692;-2.0685902;8.0445175
943;4.7788267;-3.466804;5.0757074
944;3.2561142;-3.1603463;5.746084
945;-6.1195793;-4.510676;8.073248
946;1.9057846;-6.7229185;5.1140146
947;7.2113357;-2.528277;5.7269306
948;-2.8634653;-7.2783732;11.808203
949;0.58418524;-6.0238113;4.31914
950;5.0757074;-1.7046716;8.686164
951;-5.7365074;-4.912902;10.055647
952;4.3766007;-3.9073372;6.8186865
953;3.5051112;-1.043872;14.15452
954;-6.646304;-4.462792;11.348516
955;5.1140146;-2.2218192;15.361198
956;5.889736;0.47884035;14.978126
957;-4.10845;-3.3327289;12.98615
958;3.5913026;-2.1260512;14.106636
959;6.0238113;-1.934515;9.940725
960;-4.0318356;-0.1340753;11.176133
961;-1.7812861;0.21068975;13.024457
962;0.009576807;-0.076614454;7.201759
963;-0.36391866;-1.0630256;5.5641246
964;1.1971009;-1.3599066;5.9567738
965;1.4269443;-1.1013328;8.935161
966;-0.61291564;0.05746084;8.839393
967;-0.91937345;-1.3215994;7.881712
968;2.0015526;-0.4405331;8.781932
969;1.8291701;0.16280572;8.532935
970;0.30645782;0.009576807;10.457873
971;1.388637;0.11492168;9.452309
972;1.4077905;0.095768064;9.346964
973;-1.0726024;0.4213795;9.615114
974;0.82360536;0.1436521;8.1402855
975;3.7445314;-0.29688102;9.193734
976;-1.9536686;-0.2681506;10.486604
977;-2.0494366;-0.48841715;10.927136
978;3.1316159;0.9672575;9.749189
979;1.1779473;0.9672575;11.080365
980;-1.5705963;0.18195933;14.633361
981;3.5625722;1.1683705;11.252748
982;2.72939;1.7142484;10.773908
983;-3.9456444;-0.92895025;11.9614315
984;1.0726024;0.22984336;6.7133417
985;2.585738;0.32561144;10.43872
986;-1.3311762;-0.641646;11.243171
987;1.7908629;2.183512;11.731588
988;2.1739352;1.4269443;12.354081
989;2.4516625;0.34476504;9.768343
990;4.721366;2.9783869;10.91756
991;0.6895301;1.5035586;10.448297
992;-2.3558946;3.620033;8.63828
993;-1.1971009;2.2026656;7.8529816
994;2.6623523;2.4420857;6.9240313
995;3.1411927;5.104438;9.490616
996;-1.043872;4.232949;12.689269
997;-0.038307227;1.2641385;12.018892
998;3.964798;5.104438;5.0757074
999;-0.2777274;4.1180267;8.676587
1000;0.4213795;3.2273839;13.330915
1001;4.7405195;6.301539;12.909535
1002;-4.0797195;4.4915223;12.603078
1003;-3.169923;3.8594532;8.130709
1004;2.8634653;3.916914;4.721366
1005;-3.0262709;4.7309427;7.8146744
1006;-3.6774938;2.1547816;12.765883
1007;7.144298;5.535394;10.189722
1008;0.16280572;3.6870706;14.288596
1009;-4.0892963;0.009576807;7.1155677
1010;6.9719152;5.305551;7.1059904
1011;-2.5474305;2.5091233;10.0748005
1012;-2.0590134;1.9632454;12.382812
1013;7.9008656;6.033388;12.603078
1014;-0.545878;3.1986535;11.63582
1015;-3.323152;1.6184803;11.18571
1016;5.2863975;3.5338416;8.829816
1017;2.0590134;2.336741;7.73806
1018;-4.261679;1.8483237;12.066776
1019;1.982399;2.327164;7.517793
1020;2.2026656;2.030283;8.523358
1021;-0.48841715;1.091756;11.511322
1022;3.7828386;1.13964;10.524911
1023;3.7062242;1.5993267;10.563218
1024;-1.8100165;-0.545878;9.375694
1025;-0.06703765;0.06703765;7.3645644
1026;1.043872;0.8810662;9.030929
1027;-2.6623523;0.2681506;11.453861
1028;2.6144683;1.1971009;10.409989
1029;4.510676;1.13964;10.314221
1030;-1.4652514;-0.2873042;11.999739
1031;-0.31603462;-0.24899697;9.414001
1032;3.3039982;0.37349546;7.872135
1033;-1.1779473;-0.36391866;9.749189
1034;-2.8538885;0.22026655;9.126697
1035;1.1875241;0.33518824;8.475474
1036;0.82360536;0.545878;10.505757
1037;1.0534488;0.38307226;12.334928
1038;4.1276035;1.3215994;12.344504
1039;2.4612393;0.16280572;11.042058
1040;-0.19153613;-0.37349546;9.662998
1041;0.31603462;0.10534488;7.6231384
1042;-1.4460979;-0.12449849;8.303091
1043;-0.81402856;0.20111294;10.400413
1044;1.4269443;0.93852705;10.965444
1045;1.8483237;0.58418524;11.051635
1046;1.2162545;0.46926352;10.572795
1047;2.1068976;-0.62249243;9.586384
1048;2.0685902;0.06703765;8.437167
1049;-1.292869;-0.7086837;8.561666
1050;-2.327164;-0.18195933;5.7269306
1051;-0.9576807;0.19153613;7.6135616
1052;-0.7278373;-0.2777274;7.872135
1053;0.92895025;0.6991069;10.553641
1054;1.5705963;0.31603462;10.553641
1055;1.4939818;0.46926352;10.486604
1056;1.685518;-0.0;9.77792
1057;2.1164744;0.30645782;9.749189
1058;0.9768343;0.7661445;11.463438
1059;-0.9768343;1.3503298;10.754754
1060;-0.36391866;1.2737153;9.241618
1061;0.39264908;1.532289;9.174581
1062;-0.17238252;1.1300632;11.319786
1063;2.4899697;1.5705963;11.63582
1064;3.4859576;2.3558946;12.248735
1065;0.36391866;1.283292;12.50731
1066;0.90979666;0.78529817;9.691729
1067;1.6472107;1.5801731;9.14585
1068;-1.3694834;0.91937345;8.686164
1069;-0.7278373;1.532289;9.050082
1070;-0.22026655;1.8004397;9.461885
1071;-0.51714754;1.1779473;8.39886
1072;2.2601264;2.4037786;8.801085
1073;1.4460979;2.0590134;9.739613
1074;1.091756;1.4939818;9.9790325
1075;2.930503;2.4133554;10.304645
1076;0.91937345;1.7142484;10.658986
1077;1.2737153;1.7238252;9.835381
1078;0.90979666;2.7006595;10.496181
1079;-2.2601264;1.2545617;10.496181
1080;0.095768064;2.4229321;9.605537
1081;0.7182605;2.8634653;9.739613
1082;-1.0534488;1.7238252;11.291056
1083;2.1643584;2.873042;10.793061
1084;2.078167;3.016694;11.204864
1085;-0.06703765;1.8195933;11.386824
1086;2.528277;2.4708161;10.496181
1087;0.6799533;2.2026656;10.141838
1088;-1.2258313;1.3982137;10.065224
1089;0.6607997;1.9536686;9.337387
1090;-0.46926352;1.3599066;8.207323
1091;-1.5801731;1.1587936;9.337387
1092;0.9576807;1.8674773;9.835381
1093;2.087744;1.9057846;10.237606
1094;0.50757074;1.9632454;11.750742
1095;0.93852705;1.532289;10.0748005
1096;2.767697;2.0494366;9.404425
1097;0.32561144;1.6376339;10.170568
1098;-0.1340753;1.3694834;10.084377
1099;1.7717092;1.9728222;9.80665
1100;0.21068975;0.79487497;10.25676
1101;0.33518824;0.4405331;9.030929
1102;1.3503298;0.45968673;9.270349
1103;0.58418524;0.58418524;9.059659
1104;0.7278373;1.043872;10.6877165
1105;0.90021986;1.0342951;10.97502
1106;0.36391866;0.5650316;9.758766
1107;0.019153614;1.1587936;10.199299
1108;0.48841715;0.61291564;9.011775
1109;1.4556746;1.283292;10.28549
1110;0.50757074;1.3024458;10.812215
1111;0.60333884;0.8331822;9.77792
1112;1.4269443;1.541866;9.433155
1113;0.12449849;0.8523358;9.203311
1114;0.6703765;1.1875241;9.902418
1115;0.90021986;1.1971009;10.113108
1116;0.62249243;0.6991069;9.758766
1117;1.043872;1.091756;10.141838
1118;0.6799533;0.61291564;9.423578
1119;0.7374141;0.79487497;9.624691
1120;0.6703765;0.7086837;10.132261
1121;0.4213795;0.31603462;9.595961
1122;0.842759;0.842759;9.595961
1123;0.1340753;0.5554548;9.595961
1124;0.79487497;0.94810385;9.835381
1125;1.1109096;1.3694834;10.448297
1126;0.02873042;1.1779473;10.362105
1127;0.7565677;1.388637;10.180145
1128;0.9576807;1.6089035;10.084377
1129;-0.23942018;1.3503298;10.381259
1130;0.39264908;1.733402;10.04607
1131;0.79487497;1.5993267;9.797073
1132;0.22026655;1.2737153;9.883265
1133;0.7278373;1.3982137;9.662998
1134;0.7757214;1.2737153;9.56723
1135;0.38307226;1.1779473;9.500193
1136;0.8714894;1.2354081;9.404425
1137;1.340753;1.2066777;9.375694
1138;0.9864111;1.2066777;9.758766
1139;1.2545617;1.2737153;9.825804
1140;1.340753;1.3982137;9.988609
1141;0.7374141;1.4652514;10.065224
1142;0.91937345;1.4077905;10.0748005
1143;1.541866;1.7717092;10.160992
1144;0.82360536;1.733402;10.764331
1145;0.82360536;1.6184803;10.630256
1146;1.484405;1.9632454;10.496181
1147;0.79487497;1.685518;10.448297
1148;0.8810662;1.7621324;10.362105
1149;1.0821792;1.8962077;10.304645
1150;0.38307226;1.5897499;10.1226845
1151;0.62249243;1.7429788;9.816227
1152;0.6895301;1.685518;9.557653
1153;0.29688102;1.4460979;9.595961
1154;0.4309563;1.5705963;9.653421
1155;0.49799395;1.5705963;9.5385
1156;0.33518824;1.484405;9.605537
1157;0.4213795;1.6950948;9.615114
1158;0.4213795;1.6089035;9.787497
1159;0.23942018;1.7046716;10.0269165
1160;0.29688102;1.685518;10.141838
1161;0.5746084;1.7717092;10.113108
1162;0.33518824;1.7621324;10.266336
1163;0.38307226;1.5610195;10.314221
1164;0.7661445;1.6759412;10.333375
1165;0.5746084;1.532289;10.25676
1166;0.62249243;1.5035586;10.01734
1167;0.8714894;1.5227122;9.854534
1168;0.63206923;1.3311762;10.007763
1169;0.6512229;1.3790601;10.007763
1170;0.92895025;1.292869;9.950302
1171;0.7374141;1.2641385;10.0748005
1172;0.6799533;1.2449849;10.093954
1173;0.94810385;1.1587936;10.151415
1174;0.7374141;1.1300632;10.208876
1175;0.6512229;0.9959879;10.1226845
1176;0.8523358;0.94810385;10.103531
1177;0.58418524;0.7661445;10.170568
1178;0.49799395;0.62249243;10.25676
1179;0.7278373;0.50757074;10.113108
1180;0.6895301;0.38307226;10.055647
1181;0.7565677;0.39264908;10.160992
1182;0.7469909;0.2873042;10.362105
1183;0.60333884;0.05746084;10.381259
1184;0.7086837;0.095768064;10.0269165
1185;0.6895301;0.06703765;9.873688
1186;0.5650316;-0.17238252;9.835381
1187;0.58418524;-0.20111294;9.682152
1188;0.40222588;-0.29688102;9.433155
1189;0.4309563;-0.5267244;9.452309
1190;0.8523358;-0.4213795;9.490616
1191;0.7469909;-0.4405331;9.461885
1192;0.8331822;-0.641646;9.490616
1193;1.091756;-0.6991069;9.433155
1194;0.61291564;-0.5650316;9.203311
1195;0.60333884;-0.59376204;9.557653
1196;0.9576807;-0.31603462;9.299079
1197;0.59376204;-0.31603462;9.825804
1198;0.5363012;-0.39264908;9.835381
1199;0.90979666;-0.15322891;9.864111
1200;0.78529817;-0.08619126;10.28549
1201;0.7565677;-0.16280572;10.371682
1202;0.9864111;-0.038307227;10.448297
1203;0.45968673;-0.2873042;10.457873
1204;0.49799395;-0.2777274;10.151415
1205;0.80445176;-0.20111294;9.864111
1206;0.31603462;-0.50757074;9.835381
1207;0.45968673;-0.49799395;9.864111
1208;0.82360536;-0.35434186;9.739613
1209;0.5267244;-0.50757074;9.931149
1210;0.60333884;-0.45010993;9.768343
1211;0.78529817;-0.4213795;9.797073
1212;0.41180268;-0.641646;9.816227
1213;0.58418524;-0.545878;9.844957
1214;0.78529817;-0.41180268;9.854534
1215;0.48841715;-0.61291564;9.873688
1216;0.5554548;-0.5746084;9.873688
1217;0.7374141;-0.5267244;9.892841
1218;0.5746084;-0.6991069;10.0269165
1219;0.78529817;-0.6703765;9.911995
1220;0.842759;-0.7086837;9.864111
1221;0.7374141;-0.78529817;9.883265
1222;0.78529817;-0.79487497;9.864111
1223;0.94810385;-0.8714894;9.739613
1224;0.82360536;-0.8810662;9.844957
1225;0.81402856;-0.9576807;9.80665
1226;0.82360536;-0.93852705;9.739613
1227;0.7757214;-0.89064306;9.77792
1228;0.81402856;-0.90021986;9.749189
1229;0.8523358;-0.7374141;9.797073
1230;0.6703765;-0.6991069;9.864111
1231;0.7278373;-0.60333884;9.854534
1232;0.6991069;-0.58418524;9.892841
1233;0.5650316;-0.5554548;9.873688
1234;0.60333884;-0.51714754;9.883265
1235;0.6703765;-0.38307226;9.873688
1236;0.5267244;-0.38307226;9.9790325
1237;0.5650316;-0.2681506;9.883265
1238;0.61291564;-0.29688102;9.825804
1239;0.60333884;-0.22026655;9.854534
1240;0.62249243;-0.24899697;9.835381
1241;0.6703765;-0.18195933;9.730036
1242;0.63206923;-0.1436521;9.844957
1243;0.6799533;-0.11492168;9.902418
1244;0.7757214;-0.08619126;9.854534
1245;0.7182605;-0.038307227;9.931149
1246;0.7565677;-0.02873042;9.969456
1247;0.7469909;-0.0;9.950302
1248;0.7565677;-0.0;9.9790325
1249;0.7565677;0.019153614;9.988609
1250;0.80445176;-0.05746084;9.969456
1251;0.79487497;-0.0;9.950302
1252;0.7278373;-0.0;10.007763
1253;0.7565677;-0.0;9.854534
1254;0.6991069;-0.0;9.911995
1255;0.60333884;-0.10534488;9.864111
1256;0.7661445;-0.10534488;9.864111
1257;0.7469909;-0.02873042;9.892841
1258;0.58418524;-0.1340753;9.825804
1259;0.7565677;-0.06703765;9.844957
1260;0.6799533;-0.076614454;9.825804
1261;0.5650316;-0.02873042;9.873688
1262;0.7182605;-0.0;9.864111
1263;0.63206923;0.009576807;9.883265
1264;0.545878;-0.0;9.940725
1265;0.6991069;-0.009576807;9.844957
1266;0.61291564;0.08619126;9.931149
1267;0.62249243;0.019153614;9.9790325
1268;0.6607997;-0.019153614;9.940725
1269;0.6703765;0.02873042;9.921572
1270;0.6607997;-0.038307227;9.902418
1271;0.6991069;-0.0;9.921572
1272;0.7182605;-0.0;9.883265
1273;0.6895301;0.009576807;9.902418
1274;0.7182605;0.038307227;9.940725
1275;0.7278373;-0.038307227;9.902418
1276;0.78529817;-0.0;9.902418
1277;0.7374141;-0.0;9.911995
1278;0.6991069;-0.019153614;9.911995
1279;0.79487497;-0.0;9.892841
1280;0.6991069;-0.0;9.988609
1281;0.7374141;0.019153614;9.854534
1282;0.7086837;0.047884032;9.921572
1283;0.6607997;-0.047884032;9.883265
1284;0.7086837;0.047884032;9.864111
1285;0.6607997;-0.019153614;9.969456
1286;0.6512229;0.02873042;9.921572
1287;0.7278373;-0.0;9.825804
1288;0.63206923;0.02873042;9.883265
1289;0.6799533;0.009576807;9.854534
1290;0.6895301;0.06703765;9.950302
1291;0.6991069;0.019153614;9.883265
1292;0.6895301;-0.009576807;9.911995
1293;0.63206923;-0.0;9.883265
1294;0.61291564;-0.0;9.902418
1295;0.6512229;0.02873042;9.902418
1296;0.6991069;0.08619126;9.902418
1297;0.641646;0.019153614;9.873688
1298;0.6799533;0.047884032;9.864111
1299;0.6799533;0.076614454;9.940725
1300;0.6703765;-0.0;9.873688
1301;0.6895301;0.12449849;9.921572
1302;0.7182605;0.038307227;9.883265
1303;0.6991069;0.019153614;9.892841
1304;0.7661445;0.12449849;9.902418
1305;0.6895301;0.095768064;9.902418
1306;0.7278373;0.16280572;9.864111
1307;0.6895301;0.038307227;9.911995
1308;0.7182605;0.06703765;9.969456
1309;0.6799533;0.10534488;9.911995
1310;0.7086837;0.12449849;9.940725
1311;0.6895301;0.038307227;9.883265
1312;0.6991069;0.08619126;9.969456
1313;0.6703765;0.08619126;9.883265
1314;0.6703765;0.06703765;9.931149
1315;0.6799533;0.047884032;9.959879
1316;0.6512229;0.038307227;9.892841
1317;0.6895301;0.05746084;9.940725
1318;0.7469909;0.02873042;9.9790325
1319;0.6799533;0.06703765;9.911995
1320;0.63206923;0.009576807;9.902418
1321;0.7086837;0.019153614;9.911995
1322;0.6895301;0.009576807;9.864111
1323;0.7278373;-0.0;9.844957
1324;0.6895301;-0.02873042;9.921572
1325;0.6895301;-0.02873042;9.902418
1326;0.7278373;0.009576807;9.959879
1327;0.7086837;-0.0;9.883265
1328;0.6991069;-0.02873042;9.883265
1329;0.6799533;-0.009576807;9.864111
1330;0.63206923;-0.0;9.892841
1331;0.6607997;-0.047884032;9.854534
1332;0.6703765;-0.02873042;9.883265
1333;0.6703765;-0.047884032;9.940725
1334;0.6799533;-0.06703765;9.892841
1335;0.6703765;-0.02873042;9.883265
1336;0.6895301;-0.047884032;9.854534
1337;0.7374141;-0.05746084;9.854534
1338;0.7086837;-0.095768064;9.921572
1339;0.7182605;-0.009576807;9.864111
1340;0.6895301;-0.076614454;9.921572
1341;0.63206923;-0.038307227;9.816227
1342;0.7182605;-0.019153614;9.921572
1343;0.6991069;-0.10534488;9.892841
1344;0.6703765;-0.095768064;9.854534
1345;0.7086837;-0.06703765;9.864111
1346;0.7278373;-0.06703765;9.883265
1347;0.6895301;-0.095768064;9.883265
1348;0.6991069;-0.05746084;9.835381
1349;0.6991069;-0.02873042;9.892841
1350;0.6991069;-0.10534488;9.911995
1351;0.7086837;-0.05746084;9.825804
1352;0.6512229;-0.12449849;9.931149
1353;0.7182605;-0.12449849;9.825804
1354;0.7278373;-0.047884032;9.864111
1355;0.7086837;-0.11492168;9.921572
1356;0.6703765;-0.047884032;9.835381
1357;0.6799533;-0.05746084;9.892841
1358;0.6512229;-0.06703765;9.892841
1359;0.6991069;-0.08619126;9.844957
1360;0.6607997;-0.10534488;9.873688
1361;0.6607997;-0.047884032;9.883265
1362;0.6991069;-0.076614454;9.835381
1363;0.6895301;-0.1340753;9.873688
1364;0.6607997;-0.06703765;9.854534
1365;0.7086837;-0.12449849;9.873688
1366;0.6703765;-0.047884032;9.77792
1367;0.6895301;-0.08619126;9.864111
1368;0.6607997;-0.076614454;9.892841
1369;0.6607997;-0.11492168;9.844957
1370;0.6895301;-0.1340753;9.883265
1371;0.7278373;-0.10534488;9.864111
1372;0.6703765;-0.08619126;9.873688
1373;0.7182605;-0.10534488;9.892841
1374;0.7086837;-0.076614454;9.873688
1375;0.6799533;-0.095768064;9.844957
1376;0.7182605;-0.019153614;9.854534
1377;0.7086837;-0.06703765;9.864111
1378;0.6991069;-0.05746084;9.854534
1379;0.7182605;-0.06703765;9.816227
1380;0.6703765;-0.095768064;9.883265
1381;0.6991069;-0.10534488;9.911995
1382;0.7182605;-0.019153614;9.892841
1383;0.6991069;-0.11492168;9.80665
1384;0.6799533;-0.047884032;9.864111
1385;0.6895301;-0.12449849;9.911995
1386;0.641646;-0.12449849;9.864111
1387;0.7086837;-0.1340753;9.883265
1388;0.6991069;-0.038307227;9.854534
1389;0.6895301;-0.0;9.873688
1390;0.6895301;-0.11492168;9.902418
1391;0.7469909;-0.08619126;9.883265
1392;0.6991069;-0.12449849;9.892841
1393;0.7182605;-0.11492168;9.883265
1394;0.6607997;-0.1436521;9.854534
1395;0.6991069;-0.10534488;9.835381
1396;0.6799533;-0.06703765;9.873688
1397;0.6703765;-0.076614454;9.911995
1398;0.6512229;-0.08619126;9.816227
1399;0.7086837;-0.06703765;9.873688
1400;0.6895301;-0.11492168;9.911995
1401;0.6991069;-0.08619126;9.835381
1402;0.6799533;-0.11492168;9.998186
1403;0.6991069;-0.12449849;9.77792
1404;0.7182605;-0.1436521;9.835381
1405;0.6895301;-0.17238252;9.873688
1406;0.6799533;-0.076614454;9.873688
1407;0.6895301;-0.08619126;9.883265
1408;0.6799533;-0.05746084;9.844957
1409;0.6895301;-0.095768064;9.835381
1410;0.7278373;-0.10534488;9.883265
1411;0.6991069;-0.06703765;9.825804
1412;0.7278373;-0.12449849;9.883265
1413;0.6607997;-0.10534488;9.816227
1414;0.6799533;-0.095768064;9.787497
1415;0.7182605;-0.12449849;9.892841
1416;0.641646;-0.08619126;9.873688
1417;0.6703765;-0.12449849;9.873688
1418;0.7182605;-0.08619126;9.864111
1419;0.7086837;-0.10534488;9.854534
1420;0.6799533;-0.10534488;9.902418
1421;0.7182605;-0.076614454;9.844957
1422;0.6991069;-0.1340753;9.864111
1423;0.7565677;-0.12449849;9.892841
1424;0.7182605;-0.1340753;9.816227
1425;0.7374141;-0.11492168;9.873688
1426;0.6895301;-0.1340753;9.883265
1427;0.6991069;-0.02873042;9.902418
1428;0.6991069;-0.08619126;9.931149
1429;0.6991069;-0.11492168;9.892841
1430;0.7086837;-0.11492168;9.854534
1431;0.7374141;-0.02873042;9.835381
1432;0.79487497;-0.05746084;9.835381
1433;0.6703765;-0.05746084;9.864111
1434;0.7086837;-0.076614454;9.873688
1435;0.6799533;-0.08619126;9.864111
1436;0.6512229;-0.12449849;9.854534
1437;0.6799533;-0.05746084;9.883265
1438;0.6895301;-0.076614454;9.883265
1439;0.6512229;-0.06703765;9.883265
1440;0.6991069;-0.095768064;9.854534
1441;0.6895301;-0.06703765;9.864111
1442;0.6607997;-0.11492168;9.864111
1443;0.7086837;-0.047884032;9.892841
1444;0.641646;-0.06703765;9.835381
1445;0.7086837;-0.10534488;9.854534
1446;0.7469909;-0.06703765;9.883265
1447;0.6607997;-0.11492168;9.883265
1448;0.7086837;-0.019153614;9.873688
1449;0.7469909;-0.08619126;9.825804
1450;0.6895301;-0.06703765;9.844957
1451;0.7278373;-0.10534488;9.864111
1452;0.6703765;-0.06703765;9.864111
1453;0.6607997;-0.095768064;9.864111
1454;0.7469909;-0.06703765;9.844957
1455;0.6799533;-0.08619126;9.873688
1456;0.6703765;-0.02873042;9.854534
1457;0.6991069;-0.076614454;9.911995
1458;0.7086837;-0.05746084;9.835381
1459;0.7086837;-0.0;9.902418
1460;0.7086837;-0.019153614;9.911995
1461;0.6703765;-0.076614454;9.854534
1462;0.641646;-0.06703765;9.902418
1463;0.6799533;-0.08619126;9.902418
1464;0.6607997;-0.076614454;9.844957
1465;0.7086837;-0.038307227;9.873688
1466;0.6512229;-0.047884032;9.816227
1467;0.6895301;-0.08619126;9.864111
1468;0.7086837;-0.06703765;9.883265
1469;0.6512229;-0.02873042;9.931149
1470;0.6607997;-0.06703765;9.825804
1471;0.6895301;-0.05746084;9.921572
1472;0.6895301;-0.08619126;9.883265
1473;0.7182605;-0.0;9.902418
1474;0.7086837;-0.047884032;9.864111
1475;0.6703765;-0.047884032;9.883265
1476;0.6607997;-0.02873042;9.864111
1477;0.6895301;-0.047884032;9.931149
1478;0.6607997;-0.076614454;9.854534
1479;0.6991069;-0.0;9.883265
1480;0.6703765;-0.009576807;9.911995
1481;0.6607997;-0.02873042;9.883265
1482;0.7182605;-0.08619126;9.911995
1483;0.6799533;-0.05746084;9.931149
1484;0.6703765;-0.076614454;9.902418
1485;0.6895301;-0.009576807;9.921572
1486;0.6799533;-0.038307227;9.892841
1487;0.7086837;-0.047884032;9.892841
1488;0.6895301;-0.038307227;9.883265
1489;0.6991069;-0.02873042;9.825804
1490;0.6991069;-0.076614454;9.911995
1491;0.6895301;-0.06703765;9.854534
1492;0.6512229;-0.08619126;9.931149
1493;0.6991069;-0.05746084;9.864111
1494;0.6703765;-0.019153614;9.902418
1495;0.6799533;-0.11492168;9.902418
1496;0.7374141;-0.05746084;9.844957
1497;0.6799533;-0.05746084;9.883265
1498;0.7182605;-0.06703765;9.787497
1499;0.7086837;-0.076614454;9.892841
1500;0.641646;-0.095768064;9.911995
1501;0.6512229;-0.02873042;9.80665
1502;0.6991069;-0.047884032;9.873688
1503;0.6703765;-0.06703765;9.873688
1504;0.7757214;-0.02873042;9.825804
1505;0.78529817;-0.10534488;9.825804
1506;0.46926352;-0.16280572;9.892841
1507;0.5746084;-0.08619126;9.883265
1508;0.8810662;-0.076614454;9.720459
1509;0.7182605;-0.009576807;9.931149
1510;0.51714754;-0.12449849;9.9790325
1511;0.51714754;-0.10534488;9.787497
1512;0.40222588;-0.35434186;9.500193
1513;0.7469909;-0.16280572;9.509769
1514;1.0151415;0.047884032;9.969456
1515;0.82360536;0.17238252;10.6398325
1516;0.5363012;-0.019153614;10.448297
1517;0.37349546;-0.45010993;9.509769
1518;0.9959879;-0.15322891;9.184157
1519;0.6799533;-0.02873042;9.9790325
1520;0.80445176;-0.038307227;10.840945
1521;0.22984336;-0.37349546;10.228029
1522;1.3311762;-0.0;9.730036
1523;0.59376204;-0.15322891;9.184157
1524;0.25857377;-0.095768064;10.065224
1525;1.3120226;0.23942018;10.314221
1526;0.40222588;-0.45010993;9.921572
1527;0.5650316;0.17238252;10.093954
1528;0.7565677;-0.1340753;9.289502
1529;0.4213795;-0.08619126;9.864111
1530;0.62249243;-0.02873042;9.940725
1531;1.292869;0.16280572;10.141838
1532;0.30645782;-0.02873042;10.084377
1533;0.8331822;0.047884032;10.04607
1534;0.5554548;-0.2873042;9.356541
1535;0.6512229;-0.076614454;9.825804
1536;0.8523358;-0.0;10.151415
1537;0.2681506;-0.2873042;10.0748005
1538;1.0342951;0.11492168;10.093954
1539;0.63206923;-0.29688102;9.490616
1540;0.45010993;-0.19153613;9.787497
1541;0.81402856;0.047884032;10.093954
1542;0.63206923;-0.1340753;9.892841
1543;0.7278373;0.038307227;10.084377
1544;0.641646;-0.1340753;9.691729
1545;0.7565677;-0.076614454;9.739613
1546;0.7661445;0.019153614;9.998186
1547;0.5554548;-0.16280572;9.911995
1548;0.82360536;-0.02873042;9.969456
1549;0.6991069;-0.10534488;9.797073
1550;0.62249243;-0.12449849;9.77792
1551;0.842759;-0.0;9.892841
1552;0.6895301;-0.076614454;9.959879
1553;0.7374141;-0.019153614;9.959879
1554;0.8331822;-0.047884032;9.902418
1555;0.6703765;-0.095768064;9.77792
1556;0.6703765;-0.076614454;9.854534
1557;0.7469909;-0.095768064;9.873688
1558;0.7661445;-0.019153614;9.892841
1559;0.6607997;-0.019153614;9.911995
1560;0.6991069;-0.05746084;9.883265
1561;0.7182605;-0.05746084;9.892841
1562;0.62249243;-0.08619126;9.844957
1563;0.7086837;-0.047884032;9.873688
1564;0.6991069;-0.009576807;9.854534
1565;0.641646;-0.076614454;9.873688
1566;0.6512229;-0.05746084;9.816227
1567;0.7182605;-0.10534488;9.80665
1568;0.6799533;-0.047884032;9.816227
1569;0.6799533;-0.076614454;9.902418
1570;0.6703765;-0.047884032;9.854534
1571;0.7182605;-0.095768064;9.816227
1572;0.6895301;-0.076614454;9.892841
1573;0.6895301;-0.038307227;9.816227
1574;0.6991069;-0.076614454;9.902418
1575;0.7086837;-0.076614454;9.892841
1576;0.7086837;-0.038307227;9.883265
1577;0.7278373;-0.076614454;9.854534
1578;0.6991069;-0.0;9.883265
1579;0.7565677;-0.076614454;9.835381
1580;0.6607997;-0.10534488;9.883265
1581;0.6991069;-0.019153614;9.844957
1582;0.7086837;-0.06703765;9.902418
1583;0.7278373;-0.1340753;9.787497
1584;0.6799533;-0.009576807;9.969456
1585;0.7469909;-0.08619126;9.873688
1586;0.63206923;-0.11492168;9.825804
1587;0.6607997;-0.06703765;9.816227
1588;-1.0247183;-2.3463178;3.8786068
1589;3.5051112;1.283292;10.620679
1590;0.6512229;1.4652514;19.421764
1591;-2.336741;-0.7469909;9.653421
1592;2.815581;-0.8331822;3.8786068
1593;1.8483237;0.2681506;8.322245
1594;-2.5761611;-0.89064306;11.310209
1595;2.4708161;1.685518;13.244724
1596;0.7757214;0.047884032;10.821792
1597;-1.2449849;-1.0821792;8.619126
1598;2.1068976;0.29688102;8.561666
1599;0.7374141;-0.25857377;9.375694
1600;-0.009576807;0.17238252;12.066776
1601;1.3120226;0.49799395;11.645397
1602;0.7565677;-0.40222588;9.279925
1603;0.31603462;-0.17238252;9.069236
1604;0.8523358;-0.4213795;9.069236
1605;1.4269443;-0.08619126;9.088389
1606;0.15322891;-0.11492168;10.266336
1607;0.51714754;-0.16280572;10.390836
1608;1.3694834;0.17238252;10.0748005
1609;0.24899697;-0.2681506;9.624691
