;ay;ax;az
0;0.39264908;-0.2873042;9.892841
1;0.24899697;-0.38307226;9.643845
2;0.4309563;-0.24899697;10.01734
3;0.25857377;-0.39264908;9.461885
4;0.6607997;-0.22984336;9.844957
5;0.06703765;-0.23942018;10.180145
6;0.47884035;-0.25857377;9.892841
7;0.38307226;-0.2777274;9.653421
8;0.24899697;-0.25857377;9.835381
9;0.4213795;-0.21068975;9.931149
10;0.2777274;-0.34476504;9.969456
11;0.38307226;-0.2873042;9.844957
12;0.37349546;-0.29688102;9.797073
13;0.35434186;-0.31603462;9.931149
14;0.4213795;-0.23942018;9.969456
15;0.35434186;-0.2777274;9.797073
16;0.32561144;-0.2777274;9.835381
17;0.34476504;-0.30645782;9.883265
18;0.35434186;-0.31603462;9.825804
19;0.32561144;-0.34476504;9.892841
20;0.34476504;-0.30645782;9.864111
21;0.34476504;-0.2777274;9.844957
22;0.34476504;-0.31603462;9.892841
23;0.36391866;-0.31603462;9.940725
24;0.31603462;-0.4213795;9.892841
25;0.31603462;-0.33518824;9.835381
26;0.30645782;-0.31603462;9.902418
27;0.33518824;-0.31603462;9.844957
28;0.2873042;-0.36391866;9.940725
29;0.35434186;-0.33518824;9.873688
30;0.32561144;-0.36391866;9.902418
31;0.33518824;-0.38307226;9.969456
32;0.35434186;-0.2777274;9.864111
33;0.2777274;-0.40222588;9.883265
34;0.36391866;-0.29688102;9.844957
35;0.36391866;-0.34476504;9.844957
36;0.34476504;-0.2873042;9.911995
37;0.37349546;-0.33518824;9.892841
38;0.34476504;-0.2777274;9.787497
39;0.31603462;-0.33518824;9.911995
40;0.37349546;-0.2873042;9.825804
41;0.34476504;-0.35434186;9.835381
42;0.36391866;-0.31603462;9.911995
43;0.35434186;-0.2681506;9.873688
44;0.34476504;-0.32561144;9.873688
45;0.33518824;-0.25857377;9.864111
46;0.35434186;-0.31603462;9.816227
47;0.37349546;-0.25857377;9.844957
48;0.32561144;-0.32561144;9.864111
49;0.34476504;-0.2873042;9.77792
50;0.31603462;-0.2873042;9.835381
51;0.29688102;-0.32561144;9.873688
52;0.37349546;-0.2777274;9.892841
53;0.31603462;-0.2873042;9.844957
54;0.38307226;-0.2681506;9.854534
55;0.30645782;-0.32561144;9.873688
56;0.32561144;-0.34476504;9.902418
57;0.32561144;-0.31603462;9.902418
58;0.31603462;-0.31603462;9.835381
59;0.36391866;-0.2873042;9.873688
60;0.36391866;-0.2873042;9.883265
61;0.37349546;-0.31603462;9.902418
62;0.40222588;-0.2873042;9.835381
63;0.38307226;-0.2777274;9.80665
64;0.35434186;-0.31603462;9.911995
65;0.33518824;-0.31603462;9.892841
66;0.33518824;-0.32561144;9.854534
67;0.35434186;-0.2777274;9.825804
68;0.34476504;-0.32561144;9.892841
69;0.37349546;-0.2681506;9.921572
70;0.38307226;-0.32561144;9.835381
71;0.33518824;-0.33518824;9.892841
72;0.38307226;-0.2681506;9.902418
73;0.32561144;-0.33518824;9.902418
74;0.35434186;-0.32561144;9.854534
75;0.33518824;-0.32561144;9.835381
76;0.36391866;-0.30645782;9.940725
77;0.38307226;-0.2681506;9.825804
78;0.32561144;-0.30645782;9.873688
79;0.34476504;-0.2777274;9.883265
80;0.31603462;-0.33518824;9.940725
81;0.33518824;-0.30645782;9.873688
82;0.37349546;-0.2681506;9.873688
83;0.30645782;-0.34476504;9.835381
84;0.40222588;-0.31603462;9.864111
85;0.29688102;-0.32561144;9.80665
86;0.37349546;-0.32561144;9.998186
87;0.45968673;-0.33518824;9.883265
88;0.45010993;-0.22026655;9.940725
89;0.30645782;-0.34476504;9.950302
90;0.31603462;-0.34476504;9.950302
91;0.4309563;-0.25857377;9.873688
92;0.36391866;-0.29688102;9.921572
93;0.34476504;-0.32561144;9.902418
94;0.34476504;-0.23942018;9.892841
95;0.37349546;-0.31603462;9.854534
96;0.36391866;-0.32561144;9.844957
97;0.36391866;-0.32561144;9.911995
98;0.32561144;-0.33518824;9.892841
99;0.38307226;-0.2873042;9.883265
100;0.32561144;-0.33518824;9.892841
101;0.32561144;-0.30645782;9.911995
102;0.39264908;-0.23942018;9.883265
103;0.31603462;-0.36391866;9.940725
104;0.35434186;-0.30645782;9.892841
105;0.32561144;-0.29688102;9.864111
106;0.33518824;-0.2777274;9.902418
107;0.38307226;-0.31603462;9.825804
108;0.30645782;-0.30645782;9.816227
109;0.36391866;-0.31603462;9.892841
110;0.36391866;-0.34476504;9.892841
111;0.33518824;-0.38307226;9.873688
112;0.35434186;-0.2777274;9.835381
113;0.35434186;-0.35434186;9.797073
114;0.40222588;-0.29688102;9.950302
115;0.36391866;-0.2777274;9.854534
116;0.37349546;-0.36391866;9.825804
117;0.39264908;-0.37349546;9.940725
118;0.31603462;-0.30645782;9.873688
119;0.33518824;-0.30645782;9.825804
120;0.35434186;-0.24899697;9.854534
121;0.36391866;-0.37349546;9.883265
122;0.36391866;-0.2873042;9.816227
123;0.33518824;-0.33518824;9.844957
124;0.33518824;-0.2681506;9.892841
125;0.31603462;-0.29688102;9.902418
126;0.31603462;-0.25857377;9.835381
127;0.37349546;-0.32561144;9.883265
128;0.32561144;-0.31603462;9.768343
129;0.39264908;-0.31603462;9.816227
130;0.38307226;-0.25857377;9.864111
131;0.30645782;-0.2873042;9.835381
132;0.38307226;-0.29688102;9.864111
133;0.2873042;-0.2777274;9.768343
134;0.34476504;-0.31603462;9.921572
135;0.36391866;-0.35434186;9.864111
136;0.36391866;-0.31603462;9.80665
137;0.38307226;-0.31603462;9.911995
138;0.33518824;-0.33518824;9.950302
139;0.35434186;-0.33518824;9.902418
140;0.37349546;-0.30645782;9.844957
141;0.35434186;-0.29688102;9.883265
142;0.33518824;-0.30645782;9.797073
143;0.32561144;-0.34476504;9.931149
144;0.33518824;-0.35434186;9.844957
145;0.37349546;-0.30645782;9.749189
146;0.2873042;-0.33518824;9.950302
147;0.32561144;-0.29688102;9.816227
148;0.32561144;-0.30645782;9.80665
149;0.36391866;-0.2777274;9.892841
150;0.31603462;-0.38307226;9.844957
151;0.29688102;-0.36391866;9.883265
152;0.37349546;-0.25857377;9.921572
153;0.32561144;-0.32561144;9.883265
154;0.36391866;-0.29688102;9.854534
155;0.36391866;-0.2873042;9.9790325
156;0.33518824;-0.33518824;9.911995
157;0.39264908;-0.33518824;9.797073
158;0.40222588;-0.35434186;9.835381
159;0.37349546;-0.31603462;9.864111
160;0.38307226;-0.31603462;9.80665
161;0.38307226;-0.2777274;9.835381
162;0.35434186;-0.31603462;9.892841
163;0.40222588;-0.30645782;9.854534
164;0.37349546;-0.2873042;9.921572
165;0.36391866;-0.24899697;9.844957
166;0.33518824;-0.32561144;9.998186
167;0.38307226;-0.2681506;9.921572
168;0.32561144;-0.32561144;9.883265
169;0.32561144;-0.34476504;9.883265
170;0.35434186;-0.30645782;9.911995
171;0.34476504;-0.33518824;9.835381
172;0.20111294;-0.37349546;9.80665
173;0.34476504;-0.30645782;9.710882
174;0.2681506;-0.25857377;9.864111
175;0.39264908;-0.2873042;9.835381
176;0.16280572;-0.25857377;9.758766
177;0.4213795;-0.2873042;9.911995
178;0.35434186;-0.29688102;9.911995
179;0.30645782;-0.34476504;9.911995
180;0.39264908;-0.32561144;9.931149
181;0.37349546;-0.31603462;9.854534
182;0.45010993;-0.34476504;9.873688
183;0.33518824;-0.38307226;9.892841
184;0.39264908;-0.38307226;9.911995
185;0.39264908;-0.35434186;9.80665
186;0.36391866;-0.37349546;9.835381
187;0.39264908;-0.30645782;9.844957
188;0.37349546;-0.32561144;9.825804
189;0.4405331;-0.35434186;9.844957
190;0.38307226;-0.2873042;9.797073
191;0.37349546;-0.34476504;9.864111
192;0.39264908;-0.35434186;9.902418
193;0.34476504;-0.32561144;9.854534
194;0.33518824;-0.29688102;9.864111
195;0.35434186;-0.33518824;9.959879
196;0.35434186;-0.31603462;9.835381
197;0.34476504;-0.33518824;9.883265
198;0.2681506;-0.32561144;9.864111
199;0.34476504;-0.36391866;9.892841
200;0.31603462;-0.30645782;9.902418
201;0.2873042;-0.33518824;9.883265
202;0.30645782;-0.2873042;9.864111
203;0.32561144;-0.24899697;9.787497
204;0.32561144;-0.33518824;9.864111
205;0.36391866;-0.29688102;9.892841
206;0.29688102;-0.32561144;9.854534
207;0.39264908;-0.25857377;9.835381
208;0.31603462;-0.30645782;9.844957
209;0.36391866;-0.2681506;9.883265
210;0.41180268;-0.24899697;9.797073
211;0.32561144;-0.32561144;9.921572
212;0.37349546;-0.29688102;9.883265
213;0.35434186;-0.32561144;9.844957
214;0.36391866;-0.24899697;9.844957
215;0.39264908;-0.25857377;9.883265
216;0.37349546;-0.2873042;9.883265
217;0.35434186;-0.25857377;9.825804
218;0.38307226;-0.24899697;9.816227
219;0.32561144;-0.24899697;9.864111
220;0.36391866;-0.2777274;9.931149
221;0.34476504;-0.29688102;9.77792
222;0.36391866;-0.30645782;9.854534
223;0.31603462;-0.25857377;9.825804
224;0.34476504;-0.34476504;9.854534
225;0.35434186;-0.25857377;9.883265
226;0.31603462;-0.33518824;9.816227
227;0.34476504;-0.34476504;9.931149
228;0.32561144;-0.32561144;9.854534
229;0.30645782;-0.36391866;9.921572
230;0.37349546;-0.2873042;9.873688
231;0.32561144;-0.33518824;9.883265
232;0.34476504;-0.30645782;9.864111
233;0.32561144;-0.2873042;9.80665
234;0.37349546;-0.29688102;9.844957
235;0.36391866;-0.30645782;9.892841
236;0.32561144;-0.2777274;9.892841
237;0.36391866;-0.32561144;9.864111
238;0.36391866;-0.34476504;9.80665
239;0.37349546;-0.2873042;9.854534
240;0.36391866;-0.2873042;9.911995
241;0.33518824;-0.31603462;9.854534
242;0.32561144;-0.30645782;9.883265
243;0.33518824;-0.33518824;9.883265
244;0.38307226;-0.37349546;9.921572
245;0.40222588;-0.32561144;9.883265
246;0.35434186;-0.30645782;9.80665
247;0.39264908;-0.31603462;9.873688
248;0.34476504;-0.25857377;9.883265
249;0.35434186;-0.32561144;9.864111
250;0.37349546;-0.2777274;9.921572
251;0.34476504;-0.36391866;9.864111
252;0.33518824;-0.31603462;9.864111
253;0.31603462;-0.2873042;9.825804
254;0.35434186;-0.33518824;9.873688
255;0.36391866;-0.2777274;9.844957
256;0.35434186;-0.2777274;9.921572
257;0.36391866;-0.32561144;9.902418
258;0.34476504;-0.22984336;9.883265
259;0.35434186;-0.2777274;9.797073
260;0.36391866;-0.29688102;9.797073
261;0.29688102;-0.2681506;9.835381
262;0.35434186;-0.2873042;9.825804
263;0.35434186;-0.31603462;9.864111
264;0.36391866;-0.35434186;9.844957
265;0.38307226;-0.29688102;9.940725
266;0.31603462;-0.2777274;9.854534
267;0.34476504;-0.31603462;9.873688
268;0.34476504;-0.35434186;9.883265
269;0.29688102;-0.30645782;9.931149
270;0.39264908;-0.29688102;9.9790325
271;0.33518824;-0.36391866;9.940725
272;0.4309563;-0.45010993;9.988609
273;0.36391866;-0.4309563;9.873688
274;0.39264908;-0.50757074;9.931149
275;0.46926352;-0.46926352;10.007763
276;0.37349546;-0.5363012;9.921572
277;0.38307226;-0.5650316;10.007763
278;0.31603462;-0.59376204;10.0748005
279;0.2777274;-0.6799533;10.170568
280;0.22984336;-0.80445176;10.084377
281;0.18195933;-0.89064306;10.199299
282;0.21068975;-0.9864111;10.352529
283;0.21068975;-1.0821792;10.01734
284;0.1436521;-1.13964;9.643845
285;-0.16280572;-1.2162545;9.768343
286;0.4213795;-1.3311762;9.77792
287;-0.18195933;-1.5801731;9.825804
288;0.30645782;-1.8195933;9.643845
289;0.17238252;-1.9728222;9.586384
290;0.20111294;-1.9728222;9.730036
291;0.37349546;-2.0973208;9.662998
292;0.37349546;-2.1930888;9.653421
293;0.49799395;-2.2888567;9.77792
294;0.38307226;-2.3080103;9.691729
295;0.6991069;-2.2409728;9.80665
296;0.5650316;-2.1452048;10.103531
297;0.78529817;-2.2697031;10.266336
298;0.93852705;-2.3080103;10.170568
299;0.6512229;-2.3654714;10.304645
300;1.0055647;-2.336741;10.362105
301;0.9959879;-2.27928;10.457873
302;0.80445176;-2.2601264;10.429143
303;0.7757214;-2.3080103;10.084377
304;0.59376204;-2.2697031;10.007763
305;0.46926352;-2.1643584;9.768343
306;0.37349546;-2.2601264;9.902418
307;0.8331822;-2.135628;9.854534
308;0.2777274;-2.1739352;9.3661175
309;0.34476504;-2.0685902;9.337387
310;0.5363012;-1.8579005;9.758766
311;-0.22984336;-1.8579005;9.385271
312;0.49799395;-1.7046716;9.32781
313;-0.20111294;-1.5993267;9.442732
314;-0.22984336;-1.4556746;9.56723
315;0.019153614;-1.3599066;9.404425
316;-0.32561144;-1.3599066;9.557653
317;0.18195933;-1.2258313;9.739613
318;-0.10534488;-1.2449849;9.749189
319;0.10534488;-1.1587936;9.749189
320;0.16280572;-1.1013328;9.902418
321;0.076614454;-1.043872;9.816227
322;0.24899697;-1.1013328;9.768343
323;0.06703765;-0.9864111;9.710882
324;0.095768064;-0.90021986;9.768343
325;0.22984336;-0.90021986;9.797073
326;0.18195933;-0.8714894;9.959879
327;0.45010993;-0.7661445;10.170568
328;0.63206923;-0.7565677;10.46745
329;1.2354081;-0.6799533;10.745177
330;1.3215994;-0.7278373;10.91756
331;1.3982137;-0.6512229;10.97502
332;1.043872;-0.60333884;10.831368
333;0.7757214;-0.6991069;10.601525
334;0.5650316;-0.8331822;10.362105
335;0.5267244;-0.91937345;9.940725
336;0.12449849;-1.1587936;9.299079
337;0.33518824;-1.1875241;9.394848
338;0.20111294;-1.2162545;9.423578
339;0.24899697;-1.2449849;9.174581
340;0.47884035;-1.13964;9.126697
341;0.30645782;-1.13964;9.576807
342;0.25857377;-1.0247183;9.3182335
343;0.038307227;-0.7757214;9.241618
344;-0.20111294;-0.7086837;9.883265
345;-0.10534488;-0.545878;10.036493
346;-0.35434186;-0.7182605;9.835381
347;0.22026655;-0.7469909;10.295067
348;0.39264908;-0.78529817;11.137826
349;0.37349546;-0.9576807;11.109096
350;0.545878;-1.2066777;10.745177
351;0.076614454;-1.283292;10.333375
352;0.2873042;-1.388637;10.668563
353;1.3599066;-1.283292;10.524911
354;0.24899697;-1.5610195;10.189722
355;1.2641385;-1.292869;9.212888
356;-0.11492168;-1.6280571;9.624691
357;0.9576807;-1.283292;9.414001
358;-0.62249243;-1.8866309;8.475474
359;0.7374141;-1.6567876;8.552089
360;0.2681506;-1.8866309;9.136273
361;0.33518824;-1.7046716;8.8777
362;0.32561144;-1.6663644;8.896853
363;-0.08619126;-1.5227122;9.308656
364;0.2681506;-1.3215994;9.500193
365;0.47884035;-1.3599066;9.921572
366;1.3311762;-1.5705963;10.697293
367;1.7429788;-1.1492168;10.716447
368;0.46926352;-1.2737153;11.003751
369;1.5897499;-0.9864111;11.760319
370;-0.1340753;-1.1492168;11.061212
371;-0.50757074;-1.4077905;10.0269165
372;-0.6512229;-1.5610195;9.279925
373;-0.9768343;-1.8291701;10.113108
374;0.18195933;-1.5705963;9.9790325
375;0.6703765;-1.6663644;9.078813
376;1.3120226;-1.532289;9.605537
377;0.33518824;-1.5705963;10.496181
378;1.2545617;-1.2258313;10.314221
379;0.59376204;-1.3503298;9.797073
380;0.94810385;-1.1109096;9.959879
381;0.095768064;-1.1971009;9.892841
382;0.038307227;-1.1013328;9.854534
383;-0.17238252;-1.2737153;9.624691
384;-0.22984336;-1.1109096;9.825804
385;0.35434186;-1.2545617;9.500193
386;-0.05746084;-1.3982137;8.90643
387;-0.095768064;-1.484405;8.801085
388;0.21068975;-1.4652514;8.580819
389;0.2873042;-1.4460979;8.714894
390;-0.22026655;-1.292869;9.279925
391;0.49799395;-1.388637;9.80665
392;1.4748282;-1.2641385;10.534488
393;0.8619126;-1.0821792;10.658986
394;0.29688102;-1.1109096;10.553641
395;1.283292;-1.2354081;10.371682
396;0.02873042;-1.2354081;11.21444
397;-0.8331822;-1.2737153;10.524911
398;-1.283292;-1.2258313;8.130709
399;0.23942018;-0.90021986;10.716447
400;-0.6703765;-0.7757214;10.965444
401;1.436521;-1.4269443;9.892841
402;2.9400797;-0.81402856;11.061212
403;-0.46926352;-1.292869;12.105083
404;3.1986535;-0.91937345;10.170568
405;1.0151415;-0.9576807;10.28549
406;0.17238252;-0.7661445;11.894394
407;0.36391866;-1.1204864;9.279925
408;-1.4652514;-1.3215994;7.690176
409;-1.2545617;-1.3215994;9.605537
410;-0.33518824;-1.388637;8.42759
411;1.2545617;-1.6950948;9.078813
412;0.93852705;-1.3599066;9.864111
413;0.7661445;-1.436521;11.300632
414;5.8705826;-0.5746084;12.11466
415;0.41180268;-1.3503298;10.6398325
416;1.3694834;-1.7621324;7.9966335
417;0.9672575;-1.5131354;9.232041
418;-3.3135753;-1.3215994;10.228029
419;-1.8291701;-1.2545617;9.624691
420;-0.80445176;-1.1204864;8.772355
421;-0.33518824;-0.9576807;11.425131
422;0.90979666;-0.9768343;11.15698
423;1.8291701;-0.82360536;11.597513
424;4.146757;-0.45968673;12.488156
425;-1.0342951;-1.1492168;11.300632
426;0.7182605;-1.8483237;7.2687964
427;0.59376204;-0.91937345;9.030929
428;-4.501099;-1.9440918;10.1226845
429;-0.38307226;-1.685518;7.3645644
430;0.019153614;-2.135628;6.6750345
431;-1.1013328;-2.0494366;9.835381
432;4.2521024;-1.8291701;10.754754
433;3.4763808;-1.2066777;10.266336
434;0.2777274;-1.5993267;11.291056
435;1.8483237;-1.3503298;10.065224
436;-1.5035586;-1.6089035;9.069236
437;-2.873042;-1.3120226;10.611102
438;-0.62249243;-0.94810385;10.907983
439;-0.02873042;-1.3311762;8.619126
440;1.532289;-1.4077905;11.84651
441;1.8962077;-0.7182605;12.823344
442;1.340753;-1.4077905;11.195287
443;1.541866;-1.388637;8.762778
444;-2.72939;-1.9536686;9.423578
445;0.23942018;-1.1875241;9.279925
446;-2.5378537;-1.4173675;7.7572136
447;-2.336741;-1.5610195;8.312668
448;0.22984336;-1.3982137;8.925584
449;2.3654714;-0.7182605;10.821792
450;2.0973208;-1.1779473;12.277467
451;0.842759;-1.0726024;10.793061
452;2.087744;-1.6280571;9.576807
453;-0.9768343;-1.4556746;9.184157
454;-1.6567876;-1.0055647;10.6877165
455;1.2354081;-0.7469909;11.18571
456;-0.7757214;-1.1109096;9.088389
457;1.3982137;-1.1971009;11.243171
458;2.1739352;-1.3694834;10.275913
459;-1.3982137;-2.2505496;8.695741
460;1.9919758;-1.3982137;8.628703
461;-1.4652514;-1.9632454;8.676587
462;-1.0151415;-1.7429788;7.651869
463;1.4748282;-1.484405;8.494628
464;0.25857377;-1.2066777;10.5919485
465;3.2944214;-0.17238252;11.281479
466;-0.23942018;-1.4077905;10.67814
467;1.3599066;-0.7374141;10.323798
468;-0.38307226;-0.7661445;10.400413
469;-2.0590134;-0.45010993;11.319786
470;0.7757214;0.095768064;11.798626
471;1.3024458;-0.22984336;11.099519
472;0.89064306;-0.25857377;12.459426
473;2.815581;-0.4405331;11.654974
474;-1.1683705;-1.8770541;9.921572
475;0.15322891;-1.4748282;5.947197
476;-1.0151415;-0.7661445;9.203311
477;-1.7525556;-1.5610195;9.605537
478;2.1739352;-1.532289;7.7572136
479;1.8866309;-1.4652514;9.241618
480;0.19153613;-1.5035586;10.28549
481;1.685518;-1.5801731;8.331821
482;-0.11492168;-1.5514427;8.523358
483;-2.1739352;-0.79487497;11.003751
484;0.7278373;-1.1587936;10.04607
485;0.9576807;-0.90979666;8.695741
486;1.1971009;-0.78529817;12.028469
487;1.7046716;-0.6703765;11.032481
488;0.40222588;-1.6089035;8.475474
489;0.038307227;-1.0342951;8.801085
490;-3.7253778;-1.5993267;9.710882
491;-0.15322891;-1.5801731;9.672575
492;2.1547816;-1.0151415;9.816227
493;-0.81402856;-1.1779473;11.262324
494;2.3654714;-1.5897499;10.132261
495;1.5035586;-1.8483237;9.911995
496;-1.4269443;-1.3215994;9.270349
497;-1.0821792;-1.3024458;9.873688
498;1.3120226;-0.62249243;10.362105
499;0.23942018;-1.2449849;11.951855
500;2.7006595;-1.3503298;10.28549
501;-0.545878;-2.3175871;8.054094
502;-0.24899697;-1.9728222;7.4507556
503;-1.2449849;-1.340753;9.672575
504;1.5705963;-1.2737153;10.25676
505;2.2888567;-0.59376204;10.515334
506;2.2697031;-0.78529817;11.291056
507;0.6895301;-1.8674773;10.793061
508;-0.842759;-2.0494366;6.4260373
509;-0.2777274;-0.61291564;11.626244
510;-1.7525556;-1.1587936;12.832921
511;4.462792;-1.2066777;10.936713
512;3.3135753;-1.0055647;8.734048
513;-0.5554548;-1.1875241;11.903971
514;-0.37349546;-1.3311762;8.839393
515;0.37349546;-2.087744;7.881712
516;-0.37349546;-0.91937345;13.781025
517;3.4284968;-0.047884032;9.911995
518;0.5554548;-3.8402996;6.885724
519;-1.0821792;-1.982399;10.850522
520;-0.6607997;-0.02873042;9.260772
521;-2.5187001;-2.3942018;9.950302
522;3.3997664;-0.095768064;11.674128
523;2.2697031;-3.1507695;10.745177
524;-1.4652514;-1.9919758;5.1523223
525;0.7278373;-1.3982137;7.929596
526;-1.2162545;-1.8579005;11.473015
527;-0.7086837;-0.33518824;8.073248
528;0.11492168;-1.6089035;7.5465236
529;2.72939;-1.9536686;9.126697
530;0.24899697;-0.58418524;10.419566
531;-1.982399;-1.4556746;10.409989
532;1.6567876;-0.6607997;9.136273
533;-1.5801731;-1.388637;10.984597
534;0.82360536;-1.3120226;12.095507
535;1.9153614;-0.6895301;7.9583263
536;-0.30645782;-2.4037786;8.073248
537;0.24899697;-0.92895025;9.56723
538;-0.9959879;-1.2545617;11.702858
539;2.9975405;-1.5705963;12.411542
540;1.8483237;-0.5267244;8.542512
541;-2.3654714;-1.9632454;9.308656
542;1.1683705;-1.0726024;9.059659
543;-1.0151415;-0.51714754;11.540052
544;-0.31603462;-0.6512229;13.838486
545;3.1124623;-0.6991069;12.095507
546;1.484405;-1.5035586;7.374141
547;-0.17238252;-1.340753;8.283937
548;0.23942018;-0.5363012;10.821792
549;0.6991069;-1.8195933;14.470555
550;1.388637;-1.4460979;10.630256
551;-0.641646;-1.6567876;5.602432
552;0.35434186;-0.80445176;7.920019
553;-1.934515;-1.1300632;10.429143
554;0.24899697;-1.13964;11.204864
555;2.1547816;-1.0726024;11.722012
556;-0.78529817;-1.1013328;9.155427
557;-1.6950948;-1.9919758;7.07726
558;0.7661445;-0.90021986;6.3111157
559;0.22026655;-0.12449849;12.909535
560;0.1436521;-0.9768343;13.426683
561;1.1779473;-1.1013328;4.4244847
562;-0.38307226;-0.842759;7.690176
563;0.35434186;0.79487497;13.01488
564;0.79487497;0.22026655;11.195287
565;0.48841715;-0.095768064;8.619126
566;-1.0821792;0.076614454;9.576807
567;1.3024458;-0.23942018;10.496181
568;1.7046716;0.06703765;6.3781533
569;-2.1930888;0.5363012;7.192182
570;1.1300632;0.02873042;11.358093
571;-0.6991069;-1.2737153;8.24563
572;1.8004397;-0.8619126;8.437167
573;2.4133554;-0.4213795;8.303091
574;-4.4340615;-0.80445176;7.2783732
575;5.506664;-0.7469909;12.6222315
576;2.6719291;0.21068975;13.627796
577;-3.3901896;-1.6472107;9.203311
578;3.514688;1.1109096;5.305551
579;-0.7469909;-0.62249243;11.654974
580;1.3599066;0.076614454;12.133814
581;1.0055647;-0.15322891;8.992621
582;-0.6703765;-0.6607997;7.335834
583;-0.92895025;0.90021986;9.586384
584;-0.29688102;1.0151415;13.484144
585;1.3311762;0.7661445;14.259866
586;3.2465374;-0.21068975;9.77792
587;0.79487497;0.009576807;8.485051
588;-0.6607997;-0.11492168;12.459426
589;2.873042;0.5746084;11.042058
590;-0.095768064;-0.22984336;10.141838
591;-0.009576807;-0.7469909;9.030929
592;-2.930503;-1.2641385;4.865018
593;-3.3423057;-0.5267244;7.1155677
594;1.6472107;2.4612393;11.81778
595;-3.2561142;-0.47884035;14.231135
596;2.920926;-0.4309563;9.11712
597;3.371036;-0.12449849;8.925584
598;-1.4939818;-0.40222588;9.77792
599;3.0933087;1.0151415;12.77546
600;3.217807;-0.38307226;10.381259
601;-2.6144683;-1.1683705;5.889736
602;-2.6623523;-1.1587936;8.149862
603;2.4612393;1.8004397;11.511322
604;-6.8091097;0.12449849;11.013328
605;1.6567876;1.2641385;11.358093
606;5.391742;1.1779473;12.162544
607;-2.480393;0.009576807;12.631808
608;3.9743748;-0.46926352;11.300632
609;4.271256;0.60333884;11.348516
610;-1.3694834;-0.8714894;9.672575
611;1.4077905;0.7086837;11.57836
612;-4.060566;-1.6759412;5.544971
613;2.5761611;0.47884035;6.799533
614;-2.6910827;1.5035586;13.618219
615;-4.462792;-2.2026656;11.003751
616;11.63582;1.340753;6.090849
617;-4.2999864;0.25857377;12.325351
618;-2.3750482;-1.6759412;13.474567
619;9.5385;1.2449849;2.9783869
620;-5.401319;-1.4173675;7.1826053
621;1.0342951;-1.0630256;14.777013
622;4.271256;0.50757074;8.944737
623;-4.7022123;-2.2888567;4.8745947
624;2.633622;1.8866309;14.279019
625;-0.22026655;0.8331822;13.120225
626;0.59376204;0.41180268;8.0445175
627;4.0701427;1.436521;11.243171
628;-0.7182605;0.59376204;13.43626
629;-0.12449849;-0.05746084;11.568783
630;1.292869;0.19153613;6.301539
631;-1.7717092;-0.31603462;9.797073
632;-1.6759412;-0.82360536;10.898406
633;1.1683705;-0.9672575;7.690176
634;-0.8619126;-0.16280572;7.1347213
635;-0.59376204;0.10534488;10.218452
636;-0.23942018;0.63206923;10.6877165
637;-0.33518824;0.076614454;11.243171
638;1.3790601;-0.41180268;8.8777
639;-0.19153613;-0.9864111;7.7572136
640;-0.9959879;-0.50757074;8.475474
641;-2.0111294;-0.6895301;7.144298
642;-0.7661445;0.33518824;7.603985
643;-0.5554548;0.17238252;11.779472
644;2.7102363;0.6512229;10.5919485
645;-0.08619126;-0.047884032;6.991069
646;0.60333884;0.8619126;12.0571995
647;2.1068976;1.292869;14.010868
648;1.6950948;1.2354081;11.616667
649;0.6895301;0.641646;9.615114
650;1.7238252;0.61291564;10.160992
651;-1.3982137;-0.5267244;10.496181
652;1.2354081;-0.36391866;9.998186
653;4.050989;1.5514427;11.9135475
654;-0.076614454;0.7278373;13.302185
655;1.9632454;-0.20111294;7.843405
656;0.17238252;0.15322891;8.236053
657;0.90979666;0.20111294;13.340492
658;3.2561142;0.1340753;12.650962
659;0.49799395;-1.13964;7.201759
660;0.59376204;-1.1013328;6.943185
661;0.842759;-0.6991069;9.634268
662;-0.842759;-1.0055647;8.829816
663;1.6950948;-0.4309563;7.6614456
664;1.0534488;-0.36391866;9.289502
665;0.019153614;-0.5554548;9.414001
666;0.12449849;-0.19153613;8.8777
667;0.7278373;-0.2681506;8.561666
668;-0.33518824;-0.16280572;10.065224
669;-1.5705963;-1.0151415;11.195287
670;1.5035586;-1.1779473;8.916007
671;-0.61291564;-0.7182605;6.83784
672;-1.9632454;-1.13964;9.902418
673;0.81402856;-0.8619126;9.394848
674;-0.35434186;-0.30645782;9.586384
675;-0.08619126;0.46926352;11.779472
676;-0.7757214;-0.4309563;11.444284
677;0.6799533;0.4309563;8.820239
678;1.3311762;0.4309563;11.923124
679;1.3024458;1.0534488;14.518439
680;-0.41180268;-0.5554548;12.152967
681;2.9496565;-0.47884035;9.854534
682;0.019153614;-0.5267244;10.342952
683;-1.2641385;-0.81402856;10.802638
684;1.733402;0.17238252;8.456321
685;-0.40222588;0.2777274;10.342952
686;1.4269443;0.18195933;11.597513
687;-0.91937345;-0.7374141;7.240066
688;0.8619126;-0.51714754;8.360553
689;2.767697;-0.5746084;11.444284
690;0.36391866;-0.89064306;10.25676
691;3.1124623;-0.6991069;8.283937
692;-0.60333884;-0.7469909;7.6231384
693;-1.6376339;-0.641646;8.121132
694;2.4612393;-0.50757074;9.097966
695;0.34476504;-1.1971009;8.312668
696;0.7374141;-1.4652514;7.3071036
697;1.0534488;-0.6607997;8.389283
698;-0.45968673;-0.6703765;9.864111
699;2.777274;-0.19153613;11.386824
700;-0.29688102;-0.63206923;11.252748
701;1.7238252;-0.5554548;10.381259
702;-0.8331822;0.17238252;11.21444
703;-2.183512;0.019153614;12.344504
704;2.4037786;0.545878;11.568783
705;-1.8866309;-0.05746084;11.9614315
706;0.41180268;0.39264908;13.819332
707;2.135628;0.45010993;10.831368
708;0.36391866;-0.1340753;10.141838
709;-0.80445176;0.095768064;11.473015
710;1.3790601;-0.019153614;11.434708
711;0.4405331;0.009576807;9.059659
712;-1.6567876;-0.60333884;9.873688
713;-0.6991069;-1.1492168;7.3071036
714;-0.60333884;-0.7565677;4.817134
715;-0.50757074;0.18195933;9.519346
716;-0.047884032;0.41180268;11.741165
717;2.6240451;-0.49799395;6.1100025
718;0.7661445;-0.40222588;5.6215854
719;0.15322891;-0.61291564;11.022904
720;1.5131354;-1.3599066;9.471462
721;0.78529817;-0.80445176;6.6654577
722;-0.02873042;-0.45968673;9.80665
723;-0.17238252;-0.5746084;10.400413
724;0.02873042;-0.5363012;6.9623384
725;-0.05746084;0.076614454;9.174581
726;0.80445176;0.038307227;12.382812
727;1.5227122;0.1436521;11.9614315
728;2.078167;0.49799395;10.448297
729;1.7429788;1.1971009;10.515334
730;-1.1492168;0.7182605;11.779472
731;0.8810662;0.5746084;12.373235
732;2.2026656;1.3215994;13.541605
733;-1.7238252;0.23942018;11.425131
734;-1.934515;0.06703765;7.833828
735;-0.8714894;0.11492168;10.955867
736;-0.29688102;0.9576807;13.350069
737;1.0055647;0.31603462;12.162544
738;1.8195933;0.23942018;9.959879
739;-0.7374141;-0.23942018;9.662998
740;1.8100165;0.009576807;8.312668
741;1.8770541;0.15322891;11.942278
742;-2.1930888;-1.1683705;11.377247
743;0.545878;-0.48841715;6.3302693
744;-1.7621324;-0.92895025;7.1251445
745;-1.9919758;-0.45010993;10.342952
746;-0.02873042;-0.1436521;8.475474
747;1.283292;0.11492168;7.785944
748;0.58418524;0.545878;11.099519
749;0.6607997;-0.19153613;11.789049
750;1.4748282;0.4213795;8.896853
751;-0.24899697;-0.18195933;10.036493
752;1.3503298;0.41180268;12.133814
753;0.7661445;-0.20111294;11.147403
754;0.6607997;-0.2777274;8.916007
755;-1.3120226;-0.34476504;8.7532015
756;-0.8810662;0.2681506;10.0269165
757;-0.5746084;0.23942018;9.710882
758;-0.019153614;0.60333884;9.030929
759;-0.9768343;-0.12449849;10.658986
760;0.7278373;-0.25857377;10.965444
761;1.541866;-0.22984336;8.599973
762;1.3311762;-0.21068975;9.969456
763;2.1452048;-0.11492168;12.066776
764;0.047884032;-0.4213795;10.28549
765;0.15322891;-1.0342951;6.483498
766;-1.340753;-1.4556746;7.7572136
767;-2.2984335;-0.4405331;9.097966
768;0.48841715;0.10534488;9.787497
769;0.63206923;0.1436521;10.936713
770;-0.6512229;-0.0;11.741165
771;0.78529817;-0.05746084;10.840945
772;0.9576807;-0.20111294;10.563218
773;1.8291701;0.31603462;12.334928
774;1.388637;-0.08619126;12.670115
775;0.22984336;-1.1109096;9.461885
776;0.5554548;-0.641646;5.985504
777;-0.9768343;-0.5746084;9.844957
778;-1.1875241;-0.6512229;10.065224
779;-1.1683705;-1.1779473;6.7324953
780;0.92895025;-0.0;8.734048
781;-0.9959879;0.22026655;11.243171
782;0.32561144;-0.009576807;10.91756
783;2.2026656;-0.20111294;9.126697
784;-0.22026655;-0.22984336;10.726024
785;1.0726024;-0.20111294;11.291056
786;-0.46926352;-0.6895301;7.4986396
787;0.9672575;-0.93852705;8.6095495
788;2.0685902;-0.047884032;10.67814
789;-1.2737153;-0.8714894;9.165004
790;0.5554548;-0.5746084;7.6710224
791;-0.36391866;0.641646;10.773908
792;-1.6567876;0.50757074;11.741165
793;1.0630256;-0.40222588;10.840945
794;1.5035586;0.17238252;8.935161
795;-1.9440918;-0.40222588;9.165004
796;0.842759;-0.37349546;10.515334
797;-0.47884035;-0.1436521;7.9391727
798;1.091756;-0.61291564;8.101978
799;0.9576807;-0.22984336;10.323798
800;-0.94810385;-1.4269443;8.791509
801;2.078167;-0.34476504;8.111555
802;-1.2545617;0.50757074;9.136273
803;-1.4652514;-0.80445176;12.74673
804;3.964798;-0.22026655;10.649409
805;-2.135628;-0.22984336;9.816227
806;-1.7429788;-1.1587936;10.084377
807;1.0726024;0.60333884;8.983045
808;-1.982399;-0.16280572;10.237606
809;-0.009576807;0.038307227;11.051635
810;1.1875241;-0.7182605;9.471462
811;1.2354081;-0.1340753;10.802638
812;-2.6527755;-0.45968673;11.674128
813;-0.9959879;0.2873042;11.463438
814;1.5514427;0.2681506;14.81532
815;0.39264908;-0.038307227;11.128249
816;-1.0342951;-0.545878;5.410896
817;0.17238252;-1.1109096;4.9703627
818;-2.2697031;-0.22984336;10.697293
819;3.7349546;-0.21068975;11.856087
820;-1.9919758;-0.641646;6.6846113
821;-4.2521024;-3.6966474;2.5091233
822;3.9743748;2.4708161;12.229582
823;-4.673482;-0.9768343;15.600618
824;5.9567738;-0.1340753;6.9240313
825;1.4173675;-0.12449849;8.494628
826;-4.367024;-1.0630256;11.128249
827;5.104438;1.2354081;9.069236
828;1.8100165;0.39264908;10.457873
829;-3.5338416;-0.7757214;12.53604
830;2.719813;-0.4213795;7.9583263
831;-0.17238252;-0.35434186;6.588843
832;-2.1164744;1.4077905;13.819332
833;1.4556746;0.63206923;16.318878
834;3.8019924;1.1204864;9.414001
835;-1.3024458;0.009576807;9.107543
836;1.340753;-0.0;12.689269
837;2.5378537;-0.1436521;12.028469
838;1.3694834;-0.8523358;8.647857
839;2.4516625;-0.7757214;10.524911
840;-1.7142484;-0.78529817;7.0102224
841;-3.3614593;-1.2545617;5.8705826
842;0.90021986;0.50757074;9.9790325
843;-0.45968673;-1.3024458;11.099519
844;1.2641385;-1.1971009;7.6614456
845;-0.7182605;-1.8674773;7.651869
846;0.9576807;-0.4309563;10.342952
847;-3.6008794;-0.076614454;9.864111
848;0.1340753;-0.41180268;11.099519
849;6.981492;1.3790601;11.779472
850;-2.4037786;0.2777274;9.442732
851;-2.72939;-0.46926352;9.490616
852;2.5474305;1.2162545;8.868123
853;-1.2641385;1.1779473;12.804191
854;-0.17238252;0.9959879;13.512875
855;-0.08619126;0.5650316;7.632715
856;-0.02873042;-0.31603462;7.489063
857;-1.8866309;-0.06703765;10.381259
858;-1.1204864;-0.095768064;10.936713
859;5.631162;-0.63206923;10.362105
860;2.9113493;-0.6703765;8.37013
861;-2.882619;-1.2641385;7.7572136
862;1.2354081;0.2777274;7.1634517
863;-0.5363012;1.0342951;9.270349
864;-2.7868507;-0.08619126;17.209522
865;5.5737014;0.61291564;10.295067
866;-3.169923;-2.4899697;4.912902
867;-0.17238252;-1.685518;7.2783732
868;2.566584;1.9153614;13.388376
869;-2.528277;-0.10534488;15.045163
870;6.4164605;0.46926352;9.672575
871;3.122039;-0.22026655;6.5218053
872;-3.064578;-1.5514427;8.111555
873;4.453215;1.8004397;11.60709
874;0.58418524;1.7142484;11.750742
875;-1.6472107;-0.5363012;11.798626
876;4.462792;-0.095768064;8.475474
877;-2.336741;-1.9728222;5.4683566
878;-1.6089035;-0.038307227;8.111555
879;2.920926;1.0630256;11.444284
880;1.2354081;-0.9672575;9.653421
881;2.1260512;-1.532289;6.3589997
882;3.6104562;-1.7238252;4.2521024
883;-1.1971009;-1.6663644;8.676587
884;-4.2904096;-0.94810385;8.944737
885;3.3901896;1.13964;16.309301
886;-3.1890767;-1.541866;6.3781533
887;-7.0581064;-3.6391866;5.0182467
888;9.720459;1.9057846;6.8091097
889;-4.711789;-0.80445176;12.334928
890;-2.1643584;-3.1124623;7.843405
891;10.218452;0.9768343;12.334928
892;-2.9879637;-2.2409728;5.6407394
893;-0.91937345;-3.5338416;9.097966
894;6.1100025;0.1340753;12.105083
895;-2.2697031;0.30645782;14.221559
896;2.815581;1.5801731;10.295067
897;2.0685902;2.3654714;12.698846
898;-1.9536686;1.3215994;16.01242
899;6.349423;1.8291701;18.377892
900;4.606444;1.283292;17.410635
901;-0.7661445;0.59376204;16.893488
902;4.7788267;1.8291701;13.512875
903;0.7278373;0.7278373;9.404425
904;0.41180268;0.22026655;12.737153
905;2.5187001;0.60333884;12.77546
906;-1.091756;-0.46926352;8.532935
907;1.1587936;0.16280572;8.437167
908;-1.9632454;-0.5554548;11.003751
909;-4.2521024;-0.90979666;7.7093296
910;0.48841715;-0.7182605;6.4643445
911;-1.9440918;0.23942018;8.063671
912;-5.305551;0.80445176;7.6614456
913;1.1683705;2.1643584;10.936713
914;-1.1013328;2.5378537;12.545617
915;-2.2984335;2.030283;11.760319
916;0.91937345;0.38307226;10.160992
917;0.11492168;0.33518824;10.0269165
918;-0.90979666;1.2641385;8.446744
919;-2.6144683;0.7661445;9.193734
920;-2.336741;0.05746084;9.3182335
921;-1.5514427;0.23942018;5.602432
922;-0.009576807;0.22026655;6.291962
923;-0.8619126;0.12449849;9.56723
924;1.9728222;-0.24899697;7.1730285
925;2.8538885;-0.91937345;8.025364
926;0.9576807;0.2873042;8.848969
927;-0.5363012;-0.46926352;7.651869
928;-2.0973208;-1.3790601;4.8745947
929;-0.8810662;0.31603462;9.404425
930;-0.19153613;0.9959879;12.277467
931;0.02873042;0.94810385;10.036493
932;1.8004397;2.2122424;11.84651
933;0.46926352;1.3024458;15.696386
934;3.667917;1.292869;15.495274
935;2.2026656;1.1109096;12.947843
936;1.6184803;0.80445176;11.587936
937;0.7469909;1.1683705;11.482592
938;-3.7541082;0.34476504;10.611102
939;0.2777274;-0.2777274;11.176133
940;0.095768064;-0.4405331;9.452309
941;0.24899697;-0.90021986;9.385271
942;3.265691;-0.36391866;8.025364
943;1.733402;0.17238252;9.385271
944;2.6623523;-0.06703765;11.482592
945;2.0590134;0.62249243;10.295067
946;0.7182605;-0.6512229;9.251195
947;2.1164744;-0.39264908;6.8665705
948;-0.22026655;-0.7086837;8.0924015
949;2.183512;0.36391866;10.850522
950;3.371036;1.2354081;10.745177
951;-0.095768064;0.39264908;9.212888
952;0.37349546;-0.81402856;9.528923
953;3.074155;0.08619126;9.5385
954;1.043872;-1.3599066;10.132261
955;6.167464;-1.2737153;9.854534
956;0.81402856;-0.94810385;7.9104424
957;-1.9728222;-1.0247183;7.422025
958;1.2545617;0.48841715;6.090849
959;-3.6774938;-0.94810385;9.050082
960;-0.7086837;-1.4173675;7.383718
961;1.6950948;-1.7621324;3.9552212
962;-0.81402856;-1.6759412;5.2289367
963;-0.2681506;-1.0247183;11.166556
964;3.3997664;-0.8714894;12.258312
965;2.1930888;-0.06703765;9.3661175
966;0.90021986;-0.18195933;10.831368
967;3.7062242;-0.5650316;13.656527
968;2.9113493;0.009576807;14.489709
969;1.982399;-1.0630256;11.300632
970;3.5913026;-1.6089035;10.831368
971;-0.11492168;-1.8100165;11.147403
972;-1.4077905;-2.5474305;12.200851
973;-0.22984336;-0.8714894;12.401965
974;-1.043872;-0.0;16.625336
975;0.8714894;-1.8770541;13.091495
976;1.7429788;-0.32561144;6.3206925
977;-0.40222588;0.18195933;13.053187
978;4.4915223;2.2888567;21.068975
979;4.865018;1.8291701;16.19438
980;4.644751;0.6703765;10.1226845
981;2.3463178;-2.0973208;10.04607
982;-2.5187001;0.59376204;6.5218053
983;-5.00867;-0.81402856;2.6719291
984;-7.441179;-3.2944214;12.421119
985;-2.6910827;-2.777274;4.5298295
986;-0.842759;-0.5267244;6.1866174
987;-1.6280571;-2.6240451;0.82360536
988;0.5650316;-2.0590134;10.007763
989;1.9728222;-0.076614454;13.091495
990;2.4229321;-0.4405331;10.831368
991;-3.5242648;-4.414908;4.280833
992;-2.7581203;-1.091756;0.81402856
993;-6.6175733;-0.47884035;8.791509
994;-7.6614456;-0.009576807;9.988609
995;0.60333884;0.06703765;5.861006
996;-1.2737153;-1.1204864;10.821792
997;0.7182605;1.2162545;12.373235
998;1.0821792;2.1930888;15.121778
999;3.3423057;1.6567876;15.093047
1000;2.873042;2.9783869;21.519085
1001;3.0358477;1.4556746;11.492168
1002;1.4748282;2.4133554;8.839393
1003;-5.1810527;0.89064306;3.5913026
1004;-10.553641;-1.5514427;5.1523223
1005;5.889736;-0.05746084;8.0445175
1006;1.7046716;1.9440918;13.22557
1007;-12.593501;-7.1155677;5.085284
1008;6.7708025;-4.912902;-0.46926352
1009;7.536947;-0.31603462;12.363658
1010;-2.96881;-2.9975405;20.312407
1011;11.654974;0.076614454;7.393295
1012;1.3503298;-1.0821792;5.6886234
1013;-2.9113493;-1.4460979;12.449849
1014;-1.1300632;-0.34476504;13.88637
1015;-2.336741;-0.9768343;7.728483
1016;1.091756;-0.1436521;11.291056
1017;3.3423057;-0.36391866;9.940725
1018;0.5267244;-0.21068975;9.021352
1019;-0.095768064;0.5554548;11.501745
1020;2.2122424;2.432509;15.093047
1021;2.2409728;2.8538885;13.158532
1022;0.076614454;0.38307226;13.752295
1023;2.7868507;1.1492168;10.103531
1024;1.043872;2.1643584;10.486604
1025;-0.7182605;1.1779473;12.717999
1026;3.8498764;0.7086837;12.028469
1027;0.9768343;-0.047884032;7.920019
1028;-3.1124623;-1.4939818;6.6175733
1029;-0.2873042;-1.2641385;5.746084
1030;-2.5091233;-0.49799395;5.659893
1031;-2.1164744;-0.545878;9.241618
1032;-0.23942018;-1.2449849;7.2783732
1033;-0.1340753;-1.1109096;6.4068837
1034;-1.7046716;-1.9632454;8.341399
1035;5.4204726;-0.60333884;7.699753
1036;0.92895025;-2.3463178;8.159439
1037;3.9935284;-2.231396;7.2783732
1038;3.9264908;-0.6512229;7.920019
1039;-2.3750482;-2.7102363;7.3549876
1040;3.8786068;-0.40222588;8.848969
1041;-1.8770541;-1.1492168;9.998186
1042;-2.873042;0.45010993;5.899313
1043;-4.146757;-0.6607997;8.6574335
1044;-1.982399;0.6991069;13.148955
1045;3.0358477;2.6527755;15.68681
1046;5.171476;0.23942018;14.757859
1047;6.0238113;-0.5554548;13.857639
1048;2.1739352;0.61291564;12.717999
1049;-1.1587936;-0.17238252;13.22557
1050;0.076614454;1.1971009;9.193734
1051;-2.0973208;2.4516625;15.073894
1052;-4.271256;-0.41180268;14.719552
1053;2.815581;-0.9576807;5.985504
1054;-0.7182605;-0.9768343;7.9104424
1055;-4.2999864;-1.283292;11.932701
1056;0.22026655;0.8331822;8.465898
1057;-1.4077905;-1.2258313;11.252748
1058;0.17238252;-0.29688102;11.894394
1059;2.5570073;-0.8523358;7.469909
1060;0.89064306;-1.2162545;5.5162406
1061;3.5625722;0.80445176;13.64695
1062;1.7908629;-0.36391866;15.763424
1063;-0.095768064;-0.9768343;7.029376
1064;-1.292869;0.22026655;7.2783732
1065;-1.7717092;0.16280572;10.141838
1066;1.7621324;-0.038307227;9.069236
1067;1.3120226;-0.22984336;3.5051112
1068;-2.27928;-1.982399;5.3821654
1069;10.888829;1.4939818;8.341399
1070;-4.357447;-1.1875241;10.295067
1071;-1.5801731;-3.2944214;0.78529817
1072;9.873688;2.5091233;8.6095495
1073;-9.720459;0.19153613;14.403518
1074;-0.89064306;-0.6991069;4.5298295
1075;2.1643584;-0.79487497;4.55856
1076;-8.42759;-0.34476504;14.077906
1077;1.5801731;0.1340753;15.073894
1078;10.237606;0.79487497;11.798626
1079;-0.78529817;0.21068975;14.882358
1080;-0.21068975;-1.1875241;16.117765
1081;3.5913026;-0.2777274;8.858546
1082;0.23942018;0.18195933;9.892841
1083;-2.030283;1.7142484;17.793707
1084;-2.1452048;0.39264908;13.771448
1085;2.5761611;-0.6895301;3.7541082
1086;-1.3024458;0.2777274;10.01734
1087;-3.6008794;0.7661445;13.330915
1088;4.9320555;1.6472107;8.973468
1089;-0.7086837;2.0685902;8.24563
1090;-1.532289;-0.58418524;13.302185
1091;4.2042184;-0.06703765;7.2592196
1092;-2.2984335;-0.59376204;4.8937483
1093;0.6512229;0.6607997;12.880805
1094;0.22026655;0.61291564;15.093047
1095;-1.1875241;-0.63206923;6.5218053
1096;2.719813;0.10534488;10.0269165
1097;1.2641385;-0.30645782;12.306197
1098;2.0015526;-0.50757074;9.940725
1099;2.5378537;-0.94810385;7.0964136
1100;-3.6104562;-1.6567876;2.8634653
1101;-6.1100025;-4.0222588;2.4516625
1102;4.548983;0.5650316;7.833828
1103;1.2545617;0.6799533;16.184803
1104;-7.5561004;-1.8866309;7.2592196
1105;10.362105;-0.91937345;3.4380736
1106;1.685518;0.4213795;14.949395
1107;-2.5187001;-0.5746084;13.503298
1108;10.275913;0.33518824;4.309563
1109;-2.5570073;-0.89064306;9.3182335
1110;-2.72939;0.2873042;13.9438305
1111;5.497087;1.6663644;9.615114
1112;-0.7086837;0.6895301;10.611102
1113;-3.083732;1.9728222;12.612655
1114;1.9440918;0.11492168;15.667656
1115;2.6623523;1.292869;12.181698
1116;1.6663644;0.7086837;14.882358
1117;2.7006595;-0.62249243;15.638926
1118;1.1971009;0.93852705;8.475474
1119;0.92895025;-0.36391866;9.911995
1120;2.2697031;0.047884032;13.005303
1121;-4.0414124;-0.9864111;8.935161
1122;-0.21068975;-1.3503298;6.397307
1123;3.8402996;0.08619126;10.04607
1124;-1.934515;-1.7142484;12.938266
1125;3.7253778;-2.0590134;6.3302693
1126;-0.1340753;-1.292869;4.7405195
1127;-4.7405195;-1.6184803;9.222465
1128;2.5378537;-1.1587936;8.762778
1129;1.2258313;-0.6991069;7.3071036
1130;0.8619126;-1.0247183;10.237606
1131;2.72939;-0.41180268;8.714894
1132;0.095768064;-0.34476504;7.833828
1133;0.06703765;0.6799533;11.281479
1134;-2.4037786;2.030283;10.898406
1135;-4.5298295;0.20111294;9.902418
1136;1.5514427;0.7565677;9.672575
1137;0.21068975;0.08619126;11.166556
1138;-2.0111294;-0.2873042;9.528923
1139;2.585738;0.19153613;8.034941
1140;1.4460979;1.0151415;13.120225
1141;1.4939818;0.842759;13.828909
1142;-0.51714754;-0.32561144;8.255207
1143;0.51714754;-0.047884032;7.28795
1144;-0.40222588;0.641646;11.616667
1145;-1.4269443;0.5650316;11.903971
1146;-0.47884035;-0.4405331;8.101978
1147;-0.63206923;-0.60333884;7.019799
1148;-0.50757074;-0.61291564;9.471462
1149;1.5705963;-0.25857377;10.812215
1150;3.6391866;-1.0726024;9.797073
1151;4.55856;-1.4652514;8.6574335
1152;-1.340753;-2.1452048;7.038953
1153;-0.38307226;-1.1683705;8.63828
1154;1.5897499;1.982399;9.184157
1155;-2.7485435;1.2545617;12.717999
1156;1.8100165;0.33518824;11.348516
1157;4.903325;-0.1436521;7.2592196
1158;-3.6774938;-1.1013328;5.3725886
1159;-0.23942018;0.7565677;11.453861
1160;1.8004397;0.8619126;13.417107
1161;0.641646;-0.9864111;11.21444
1162;2.1260512;-0.7661445;7.7093296
1163;0.9576807;-0.59376204;9.212888
1164;0.08619126;0.93852705;13.464991
1165;1.6184803;1.5227122;15.361198
1166;0.1436521;0.35434186;9.969456
1167;-4.1180267;-0.8714894;8.542512
1168;-2.3080103;-1.292869;10.25676
1169;0.63206923;0.076614454;10.362105
1170;0.35434186;-0.095768064;11.262324
1171;2.2218192;-0.7278373;10.91756
1172;2.633622;-1.6950948;6.6846113
1173;-2.3463178;-2.183512;4.654328
1174;-2.1068976;-2.030283;6.9144545
1175;0.9576807;-0.5363012;9.126697
1176;-0.21068975;-1.2545617;8.599973
1177;-0.4309563;-2.1452048;6.7229185
1178;2.2122424;-1.9057846;6.9144545
1179;2.920926;-1.3024458;10.0748005
1180;1.5227122;-0.80445176;9.011775
1181;4.0222588;1.2545617;9.720459
1182;-0.6799533;1.7525556;10.802638
1183;1.4939818;1.9057846;12.823344
1184;0.5650316;2.4612393;11.118672
1185;-1.4652514;0.9864111;17.477673
1186;0.7661445;0.9864111;15.591042
1187;1.9153614;0.8810662;11.425131
1188;1.4556746;-0.545878;10.907983
1189;1.6184803;-0.48841715;11.128249
1190;-0.23942018;-1.3599066;14.250289
1191;4.213795;-1.6376339;10.94629
1192;1.8866309;-2.480393;8.6574335
1193;-0.90979666;-4.3287168;6.5218053
1194;-1.043872;-3.074155;3.0358477
1195;-2.4133554;-2.4420857;6.789956
1196;-2.2697031;-0.34476504;8.839393
1197;-3.0358477;-1.3982137;6.579266
1198;3.2273839;0.48841715;10.534488
1199;4.510676;-0.5650316;10.5919485
1200;1.1683705;-0.51714754;14.135366
1201;2.327164;-0.038307227;11.473015
1202;3.9264908;0.1436521;8.121132
1203;-0.6512229;0.5650316;9.241618
1204;-2.3080103;-1.1971009;9.289502
1205;0.6895301;-0.095768064;4.5681367
1206;-3.3806129;-0.24899697;7.2783732
1207;-3.7349546;1.6472107;10.67814
1208;-2.920926;0.7278373;11.789049
1209;-0.6991069;0.91937345;10.927136
1210;2.4133554;1.1109096;12.660539
1211;2.2122424;1.0534488;12.727576
1212;2.2409728;0.25857377;11.808203
1213;7.5848308;0.94810385;9.844957
1214;-1.2354081;0.20111294;10.524911
1215;-1.8674773;-1.1779473;10.151415
1216;-0.37349546;-1.3982137;7.517793
1217;-8.0445175;-0.22984336;5.5162406
1218;-3.5434184;-0.8619126;13.522451
1219;3.1507695;-0.32561144;6.9048777
1220;-2.7964275;-1.4077905;4.4436383
1221;3.5051112;-0.40222588;13.637373
1222;3.572149;0.7278373;13.8959465
1223;-0.62249243;-0.89064306;5.45878
1224;2.6240451;0.22026655;9.940725
1225;0.22026655;-0.4309563;13.101071
1226;-0.50757074;-0.545878;10.314221
1227;2.5474305;0.34476504;9.279925
1228;-1.6280571;1.3982137;11.664551
1229;-4.050989;0.2873042;9.940725
1230;0.51714754;1.1875241;7.2687964
1231;2.0015526;0.80445176;10.5440645
1232;0.48841715;-0.16280572;9.883265
1233;2.2984335;-0.02873042;5.985504
1234;2.3942018;0.22026655;7.4603324
1235;1.3503298;0.45010993;11.118672
1236;0.61291564;0.4405331;9.193734
1237;-1.934515;-0.641646;6.1100025
1238;-0.32561144;0.36391866;9.107543
1239;1.1971009;1.4173675;13.982138
1240;-0.17238252;0.90979666;14.441825
1241;3.4572272;1.1013328;12.5264635
1242;4.4340615;0.11492168;13.378799
1243;-2.030283;-0.22026655;11.3964
1244;1.2737153;-0.93852705;7.8529816
1245;1.3024458;-0.81402856;11.070788
1246;-3.074155;-1.3311762;11.070788
1247;-0.33518824;-1.7525556;7.1634517
1248;4.510676;-1.5993267;6.1100025
1249;-2.2697031;-0.93852705;8.24563
1250;-0.12449849;-0.16280572;10.381259
1251;3.3997664;-0.7374141;10.668563
1252;-0.35434186;-0.89064306;7.9391727
1253;1.2545617;-1.3982137;6.081272
1254;0.12449849;-1.340753;7.97748
1255;-0.81402856;-1.13964;8.619126
1256;0.21068975;-1.3599066;7.383718
1257;-0.4309563;-0.22026655;9.030929
1258;-0.33518824;0.62249243;12.210428
1259;1.1779473;0.4309563;11.789049
1260;1.2545617;1.2354081;9.088389
1261;-1.0247183;0.58418524;12.919112
1262;1.8100165;0.81402856;13.876793
1263;2.7389667;0.16280572;14.039598
1264;3.016694;0.37349546;11.511322
1265;0.02873042;-0.6512229;9.404425
1266;-0.5267244;-1.6184803;5.554548
1267;0.11492168;-1.2641385;9.050082
1268;-2.719813;-0.7374141;10.524911
1269;0.4213795;-0.7757214;10.70687
1270;1.1971009;-0.50757074;8.1402855
1271;-1.7908629;1.2449849;10.28549
1272;0.45010993;-1.2354081;15.284584
1273;5.2768207;0.41180268;11.099519
1274;-0.641646;-0.22026655;12.344504
1275;7.0102224;-0.5650316;11.262324
1276;2.8921957;-0.4309563;10.7356
1277;-2.1260512;-1.1587936;9.481039
1278;0.31603462;-0.2681506;7.153875
1279;-2.8538885;-0.019153614;8.983045
1280;-4.0414124;0.36391866;8.513782
1281;-3.2082303;-2.0207062;5.171476
1282;-1.1492168;-1.685518;5.3342814
1283;1.0630256;-0.9864111;9.998186
1284;0.6799533;-2.1164744;9.5385
1285;5.133168;-0.9576807;6.885724
1286;0.2681506;-0.8714894;9.787497
1287;1.3982137;0.6991069;13.091495
1288;0.9959879;0.545878;9.682152
1289;-0.076614454;1.1492168;7.6614456
1290;-2.030283;2.4612393;11.683704
1291;-1.8866309;2.3463178;12.74673
1292;-0.9672575;2.336741;7.651869
1293;-3.1507695;1.982399;8.00621
1294;-1.1779473;1.484405;12.162544
1295;0.6703765;1.043872;10.43872
1296;2.5761611;0.63206923;9.873688
1297;4.654328;0.35434186;9.9790325
1298;0.5554548;0.38307226;9.404425
1299;-0.9576807;1.13964;9.950302
1300;0.38307226;1.8291701;9.950302
1301;-1.3311762;2.585738;11.453861
1302;0.06703765;1.1683705;10.994174
1303;0.91937345;0.7182605;8.073248
1304;-1.043872;-0.21068975;6.5122285
1305;1.8100165;1.5035586;11.21444
1306;1.3982137;2.5953147;13.359646
1307;2.4708161;1.9536686;10.055647
1308;2.5378537;1.388637;7.9008656
1309;1.5705963;0.82360536;8.580819
1310;1.2449849;0.7757214;8.954314
1311;0.90021986;1.9440918;7.0964136
1312;-0.641646;2.0015526;9.892841
1313;-0.545878;2.5570073;10.649409
1314;0.1340753;2.5761611;9.356541
1315;-0.1340753;1.8195933;8.197746
1316;-2.633622;1.6950948;9.816227
1317;-0.30645782;2.5091233;11.224017
1318;0.7661445;2.825158;13.570335
1319;2.8538885;2.585738;12.516887
1320;1.1013328;1.9057846;10.170568
1321;-0.076614454;1.1300632;10.5440645
1322;2.4995465;2.0590134;12.258312
1323;-1.0534488;1.9632454;11.176133
1324;-1.0726024;2.2888567;8.513782
1325;-1.1204864;1.982399;9.998186
1326;-0.7278373;1.5610195;10.151415
1327;0.37349546;2.0973208;7.920019
1328;1.2641385;2.2888567;11.042058
1329;-0.80445176;1.7046716;10.630256
1330;0.32561144;1.3215994;10.362105
1331;3.6008794;1.7717092;11.319786
1332;-0.641646;1.1492168;9.998186
1333;1.9440918;1.0055647;6.4068837
1334;2.9113493;0.92895025;8.293514
1335;-1.0534488;0.91937345;9.768343
1336;2.5474305;0.94810385;11.3964
1337;1.4748282;0.9959879;8.954314
1338;-0.5267244;1.4556746;10.97502
1339;1.0055647;1.4556746;10.984597
1340;1.1492168;1.3311762;10.658986
1341;-0.30645782;1.5035586;9.595961
1342;1.1204864;1.2258313;11.243171
1343;0.5363012;1.283292;10.275913
1344;-0.15322891;0.7757214;9.921572
1345;1.283292;1.4173675;11.664551
1346;1.2162545;1.7525556;11.137826
1347;0.8523358;1.1492168;10.371682
1348;0.62249243;0.89064306;8.935161
1349;-1.7238252;0.7278373;8.772355
1350;-0.095768064;1.2354081;9.576807
1351;-0.51714754;1.7046716;10.611102
1352;0.51714754;1.3503298;12.373235
1353;2.528277;0.9672575;10.611102
1354;0.7565677;0.63206923;8.714894
1355;-0.31603462;1.283292;10.055647
1356;-0.45968673;1.2641385;10.91756
1357;-1.484405;1.1971009;9.643845
1358;-1.9536686;1.1971009;10.390836
1359;0.1436521;0.4213795;9.921572
1360;1.934515;0.8523358;8.197746
1361;1.283292;1.2066777;11.070788
1362;0.8714894;1.1683705;12.689269
1363;1.0726024;0.6703765;9.356541
1364;1.3790601;0.7661445;8.1402855
1365;-0.6991069;0.59376204;8.954314
1366;0.82360536;0.31603462;8.178593
1367;1.1204864;0.5267244;8.561666
1368;-0.7469909;0.6895301;9.825804
1369;0.91937345;0.9576807;8.896853
1370;1.5993267;0.8714894;9.308656
1371;1.1013328;0.91937345;9.768343
1372;1.3982137;0.80445176;9.442732
1373;1.8770541;1.3599066;9.433155
1374;-0.59376204;1.5897499;10.907983
1375;-0.095768064;1.532289;10.927136
1376;-0.8523358;1.4269443;9.021352
1377;-1.2641385;1.3215994;10.113108
1378;0.10534488;1.5035586;12.08593
1379;0.2777274;1.3215994;11.894394
1380;2.920926;1.6280571;11.836933
1381;0.019153614;1.1109096;10.869676
1382;1.3311762;0.9864111;9.212888
1383;0.47884035;1.1875241;9.634268
1384;-1.8674773;0.89064306;9.9790325
1385;0.24899697;0.6799533;8.676587
1386;0.08619126;0.48841715;7.967903
1387;-0.7086837;0.4213795;9.959879
1388;1.3599066;0.641646;9.835381
1389;1.1492168;0.9959879;9.414001
1390;0.6512229;1.2066777;10.668563
1391;1.7238252;0.9768343;10.113108
1392;0.24899697;0.9576807;9.050082
1393;0.90979666;1.3120226;9.3182335
1394;-0.17238252;1.2258313;9.682152
1395;0.11492168;1.1013328;9.251195
1396;0.019153614;1.3503298;10.103531
1397;0.21068975;1.3120226;11.176133
1398;1.9057846;1.4269443;10.754754
1399;-0.02873042;0.94810385;10.601525
1400;0.7278373;0.94810385;11.003751
1401;1.3503298;0.78529817;11.195287
1402;0.5650316;0.49799395;10.295067
1403;-0.4213795;0.02873042;9.270349
1404;0.80445176;0.009576807;9.873688
1405;-0.62249243;0.2873042;10.323798
1406;-0.92895025;-0.1436521;9.509769
1407;1.3503298;0.17238252;8.542512
1408;-1.6280571;-0.20111294;8.743625
1409;0.641646;-0.019153614;9.308656
1410;0.18195933;0.019153614;9.797073
1411;-0.06703765;-0.038307227;10.208876
1412;0.6512229;-0.17238252;10.199299
1413;0.91937345;-0.34476504;9.749189
1414;0.1436521;-0.35434186;9.969456
1415;0.89064306;-0.15322891;10.697293
1416;0.1340753;0.1436521;9.749189
1417;0.009576807;-0.33518824;9.998186
1418;1.3311762;-0.019153614;10.524911
1419;-0.58418524;-0.79487497;8.887277
1420;2.5187001;-0.21068975;9.414001
1421;-0.58418524;-0.6512229;10.275913
1422;1.283292;-0.62249243;9.3661175
1423;0.23942018;-0.90979666;9.595961
1424;-0.78529817;-1.541866;10.314221
1425;1.3215994;-1.0151415;8.63828
1426;-0.095768064;-1.1492168;8.935161
1427;0.23942018;-0.8810662;11.626244
1428;1.1109096;-0.7278373;11.60709
1429;0.8810662;-0.93852705;10.362105
1430;-0.17238252;-0.6703765;10.390836
1431;-0.61291564;-0.60333884;11.099519
1432;0.6991069;-0.17238252;11.032481
1433;-0.61291564;-0.6799533;10.333375
1434;1.7812861;-0.61291564;8.868123
1435;-0.21068975;-0.8619126;8.561666
1436;1.9057846;-1.1683705;11.147403
1437;2.3463178;-0.92895025;9.950302
1438;-0.6799533;-1.6184803;8.446744
1439;2.0111294;-0.5363012;9.797073
1440;-0.46926352;-0.7757214;10.6877165
1441;1.0726024;-0.7565677;9.787497
1442;1.2258313;-0.58418524;9.816227
1443;0.7661445;-0.6607997;10.036493
1444;1.5897499;-0.63206923;9.251195
1445;0.41180268;-0.6799533;9.701305
1446;1.043872;-0.29688102;9.797073
1447;0.25857377;-0.22026655;8.963891
1448;0.62249243;-0.2681506;9.32781
1449;0.78529817;-0.59376204;10.266336
1450;0.51714754;-0.58418524;10.524911
1451;0.095768064;-0.37349546;9.634268
1452;-2.2888567;0.10534488;9.9790325
1453;0.51714754;0.30645782;12.794614
1454;0.78529817;0.08619126;11.520899
1455;-0.7278373;-0.79487497;8.858546
1456;2.4708161;-0.22026655;9.749189
1457;-0.4405331;-0.47884035;11.18571
1458;0.30645782;-0.37349546;10.247183
1459;0.38307226;-0.2873042;9.069236
1460;-0.90021986;-0.62249243;9.088389
1461;0.82360536;-0.5650316;8.935161
1462;0.17238252;-0.39264908;9.308656
1463;0.11492168;0.06703765;10.01734
1464;-0.36391866;0.20111294;9.605537
1465;-0.34476504;0.7086837;10.180145
1466;-0.82360536;0.6512229;10.6398325
1467;0.79487497;0.7757214;10.247183
1468;1.6950948;0.7278373;9.950302
1469;-0.32561144;0.80445176;9.662998
1470;1.1587936;0.641646;9.624691
1471;0.80445176;1.091756;9.950302
1472;-1.5514427;0.545878;9.844957
1473;0.6512229;0.6512229;8.916007
1474;-0.79487497;0.22026655;9.911995
1475;0.40222588;0.29688102;11.137826
1476;0.4309563;-0.1436521;9.394848
1477;1.340753;-0.32561144;9.3182335
1478;0.47884035;-0.5746084;10.180145
1479;0.842759;-0.81402856;9.701305
1480;0.641646;-1.0151415;8.111555
1481;-1.5610195;-0.90979666;8.475474
1482;0.7086837;-0.4309563;9.232041
1483;-0.5554548;-0.7661445;9.299079
1484;1.5993267;-0.8331822;8.2169
1485;1.2066777;-0.33518824;8.887277
1486;1.2354081;0.038307227;9.844957
1487;1.8674773;0.90979666;9.950302
1488;0.16280572;1.2545617;10.381259
1489;0.7565677;1.8770541;10.601525
1490;0.21068975;2.3558946;11.099519
1491;0.095768064;2.566584;11.702858
1492;0.6799533;2.9017725;11.616667
1493;0.46926352;3.0550013;12.105083
1494;0.5650316;3.2082303;12.239159
1495;0.16280572;3.4093432;11.33894
1496;0.21068975;2.9017725;10.745177
1497;0.62249243;3.016694;10.093954
1498;-0.6607997;2.4995465;10.821792
1499;0.4213795;2.3942018;8.6095495
1500;-1.2258313;1.7621324;8.111555
1501;-0.19153613;2.0398598;8.7053175
1502;-0.7661445;1.9440918;8.925584
1503;0.18195933;1.8962077;8.7532015
1504;0.2777274;1.8962077;9.701305
1505;-0.08619126;1.8962077;9.500193
1506;1.0247183;1.9440918;9.5385
1507;-0.009576807;2.0207062;9.864111
1508;0.7757214;2.1452048;10.065224
1509;-0.047884032;2.0015526;9.797073
1510;0.1436521;2.078167;10.295067
1511;0.1340753;2.327164;10.371682
1512;0.45968673;2.327164;10.773908
1513;0.8331822;2.4516625;11.147403
1514;0.51714754;2.4708161;11.233594
1515;1.2641385;2.432509;10.840945
1516;0.5554548;2.2888567;10.409989
1517;0.94810385;2.1164744;10.25676
1518;0.60333884;1.8674773;10.151415
1519;0.50757074;1.7717092;9.911995
1520;0.48841715;1.5131354;9.902418
1521;0.33518824;1.1587936;9.203311
1522;0.7182605;1.1875241;9.32781
1523;0.38307226;1.0342951;9.825804
1524;0.6607997;1.0055647;9.557653
1525;0.49799395;0.7757214;9.222465
1526;0.2777274;0.7757214;9.442732
1527;0.06703765;0.81402856;9.346964
1528;0.05746084;0.7565677;9.557653
1529;-0.15322891;0.7086837;9.864111
1530;-0.10534488;0.7278373;9.758766
1531;0.1340753;0.59376204;9.624691
1532;-0.12449849;0.545878;9.9790325
1533;0.17238252;0.78529817;10.266336
1534;0.10534488;0.641646;10.170568
1535;0.095768064;0.6799533;10.055647
1536;-0.009576807;0.63206923;10.04607
1537;-0.095768064;0.59376204;9.959879
1538;0.12449849;0.49799395;10.01734
1539;0.05746084;0.48841715;10.1226845
1540;0.2681506;0.45010993;10.01734
1541;0.24899697;0.37349546;9.835381
1542;0.33518824;0.40222588;9.892841
1543;0.59376204;0.39264908;9.940725
1544;0.45010993;0.41180268;9.854534
1545;0.5363012;0.40222588;9.911995
1546;0.5363012;0.29688102;9.768343
1547;0.641646;0.33518824;9.605537
1548;0.59376204;0.33518824;9.749189
1549;0.6607997;0.41180268;9.768343
1550;0.6703765;0.39264908;9.80665
1551;0.58418524;0.48841715;9.883265
1552;0.5554548;0.4309563;9.80665
1553;0.45968673;0.47884035;10.0748005
1554;0.40222588;0.38307226;10.218452
1555;0.30645782;0.41180268;10.180145
1556;0.25857377;0.39264908;10.093954
1557;0.20111294;0.32561144;10.132261
1558;0.24899697;0.18195933;9.988609
1559;0.11492168;0.24899697;10.1226845
1560;0.22984336;0.21068975;10.132261
1561;0.15322891;0.17238252;9.998186
1562;0.095768064;0.15322891;9.80665
1563;0.047884032;0.11492168;9.892841
1564;-0.038307227;-0.019153614;9.9790325
1565;0.08619126;0.095768064;9.911995
1566;0.019153614;-0.06703765;9.710882
1567;0.20111294;-0.02873042;9.969456
1568;0.25857377;-0.076614454;9.883265
1569;0.24899697;-0.05746084;9.873688
1570;0.18195933;-0.11492168;9.921572
1571;0.38307226;-0.15322891;9.816227
1572;0.23942018;-0.24899697;9.825804
1573;0.4405331;-0.25857377;9.797073
1574;0.30645782;-0.2681506;9.816227
1575;0.41180268;-0.25857377;9.931149
1576;0.50757074;-0.33518824;9.835381
1577;0.46926352;-0.40222588;9.816227
1578;0.58418524;-0.38307226;9.77792
1579;0.45968673;-0.51714754;9.911995
1580;0.59376204;-0.50757074;9.816227
1581;0.5650316;-0.4309563;9.902418
1582;0.641646;-0.4405331;9.864111
1583;0.63206923;-0.48841715;9.825804
1584;0.63206923;-0.5267244;9.902418
1585;0.5267244;-0.5267244;9.825804
1586;0.62249243;-0.45010993;9.854534
1587;0.5554548;-0.50757074;9.873688
1588;0.5267244;-0.5363012;9.950302
1589;0.51714754;-0.58418524;9.911995
1590;0.39264908;-0.59376204;9.892841
1591;0.37349546;-0.6512229;9.921572
1592;0.32561144;-0.6895301;9.959879
1593;0.36391866;-0.63206923;9.883265
1594;0.29688102;-0.6991069;9.892841
1595;0.23942018;-0.7374141;9.931149
1596;0.19153613;-0.7086837;9.816227
1597;0.12449849;-0.6895301;9.950302
1598;0.24899697;-0.7469909;9.959879
1599;0.10534488;-0.8523358;9.854534
1600;0.25857377;-0.89064306;9.844957
1601;0.1436521;-0.8714894;9.768343
1602;0.20111294;-0.842759;9.844957
1603;0.23942018;-0.94810385;9.864111
1604;0.25857377;-1.0247183;9.825804
1605;0.24899697;-1.0055647;9.816227
1606;0.24899697;-1.0821792;9.816227
1607;0.37349546;-1.0151415;9.77792
1608;0.39264908;-1.0342951;9.768343
1609;0.4213795;-0.9864111;9.921572
1610;0.45968673;-0.91937345;9.844957
1611;0.5267244;-0.8619126;9.854534
1612;0.51714754;-0.8619126;9.959879
1613;0.545878;-0.79487497;9.931149
1614;0.545878;-0.6895301;9.825804
1615;0.45010993;-0.7469909;9.864111
1616;0.5363012;-0.6512229;9.883265
1617;0.48841715;-0.7086837;9.758766
1618;0.48841715;-0.6607997;9.854534
1619;0.41180268;-0.62249243;9.816227
1620;0.32561144;-0.61291564;9.864111
1621;0.37349546;-0.5746084;9.825804
1622;0.2777274;-0.47884035;9.835381
1623;0.29688102;-0.4213795;9.931149
1624;0.24899697;-0.31603462;9.835381
1625;0.23942018;-0.30645782;9.969456
1626;0.32561144;-0.31603462;9.892841
1627;0.24899697;-0.23942018;9.931149
1628;0.30645782;-0.21068975;9.902418
1629;0.32561144;-0.32561144;9.940725
1630;0.30645782;-0.24899697;9.921572
1631;0.2777274;-0.2873042;9.883265
1632;0.32561144;-0.2681506;9.80665
1633;0.29688102;-0.2681506;9.883265
1634;0.34476504;-0.22984336;9.921572
1635;0.37349546;-0.24899697;9.768343
1636;0.37349546;-0.20111294;9.864111
1637;0.39264908;-0.19153613;9.825804
1638;0.36391866;-0.21068975;9.797073
1639;0.4213795;-0.17238252;9.825804
1640;0.37349546;-0.17238252;9.892841
1641;0.45968673;-0.12449849;9.883265
1642;0.35434186;-0.17238252;9.825804
1643;0.4309563;-0.22984336;9.911995
1644;0.41180268;-0.20111294;9.883265
1645;0.35434186;-0.24899697;9.940725
1646;0.37349546;-0.16280572;9.844957
1647;0.33518824;-0.22026655;9.844957
1648;0.34476504;-0.22984336;9.883265
1649;0.31603462;-0.23942018;9.80665
1650;0.2777274;-0.20111294;9.797073
1651;0.30645782;-0.22984336;9.911995
1652;0.24899697;-0.21068975;9.835381
1653;0.24899697;-0.22026655;9.768343
1654;0.2681506;-0.17238252;9.873688
1655;0.2681506;-0.25857377;9.844957
1656;0.32561144;-0.19153613;9.80665
1657;0.29688102;-0.22984336;9.902418
1658;0.31603462;-0.22984336;9.854534
1659;0.35434186;-0.19153613;9.835381
1660;0.34476504;-0.22026655;9.80665
1661;0.34476504;-0.24899697;9.892841
1662;0.31603462;-0.25857377;9.825804
1663;0.33518824;-0.2873042;9.797073
1664;0.40222588;-0.22984336;9.892841
1665;0.36391866;-0.2873042;9.873688
1666;0.45010993;-0.21068975;9.873688
1667;0.33518824;-0.29688102;9.864111
1668;0.39264908;-0.24899697;9.902418
1669;0.36391866;-0.23942018;9.883265
1670;0.35434186;-0.25857377;9.902418
1671;0.4213795;-0.22026655;9.825804
1672;0.34476504;-0.2777274;9.902418
1673;0.30645782;-0.30645782;9.892841
1674;0.36391866;-0.24899697;9.816227
1675;0.29688102;-0.32561144;9.816227
1676;0.31603462;-0.30645782;9.835381
1677;0.31603462;-0.30645782;9.835381
1678;0.32561144;-0.32561144;9.854534
1679;0.32561144;-0.32561144;9.835381
1680;0.30645782;-0.32561144;9.816227
1681;0.30645782;-0.36391866;9.9790325
1682;0.29688102;-0.25857377;9.864111
1683;0.29688102;-0.30645782;9.864111
1684;0.33518824;-0.2777274;9.921572
1685;0.2681506;-0.2777274;9.844957
1686;0.32561144;-0.36391866;9.911995
1687;0.30645782;-0.39264908;9.835381
1688;0.36391866;-0.40222588;9.921572
1689;0.41180268;-0.37349546;9.911995
1690;0.35434186;-0.40222588;9.883265
1691;0.4309563;-0.38307226;9.883265
1692;0.35434186;-0.4309563;9.883265
1693;0.41180268;-0.46926352;9.940725
1694;0.4213795;-0.45968673;9.902418
1695;0.36391866;-0.5267244;9.825804
1696;0.4213795;-0.5267244;9.892841
1697;0.33518824;-0.5554548;9.9790325
1698;0.33518824;-0.545878;9.835381
1699;0.38307226;-0.545878;9.873688
1700;0.36391866;-0.58418524;9.873688
1701;0.34476504;-0.50757074;9.883265
1702;0.31603462;-0.61291564;9.864111
1703;0.30645782;-0.5554548;9.883265
1704;0.38307226;-0.59376204;9.921572
1705;0.31603462;-0.59376204;9.854534
1706;0.34476504;-0.5650316;9.921572
1707;0.34476504;-0.61291564;9.80665
1708;0.34476504;-0.5746084;9.883265
1709;0.37349546;-0.6512229;9.873688
1710;0.32561144;-0.6512229;9.892841
1711;0.37349546;-0.58418524;9.902418
1712;0.35434186;-0.6512229;9.864111
1713;0.40222588;-0.60333884;9.911995
1714;0.36391866;-0.61291564;9.902418
1715;0.35434186;-0.60333884;9.873688
1716;0.38307226;-0.58418524;9.911995
1717;0.36391866;-0.48841715;9.950302
1718;0.40222588;-0.4309563;9.892841
1719;0.40222588;-0.46926352;9.854534
1720;0.31603462;-0.45968673;9.950302
1721;0.38307226;-0.46926352;9.931149
1722;0.33518824;-0.49799395;9.835381
1723;0.38307226;-0.36391866;9.902418
1724;0.4213795;-0.45968673;9.883265
1725;0.29688102;-0.40222588;9.864111
1726;0.31603462;-0.35434186;9.892841
1727;0.36391866;-0.38307226;9.873688
1728;0.31603462;-0.39264908;9.911995
1729;0.41180268;-0.39264908;9.892841
1730;0.2777274;-0.33518824;9.816227
1731;0.37349546;-0.32561144;9.940725
1732;0.39264908;-0.35434186;9.825804
1733;0.36391866;-0.30645782;9.864111
1734;0.33518824;-0.29688102;9.883265
1735;0.33518824;-0.33518824;9.854534
1736;0.33518824;-0.32561144;9.835381
1737;0.37349546;-0.33518824;9.844957
1738;0.35434186;-0.33518824;9.902418
1739;0.37349546;-0.22984336;9.854534
1740;0.33518824;-0.2873042;9.825804
1741;0.35434186;-0.24899697;9.864111
1742;0.33518824;-0.29688102;9.902418
1743;0.36391866;-0.2681506;9.844957
1744;0.35434186;-0.21068975;9.854534
1745;0.32561144;-0.29688102;9.892841
1746;0.37349546;-0.2777274;9.873688
1747;0.33518824;-0.24899697;9.864111
1748;0.32561144;-0.2873042;9.816227
1749;0.36391866;-0.24899697;9.835381
1750;0.33518824;-0.29688102;9.816227
1751;0.36391866;-0.2873042;9.883265
1752;0.37349546;-0.31603462;9.844957
1753;0.30645782;-0.2873042;9.854534
1754;0.39264908;-0.2873042;9.835381
1755;0.2777274;-0.29688102;9.883265
1756;0.34476504;-0.25857377;9.854534
1757;0.38307226;-0.33518824;9.864111
1758;0.32561144;-0.2777274;9.873688
1759;0.33518824;-0.25857377;9.902418
1760;0.33518824;-0.35434186;9.892841
1761;0.34476504;-0.33518824;9.883265
1762;0.33518824;-0.33518824;9.892841
1763;0.36391866;-0.33518824;9.950302
1764;0.39264908;-0.30645782;9.825804
1765;0.32561144;-0.37349546;9.80665
1766;0.35434186;-0.33518824;9.921572
1767;0.36391866;-0.40222588;9.921572
1768;0.36391866;-0.36391866;9.825804
1769;0.36391866;-0.29688102;9.892841
1770;0.31603462;-0.4213795;9.854534
1771;0.34476504;-0.36391866;9.883265
1772;0.38307226;-0.4213795;9.940725
1773;0.34476504;-0.37349546;9.854534
1774;0.35434186;-0.45968673;9.864111
1775;0.33518824;-0.40222588;9.864111
1776;0.33518824;-0.4213795;9.902418
1777;0.36391866;-0.37349546;9.80665
1778;0.32561144;-0.47884035;9.883265
1779;0.38307226;-0.4213795;9.931149
1780;0.2777274;-0.45010993;9.864111
1781;0.37349546;-0.4213795;9.921572
1782;0.35434186;-0.48841715;9.902418
1783;0.32561144;-0.45968673;9.940725
1784;0.38307226;-0.40222588;9.864111
1785;0.35434186;-0.48841715;9.844957
1786;0.32561144;-0.45968673;9.931149
1787;0.38307226;-0.45010993;9.969456
1788;0.31603462;-0.49799395;9.883265
1789;0.38307226;-0.4309563;9.911995
1790;0.35434186;-0.46926352;9.825804
1791;0.37349546;-0.45010993;9.864111
1792;0.36391866;-0.49799395;9.902418
1793;0.37349546;-0.40222588;9.797073
1794;0.37349546;-0.46926352;9.931149
1795;0.38307226;-0.41180268;9.864111
1796;0.36391866;-0.45010993;9.816227
1797;0.37349546;-0.46926352;9.892841
1798;0.2681506;-0.39264908;9.844957
1799;0.39264908;-0.41180268;9.931149
1800;0.4405331;-0.41180268;10.055647
1801;0.32561144;-0.49799395;9.797073
1802;0.35434186;-0.31603462;9.883265
1803;0.32561144;-0.35434186;10.132261
1804;0.29688102;-0.40222588;9.739613
1805;0.50757074;-0.40222588;9.653421
1806;0.24899697;-0.36391866;9.969456
1807;0.4213795;-0.29688102;9.988609
1808;0.8810662;-0.49799395;8.686164
1809;-0.5746084;-0.41180268;10.160992
1810;0.5267244;-0.0;11.482592
1811;0.6991069;-0.30645782;8.772355
1812;0.33518824;-0.47884035;9.308656
1813;0.1436521;-0.2777274;9.844957
1814;0.7182605;-0.22026655;10.113108
1815;0.038307227;-0.15322891;10.534488
1816;0.35434186;-0.34476504;9.950302
1817;0.60333884;-0.35434186;9.078813
1818;0.23942018;-0.2873042;10.01734
1819;0.23942018;-0.2681506;10.304645
1820;0.41180268;-0.34476504;9.624691
1821;0.34476504;-0.35434186;9.883265
1822;0.29688102;-0.34476504;9.883265
1823;0.41180268;-0.2873042;9.701305
1824;0.32561144;-0.33518824;9.988609
1825;0.2873042;-0.32561144;9.988609
1826;0.45010993;-0.2777274;9.797073
1827;0.36391866;-0.29688102;9.892841
1828;0.30645782;-0.34476504;10.055647
1829;0.39264908;-0.33518824;9.797073
1830;0.35434186;-0.36391866;9.844957
1831;0.30645782;-0.2873042;9.969456
1832;0.38307226;-0.34476504;9.854534
1833;0.37349546;-0.34476504;9.854534
1834;0.30645782;-0.39264908;9.883265
1835;0.35434186;-0.34476504;9.797073
1836;0.40222588;-0.35434186;9.864111
1837;0.33518824;-0.35434186;9.864111
1838;0.38307226;-0.32561144;9.883265
1839;0.35434186;-0.38307226;9.844957
1840;0.31603462;-0.39264908;9.902418
1841;0.31603462;-0.35434186;9.873688
1842;0.36391866;-0.37349546;9.911995
1843;0.30645782;-0.34476504;9.844957
1844;0.33518824;-0.38307226;9.835381
1845;0.32561144;-0.40222588;9.77792
1846;0.2681506;-0.40222588;9.921572
1847;0.30645782;-0.34476504;9.902418
1848;0.31603462;-0.4309563;9.835381
1849;0.35434186;-0.4213795;9.873688
1850;0.36391866;-0.38307226;9.854534
1851;0.36391866;-0.4213795;9.892841
1852;0.39264908;-0.36391866;9.873688
1853;0.33518824;-0.4405331;9.864111
1854;0.36391866;-0.41180268;9.931149
1855;0.33518824;-0.4405331;9.911995
1856;0.32561144;-0.4309563;9.883265
1857;0.35434186;-0.36391866;9.883265
1858;0.34476504;-0.4213795;9.883265
1859;0.29688102;-0.45968673;9.883265
1860;0.30645782;-0.46926352;9.883265
1861;0.31603462;-0.4405331;9.911995
1862;0.32561144;-0.40222588;9.816227
1863;0.36391866;-0.4213795;9.864111
1864;0.31603462;-0.4213795;9.883265
1865;0.36391866;-0.4309563;9.873688
1866;0.34476504;-0.45010993;9.902418
1867;0.35434186;-0.40222588;9.873688
1868;0.35434186;-0.45010993;9.864111
1869;0.29688102;-0.37349546;9.844957
1870;0.30645782;-0.40222588;9.864111
1871;0.34476504;-0.39264908;9.873688
1872;0.34476504;-0.41180268;9.883265
1873;0.37349546;-0.4213795;9.854534
1874;0.33518824;-0.4309563;9.921572
1875;0.30645782;-0.38307226;9.883265
1876;0.33518824;-0.4213795;9.854534
1877;0.38307226;-0.34476504;9.864111
1878;0.33518824;-0.38307226;9.892841
1879;0.33518824;-0.39264908;9.864111
1880;0.34476504;-0.39264908;9.873688
1881;0.29688102;-0.32561144;9.883265
1882;0.36391866;-0.38307226;9.835381
1883;0.32561144;-0.36391866;9.864111
1884;0.36391866;-0.40222588;9.911995
1885;0.39264908;-0.37349546;9.902418
1886;0.31603462;-0.29688102;9.940725
1887;0.36391866;-0.24899697;9.653421
1888;-0.4213795;-1.4748282;7.0581064
1889;2.384625;0.7374141;10.860099
1890;0.10534488;0.7086837;14.84405
1891;-0.37349546;-0.15322891;11.051635
1892;1.4556746;-0.58418524;7.5944076
1893;-0.22984336;-1.0151415;7.3645644
1894;-0.2873042;-0.4213795;10.6877165
1895;1.0247183;0.23942018;12.181698
1896;0.2873042;-0.12449849;10.515334
1897;0.34476504;-0.50757074;9.414001
1898;0.29688102;-0.40222588;9.155427
1899;0.009576807;-0.4309563;9.988609
1900;0.36391866;-0.40222588;9.902418
1901;0.24899697;-0.45968673;9.385271
1902;0.35434186;-0.37349546;9.576807
1903;0.38307226;-0.35434186;10.036493
1904;0.31603462;-0.2777274;10.132261
1905;0.36391866;-0.31603462;9.873688
1906;0.36391866;-0.36391866;9.682152
1907;0.38307226;-0.32561144;9.883265
