;ay;ax;az
0;0.2873042;0.0;9.911995
1;0.08619126;-0.06703765;10.01734
2;0.076614454;-0.05746084;9.969456
3;0.2777274;0.05746084;9.730036
4;0.24899697;-0.10534488;10.084377
5;-0.038307227;-0.1340753;10.084377
6;0.4309563;0.0;9.787497
7;0.02873042;-0.038307227;9.605537
8;0.19153613;0.08619126;9.442732
9;0.2681506;0.038307227;9.452309
10;0.21068975;-0.009576807;9.816227
11;0.23942018;-0.05746084;10.036493
12;0.2681506;-0.076614454;10.295067
13;0.21068975;-0.08619126;10.1226845
14;0.16280572;-0.047884032;10.093954
15;0.19153613;-0.038307227;10.275913
16;0.047884032;-0.10534488;10.390836
17;0.20111294;-0.06703765;10.1226845
18;0.2873042;-0.076614454;10.208876
19;-0.076614454;0.0;10.113108
20;0.2873042;0.047884032;9.768343
21;0.4405331;-0.08619126;10.04607
22;-0.1340753;-0.1340753;10.5919485
23;-0.23942018;0.1436521;10.189722
24;0.2873042;0.11492168;8.829816
25;0.49799395;0.0;9.490616
26;-0.095768064;0.019153614;9.816227
27;0.15322891;-0.1340753;10.352529
28;0.19153613;-0.019153614;9.873688
29;0.17238252;-0.06703765;9.931149
30;0.20111294;-0.019153614;9.988609
31;0.17238252;-0.02873042;9.883265
32;0.1436521;-0.019153614;9.883265
33;0.22026655;-0.009576807;9.921572
34;0.12449849;0.019153614;9.921572
35;0.21068975;0.0;9.940725
36;0.19153613;-0.05746084;9.950302
37;0.1436521;-0.019153614;9.911995
38;0.22984336;-0.019153614;9.883265
39;0.1436521;-0.047884032;9.940725
40;0.1436521;-0.02873042;10.065224
41;0.23942018;-0.019153614;9.959879
42;0.17238252;0.0;9.911995
43;0.16280572;0.0;9.911995
44;0.17238252;0.0;9.768343
45;0.24899697;0.047884032;9.825804
46;0.076614454;-0.05746084;10.093954
47;0.15322891;-0.009576807;9.969456
48;0.22984336;0.0;9.730036
49;0.095768064;0.009576807;9.854534
50;0.20111294;-0.02873042;10.084377
51;0.16280572;-0.019153614;9.911995
52;0.12449849;-0.05746084;9.950302
53;0.33518824;-0.019153614;9.902418
54;0.18195933;-0.038307227;9.921572
55;0.15322891;-0.12449849;10.055647
56;0.25857377;0.0;9.595961
57;0.22026655;0.02873042;9.643845
58;0.16280572;-0.15322891;10.055647
59;0.22984336;0.0;9.854534
60;0.19153613;-0.02873042;9.921572
61;0.15322891;-0.019153614;9.940725
62;0.22026655;-0.02873042;9.959879
63;0.16280572;0.0;9.883265
64;0.20111294;0.009576807;9.931149
65;0.15322891;-0.019153614;9.911995
66;0.1340753;-0.02873042;9.911995
67;0.20111294;0.0;9.950302
68;0.21068975;0.019153614;9.902418
69;0.15322891;-0.05746084;9.883265
70;0.23942018;0.0;9.9790325
71;0.10534488;-0.06703765;9.950302
72;0.22026655;0.0;9.864111
73;0.25857377;0.0;9.854534
74;0.1436521;-0.038307227;9.911995
75;0.24899697;0.02873042;10.0269165
76;0.16280572;-0.047884032;9.80665
77;0.2777274;0.06703765;9.80665
78;0.21068975;-0.019153614;9.940725
79;0.06703765;-0.05746084;10.0269165
80;0.34476504;-0.02873042;9.911995
81;0.009576807;0.0;9.787497
82;0.29688102;0.009576807;9.902418
83;0.1340753;-0.06703765;10.103531
84;0.16280572;-0.019153614;9.864111
85;0.47884035;-0.02873042;9.864111
86;-0.29688102;0.009576807;9.921572
87;0.49799395;-0.076614454;10.113108
88;0.08619126;-0.038307227;10.132261
89;-0.18195933;0.02873042;9.595961
90;0.90979666;-0.047884032;9.77792
91;-0.545878;-0.038307227;10.180145
92;0.095768064;-0.02873042;9.931149
93;1.091756;-0.095768064;10.266336
94;0.17238252;-0.02873042;9.490616
95;0.21068975;0.0;9.854534
96;0.15322891;-0.08619126;9.931149
97;0.17238252;0.0;9.950302
98;0.19153613;0.0;9.931149
99;0.1436521;-0.009576807;9.959879
100;0.22984336;-0.009576807;9.969456
101;0.15322891;-0.047884032;9.950302
102;0.21068975;0.0;9.940725
103;0.17238252;0.0;9.969456
104;0.1436521;-0.038307227;9.940725
105;0.19153613;0.0;9.892841
106;0.18195933;0.0;9.921572
107;0.21068975;-0.038307227;9.998186
108;0.24899697;0.019153614;9.844957
109;0.16280572;-0.009576807;9.931149
110;0.15322891;-0.047884032;9.940725
111;0.17238252;-0.02873042;9.931149
112;0.24899697;0.009576807;9.864111
113;0.16280572;0.02873042;9.892841
114;0.18195933;-0.02873042;9.854534
115;0.18195933;0.038307227;9.873688
116;0.16280572;-0.009576807;9.854534
117;0.22026655;-0.019153614;9.988609
118;0.17238252;0.0;9.9790325
119;0.22026655;0.0;9.864111
120;0.22026655;0.02873042;9.931149
121;0.15322891;-0.009576807;9.911995
122;0.20111294;-0.047884032;9.902418
123;0.21068975;0.019153614;9.892841
124;0.12449849;0.02873042;9.816227
125;0.21068975;0.0;9.921572
126;0.19153613;0.0;9.854534
127;0.20111294;0.05746084;9.921572
128;0.20111294;-0.009576807;9.921572
129;0.12449849;0.009576807;9.921572
130;0.21068975;0.047884032;9.911995
131;0.19153613;-0.02873042;9.988609
132;0.20111294;0.0;9.902418
133;0.20111294;0.047884032;9.911995
134;0.18195933;0.019153614;9.911995
135;0.1436521;-0.019153614;9.902418
136;0.18195933;0.02873042;9.854534
137;0.21068975;-0.047884032;9.921572
138;0.17238252;-0.038307227;9.950302
139;0.19153613;0.009576807;9.864111
140;0.21068975;0.0;9.902418
141;0.1340753;-0.06703765;9.844957
142;0.22026655;-0.009576807;9.892841
143;0.16280572;0.0;9.902418
144;0.17238252;-0.08619126;9.864111
145;0.20111294;-0.047884032;9.988609
146;0.16280572;-0.08619126;9.940725
147;0.16280572;-0.047884032;9.911995
148;0.21068975;-0.009576807;9.902418
149;0.19153613;-0.019153614;9.902418
150;0.20111294;0.0;9.873688
151;0.16280572;-0.038307227;9.883265
152;0.15322891;-0.019153614;9.902418
153;0.20111294;-0.038307227;9.940725
154;0.17238252;0.0;9.873688
155;0.22984336;0.0;9.883265
156;0.1340753;-0.05746084;9.902418
157;0.22984336;0.0;9.844957
158;0.18195933;-0.095768064;9.892841
159;0.15322891;0.019153614;9.950302
160;0.19153613;0.0;9.931149
161;0.18195933;-0.009576807;9.873688
162;0.24899697;-0.009576807;9.911995
163;0.19153613;0.0;9.959879
164;0.22026655;-0.06703765;9.902418
165;0.18195933;0.019153614;9.854534
166;0.17238252;0.0;9.902418
167;0.17238252;0.0;9.902418
168;0.16280572;0.0;9.892841
169;0.20111294;-0.019153614;9.883265
170;0.21068975;0.009576807;9.921572
171;0.17238252;-0.047884032;9.940725
172;0.19153613;0.038307227;9.864111
173;0.17238252;-0.038307227;9.940725
174;0.16280572;0.009576807;9.844957
175;0.19153613;-0.038307227;9.940725
176;0.1340753;-0.019153614;9.911995
177;0.17238252;0.0;9.921572
178;0.23942018;0.0;9.911995
179;0.12449849;0.05746084;9.864111
180;0.21068975;0.02873042;9.931149
181;0.19153613;0.0;9.825804
182;0.20111294;0.02873042;9.902418
183;0.23942018;0.05746084;9.940725
184;0.19153613;0.02873042;9.883265
185;0.22984336;0.06703765;9.844957
186;0.19153613;0.02873042;9.864111
187;0.18195933;0.0;9.921572
188;0.18195933;0.038307227;9.911995
189;0.19153613;0.0;9.883265
190;0.17238252;0.047884032;9.950302
191;0.16280572;-0.009576807;9.902418
192;0.1340753;-0.009576807;9.969456
193;0.21068975;0.02873042;9.950302
194;0.1340753;0.0;9.921572
195;0.20111294;0.0;9.883265
196;0.20111294;-0.038307227;9.911995
197;0.19153613;0.047884032;9.864111
198;0.21068975;-0.047884032;9.902418
199;0.12449849;-0.019153614;9.864111
200;0.23942018;0.0;9.892841
201;0.19153613;-0.02873042;9.911995
202;0.18195933;-0.038307227;9.835381
203;0.22026655;-0.047884032;9.911995
204;0.1436521;-0.038307227;9.940725
205;0.18195933;-0.02873042;9.902418
206;0.21068975;0.009576807;9.883265
207;0.22026655;-0.08619126;9.959879
208;0.19153613;-0.047884032;9.940725
209;0.16280572;-0.08619126;9.911995
210;0.1436521;-0.076614454;9.931149
211;0.15322891;-0.16280572;9.950302
212;0.15322891;-0.095768064;9.950302
213;0.18195933;-0.08619126;9.921572
214;0.21068975;0.02873042;9.825804
215;0.15322891;-0.06703765;9.9790325
216;0.16280572;-0.047884032;9.959879
217;0.21068975;-0.047884032;9.911995
218;0.18195933;-0.02873042;10.007763
219;0.18195933;-0.095768064;9.883265
220;0.17238252;0.0;9.9790325
221;0.18195933;0.0;9.902418
222;0.20111294;-0.038307227;9.892841
223;0.19153613;-0.06703765;9.921572
224;0.15322891;-0.009576807;9.854534
225;0.22026655;0.009576807;9.892841
226;0.20111294;-0.02873042;9.921572
227;0.21068975;0.009576807;9.825804
228;0.22026655;0.009576807;9.921572
229;0.11492168;-0.038307227;9.959879
230;0.22026655;0.019153614;9.844957
231;0.19153613;0.0;9.902418
232;0.17238252;0.0;9.931149
233;0.19153613;0.02873042;9.940725
234;0.20111294;0.009576807;9.835381
235;0.17238252;0.047884032;9.902418
236;0.16280572;0.0;9.892841
237;0.18195933;0.0;9.931149
238;0.17238252;0.0;9.950302
239;0.17238252;0.038307227;9.873688
240;0.15322891;0.038307227;9.873688
241;0.22026655;0.019153614;9.902418
242;0.15322891;0.038307227;9.902418
243;0.21068975;0.05746084;9.940725
244;0.16280572;0.05746084;9.864111
245;0.22026655;0.08619126;9.883265
246;0.22026655;0.05746084;9.911995
247;0.17238252;0.038307227;9.873688
248;0.22984336;0.06703765;9.892841
249;0.18195933;0.047884032;9.911995
250;0.22984336;0.05746084;9.902418
251;0.21068975;0.06703765;9.931149
252;0.18195933;0.019153614;9.892841
253;0.19153613;0.019153614;9.959879
254;0.15322891;0.019153614;9.902418
255;0.21068975;0.02873042;9.883265
256;0.17238252;0.009576807;9.931149
257;0.1436521;0.02873042;9.9790325
258;0.18195933;0.0;9.969456
259;0.16280572;-0.019153614;9.911995
260;0.16280572;-0.06703765;9.988609
261;0.21068975;-0.05746084;9.950302
262;0.1340753;-0.019153614;9.854534
263;0.18195933;-0.009576807;10.007763
264;0.20111294;-0.009576807;9.844957
265;0.16280572;-0.076614454;9.950302
266;0.19153613;-0.05746084;9.950302
267;0.22984336;-0.038307227;9.931149
268;0.19153613;-0.05746084;9.988609
269;0.20111294;-0.11492168;9.911995
270;0.19153613;-0.08619126;9.950302
271;0.22026655;-0.076614454;9.959879
272;0.24899697;-0.06703765;9.911995
273;0.25857377;-0.095768064;10.01734
274;0.15322891;-0.10534488;9.883265
275;0.22026655;-0.076614454;9.902418
276;0.18195933;-0.1340753;9.950302
277;0.19153613;-0.095768064;9.940725
278;0.18195933;-0.06703765;10.007763
279;0.17238252;-0.11492168;9.950302
280;0.21068975;-0.08619126;9.883265
281;0.18195933;-0.06703765;9.959879
282;0.1340753;-0.095768064;9.883265
283;0.19153613;-0.06703765;9.921572
284;0.11492168;-0.1340753;9.854534
285;0.1436521;-0.05746084;9.969456
286;0.15322891;-0.047884032;9.902418
287;0.12449849;-0.02873042;9.864111
288;0.19153613;-0.047884032;9.911995
289;0.1436521;-0.08619126;9.883265
290;0.11492168;-0.038307227;9.959879
291;0.19153613;-0.047884032;9.921572
292;0.1436521;-0.009576807;9.883265
293;0.20111294;0.038307227;9.902418
294;0.20111294;0.047884032;9.854534
295;0.19153613;-0.009576807;9.931149
296;0.21068975;0.06703765;9.835381
297;0.23942018;0.02873042;9.873688
298;0.21068975;0.019153614;9.931149
299;0.22984336;0.06703765;9.873688
300;0.24899697;0.11492168;9.854534
301;0.20111294;0.05746084;9.902418
302;0.19153613;0.02873042;9.902418
303;0.24899697;0.076614454;9.902418
304;0.17238252;0.11492168;9.835381
305;0.17238252;0.05746084;9.854534
306;0.16280572;0.02873042;9.950302
307;0.1340753;0.05746084;9.854534
308;0.21068975;0.047884032;9.892841
309;0.1436521;0.009576807;9.883265
310;0.1436521;0.05746084;9.921572
311;0.18195933;0.047884032;9.902418
312;0.10534488;0.019153614;9.873688
313;0.11492168;0.076614454;9.911995
314;0.17238252;0.10534488;9.844957
315;0.19153613;0.10534488;9.892841
316;0.21068975;0.11492168;9.844957
317;0.16280572;0.11492168;9.873688
318;0.22026655;0.095768064;9.873688
319;0.22026655;0.15322891;9.797073
320;0.20111294;0.076614454;9.902418
321;0.23942018;0.12449849;9.902418
322;0.23942018;0.08619126;9.854534
323;0.24899697;0.047884032;9.9790325
324;0.20111294;0.05746084;9.892841
325;0.22026655;0.02873042;9.873688
326;0.21068975;0.0;9.950302
327;0.19153613;0.0;9.883265
328;0.20111294;0.009576807;9.959879
329;0.19153613;-0.009576807;9.883265
330;0.20111294;0.0;9.854534
331;0.1436521;-0.08619126;10.007763
332;0.16280572;-0.038307227;9.825804
333;0.17238252;-0.06703765;9.892841
334;0.17238252;-0.12449849;9.902418
335;0.16280572;-0.18195933;9.959879
336;0.18195933;-0.10534488;9.911995
337;0.11492168;-0.15322891;9.921572
338;0.17238252;-0.17238252;10.007763
339;0.18195933;-0.15322891;9.911995
340;0.15322891;-0.20111294;9.921572
341;0.19153613;-0.22984336;9.950302
342;0.16280572;-0.17238252;9.931149
343;0.20111294;-0.22984336;9.959879
344;0.18195933;-0.19153613;9.892841
345;0.24899697;-0.15322891;9.950302
346;0.22984336;-0.12449849;9.921572
347;0.22026655;-0.17238252;9.873688
348;0.20111294;-0.20111294;9.940725
349;0.20111294;-0.15322891;9.864111
350;0.22026655;-0.1340753;9.921572
351;0.22984336;-0.12449849;10.007763
352;0.1340753;-0.20111294;9.883265
353;0.19153613;-0.12449849;9.940725
354;0.15322891;-0.15322891;9.940725
355;0.20111294;-0.08619126;9.921572
356;0.15322891;-0.10534488;9.959879
357;0.12449849;-0.11492168;9.873688
358;0.19153613;-0.076614454;9.921572
359;0.08619126;-0.095768064;9.9790325
360;0.17238252;0.0;9.825804
361;0.17238252;-0.05746084;9.988609
362;0.11492168;0.009576807;9.864111
363;0.22984336;0.0;9.959879
364;0.18195933;0.0;9.892841
365;0.1436521;0.047884032;9.911995
366;0.22026655;0.06703765;9.911995
367;0.22984336;0.08619126;9.883265
368;0.22026655;0.05746084;9.80665
369;0.21068975;0.06703765;9.864111
370;0.19153613;0.047884032;9.892841
371;0.22026655;0.12449849;9.902418
372;0.19153613;0.047884032;9.844957
373;0.22026655;0.10534488;9.902418
374;0.18195933;0.076614454;9.902418
375;0.21068975;0.10534488;9.873688
376;0.16280572;0.10534488;9.940725
377;0.17238252;0.10534488;9.844957
378;0.19153613;0.12449849;9.883265
379;0.1436521;0.047884032;9.921572
380;0.1436521;0.1436521;9.80665
381;0.21068975;0.06703765;9.873688
382;0.10534488;0.11492168;9.825804
383;0.1436521;0.076614454;9.959879
384;0.1340753;0.095768064;9.931149
385;0.1340753;0.095768064;9.80665
386;0.18195933;0.11492168;9.883265
387;0.12449849;0.12449849;9.844957
388;0.21068975;0.08619126;9.797073
389;0.22026655;0.16280572;9.950302
390;0.15322891;0.038307227;9.864111
391;0.22026655;0.10534488;9.902418
392;0.18195933;0.15322891;9.816227
393;0.24899697;0.08619126;9.883265
394;0.24899697;0.076614454;9.892841
395;0.22984336;0.11492168;9.864111
396;0.24899697;0.16280572;9.883265
397;0.22984336;0.12449849;9.835381
398;0.22026655;0.1340753;9.883265
399;0.24899697;0.18195933;9.835381
400;0.22984336;0.11492168;9.825804
401;0.20111294;0.095768064;9.911995
402;0.20111294;0.1340753;9.864111
403;0.18195933;0.038307227;9.911995
404;0.08619126;0.076614454;9.883265
405;0.12449849;0.08619126;9.921572
406;0.12449849;0.05746084;9.873688
407;0.02873042;-0.009576807;9.835381
408;0.11492168;-0.009576807;9.864111
409;0.047884032;0.038307227;9.892841
410;0.047884032;-0.15322891;9.854534
411;0.1340753;-0.076614454;9.892841
412;0.095768064;-0.10534488;9.969456
413;0.15322891;-0.12449849;9.864111
414;0.17238252;-0.1436521;9.921572
415;0.1340753;-0.18195933;10.04607
416;0.23942018;-0.1340753;9.950302
417;0.23942018;-0.1436521;9.9790325
418;0.2777274;-0.19153613;9.950302
419;0.2777274;-0.22026655;10.01734
420;0.2777274;-0.21068975;9.921572
421;0.31603462;-0.22984336;10.007763
422;0.31603462;-0.25857377;9.883265
423;0.2681506;-0.2777274;9.9790325
424;0.2873042;-0.2873042;9.940725
425;0.24899697;-0.33518824;9.969456
426;0.22026655;-0.38307226;10.007763
427;0.22984336;-0.38307226;9.864111
428;0.17238252;-0.4309563;9.950302
429;0.10534488;-0.45968673;9.9790325
430;0.08619126;-0.39264908;9.998186
431;0.15322891;-0.51714754;10.007763
432;0.02873042;-0.45968673;10.055647
433;0.12449849;-0.47884035;9.9790325
434;0.10534488;-0.4213795;10.007763
435;0.038307227;-0.4309563;9.950302
436;0.1436521;-0.33518824;9.950302
437;0.076614454;-0.24899697;9.864111
438;0.1436521;-0.16280572;9.844957
439;0.17238252;-0.15322891;9.931149
440;0.1436521;-0.08619126;9.80665
441;0.24899697;0.0;9.864111
442;0.18195933;-0.009576807;9.854534
443;0.22026655;0.05746084;9.854534
444;0.20111294;0.038307227;9.883265
445;0.19153613;0.0;9.883265
446;0.21068975;-0.019153614;9.911995
447;0.20111294;0.047884032;9.854534
448;0.20111294;0.047884032;9.959879
449;0.20111294;-0.019153614;9.873688
450;0.17238252;0.019153614;9.921572
451;0.25857377;0.05746084;9.854534
452;0.17238252;0.0;9.873688
453;0.18195933;-0.02873042;9.921572
454;0.21068975;0.0;9.931149
455;0.20111294;0.047884032;9.835381
456;0.16280572;0.0;9.940725
457;0.16280572;0.038307227;9.950302
458;0.19153613;-0.009576807;9.902418
459;0.15322891;0.038307227;9.911995
460;0.17238252;0.08619126;9.844957
461;0.19153613;0.02873042;9.950302
462;0.1340753;0.095768064;9.902418
463;0.21068975;0.05746084;9.854534
464;0.15322891;0.095768064;9.921572
465;0.15322891;0.05746084;9.931149
466;0.21068975;0.11492168;9.902418
467;0.16280572;0.08619126;9.902418
468;0.16280572;0.12449849;9.911995
469;0.24899697;0.20111294;9.864111
470;0.20111294;0.10534488;9.797073
471;0.21068975;0.23942018;9.883265
472;0.17238252;0.2681506;9.77792
473;0.16280572;0.32561144;9.768343
474;0.15322891;0.2681506;9.835381
475;0.21068975;0.38307226;9.797073
476;0.19153613;0.37349546;9.854534
477;0.2681506;0.4213795;9.940725
478;0.20111294;0.25857377;10.007763
479;0.20111294;0.24899697;9.864111
480;0.22984336;0.20111294;10.01734
481;0.10534488;0.076614454;10.199299
482;0.29688102;0.18195933;10.036493
483;0.39264908;0.16280572;9.902418
484;0.21068975;0.08619126;10.084377
485;0.30645782;0.18195933;10.0269165
486;0.24899697;0.32561144;9.720459
487;0.095768064;0.29688102;9.710882
488;0.19153613;0.41180268;9.615114
489;0.038307227;0.4309563;9.519346
490;0.12449849;0.46926352;9.548077
491;-0.019153614;0.50757074;9.595961
492;0.21068975;0.5554548;9.481039
493;0.32561144;0.50757074;9.873688
494;-0.22984336;0.4309563;9.873688
495;0.46926352;0.2681506;9.988609
496;-0.37349546;0.05746084;10.304645
497;0.19153613;-0.21068975;10.496181
498;0.24899697;-0.08619126;10.572795
499;-0.047884032;-0.22026655;10.572795
500;0.49799395;-0.31603462;10.764331
501;0.2777274;-0.047884032;10.266336
502;0.5650316;0.019153614;10.381259
503;0.47884035;0.10534488;10.28549
504;0.10534488;0.34476504;9.56723
505;0.49799395;0.48841715;9.126697
506;-0.31603462;0.5650316;9.165004
507;0.41180268;0.90021986;9.222465
508;0.16280572;1.2162545;8.6574335
509;0.23942018;0.8331822;8.39886
510;0.51714754;1.2449849;9.423578
511;0.7469909;0.79487497;8.896853
512;0.30645782;0.81402856;9.040505
513;0.0;0.4213795;9.3661175
514;0.34476504;0.45968673;9.682152
515;-0.22984336;0.16280572;9.346964
516;-0.8714894;-0.2873042;10.25676
517;0.23942018;-0.6991069;10.113108
518;-0.37349546;-0.38307226;10.716447
519;-0.8619126;-1.1204864;10.601525
520;0.047884032;-1.8004397;11.109096
521;0.019153614;-2.1260512;11.386824
522;-0.076614454;-2.2122424;10.898406
523;0.1436521;-2.2505496;10.189722
524;0.24899697;-2.183512;10.007763
525;0.31603462;-2.1164744;10.0748005
526;0.35434186;-2.231396;10.208876
527;0.2873042;-2.2505496;10.390836
528;0.45010993;-2.3080103;10.486604
529;0.2777274;-2.327164;10.352529
530;0.40222588;-2.27928;10.314221
531;0.5554548;-2.4037786;10.448297
532;0.038307227;-2.3942018;10.304645
533;0.49799395;-2.3463178;10.25676
534;0.21068975;-2.27928;10.036493
535;0.17238252;-2.2697031;9.835381
536;0.22984336;-2.2409728;10.0269165
537;0.076614454;-2.3175871;9.864111
538;0.12449849;-2.231396;9.825804
539;0.15322891;-2.183512;9.969456
540;-0.047884032;-2.0973208;9.701305
541;0.038307227;-1.9919758;9.586384
542;-0.08619126;-1.9728222;9.816227
543;-0.22026655;-1.8866309;9.902418
544;-0.34476504;-1.8291701;9.672575
545;-0.5554548;-1.6567876;9.615114
546;-0.20111294;-1.5227122;9.595961
547;0.019153614;-1.2737153;9.730036
548;-0.05746084;-1.1587936;9.835381
549;-0.18195933;-1.091756;10.103531
550;0.2681506;-0.8714894;9.80665
551;0.24899697;-0.78529817;10.01734
552;0.22984336;-0.63206923;10.429143
553;0.45010993;-0.61291564;10.304645
554;0.21068975;-0.33518824;9.883265
555;0.1340753;-0.25857377;10.28549
556;0.16280572;-0.11492168;9.998186
557;0.23942018;-0.08619126;9.80665
558;0.076614454;-0.095768064;9.969456
559;0.32561144;-0.047884032;10.065224
560;0.34476504;-0.10534488;9.873688
561;0.25857377;-0.1436521;10.160992
562;0.45010993;-0.22026655;10.189722
563;0.19153613;-0.17238252;9.9790325
564;0.38307226;-0.36391866;10.362105
565;0.22984336;-0.33518824;10.170568
566;0.4309563;-0.32561144;10.007763
567;0.38307226;-0.25857377;9.988609
568;0.33518824;-0.18195933;9.873688
569;0.45968673;-0.12449849;9.902418
570;0.29688102;-0.009576807;9.80665
571;0.4309563;0.08619126;9.605537
572;0.40222588;0.20111294;9.260772
573;0.20111294;0.2873042;9.097966
574;0.25857377;0.35434186;9.270349
575;-0.18195933;0.38307226;9.193734
576;-0.038307227;0.40222588;9.097966
577;0.2873042;0.63206923;9.126697
578;-0.20111294;0.6703765;9.232041
579;0.48841715;0.5267244;9.500193
580;-0.10534488;0.61291564;9.710882
581;0.009576807;0.45968673;10.0748005
582;0.05746084;0.39264908;10.314221
583;-0.25857377;0.36391866;10.04607
584;0.009576807;0.24899697;10.304645
585;-0.16280572;0.21068975;10.553641
586;-0.24899697;0.16280572;10.448297
587;-0.19153613;0.11492168;10.534488
588;-0.16280572;0.06703765;10.295067
589;0.20111294;0.18195933;10.0269165
590;0.17238252;0.18195933;9.9790325
591;0.2681506;0.16280572;10.141838
592;0.16280572;0.0;9.9790325
593;0.22984336;0.009576807;9.959879
594;0.33518824;-0.047884032;10.093954
595;0.4213795;0.02873042;10.01734
596;0.61291564;-0.038307227;10.007763
597;0.6991069;-0.076614454;10.055647
598;0.47884035;0.047884032;9.854534
599;0.62249243;0.047884032;9.749189
600;0.641646;0.06703765;9.730036
601;0.38307226;0.19153613;9.595961
602;0.545878;0.11492168;9.356541
603;0.4309563;0.21068975;9.11712
604;0.08619126;0.11492168;9.576807
605;0.39264908;0.17238252;9.557653
606;0.047884032;0.19153613;9.232041
607;0.2777274;0.18195933;9.500193
608;-0.095768064;0.06703765;9.77792
609;-0.19153613;0.1436521;9.557653
610;-0.17238252;0.1436521;9.605537
611;-0.4213795;0.047884032;9.710882
612;0.12449849;-0.009576807;10.036493
613;-0.4405331;0.0;10.007763
614;-0.02873042;-0.32561144;10.218452
615;-0.34476504;-0.23942018;10.390836
616;-0.41180268;-0.29688102;10.371682
617;-0.24899697;-0.5267244;10.553641
618;-0.41180268;-0.5650316;10.553641
619;-0.076614454;-0.7565677;10.381259
620;-0.1340753;-0.8331822;10.228029
621;-0.2681506;-0.7469909;10.563218
622;-0.05746084;-0.8810662;9.931149
623;-0.1340753;-0.61291564;9.548077
624;0.35434186;-0.5746084;9.691729
625;0.35434186;-0.59376204;9.835381
626;0.48841715;-0.7278373;9.500193
627;0.48841715;-0.82360536;9.595961
628;0.2777274;-0.7278373;9.337387
629;0.45010993;-0.7278373;9.442732
630;0.24899697;-0.7182605;9.548077
631;0.11492168;-0.7278373;9.509769
632;0.34476504;-0.7374141;9.481039
633;0.49799395;-0.7565677;9.595961
634;0.78529817;-0.9959879;10.084377
635;0.9959879;-1.1875241;10.745177
636;1.3024458;-1.292869;10.97502
637;1.1013328;-1.436521;10.745177
638;0.6895301;-1.6759412;11.032481
639;0.46926352;-1.7908629;11.243171
640;0.40222588;-1.9057846;11.252748
641;-0.047884032;-1.9249382;11.128249
642;0.1340753;-2.0494366;10.936713
643;0.038307227;-1.9536686;10.534488
644;0.0;-1.9153614;10.275913
645;0.10534488;-1.8195933;10.381259
646;-0.33518824;-1.5131354;9.77792
647;0.17238252;-1.3982137;8.820239
648;-0.1436521;-1.2162545;9.11712
649;-0.45968673;-1.1683705;9.050082
650;0.10534488;-1.1971009;8.465898
651;-0.5267244;-1.3215994;9.107543
652;-0.8523358;-1.3311762;9.385271
653;0.2681506;-1.1875241;9.126697
654;-0.63206923;-1.13964;9.624691
655;0.36391866;-1.5514427;10.563218
656;0.5363012;-1.5897499;10.572795
657;0.31603462;-1.7238252;10.898406
658;0.12449849;-1.7717092;11.051635
659;0.45010993;-1.6089035;10.955867
660;0.2777274;-1.3215994;10.0269165
661;0.40222588;-1.2641385;10.486604
662;0.30645782;-1.2737153;10.907983
663;-0.06703765;-1.1779473;9.634268
664;0.8619126;-1.2258313;9.471462
665;-0.35434186;-0.9576807;9.672575
666;0.08619126;-1.2449849;9.730036
667;0.076614454;-1.0534488;9.902418
668;0.1436521;-0.80445176;9.682152
669;0.7182605;-0.81402856;9.433155
670;1.436521;-1.0821792;10.189722
671;0.019153614;-1.0726024;10.5919485
672;1.1013328;-1.3120226;10.6877165
673;0.17238252;-1.3120226;9.998186
674;0.25857377;-1.3215994;9.9790325
675;0.21068975;-1.1587936;9.490616
676;-1.0247183;-0.94810385;8.293514
677;-0.6607997;-1.0726024;8.322245
678;-0.9768343;-1.1109096;8.944737
679;-1.0821792;-1.1683705;9.394848
680;-0.4309563;-1.2066777;9.3661175
681;0.6607997;-1.1300632;9.557653
682;1.2641385;-1.1492168;11.089942
683;1.9536686;-1.3599066;12.315774
684;1.436521;-1.5993267;11.999739
685;0.46926352;-1.541866;10.448297
686;-0.39264908;-1.3215994;10.007763
687;-1.2066777;-1.3694834;9.634268
688;-1.532289;-1.3599066;8.772355
689;-1.2545617;-1.043872;7.97748
690;-0.5267244;-1.1300632;7.422025
691;0.82360536;-1.1779473;9.883265
692;1.6184803;-1.3120226;11.18571
693;0.9672575;-1.7621324;10.266336
694;2.1452048;-2.2505496;11.128249
695;0.41180268;-2.3175871;13.01488
696;-0.9672575;-2.528277;11.999739
697;0.22026655;-2.6144683;10.036493
698;-1.283292;-2.3750482;9.959879
699;-1.8291701;-2.1643584;10.113108
700;0.20111294;-1.7238252;9.481039
701;-1.5610195;-0.94810385;9.097966
702;0.842759;-1.4460979;9.892841
703;1.3215994;-1.1300632;9.078813
704;1.4460979;-1.2354081;10.208876
705;1.3503298;-1.7429788;11.559206
706;-0.80445176;-1.6184803;9.911995
707;-0.89064306;-1.13964;7.699753
708;-0.58418524;-1.5227122;9.11712
709;-1.6089035;-1.2737153;9.002198
710;0.6991069;-0.91937345;7.9870567
711;1.9249382;-0.8714894;8.322245
712;0.50757074;-0.59376204;9.9790325
713;2.4899697;-1.8866309;10.160992
714;1.2449849;-2.336741;11.702858
715;-1.982399;-2.5378537;11.693281
716;-0.08619126;-2.777274;11.540052
717;-0.2777274;-2.087744;9.835381
718;-0.7374141;-1.5705963;9.595961
719;1.3982137;-1.532289;10.266336
720;0.1436521;-1.4460979;9.56723
721;1.7429788;-1.9057846;11.626244
722;1.2737153;-2.2026656;13.072341
723;-0.4405331;-1.8195933;9.615114
724;0.94810385;-1.3599066;9.059659
725;-1.1013328;-1.1204864;9.481039
726;-1.8387469;-1.0151415;8.686164
727;0.21068975;-1.0247183;7.776367
728;0.11492168;-0.8331822;8.762778
729;1.436521;-0.6799533;10.352529
730;2.3080103;-1.2354081;10.955867
731;-0.12449849;-1.3311762;11.176133
732;-0.12449849;-1.4077905;9.691729
733;-1.8579005;-1.0151415;8.734048
734;-1.0534488;-0.58418524;9.557653
735;0.7278373;-0.49799395;8.523358
736;0.40222588;-0.17238252;8.619126
737;1.1875241;-0.29688102;11.195287
738;0.36391866;-0.60333884;11.271901
739;-0.46926352;-0.78529817;9.519346
740;-2.135628;-0.37349546;9.864111
741;-1.1587936;-0.4405331;9.662998
742;1.3599066;-0.15322891;8.63828
743;1.2066777;0.0;8.628703
744;2.0111294;-0.23942018;10.448297
745;1.3694834;-0.36391866;10.43872
746;-0.2777274;-0.33518824;10.6877165
747;-0.9576807;-0.49799395;10.907983
748;-2.0494366;-1.1492168;9.988609
749;-0.50757074;-0.6703765;10.295067
750;1.2066777;-0.38307226;9.844957
751;-0.25857377;-0.20111294;9.279925
752;2.2505496;-0.2873042;10.486604
753;1.2737153;-0.6991069;12.737153
754;-0.8714894;-0.59376204;10.6398325
755;-1.0630256;-0.25857377;9.624691
756;0.1436521;-0.2681506;10.630256
757;-0.08619126;0.047884032;10.103531
758;0.6895301;0.545878;8.542512
759;1.6184803;0.5650316;9.77792
760;0.545878;0.93852705;9.11712
761;0.37349546;0.34476504;9.375694
762;0.22984336;-0.02873042;10.94629
763;-2.1930888;0.11492168;10.793061
764;-0.6799533;0.2873042;8.236053
765;0.36391866;1.0534488;7.632715
766;-0.31603462;0.5554548;8.944737
767;2.1164744;0.2777274;10.323798
768;0.34476504;0.34476504;10.448297
769;-0.80445176;-0.10534488;9.452309
770;-0.7374141;-0.60333884;10.534488
771;-0.7278373;-0.16280572;9.940725
772;-0.22026655;0.11492168;8.628703
773;0.46926352;0.62249243;10.984597
774;1.9057846;0.41180268;10.70687
775;0.5363012;0.93852705;7.6710224
776;-0.22984336;1.0342951;8.734048
777;0.7661445;0.11492168;10.869676
778;-2.1260512;-0.22026655;11.271901
779;-2.231396;0.076614454;10.1226845
780;0.58418524;0.06703765;9.5385
781;-0.48841715;0.6799533;8.619126
782;1.8291701;0.7278373;8.628703
783;3.122039;0.48841715;10.821792
784;-1.4556746;0.2681506;9.519346
785;-1.0342951;-0.33518824;10.084377
786;-0.8810662;0.15322891;9.844957
787;-0.30645782;0.10534488;8.954314
788;-0.06703765;1.0151415;10.25676
789;1.7908629;0.641646;10.888829
790;2.1930888;0.37349546;9.241618
791;0.545878;0.51714754;9.854534
792;1.5993267;-0.23942018;11.722012
793;0.2873042;-0.6607997;12.038046
794;-1.1875241;-1.1109096;10.381259
795;-0.8714894;-0.47884035;9.356541
796;0.047884032;0.12449849;10.237606
797;1.7525556;-0.25857377;9.998186
798;0.89064306;-0.17238252;9.730036
799;1.6184803;-0.047884032;10.515334
800;1.3311762;-0.08619126;10.91756
801;-1.043872;-0.2873042;11.176133
802;-1.1300632;-0.60333884;9.653421
803;-1.6663644;0.06703765;8.101978
804;1.0247183;0.22026655;8.590396
805;1.532289;0.1436521;9.232041
806;0.78529817;-0.16280572;8.8777
807;1.9440918;-1.1013328;10.524911
808;-1.6089035;-0.90979666;11.271901
809;-0.81402856;-1.6663644;10.180145
810;-1.6567876;-0.80445176;8.389283
811;-1.6472107;-0.2777274;8.801085
812;1.3503298;-0.9959879;9.844957
813;0.78529817;-0.92895025;10.515334
814;1.2737153;-1.2162545;11.405977
815;0.58418524;-1.2449849;9.998186
816;-0.019153614;-1.7238252;9.911995
817;-1.7238252;-1.6567876;10.907983
818;-2.7868507;-1.1683705;10.084377
819;0.80445176;-1.3215994;8.054094
820;0.009576807;-1.1109096;9.184157
821;1.5131354;-1.3024458;10.936713
822;2.6719291;-1.1683705;10.97502
823;0.1436521;-2.327164;10.572795
824;-1.091756;-1.7429788;11.9135475
825;0.02873042;-2.0590134;11.712435
826;-0.1436521;-0.94810385;9.5385
827;-0.29688102;-0.38307226;8.197746
828;1.1300632;-0.641646;9.720459
829;0.6991069;-1.3982137;11.051635
830;-0.16280572;-1.9249382;11.779472
831;-1.8195933;-1.3120226;10.601525
832;-0.79487497;-0.7086837;7.565677
833;2.135628;-0.45968673;9.002198
834;2.2601264;-1.0055647;12.028469
835;2.7485435;-1.5610195;10.726024
836;1.2641385;-1.3120226;10.812215
837;-0.5554548;-1.5705963;10.965444
838;-0.34476504;-2.2601264;10.419566
839;-0.641646;-1.733402;10.247183
840;-1.0821792;-1.1683705;10.141838
841;-2.0015526;-0.4213795;8.437167
842;2.135628;-1.2449849;8.025364
843;-2.6144683;-0.7757214;10.28549
844;-1.1779473;-1.3599066;12.248735
845;2.6240451;-1.8674773;8.485051
846;-1.685518;-0.9864111;10.266336
847;1.6663644;-1.2066777;10.0269165
848;3.9839516;-0.9959879;8.494628
849;0.06703765;-0.12449849;8.973468
850;-0.9576807;-1.0151415;11.63582
851;-0.63206923;-1.9536686;11.080365
852;-3.5051112;-0.82360536;10.25676
853;0.06703765;-0.7757214;6.6175733
854;1.4460979;-0.08619126;7.872135
855;0.33518824;-0.47884035;10.477027
856;-0.2681506;-1.4077905;12.670115
857;-0.7565677;-1.8962077;11.712435
858;-2.030283;-1.0821792;10.668563
859;-0.29688102;-0.35434186;7.1730285
860;3.6487634;-1.685518;7.872135
861;0.39264908;-1.0055647;11.319786
862;-0.8810662;-2.1452048;13.541605
863;1.5610195;-2.4037786;10.055647
864;-1.3694834;-2.0685902;11.473015
865;-1.2641385;-1.4556746;9.308656
866;1.484405;-1.283292;7.335834
867;1.0630256;-0.8810662;10.084377
868;-2.6048915;-1.4748282;12.105083
869;-0.31603462;-2.6048915;10.70687
870;1.340753;-1.8100165;9.835381
871;-0.7565677;-0.30645782;7.920019
872;1.9536686;-0.5267244;7.2783732
873;2.815581;-1.6663644;8.8777
874;-1.13964;-2.0207062;12.909535
875;-0.31603462;-2.6048915;11.434708
876;0.4309563;-1.8100165;8.025364
877;-1.6089035;-1.4939818;6.895301
878;-0.545878;-1.7046716;9.203311
879;0.6607997;-1.8483237;12.306197
880;0.21068975;-2.6144683;11.520899
881;-1.292869;-2.384625;12.325351
882;-0.35434186;-1.5131354;10.70687
883;2.7485435;-0.8810662;8.925584
884;1.6759412;-1.3311762;11.166556
885;-0.89064306;-2.3942018;14.623784
886;-0.4213795;-2.384625;12.583924
887;0.4309563;-1.5514427;7.632715
888;-3.0262709;-0.10534488;5.583278
889;-0.08619126;-0.49799395;8.8777
890;1.541866;-1.7717092;12.717999
891;-2.815581;-2.0015526;11.702858
892;-0.90979666;-1.043872;9.615114
893;2.1260512;-0.22026655;9.279925
894;1.1971009;-0.29688102;9.682152
895;2.3463178;-1.1013328;11.884817
896;2.480393;-2.2505496;13.972561
897;-0.2777274;-1.436521;10.984597
898;-2.96881;-0.35434186;6.6079965
899;0.2873042;0.019153614;7.6135616
900;1.532289;-0.9768343;10.860099
901;-2.5570073;-0.7469909;11.616667
902;1.4173675;-1.0821792;10.553641
903;0.1340753;-0.5267244;8.408437
904;1.5610195;-0.8523358;6.742072
905;2.9783869;0.1436521;11.061212
906;-1.541866;-0.51714754;11.84651
907;-0.25857377;-0.641646;9.193734
908;2.1164744;0.06703765;8.973468
909;-3.2082303;1.1013328;9.184157
910;-0.7661445;-0.095768064;7.8529816
911;3.3039982;-0.7182605;9.222465
912;-2.3558946;-0.90979666;13.40753
913;-1.6663644;-0.46926352;12.650962
914;2.6431987;0.22984336;5.8226986
915;-1.8291701;1.2354081;6.5696893
916;-0.49799395;0.82360536;12.29662
917;3.7924154;-1.2545617;12.928689
918;-1.4460979;1.4173675;10.97502
919;-0.79487497;0.58418524;7.431602
920;-0.46926352;1.2641385;7.5848308
921;1.8387469;0.0;9.452309
922;0.59376204;-0.37349546;13.560759
923;-1.4173675;-0.29688102;10.936713
924;-0.32561144;0.90021986;8.1402855
925;0.545878;1.5035586;6.7229185
926;0.9959879;0.40222588;10.486604
927;2.585738;-0.9672575;14.15452
928;-0.60333884;-0.076614454;13.330915
929;-0.33518824;0.02873042;6.1770406
930;-0.29688102;0.8714894;6.8569937
931;-0.5746084;0.047884032;10.314221
932;-0.545878;-0.02873042;11.453861
933;-0.63206923;-0.49799395;10.658986
934;0.45968673;-0.36391866;9.653421
935;-1.1587936;1.1971009;7.929596
936;2.9017725;-0.48841715;8.379706
937;3.2082303;-0.076614454;13.22557
938;-2.9496565;-0.7661445;12.995727
939;-1.8291701;-0.49799395;9.040505
940;2.7581203;-1.1971009;6.6367273
941;-3.0071173;0.8714894;8.00621
942;-1.1875241;-0.545878;9.5385
943;4.003105;-1.0055647;10.764331
944;-4.6255975;0.019153614;12.382812
945;0.23942018;-0.22984336;7.2304893
946;2.6240451;1.1204864;6.7229185
947;1.5514427;-0.11492168;10.630256
948;2.0973208;-1.5705963;14.480132
949;0.22026655;-1.1300632;12.105083
950;-0.7661445;-0.2777274;6.6175733
951;-2.2409728;0.2873042;6.5696893
952;0.7086837;-0.8810662;9.299079
953;0.81402856;-0.9576807;10.994174
954;-0.10534488;-1.1013328;11.626244
955;2.2122424;-1.3024458;9.758766
956;1.043872;0.5267244;7.9583263
957;1.2545617;-0.15322891;8.513782
958;3.3327289;-1.5035586;12.660539
959;-0.5746084;-2.5474305;14.441825
960;-2.5953147;-2.3942018;9.481039
961;-1.8195933;-0.47884035;6.2345014
962;1.4556746;-1.3599066;8.935161
963;0.019153614;-2.1164744;13.713987
964;0.11492168;-1.9536686;13.081918
965;0.80445176;-0.93852705;9.643845
966;1.7812861;-0.5554548;9.595961
967;1.2354081;-0.11492168;11.9614315
968;1.6567876;-1.0534488;11.405977
969;-0.8714894;-0.7661445;9.308656
970;-1.6567876;-1.13964;11.530476
971;-2.0207062;-1.2066777;10.658986
972;-2.6144683;0.51714754;5.995081
973;0.15322891;-0.1436521;7.374141
974;-0.6991069;-0.58418524;13.464991
975;-0.02873042;-0.31603462;11.032481
976;2.3080103;0.59376204;7.833828
977;1.436521;1.0726024;9.672575
978;0.59376204;0.6703765;10.965444
979;0.019153614;0.0;10.745177
980;-0.45968673;0.24899697;7.4507556
981;-2.815581;0.12449849;10.237606
982;-1.388637;-0.35434186;9.892841
983;-0.19153613;0.38307226;6.244078
984;-0.38307226;0.30645782;8.341399
985;0.4309563;-0.59376204;13.129802
986;0.63206923;-0.25857377;12.229582
987;1.4269443;1.13964;8.389283
988;0.8331822;1.2449849;7.6231384
989;-1.4173675;0.4309563;10.869676
990;2.4612393;-0.79487497;13.761871
991;0.2873042;0.18195933;9.998186
992;-3.514688;1.4748282;8.159439
993;-1.685518;0.6895301;7.3645644
994;-0.7757214;0.1340753;6.742072
995;-0.35434186;-0.4213795;12.018892
996;0.80445176;0.8331822;11.990162
997;0.7374141;1.3311762;7.297527
998;0.31603462;1.9536686;8.073248
999;2.1260512;0.22026655;12.785037
1000;0.22984336;0.49799395;14.949395
1001;-2.1260512;0.48841715;8.082825
1002;-1.733402;0.9576807;7.9583263
1003;-0.80445176;0.7278373;9.174581
1004;-0.51714754;0.34476504;11.425131
1005;1.4748282;-0.29688102;11.042058
1006;-0.20111294;0.7757214;10.898406
1007;0.2873042;0.7182605;9.251195
1008;-0.08619126;1.4460979;8.954314
1009;1.388637;0.22026655;9.816227
1010;0.90021986;-0.59376204;13.01488
1011;-1.1492168;0.2777274;10.773908
1012;-1.9919758;0.8810662;5.267244
1013;1.1109096;0.8714894;6.2345014
1014;-2.030283;1.388637;10.199299
1015;2.4037786;-0.10534488;10.477027
1016;1.6567876;0.6607997;10.409989
1017;0.25857377;0.19153613;8.322245
1018;2.336741;0.37349546;8.513782
1019;0.47884035;0.58418524;10.160992
1020;0.34476504;-1.292869;11.233594
1021;-1.982399;-0.4405331;10.477027
1022;-1.8291701;0.02873042;9.270349
1023;0.7374141;-0.02873042;7.431602
1024;-1.2545617;0.9768343;7.07726
1025;0.7278373;-0.5650316;11.702858
1026;2.3942018;-1.1300632;14.824897
1027;-1.4077905;-0.23942018;11.003751
1028;1.4652514;0.4405331;5.1140146
1029;1.5610195;1.2162545;9.509769
1030;-1.1875241;0.63206923;12.0571995
1031;-0.22026655;-0.32561144;9.720459
1032;-0.40222588;-0.19153613;8.590396
1033;-3.9073372;0.30645782;9.595961
1034;2.0398598;0.45968673;6.895301
1035;1.6567876;0.4213795;8.973468
1036;0.30645782;-0.1436521;13.101071
1037;0.5363012;-0.9672575;13.733141
1038;0.4309563;0.009576807;9.825804
1039;-0.08619126;0.31603462;8.66701
1040;-0.24899697;-0.019153614;10.7356
1041;0.50757074;-0.7469909;12.191275
1042;1.7812861;-0.8810662;11.061212
1043;-1.5035586;-0.39264908;9.854534
1044;-2.087744;-0.15322891;8.418014
1045;0.92895025;0.48841715;7.345411
1046;0.9768343;0.02873042;10.927136
1047;-0.7086837;-0.51714754;12.957419
1048;1.292869;-0.49799395;9.710882
1049;2.27928;0.8619126;7.28795
1050;-0.6512229;0.8619126;9.969456
1051;0.5267244;-0.36391866;11.36767
1052;-1.3599066;-0.12449849;8.916007
1053;-3.0454245;0.019153614;7.843405
1054;-2.336741;-0.36391866;9.509769
1055;0.2777274;0.2873042;9.11712
1056;-0.59376204;0.34476504;9.442732
1057;1.0055647;-0.45010993;11.84651
1058;0.62249243;-0.63206923;11.243171
1059;-0.10534488;0.0;10.553641
1060;-0.35434186;0.79487497;9.873688
1061;-0.8523358;0.40222588;8.322245
1062;-2.0015526;0.10534488;10.477027
1063;0.047884032;-0.60333884;11.224017
1064;-1.5705963;0.19153613;8.485051
1065;0.63206923;0.58418524;8.791509
1066;-0.545878;0.51714754;10.5919485
1067;2.9113493;-0.5267244;10.821792
1068;2.9975405;-0.81402856;11.722012
1069;-0.5746084;-0.35434186;13.40753
1070;1.6376339;-0.1340753;10.0748005
1071;0.5554548;0.58418524;7.7572136
1072;-0.1340753;-0.08619126;8.801085
1073;-2.2505496;-0.17238252;12.315774
1074;0.32561144;-0.009576807;10.496181
1075;1.3311762;0.0;7.9487495
1076;-1.733402;0.45968673;8.418014
1077;2.5378537;-0.076614454;10.5919485
1078;4.711789;-0.33518824;9.854534
1079;-0.6991069;-0.6991069;12.334928
1080;1.1779473;-0.45010993;12.152967
1081;1.2545617;0.62249243;8.063671
1082;0.641646;0.7182605;6.742072
1083;0.37349546;-0.2681506;12.354081
1084;-4.232949;-0.06703765;11.463438
1085;-1.2449849;-0.047884032;4.6830587
1086;-0.9576807;1.9440918;8.571242
1087;-0.11492168;0.038307227;11.60709
1088;1.4077905;-0.32561144;12.382812
1089;3.0262709;-1.1587936;12.976573
1090;-0.12449849;-0.22026655;12.995727
1091;0.095768064;0.18195933;11.176133
1092;2.8538885;0.29688102;8.839393
1093;-1.484405;0.31603462;9.605537
1094;-1.0247183;-0.19153613;12.871228
1095;-1.6759412;0.11492168;8.341399
1096;-1.6663644;1.0151415;5.9567738
1097;-1.4460979;1.1204864;7.795521
1098;1.4173675;-0.076614454;10.007763
1099;2.72939;-0.05746084;9.825804
1100;0.2681506;0.33518824;10.6877165
1101;2.3654714;-0.1340753;10.611102
1102;0.7182605;0.35434186;9.835381
1103;-0.16280572;0.45968673;7.4028716
1104;0.9768343;-0.15322891;9.77792
1105;-2.9879637;0.24899697;9.854534
1106;-3.2465374;0.5650316;5.717354
1107;0.58418524;0.51714754;5.1523223
1108;-1.0726024;0.18195933;10.553641
1109;0.7661445;-0.80445176;12.813767
1110;1.7046716;-1.043872;9.768343
1111;0.22026655;0.16280572;11.511322
1112;0.78529817;-0.41180268;12.4785795
1113;1.0342951;-0.24899697;11.15698
1114;0.5363012;-0.7661445;11.109096
1115;-1.340753;-1.2066777;14.4130945
1116;-2.2697031;-1.3694834;11.654974
1117;-0.7565677;-0.11492168;8.00621
1118;-0.15322891;-0.12449849;8.868123
1119;-0.095768064;-0.50757074;12.77546
1120;0.5554548;-1.6759412;14.116213
1121;1.0726024;-0.46926352;12.603078
1122;1.9536686;0.47884035;9.461885
1123;2.882619;0.7757214;7.6710224
1124;2.7006595;0.1340753;12.727576
1125;-0.8714894;0.23942018;10.601525
1126;-2.566584;0.8331822;6.8665705
1127;0.46926352;0.7086837;6.847417
1128;-2.72939;0.9768343;5.9567738
1129;-1.7238252;0.7182605;5.0182467
1130;3.4955344;-0.9959879;11.386824
1131;-2.078167;0.076614454;12.459426
1132;-2.5570073;0.02873042;4.7979803
1133;7.5465236;-0.63206923;7.192182
1134;-3.3806129;-0.40222588;14.451402
1135;0.63206923;-2.1547816;13.579912
1136;6.090849;-1.7621324;8.963891
1137;-6.339846;0.8714894;10.323798
1138;-1.3215994;-1.3120226;8.552089
1139;4.357447;-1.043872;9.77792
1140;-5.6407394;-0.4213795;12.5264635
1141;-1.1013328;-2.585738;13.043611
1142;1.8100165;-0.40222588;12.430696
1143;-4.0701427;0.11492168;7.086837
1144;6.540959;-1.7717092;13.752295
1145;0.8714894;-0.7278373;15.140931
1146;-8.580819;0.4213795;10.936713
1147;7.029376;-1.1587936;6.703765
1148;-0.08619126;1.2258313;12.421119
1149;-8.619126;0.90021986;12.287044
1150;5.9184666;0.31603462;6.655881
1151;0.30645782;1.0630256;2.6910827
1152;-7.785944;0.23942018;13.838486
1153;3.6104562;-1.4077905;12.612655
1154;2.9879637;0.8810662;0.90021986
1155;-6.1387334;-0.29688102;9.844957
1156;5.046977;-2.7868507;15.217546
1157;0.90979666;-0.50757074;8.714894
1158;-1.9536686;1.4077905;0.8714894
1159;1.2545617;-0.8331822;8.523358
1160;0.94810385;-0.7565677;10.01734
1161;-0.4309563;-1.1013328;5.391742
1162;0.7086837;-2.0015526;9.586384
1163;2.96881;-1.5705963;15.05474
1164;0.62249243;-0.61291564;9.308656
1165;3.7828386;-1.5035586;7.7667904
1166;0.22026655;-0.62249243;15.696386
1167;-2.7964275;-1.7812861;14.949395
1168;2.1739352;-1.1204864;8.590396
1169;0.7757214;-0.24899697;12.105083
1170;-0.47884035;-0.93852705;16.673222
1171;1.9728222;-0.18195933;14.499286
1172;3.6870706;-0.6895301;10.726024
1173;1.6759412;0.21068975;12.038046
1174;-4.3478703;0.81402856;13.876793
1175;2.087744;-0.019153614;10.151415
1176;3.265691;1.1875241;7.4124484
1177;-6.1195793;2.1068976;8.130709
1178;0.32561144;1.1779473;9.595961
1179;-0.019153614;2.9975405;3.916914
1180;-2.327164;3.0454245;6.042965
1181;-0.4213795;0.45968673;5.707777
1182;0.038307227;1.4939818;9.126697
1183;3.3806129;-2.0207062;10.668563
1184;-0.4309563;1.3503298;6.3685765
1185;2.4420857;-0.7757214;7.1826053
1186;4.8937483;-2.336741;8.111555
1187;-4.5872903;1.0055647;13.110648
1188;-3.122039;-0.08619126;4.606444
1189;-0.23942018;0.51714754;6.129156
1190;-3.5051112;-0.29688102;3.217807
1191;-7.728483;-2.4420857;10.601525
1192;-2.585738;-1.7812861;13.953407
1193;0.5363012;-0.7086837;13.579912
1194;-0.7374141;-0.047884032;10.572795
1195;6.6750345;-0.6607997;11.022904
1196;2.6431987;2.719813;15.705963
1197;2.8921957;0.30645782;16.127342
1198;4.5202527;2.1452048;14.920665
1199;-3.8402996;3.1890767;10.821792
1200;-4.4819455;4.0414124;3.3997664
1201;2.9975405;3.0262709;5.4300494
1202;-0.9959879;2.8921957;11.87524
1203;-3.821146;2.3942018;14.719552
1204;-1.3024458;4.146757;9.337387
1205;1.2545617;3.7828386;7.201759
1206;4.951209;5.602432;12.124237
1207;5.4779334;3.9073372;11.731588
1208;6.0525417;3.2561142;10.67814
1209;2.882619;1.9249382;10.563218
1210;-2.336741;1.5897499;10.247183
1211;-0.6991069;0.9864111;7.2592196
1212;-0.32561144;1.6089035;7.680599
1213;-2.4612393;1.2641385;9.854534
1214;3.4763808;0.61291564;10.055647
1215;-2.528277;1.4939818;10.601525
1216;1.2449849;0.1436521;9.509769
1217;2.0111294;0.1340753;10.716447
1218;-4.865018;1.4556746;12.794614
1219;0.10534488;0.81402856;10.658986
1220;0.5554548;1.3120226;8.781932
1221;-5.1523223;1.6567876;11.473015
1222;1.1683705;0.15322891;11.84651
1223;-1.0247183;1.1875241;8.973468
1224;-2.4229321;2.480393;9.107543
1225;2.2026656;2.0111294;9.931149
1226;0.4405331;1.3694834;10.515334
1227;-1.5227122;1.1683705;7.297527
1228;1.1492168;0.18195933;7.642292
1229;-1.2449849;1.532289;7.479486
1230;-0.1436521;0.59376204;6.291962
1231;1.2737153;0.92895025;8.829816
1232;-2.585738;0.8331822;10.965444
1233;-3.122039;0.6991069;5.8705826
1234;0.9768343;1.8387469;2.96881
1235;0.16280572;3.2082303;7.326257
1236;0.8810662;1.9536686;10.611102
1237;5.363012;1.484405;11.176133
1238;-0.7661445;2.1930888;7.575254
1239;-2.6048915;2.4708161;7.872135
1240;2.633622;2.5187001;10.180145
1241;1.2449849;2.0973208;9.615114
1242;1.292869;1.6280571;10.927136
1243;2.4708161;0.45010993;12.641385
1244;-0.009576807;-0.17238252;11.616667
1245;2.3750482;-1.292869;11.15698
1246;-0.038307227;0.10534488;14.633361
1247;-0.06703765;-0.36391866;15.016433
1248;3.4284968;-1.3024458;12.277467
1249;1.4748282;-0.92895025;14.767436
1250;1.2449849;-1.9536686;14.585477
1251;4.0318356;-1.7429788;12.325351
1252;1.532289;-1.3215994;6.8761473
1253;-1.0821792;-0.82360536;11.942278
1254;1.7238252;-3.620033;14.010868
1255;-2.6431987;-1.0342951;10.275913
1256;-4.596867;-0.047884032;-0.37349546
1257;6.0046577;-1.1875241;1.5610195
1258;-3.5051112;0.8810662;9.77792
1259;-1.2354081;-2.777274;11.310209
1260;10.218452;-1.9057846;3.3614593
1261;-9.9790325;2.767697;-0.05746084
1262;-1.8579005;0.4213795;3.916914
1263;6.5984197;4.156334;4.0414124
1264;-8.437167;2.480393;-3.3518825
1265;-5.9663506;0.90021986;1.4173675
1266;-5.6120086;0.7757214;2.4612393
1267;-3.3327289;0.22984336;4.7788267
1268;-1.4269443;-0.4405331;6.2632318
1269;1.0151415;-2.1260512;8.360553
1270;0.019153614;-2.2601264;18.349161
1271;-2.7868507;-2.3080103;16.290148
1272;5.2002063;-5.4779334;14.211981
1273;0.78529817;-2.0111294;15.064317
1274;-2.3942018;-4.855441;23.93244
1275;5.1810527;-9.270349;19.977219
1276;-3.2561142;-4.3766007;16.136919
1277;-3.6870706;-4.2042184;13.359646
1278;3.916914;-5.746084;17.937359
1279;-2.2122424;-1.5897499;24.056938
1280;5.449203;-3.6966474;18.885464
1281;10.94629;-2.882619;12.124237
1282;-3.1507695;-0.095768064;19.354727
1283;6.2728086;-3.1794999;19.900604
1284;6.0621185;1.7238252;9.030929
1285;-6.5026517;4.654328;1.1971009
1286;4.31914;0.5746084;9.481039
1287;-0.4309563;0.8523358;9.3661175
1288;-2.1547816;1.3694834;4.012682
1289;-1.7908629;1.7046716;4.8362875
1290;-0.4213795;2.1547816;3.8498764
1291;0.62249243;2.0494366;8.619126
1292;-0.7661445;0.6607997;10.409989
1293;1.091756;0.62249243;8.801085
1294;-0.05746084;0.91937345;9.050082
1295;-0.8619126;0.48841715;10.620679
1296;1.4748282;0.18195933;9.931149
1297;0.7374141;-0.038307227;9.902418
1298;-3.016694;-0.36391866;12.392388
1299;-2.9783869;-1.3982137;11.540052
1300;0.2777274;-0.45968673;9.375694
1301;1.283292;-0.94810385;10.793061
1302;-1.8387469;-0.7374141;12.593501
1303;-2.0207062;-0.7086837;10.7356
1304;1.7717092;0.38307226;7.6710224
1305;-2.1739352;0.047884032;10.113108
1306;0.18195933;-0.16280572;10.007763
1307;1.8291701;0.7278373;5.8322754
1308;-0.9768343;1.3215994;5.5162406
1309;-3.1986535;0.0;10.0269165
1310;0.25857377;-0.5746084;7.479486
1311;-0.47884035;-0.34476504;6.0142345
1312;-1.0534488;-1.2737153;9.490616
1313;1.5035586;-0.5267244;9.969456
1314;2.5761611;-0.545878;8.983045
1315;3.7349546;-1.6184803;10.649409
1316;1.3311762;-1.8100165;10.572795
1317;1.5993267;-1.2354081;9.289502
1318;3.6583402;-1.4269443;8.523358
1319;-1.9057846;0.0;11.894394
1320;-0.2681506;-0.8810662;9.682152
1321;4.7309427;-0.8619126;8.389283
1322;-2.030283;0.5746084;11.137826
1323;0.9576807;-1.3024458;13.081918
1324;3.8594532;-1.3790601;11.626244
1325;-3.9552212;1.1875241;7.8625584
1326;2.882619;-1.3120226;8.331821
1327;-0.7182605;-0.05746084;13.445837
1328;-2.767697;-1.5514427;11.693281
1329;0.5554548;-1.091756;7.7189064
1330;-1.13964;1.7908629;11.87524
1331;0.5267244;0.5267244;17.621325
1332;1.5514427;-3.3997664;14.729129
1333;4.8267107;-2.4708161;16.290148
1334;2.930503;-2.1452048;15.514427
1335;-0.79487497;-0.82360536;9.002198
1336;0.92895025;-0.62249243;8.925584
1337;-2.5570073;-0.8619126;11.118672
1338;-5.6886234;-1.0151415;10.01734
1339;-2.1547816;-0.18195933;7.785944
1340;0.30645782;0.61291564;6.1387334
1341;-2.480393;0.92895025;6.129156
1342;0.8619126;1.3694834;6.3111157
1343;4.912902;0.6703765;8.6095495
1344;1.3694834;0.6799533;8.695741
1345;-0.39264908;1.1013328;7.374141
1346;-0.038307227;1.5227122;7.1059904
1347;-0.37349546;1.2258313;6.6175733
1348;1.8291701;1.0151415;8.111555
1349;-1.0630256;0.7182605;9.873688
1350;-1.6663644;1.091756;9.423578
1351;-0.5267244;1.0342951;6.646304
1352;-1.1875241;0.7661445;8.025364
1353;-0.5746084;0.019153614;12.727576
1354;-0.7757214;-0.8619126;13.22557
1355;1.3215994;-1.2066777;12.095507
1356;-0.2873042;-0.06703765;13.579912
1357;-0.7661445;-0.51714754;11.903971
1358;3.2465374;-1.1587936;9.80665
1359;1.13964;-1.0247183;12.612655
1360;-3.4763808;-0.7374141;12.804191
1361;-1.532289;0.63206923;9.232041
1362;-0.30645782;1.3694834;4.4436383
1363;-1.3215994;1.1109096;6.435614
1364;2.231396;0.29688102;12.832921
1365;3.169923;-0.21068975;12.737153
1366;0.49799395;1.2354081;7.52737
1367;1.5514427;0.93852705;8.197746
1368;-0.095768064;1.0151415;9.921572
1369;1.982399;-0.05746084;9.375694
1370;0.61291564;-0.41180268;10.065224
1371;-4.865018;0.48841715;10.0269165
1372;2.135628;0.23942018;5.4779334
1373;3.4572272;0.7086837;6.38773
1374;0.1340753;0.22984336;12.239159
1375;2.0973208;-1.0630256;13.733141
1376;0.16280572;0.18195933;8.695741
1377;-1.982399;0.41180268;9.299079
1378;-1.0726024;-0.1340753;11.252748
1379;2.1930888;-0.842759;8.599973
1380;-0.5363012;-0.48841715;9.385271
1381;-1.7812861;-1.2641385;12.708423
1382;-1.1013328;0.038307227;9.069236
1383;0.4213795;0.80445176;3.1794999
1384;1.3024458;0.37349546;11.281479
1385;2.6719291;-0.78529817;14.978126
1386;-0.22984336;-0.5554548;10.007763
1387;0.36391866;0.1340753;6.885724
1388;-1.3790601;0.4309563;9.730036
1389;0.40222588;-1.4652514;9.988609
1390;-0.5363012;-0.58418524;10.783484
1391;-0.31603462;-1.0630256;10.840945
1392;3.2848446;-0.89064306;8.379706
1393;0.93852705;0.11492168;7.9583263
1394;0.20111294;-0.60333884;7.8912888
1395;2.27928;-0.19153613;12.076353
1396;1.9728222;-1.091756;11.750742
1397;-2.3080103;0.9864111;6.244078
1398;2.528277;-0.23942018;6.5026517
1399;4.10845;-1.4939818;12.469003
1400;-3.1124623;-2.231396;15.006856
1401;-1.2641385;-1.7621324;9.442732
1402;0.7469909;-0.8714894;9.126697
1403;0.0;-0.46926352;11.061212
1404;1.3120226;-0.91937345;10.342952
1405;3.86903;-1.091756;14.010868
1406;2.6048915;-1.4173675;15.294161
1407;-1.1204864;-0.58418524;11.329363
1408;-1.1109096;0.12449849;8.532935
1409;0.47884035;0.34476504;8.37013
1410;-0.6895301;0.02873042;10.764331
1411;-0.5267244;-0.2873042;10.553641
1412;-2.5474305;0.36391866;7.881712
1413;-0.8523358;0.6895301;7.7572136
1414;1.3790601;0.94810385;8.226477
1415;1.0726024;1.091756;8.00621
1416;2.0398598;0.7565677;8.437167
1417;1.6184803;0.7565677;9.193734
1418;-1.1875241;0.11492168;9.969456
1419;-1.4269443;0.095768064;9.749189
1420;0.7565677;0.34476504;7.2687964
1421;-0.59376204;0.16280572;7.249643
1422;-0.9864111;-0.009576807;10.572795
1423;-0.6895301;-0.047884032;9.682152
1424;-0.35434186;0.15322891;7.843405
1425;-0.02873042;0.0;9.011775
1426;-0.15322891;0.19153613;8.42759
1427;1.2545617;0.047884032;10.457873
1428;-0.11492168;-0.30645782;13.761871
1429;-1.1300632;-0.06703765;11.166556
1430;1.9153614;-0.63206923;8.772355
1431;1.292869;-1.1779473;13.101071
1432;-1.4173675;-1.9632454;15.725117
1433;0.8810662;-1.6184803;12.98615
1434;-0.19153613;0.6991069;8.082825
1435;-2.4229321;0.9864111;8.504205
1436;2.4420857;0.02873042;11.032481
1437;0.05746084;0.1340753;11.319786
1438;-1.1971009;1.0726024;8.820239
1439;-0.45010993;1.6184803;7.431602
1440;-0.05746084;1.4652514;9.002198
1441;2.2026656;0.11492168;9.289502
1442;2.777274;0.10534488;10.879252
1443;1.4269443;0.06703765;10.716447
1444;1.2162545;0.6703765;7.642292
1445;-0.6512229;1.1875241;5.2385135
1446;-0.9672575;0.60333884;10.28549
1447;0.78529817;-1.6472107;11.951855
1448;-3.5434184;0.17238252;7.383718
1449;0.047884032;-0.5746084;8.322245
1450;2.6144683;-0.2777274;11.645397
1451;1.3790601;-0.80445176;12.871228
1452;1.7812861;-1.3599066;11.070788
1453;1.3311762;-1.0247183;10.247183
1454;2.7964275;-1.0055647;9.069236
1455;-0.095768064;0.94810385;8.801085
1456;1.4939818;-0.05746084;6.540959
1457;1.484405;-1.0821792;10.01734
1458;-3.6487634;-0.7278373;11.511322
1459;0.31603462;-0.16280572;8.619126
1460;0.10534488;0.5363012;6.742072
1461;-2.3463178;-0.038307227;9.595961
1462;1.532289;-0.8523358;11.865664
1463;2.7389667;-1.7525556;12.871228
1464;0.0;-0.2681506;11.808203
1465;-0.82360536;0.48841715;8.149862
1466;0.58418524;0.63206923;7.824251
1467;2.5474305;-0.8714894;11.693281
1468;0.7278373;-1.541866;14.403518
1469;-0.78529817;-1.0151415;9.471462
1470;1.340753;0.21068975;6.445191
1471;1.0534488;0.63206923;8.350976
1472;-1.8579005;-0.6799533;10.036493
1473;-0.22026655;-1.1109096;12.852075
1474;0.49799395;-0.78529817;10.524911
1475;-0.82360536;1.1587936;7.345411
1476;3.3997664;0.7182605;6.6271505
1477;2.2026656;-1.4269443;12.488156
1478;1.2162545;-1.7621324;15.342045
1479;1.6376339;-2.0111294;11.195287
1480;-2.5474305;-0.019153614;9.346964
1481;-1.043872;0.11492168;8.494628
1482;1.292869;-0.24899697;9.77792
1483;0.8714894;-1.2545617;12.449849
1484;-3.9456444;-0.08619126;11.856087
1485;-0.4405331;0.2777274;5.947197
1486;3.0550013;1.6663644;6.38773
1487;0.48841715;0.6512229;10.457873
1488;2.4899697;-0.8619126;11.57836
1489;1.8291701;0.2681506;8.178593
1490;-1.4652514;1.1109096;8.7053175
1491;-2.1260512;0.39264908;9.481039
1492;0.30645782;-0.21068975;8.408437
1493;-0.7565677;-0.38307226;9.088389
1494;-1.4652514;-0.59376204;10.888829
1495;1.2545617;-0.37349546;8.590396
1496;0.4405331;0.6607997;8.341399
1497;-1.3215994;0.545878;8.379706
1498;-0.10534488;0.45968673;8.791509
1499;-0.5363012;0.37349546;11.15698
1500;3.2273839;-1.1683705;12.11466
1501;1.1492168;0.5267244;9.892841
1502;0.7661445;0.59376204;7.881712
1503;1.3120226;0.2777274;9.184157
1504;0.7182605;-0.2873042;13.168109
1505;-3.217807;0.2777274;9.950302
1506;-3.1794999;1.4748282;7.431602
1507;0.842759;1.7429788;7.2687964
1508;-0.05746084;1.0055647;10.362105
1509;2.6240451;-1.0630256;12.229582
1510;0.4213795;-0.23942018;11.951855
1511;1.982399;-1.1779473;10.850522
1512;0.20111294;-0.36391866;10.0269165
1513;-0.545878;-0.19153613;8.0924015
1514;2.1547816;-0.038307227;8.073248
1515;1.3215994;-0.7086837;12.028469
1516;-2.681506;-1.292869;12.5264635
1517;0.23942018;-0.39264908;8.580819
1518;-1.7046716;1.4556746;4.0318356
1519;1.3599066;-0.17238252;10.898406
1520;3.7924154;-1.0630256;15.045163
1521;-0.08619126;-0.45968673;13.838486
1522;1.2162545;-0.5363012;8.7053175
1523;1.6089035;0.1340753;8.829816
1524;0.10534488;0.11492168;10.218452
1525;0.20111294;-0.31603462;9.414001
1526;-0.24899697;0.22026655;9.136273
1527;-4.2425256;0.17238252;8.475474
1528;-1.5035586;0.641646;6.847417
1529;1.0821792;1.0534488;6.3111157
1530;2.767697;-0.16280572;10.103531
1531;1.0055647;-0.24899697;11.3964
1532;0.6895301;0.21068975;10.381259
1533;3.9935284;-0.6895301;9.528923
1534;1.292869;-0.80445176;12.124237
1535;-1.13964;-1.0726024;11.63582
1536;2.1547816;-1.4460979;10.113108
1537;-0.81402856;0.18195933;9.232041
1538;-3.323152;0.047884032;10.28549
1539;1.1492168;-0.62249243;8.24563
1540;1.3790601;-0.7565677;8.264784
1541;0.10534488;-1.340753;10.46745
1542;-0.36391866;-0.4405331;9.854534
1543;3.6296098;0.18195933;7.690176
1544;1.4652514;0.24899697;9.136273
1545;-2.432509;-0.6703765;13.053187
1546;1.9249382;-1.4652514;11.722012
1547;-0.8619126;-0.45010993;8.485051
1548;-2.0398598;-0.41180268;10.783484
1549;2.3463178;-0.06703765;10.036493
1550;1.6376339;-0.1340753;8.1402855
1551;1.6184803;-0.35434186;13.733141
1552;1.4077905;-0.58418524;14.068329
1553;-3.3806129;0.45968673;8.034941
1554;-1.8483237;0.38307226;5.544971
1555;1.0151415;-0.47884035;12.612655
1556;-0.8331822;-0.8523358;12.98615
1557;0.5746084;0.32561144;7.5561004
1558;2.4420857;1.8866309;12.162544
1559;3.5529952;1.091756;12.287044
1560;2.0973208;1.4939818;8.494628
1561;2.4133554;1.043872;6.531382
1562;0.7086837;0.63206923;9.136273
1563;-2.0973208;1.1683705;11.980585
1564;-3.4284968;1.0342951;5.631162
1565;-1.532289;0.2681506;1.8004397
1566;-1.2641385;-0.5267244;10.065224
1567;0.60333884;-1.7142484;12.239159
1568;1.1779473;0.59376204;8.283937
1569;-0.32561144;1.6567876;6.349423
1570;2.087744;0.9672575;8.350976
1571;0.58418524;0.047884032;10.505757
1572;1.043872;-1.5897499;10.994174
1573;0.24899697;-0.37349546;11.769896
1574;-3.9552212;-0.2681506;11.262324
1575;-0.45010993;0.50757074;8.00621
1576;3.0358477;0.8331822;7.7667904
1577;-0.46926352;0.12449849;12.717999
1578;0.22026655;-0.4309563;14.33648
1579;-0.5267244;1.1492168;9.212888
1580;-3.3423057;2.078167;6.0142345
1581;-1.9728222;2.6910827;9.605537
1582;2.585738;0.8714894;9.873688
1583;2.930503;-0.18195933;9.892841
1584;-0.4405331;0.33518824;12.938266
1585;0.10534488;-0.62249243;9.701305
1586;3.2752678;-0.45010993;7.52737
1587;1.2737153;-0.91937345;12.77546
1588;-1.6184803;-0.37349546;12.210428
1589;-0.16280572;-0.05746084;8.293514
1590;-1.484405;0.5746084;9.385271
1591;0.7182605;-0.51714754;10.97502
1592;2.815581;0.038307227;11.118672
1593;-1.7046716;1.685518;9.940725
1594;3.1507695;0.61291564;9.969456
1595;1.292869;0.39264908;11.616667
1596;-2.3080103;1.283292;9.892841
1597;4.9703627;0.58418524;5.985504
1598;0.038307227;1.2545617;8.916007
1599;-1.8866309;0.5363012;9.414001
1600;0.7278373;0.4309563;6.799533
1601;0.18195933;-0.38307226;4.405331
1602;-3.7732618;0.5746084;9.3661175
1603;1.6280571;-1.13964;11.405977
1604;6.081272;-0.62249243;8.829816
1605;-0.78529817;0.60333884;9.998186
1606;-0.842759;-1.1683705;9.758766
1607;3.2848446;-1.5705963;9.691729
1608;0.545878;-0.4309563;10.208876
1609;-2.7964275;-0.21068975;9.174581
1610;1.292869;-0.18195933;7.4986396
1611;0.90021986;0.02873042;8.63828
1612;-4.2904096;-0.40222588;11.769896
1613;1.1492168;-1.292869;13.369223
1614;3.1028855;-0.7757214;10.793061
1615;-1.484405;-0.21068975;10.304645
1616;0.94810385;-0.8331822;12.028469
1617;2.719813;-1.043872;13.934254
1618;0.02873042;-0.545878;11.654974
1619;1.5610195;0.06703765;10.113108
1620;-0.33518824;0.7565677;10.754754
1621;-0.22026655;0.59376204;7.728483
1622;2.528277;0.48841715;9.193734
1623;-1.5801731;0.009576807;11.702858
1624;-2.4420857;-0.17238252;9.050082
1625;2.3558946;-0.22026655;5.2959743
1626;-0.48841715;0.095768064;10.965444
1627;2.078167;-1.1109096;12.095507
1628;2.9783869;-0.2873042;9.56723
1629;2.183512;-0.47884035;9.662998
1630;0.46926352;-0.545878;10.764331
1631;-0.5554548;-0.90021986;10.716447
1632;1.436521;-1.2449849;9.509769
1633;-1.8387469;-0.8619126;10.965444
1634;-0.90021986;-0.7565677;10.67814
1635;2.0590134;0.02873042;8.37013
1636;-0.37349546;0.20111294;7.680599
1637;2.8060043;-0.545878;12.11466
1638;-0.9959879;0.23942018;11.15698
1639;-0.50757074;1.1683705;6.0238113
1640;-0.7278373;1.8962077;4.5681367
1641;0.45968673;0.81402856;9.3661175
1642;0.30645782;0.7374141;9.720459
1643;-1.6280571;0.38307226;6.1195793
1644;-0.80445176;0.21068975;10.007763
1645;-0.9576807;0.34476504;11.36767
1646;0.7757214;0.48841715;7.536947
1647;1.3982137;-0.2777274;9.749189
1648;-1.7812861;-0.06703765;13.627796
1649;1.091756;0.7469909;9.624691
1650;2.6623523;0.22984336;8.887277
1651;-0.59376204;-0.08619126;14.441825
1652;-0.80445176;-1.4652514;15.71554
1653;4.548983;-2.3654714;11.587936
1654;-1.6376339;-0.9864111;12.545617
1655;-2.3463178;0.15322891;14.719552
1656;5.5162406;-0.40222588;9.844957
1657;-2.2601264;1.8962077;6.943185
1658;0.1436521;-0.7565677;14.001291
1659;3.083732;-0.8619126;11.128249
1660;-1.8770541;2.3942018;4.0222588
1661;-2.2026656;1.1683705;3.7253778
1662;1.0630256;0.0;8.6574335
1663;2.0685902;-0.4213795;10.400413
1664;-1.6089035;0.047884032;9.892841
1665;1.8387469;-0.45010993;8.207323
1666;2.2984335;1.2545617;8.820239
1667;-1.4173675;0.32561144;9.107543
1668;0.6799533;-0.6703765;11.923124
1669;-0.15322891;-0.45968673;11.137826
1670;-2.2984335;-0.11492168;8.954314
1671;-1.1875241;0.34476504;7.153875
1672;0.6512229;0.22026655;8.781932
1673;-0.1340753;-0.34476504;13.244724
1674;-0.21068975;-1.2066777;14.298173
1675;1.8962077;-0.48841715;9.14585
1676;0.047884032;1.2354081;5.3342814
1677;1.5897499;0.7469909;9.605537
1678;2.231396;-0.36391866;12.957419
1679;-1.2258313;-0.21068975;8.791509
1680;-0.8810662;0.60333884;6.129156
1681;-0.7374141;0.78529817;7.3166804
1682;-0.19153613;0.0;10.132261
1683;-0.38307226;0.12449849;10.28549
1684;0.047884032;-0.25857377;10.103531
1685;2.1068976;-0.45968673;7.9487495
1686;-2.528277;1.5705963;6.1866174
1687;3.3901896;0.22984336;7.575254
1688;4.453215;-1.0630256;15.294161
1689;-5.650316;-1.2449849;14.326903
1690;-0.1340753;-0.842759;7.795521
1691;5.00867;-0.4405331;10.764331
1692;-3.6296098;-0.076614454;14.068329
1693;0.7757214;-2.0398598;13.579912
1694;5.5641246;-0.9768343;11.18571
1695;-2.4612393;0.4213795;8.00621
1696;-2.030283;0.45968673;9.643845
1697;3.2752678;-0.49799395;9.739613
1698;-2.1260512;-0.34476504;11.597513
1699;-2.231396;-1.8291701;12.220005
1700;0.7757214;-0.51714754;11.60709
1701;-0.24899697;0.2777274;7.9870567
1702;-0.22026655;0.82360536;9.548077
1703;2.4229321;-0.21068975;11.722012
1704;-0.36391866;1.2545617;10.371682
1705;-1.6663644;1.7621324;4.4723687
1706;1.4556746;2.078167;5.717354
1707;0.79487497;1.2066777;9.212888
1708;-2.882619;1.2545617;9.289502
1709;2.0494366;0.17238252;7.6135616
1710;-1.1492168;0.51714754;8.408437
1711;-4.0414124;0.16280572;11.089942
1712;2.7485435;-0.7086837;11.501745
1713;3.074155;-0.48841715;10.7356
1714;-1.7238252;-1.292869;12.229582
1715;0.11492168;-1.3694834;11.9135475
1716;3.9073372;-1.1875241;9.873688
1717;2.5570073;-0.08619126;9.672575
1718;0.8810662;-0.33518824;13.397953
1719;2.5761611;-0.5650316;11.15698
1720;0.45010993;0.6991069;7.4986396
1721;-3.2369606;0.51714754;11.137826
1722;-0.9672575;-0.7661445;10.754754
1723;-2.0973208;0.6703765;8.839393
1724;-1.9440918;0.16280572;8.647857
1725;0.8331822;0.45968673;12.181698
1726;1.5610195;1.1587936;9.030929
1727;1.2641385;1.1587936;6.033388
1728;3.016694;0.31603462;11.769896
1729;-1.0247183;-0.047884032;12.708423
1730;-0.80445176;0.2777274;6.244078
1731;2.4133554;0.02873042;7.632715
1732;-1.2066777;-0.009576807;12.50731
1733;-0.009576807;-0.5554548;12.564771
1734;2.480393;0.23942018;7.785944
1735;-2.480393;1.0055647;8.63828
1736;-4.0414124;0.8331822;8.504205
1737;3.2752678;0.29688102;7.1347213
1738;-0.50757074;1.1683705;8.992621
1739;-1.8579005;-0.06703765;9.682152
1740;2.0685902;0.20111294;7.9391727
1741;-0.33518824;0.78529817;7.4028716
1742;-0.545878;0.23942018;10.400413
1743;0.4309563;-0.31603462;11.233594
1744;0.35434186;-0.2873042;10.601525
1745;0.19153613;-1.6759412;11.482592
1746;1.6280571;-1.8483237;12.354081
1747;-0.35434186;-0.45968673;10.151415
1748;2.2984335;0.009576807;8.992621
1749;0.40222588;0.37349546;9.816227
1750;-1.8195933;-0.12449849;11.951855
1751;-0.1436521;-0.2873042;11.760319
1752;0.6703765;-1.0342951;10.534488
1753;-0.17238252;0.59376204;9.624691
1754;0.78529817;0.7086837;8.992621
1755;-0.24899697;1.5801731;11.329363
1756;0.038307227;0.8523358;11.3964
1757;0.24899697;1.1683705;7.776367
1758;1.6567876;1.8004397;8.561666
1759;-0.6895301;1.7621324;9.088389
1760;0.9672575;-0.47884035;10.534488
1761;-1.3215994;0.8714894;11.741165
1762;-3.41892;1.0726024;10.601525
1763;1.4077905;1.0151415;7.1347213
1764;1.1779473;2.4420857;10.620679
1765;1.2354081;0.34476504;14.738706
1766;0.06703765;0.0;13.713987
1767;-0.24899697;0.6607997;12.5743475
1768;0.48841715;0.81402856;7.929596
1769;-2.920926;1.541866;9.461885
1770;-1.6567876;-0.047884032;9.509769
1771;2.3463178;0.22026655;11.176133
1772;0.36391866;0.9768343;11.903971
1773;-0.6991069;1.3982137;8.073248
1774;2.9879637;2.1068976;7.9008656
1775;3.572149;1.13964;10.869676
1776;-1.2066777;0.78529817;12.363658
1777;0.019153614;1.7046716;9.222465
1778;1.4269443;1.8866309;5.803545
1779;2.384625;1.9536686;7.28795
1780;-0.17238252;1.6472107;12.124237
1781;1.3311762;0.23942018;9.069236
1782;-3.466804;0.9576807;10.208876
1783;-1.0247183;1.3599066;9.337387
1784;2.8538885;1.091756;10.6398325
1785;0.8523358;0.89064306;10.505757
1786;-0.7469909;0.81402856;8.858546
1787;-1.1109096;0.78529817;11.300632
1788;-1.9440918;1.3599066;11.042058
1789;-0.8619126;2.3463178;6.5122285
1790;1.8962077;2.6719291;5.0278234
1791;2.327164;1.3599066;9.615114
1792;0.79487497;0.5650316;9.988609
1793;0.019153614;-0.11492168;10.342952
1794;-0.21068975;0.5746084;10.898406
1795;2.8921957;0.90979666;10.180145
1796;2.2218192;0.91937345;10.457873
1797;1.9057846;0.2777274;12.650962
1798;-0.1436521;0.38307226;11.60709
1799;-3.5625722;1.2737153;7.785944
1800;-0.8810662;1.4652514;8.494628
1801;1.0151415;1.9057846;11.84651
1802;4.912902;1.340753;9.77792
1803;0.31603462;2.1930888;7.785944
1804;1.8291701;1.3790601;9.509769
1805;0.89064306;1.2545617;11.329363
1806;-0.50757074;1.1013328;10.67814
1807;1.0151415;0.4309563;11.080365
1808;-2.1547816;1.4652514;11.319786
1809;1.0630256;1.6759412;8.66701
1810;0.5267244;1.484405;10.04607
1811;-1.3120226;0.17238252;12.26789
1812;0.19153613;0.48841715;12.545617
1813;-0.33518824;0.90979666;10.649409
1814;-0.49799395;1.1300632;10.151415
1815;2.6527755;1.3311762;9.212888
1816;1.6089035;2.3558946;8.24563
1817;0.038307227;1.3024458;7.9008656
1818;-1.733402;0.5554548;10.553641
1819;-0.7661445;0.60333884;9.864111
1820;-2.0590134;0.6991069;9.030929
1821;-0.48841715;0.34476504;10.5919485
1822;1.1013328;1.934515;8.523358
1823;1.0726024;2.0494366;6.435614
1824;0.37349546;1.3694834;9.921572
1825;-0.89064306;1.0630256;13.283031
1826;-1.2354081;0.50757074;8.063671
1827;-1.1875241;1.5514427;8.00621
1828;0.4309563;1.6376339;11.951855
1829;3.5338416;0.4405331;10.04607
1830;2.7389667;1.1013328;7.2209125
1831;-3.4763808;1.3215994;9.222465
1832;0.2777274;0.51714754;10.0748005
1833;-1.1779473;0.61291564;9.059659
1834;-3.3135753;0.5746084;12.459426
1835;2.1643584;0.7182605;12.641385
1836;1.8674773;1.7717092;8.781932
1837;-0.31603462;2.1452048;7.1347213
1838;1.2354081;0.82360536;11.942278
1839;0.1340753;0.6895301;13.742718
1840;0.02873042;0.15322891;10.515334
1841;-1.3215994;1.1971009;9.500193
1842;2.5187001;-0.095768064;10.965444
1843;3.3997664;0.5746084;11.654974
1844;0.5650316;0.9959879;11.999739
1845;1.8195933;0.48841715;8.6574335
1846;-1.1204864;0.7757214;11.415554
1847;-2.0398598;0.21068975;10.448297
1848;0.49799395;0.9576807;7.335834
1849;-2.384625;2.1068976;9.3661175
1850;1.8674773;-0.009576807;13.819332
1851;0.39264908;2.1547816;10.228029
1852;0.94810385;2.681506;5.7365074
1853;-1.0342951;2.9975405;6.5218053
1854;2.882619;1.4748282;9.940725
1855;-0.9768343;1.982399;11.884817
1856;-2.2984335;0.9576807;8.887277
1857;1.541866;1.13964;9.720459
1858;0.6895301;1.2641385;10.228029
1859;1.9536686;1.1109096;10.1226845
1860;2.5091233;0.81402856;9.701305
1861;-2.6048915;0.59376204;10.409989
1862;-1.1013328;0.019153614;12.220005
1863;-0.019153614;0.076614454;10.764331
1864;-1.9632454;0.009576807;13.072341
1865;0.7374141;0.15322891;12.785037
1866;3.4572272;0.038307227;11.731588
1867;1.934515;1.2066777;10.036493
1868;0.11492168;1.6184803;9.471462
1869;2.5187001;1.2162545;8.408437
1870;-2.7102363;0.93852705;9.212888
1871;-5.133168;0.93852705;9.32781
1872;0.58418524;0.6799533;6.2249246
1873;-0.81402856;1.9536686;6.655881
1874;0.51714754;1.4939818;10.381259
1875;5.094861;0.641646;9.787497
1876;0.9864111;2.5761611;6.6271505
1877;0.78529817;1.1971009;8.848969
1878;2.8443117;0.21068975;11.654974
1879;-3.9360676;0.59376204;9.844957
1880;-2.6048915;0.38307226;7.7189064
1881;-2.9496565;0.30645782;9.892841
1882;-1.2449849;-0.30645782;12.679692
1883;0.19153613;-0.009576807;12.181698
1884;0.40222588;0.6799533;10.869676
1885;1.8195933;1.2449849;10.965444
1886;3.5625722;0.6703765;12.220005
1887;0.08619126;1.2737153;10.582372
1888;0.40222588;0.61291564;10.448297
1889;-0.15322891;0.60333884;11.827356
1890;-1.8100165;0.39264908;11.15698
1891;-1.3599066;0.61291564;9.404425
1892;-1.6950948;0.78529817;9.615114
1893;0.60333884;1.043872;10.132261
1894;2.1739352;1.1779473;9.069236
1895;0.34476504;1.5705963;9.107543
1896;3.3901896;1.1971009;10.563218
1897;2.1068976;1.043872;10.658986
1898;0.641646;0.59376204;9.299079
1899;1.0726024;0.48841715;9.490616
1900;0.35434186;0.45968673;8.523358
1901;-0.5554548;0.095768064;9.605537
1902;-1.2162545;0.4405331;9.902418
1903;-0.10534488;1.1300632;7.603985
1904;0.10534488;1.3503298;8.111555
1905;0.90979666;1.2449849;9.279925
1906;1.13964;1.0726024;8.465898
1907;0.2681506;1.2545617;9.414001
1908;1.8291701;0.59376204;10.840945
1909;0.6895301;0.81402856;9.576807
1910;0.48841715;0.6895301;10.132261
1911;0.6703765;0.48841715;12.26789
1912;-0.35434186;0.22984336;11.022904
1913;-0.7757214;0.29688102;10.515334
1914;0.22984336;0.4213795;11.779472
1915;-0.38307226;1.1109096;11.281479
1916;-0.34476504;1.3120226;9.174581
1917;1.3120226;0.94810385;11.070788
1918;-0.06703765;1.1683705;12.287044
1919;1.9919758;0.6991069;11.980585
1920;1.1204864;0.91937345;11.3964
1921;-1.1971009;1.388637;10.515334
1922;2.087744;1.2545617;9.595961
1923;-0.21068975;1.5131354;8.916007
1924;-2.1164744;1.388637;10.371682
1925;1.934515;1.13964;8.963891
1926;-1.6567876;2.27928;6.215348
1927;-1.2162545;1.9153614;8.695741
1928;1.2258313;1.436521;10.266336
1929;-2.2697031;2.2122424;8.255207
1930;1.1204864;1.5131354;8.015787
1931;0.58418524;1.484405;10.697293
1932;0.9959879;1.3790601;10.764331
1933;2.5187001;1.292869;10.228029
1934;-0.90021986;1.8004397;9.528923
1935;1.5035586;1.0151415;11.3964
1936;-0.6512229;1.541866;11.21444
1937;-1.1492168;1.2354081;8.858546
1938;0.59376204;1.4077905;9.854534
1939;0.22984336;1.5514427;9.902418
1940;0.41180268;1.6472107;9.452309
1941;0.076614454;1.484405;8.868123
1942;0.19153613;1.532289;8.599973
1943;0.6895301;1.2545617;9.097966
1944;-0.21068975;1.0726024;9.988609
1945;-0.009576807;0.6607997;9.768343
1946;-0.12449849;0.6895301;9.442732
1947;0.02873042;0.47884035;10.342952
1948;0.24899697;0.25857377;10.5919485
1949;0.25857377;0.24899697;10.515334
1950;0.17238252;0.1340753;10.888829
1951;0.047884032;0.1340753;10.342952
1952;0.095768064;0.12449849;10.43872
1953;-0.21068975;0.2873042;10.295067
1954;0.009576807;0.29688102;9.998186
1955;0.076614454;0.5746084;9.32781
1956;-0.23942018;0.81402856;9.107543
1957;0.02873042;0.79487497;8.8777
1958;-0.30645782;1.0151415;8.801085
1959;-0.2681506;0.90021986;9.346964
1960;-0.4309563;0.8714894;9.557653
1961;0.31603462;0.9576807;9.864111
1962;0.5554548;0.8331822;10.486604
1963;0.35434186;0.7565677;9.873688
1964;0.8810662;0.45968673;10.419566
1965;0.5363012;0.16280572;11.291056
1966;0.22026655;-0.1340753;11.616667
1967;0.40222588;-0.16280572;11.128249
1968;0.37349546;-0.06703765;11.032481
1969;0.8619126;-0.16280572;10.955867
1970;0.4213795;0.1340753;10.314221
1971;0.1340753;0.2681506;9.662998
1972;0.50757074;0.36391866;9.433155
1973;0.46926352;0.36391866;9.5385
1974;0.33518824;0.5363012;9.308656
1975;0.81402856;0.5554548;8.925584
1976;0.11492168;0.61291564;9.11712
1977;0.48841715;0.6991069;9.279925
1978;0.5267244;0.80445176;9.088389
1979;0.11492168;0.9576807;9.394848
1980;0.641646;0.842759;9.701305
1981;0.1436521;0.94810385;9.346964
1982;0.2873042;0.842759;9.911995
1983;0.51714754;0.6991069;10.505757
1984;0.1340753;0.5650316;10.093954
1985;0.1436521;0.6991069;10.534488
1986;0.095768064;0.7565677;10.745177
1987;0.23942018;1.0247183;10.390836
1988;-0.18195933;1.0055647;10.333375
1989;-0.1340753;1.2162545;10.400413
1990;0.009576807;1.3120226;9.873688
1991;-0.1436521;1.3694834;10.055647
1992;-0.038307227;1.4269443;10.477027
1993;0.33518824;1.7142484;9.758766
1994;0.21068975;1.7717092;9.701305
1995;0.1340753;1.7908629;10.208876
1996;0.2873042;1.982399;9.605537
1997;0.38307226;2.1164744;9.289502
1998;0.24899697;2.1452048;9.998186
1999;0.2777274;2.1452048;9.423578
2000;0.34476504;2.2697031;9.385271
2001;0.2873042;2.327164;9.864111
2002;0.25857377;2.3080103;9.557653
2003;0.6991069;2.3080103;9.346964
2004;0.22984336;2.4229321;10.1226845
2005;0.24899697;2.4229321;9.56723
2006;0.5650316;2.4133554;9.136273
2007;0.24899697;2.4516625;9.883265
2008;0.20111294;2.2984335;10.0269165
2009;0.19153613;2.2697031;9.490616
2010;0.25857377;2.3558946;9.739613
2011;0.16280572;2.087744;10.036493
2012;0.06703765;2.0015526;9.998186
2013;0.22984336;1.9440918;9.921572
2014;0.08619126;1.8004397;9.911995
2015;0.038307227;1.6280571;9.844957
2016;0.06703765;1.5035586;10.055647
2017;0.0;1.4269443;9.950302
2018;0.48841715;1.3503298;9.825804
2019;0.15322891;1.3120226;9.959879
2020;0.32561144;1.2258313;10.170568
2021;0.45010993;1.1779473;9.768343
2022;-0.076614454;1.091756;9.80665
2023;0.60333884;0.8810662;10.160992
2024;0.08619126;1.1109096;10.400413
2025;-0.047884032;0.6991069;9.816227
2026;0.24899697;0.5650316;9.940725
2027;0.23942018;0.45010993;10.103531
2028;0.34476504;0.48841715;10.01734
2029;0.21068975;0.35434186;10.0269165
2030;0.30645782;0.41180268;9.988609
2031;0.32561144;0.31603462;9.911995
2032;0.2873042;0.30645782;9.959879
2033;0.29688102;0.29688102;9.825804
2034;0.2681506;0.2681506;9.864111
2035;0.2681506;0.25857377;9.911995
2036;0.2777274;0.25857377;9.816227
2037;0.30645782;0.22026655;9.902418
2038;0.31603462;0.17238252;9.940725
2039;0.2873042;0.16280572;9.883265
2040;0.31603462;0.19153613;9.911995
2041;0.23942018;0.12449849;9.854534
2042;0.2873042;0.11492168;9.902418
2043;0.23942018;0.11492168;9.931149
2044;0.23942018;0.047884032;9.835381
2045;0.22026655;0.10534488;9.931149
2046;0.17238252;0.0;9.883265
2047;0.22026655;0.05746084;9.902418
2048;0.22026655;0.02873042;9.931149
2049;0.19153613;0.038307227;9.883265
2050;0.24899697;0.047884032;9.883265
2051;0.16280572;0.047884032;9.883265
2052;0.23942018;0.06703765;9.854534
2053;0.22984336;0.05746084;9.892841
2054;0.22026655;0.076614454;9.883265
2055;0.2777274;0.06703765;9.940725
2056;0.22984336;0.05746084;9.835381
2057;0.24899697;0.0;9.883265
2058;0.21068975;0.009576807;9.931149
2059;0.22984336;0.038307227;9.864111
2060;0.22026655;0.038307227;9.835381
2061;0.23942018;0.0;9.892841
2062;0.24899697;0.076614454;9.873688
2063;0.20111294;0.06703765;9.902418
2064;0.24899697;0.009576807;9.873688
2065;0.22026655;0.009576807;9.921572
2066;0.22026655;0.02873042;9.902418
2067;0.25857377;0.076614454;9.844957
2068;0.22026655;0.08619126;9.883265
2069;0.22984336;0.095768064;9.854534
2070;0.24899697;0.019153614;9.873688
2071;0.22984336;0.02873042;9.892841
2072;0.23942018;0.06703765;9.911995
2073;0.24899697;0.038307227;9.902418
2074;0.20111294;0.019153614;9.864111
2075;0.24899697;0.047884032;9.902418
2076;0.23942018;0.06703765;9.854534
2077;0.23942018;0.05746084;9.844957
2078;0.23942018;0.05746084;9.80665
2079;0.15322891;0.047884032;9.864111
2080;0.2681506;0.08619126;9.873688
2081;0.22026655;0.019153614;9.816227
2082;0.21068975;0.06703765;9.854534
2083;0.22026655;0.009576807;9.873688
2084;0.21068975;0.06703765;9.844957
2085;0.24899697;0.019153614;9.883265
2086;0.25857377;0.095768064;9.931149
2087;0.24899697;0.0;9.931149
2088;0.22026655;0.076614454;9.825804
2089;0.18195933;0.095768064;9.77792
2090;0.21068975;0.08619126;9.873688
2091;0.22026655;0.05746084;9.835381
2092;0.23942018;0.08619126;9.80665
2093;0.21068975;0.02873042;9.911995
2094;0.21068975;0.095768064;9.892841
2095;0.23942018;0.038307227;9.921572
2096;0.18195933;0.05746084;9.921572
2097;0.24899697;0.095768064;9.902418
2098;0.24899697;0.02873042;9.844957
2099;0.21068975;0.019153614;9.902418
2100;0.2681506;0.038307227;9.921572
2101;0.21068975;0.05746084;9.921572
2102;0.22984336;0.076614454;9.892841
2103;0.2681506;0.06703765;9.940725
2104;0.21068975;0.08619126;9.854534
2105;0.2681506;0.02873042;9.80665
2106;0.23942018;0.12449849;9.835381
2107;0.20111294;0.047884032;9.883265
2108;0.24899697;0.08619126;9.844957
2109;0.24899697;0.05746084;9.844957
2110;0.24899697;0.06703765;9.873688
2111;0.21068975;0.047884032;9.950302
2112;0.2777274;0.095768064;9.921572
2113;0.24899697;0.06703765;9.883265
2114;0.20111294;0.009576807;9.873688
2115;0.22984336;0.009576807;9.969456
2116;0.20111294;0.009576807;9.873688
2117;0.22026655;0.10534488;9.854534
2118;0.19153613;0.009576807;9.940725
2119;0.22026655;0.0;9.825804
2120;0.23942018;0.06703765;9.902418
2121;0.17238252;0.038307227;9.873688
2122;0.23942018;0.08619126;9.80665
2123;0.23942018;0.038307227;9.854534
2124;0.22984336;0.038307227;9.873688
2125;0.25857377;0.076614454;9.854534
2126;0.18195933;0.0;9.873688
2127;0.25857377;0.10534488;9.883265
2128;0.2873042;0.06703765;9.950302
2129;0.19153613;0.047884032;9.931149
2130;0.31603462;0.06703765;9.864111
2131;0.24899697;0.095768064;9.921572
2132;0.21068975;0.038307227;9.883265
2133;0.24899697;0.10534488;9.844957
2134;0.24899697;0.0;9.797073
2135;0.24899697;0.009576807;9.902418
2136;0.17238252;0.05746084;9.797073
2137;0.2777274;0.047884032;9.749189
2138;0.17238252;-0.076614454;9.56723
2139;0.15322891;0.076614454;9.873688
2140;0.17238252;0.11492168;9.911995
2141;0.47884035;-0.076614454;10.333375
2142;-0.08619126;-0.095768064;9.3182335
2143;0.22984336;0.047884032;9.988609
2144;0.22026655;0.038307227;9.854534
2145;0.23942018;0.019153614;9.959879
2146;0.16280572;0.0;9.911995
2147;0.24899697;0.019153614;9.873688
2148;0.24899697;0.06703765;9.902418
2149;0.24899697;0.095768064;9.825804
2150;0.24899697;0.1436521;9.80665
2151;0.22984336;0.02873042;9.931149
2152;0.24899697;-0.019153614;9.883265
2153;0.25857377;0.06703765;9.864111
2154;0.20111294;0.019153614;9.816227
2155;0.2681506;0.047884032;9.873688
2156;0.23942018;0.076614454;9.969456
2157;0.1340753;0.038307227;9.873688
2158;0.29688102;0.076614454;9.854534
2159;0.21068975;0.047884032;9.844957
2160;0.17238252;0.06703765;9.911995
2161;0.22984336;0.047884032;9.950302
2162;0.23942018;0.05746084;9.883265
2163;0.24899697;0.05746084;9.892841
2164;0.24899697;0.076614454;9.892841
2165;0.19153613;0.0;9.931149
2166;0.23942018;0.08619126;9.883265
2167;0.24899697;0.019153614;9.931149
2168;0.22984336;0.038307227;9.864111
2169;0.25857377;0.11492168;9.835381
2170;0.24899697;0.05746084;9.892841
2171;0.22984336;0.08619126;9.950302
2172;0.2681506;0.095768064;9.844957
2173;0.24899697;0.06703765;9.892841
2174;0.24899697;0.095768064;9.921572
2175;0.22026655;0.019153614;9.835381
2176;0.22984336;0.12449849;9.844957
2177;0.20111294;0.05746084;9.873688
2178;0.19153613;0.0;9.902418
2179;0.19153613;0.05746084;9.80665
2180;0.22026655;0.02873042;9.911995
2181;0.22026655;0.038307227;9.940725
2182;0.22984336;0.047884032;9.77792
2183;0.24899697;0.038307227;9.854534
2184;0.22984336;-0.019153614;9.988609
2185;0.16280572;0.047884032;10.01734
2186;0.22026655;0.019153614;9.873688
2187;0.21068975;0.02873042;9.80665
2188;0.24899697;0.076614454;9.835381
2189;0.25857377;0.05746084;9.883265
2190;0.20111294;0.05746084;9.998186
2191;0.21068975;0.06703765;9.787497
2192;0.1436521;0.08619126;9.710882
2193;0.32561144;0.019153614;9.902418
2194;0.18195933;0.009576807;9.988609
2195;0.23942018;0.0;10.151415
2196;0.17238252;0.0;9.998186
2197;0.009576807;0.10534488;9.414001
2198;0.63206923;-0.019153614;9.548077
2199;0.17238252;-0.038307227;10.457873
