;ay;ax;az
1;0.50757074;-0.18195933;9.921572
2;0.38307226;-0.39264908;9.519346
3;0.7086837;-0.19153613;10.04607
4;0.25857377;-0.2777274;10.103531
5;0.46926352;-0.29688102;9.758766
6;0.4309563;-0.34476504;9.519346
7;0.24899697;-0.37349546;9.308656
8;0.37349546;-0.33518824;9.720459
9;0.4213795;-0.21068975;10.132261
10;0.34476504;-0.23942018;10.180145
11;0.50757074;-0.21068975;9.797073
12;0.47884035;-0.29688102;9.768343
13;0.4213795;-0.15322891;10.70687
14;0.50757074;0.038307227;11.492168
15;0.10534488;-0.20111294;10.151415
16;0.61291564;-0.4213795;8.264784
17;0.7757214;-0.40222588;8.63828
18;0.047884032;0.11492168;10.97502
19;0.37349546;0.18195933;12.53604
20;1.3694834;0.22984336;10.477027
21;0.22026655;-0.81402856;8.322245
22;0.35434186;-0.22984336;9.77792
23;0.45010993;-0.20111294;9.854534
24;0.4309563;-0.23942018;9.864111
25;0.4213795;-0.2681506;9.825804
26;0.41180268;-0.25857377;9.902418
27;0.4405331;-0.24899697;9.844957
28;0.40222588;-0.22984336;9.797073
29;0.46926352;-0.22984336;9.959879
30;0.36391866;-0.21068975;9.854534
31;0.46926352;-0.2681506;9.80665
32;0.4213795;-0.22026655;9.864111
33;0.46926352;-0.25857377;9.892841
34;0.4213795;-0.21068975;9.892841
35;0.39264908;-0.30645782;9.873688
36;0.40222588;-0.21068975;9.873688
37;0.37349546;-0.24899697;9.816227
38;0.40222588;-0.2777274;9.825804
39;0.36391866;-0.2681506;9.854534
40;0.39264908;-0.2681506;9.883265
41;0.41180268;-0.23942018;9.854534
42;0.4213795;-0.2777274;9.825804
43;0.39264908;-0.2777274;9.768343
44;0.4405331;-0.2681506;9.892841
45;0.41180268;-0.2681506;9.77792
46;0.47884035;-0.25857377;9.931149
47;0.4309563;-0.22984336;9.911995
48;0.4309563;-0.2681506;9.844957
49;0.45968673;-0.2777274;9.864111
50;0.45968673;-0.22984336;9.940725
51;0.46926352;-0.25857377;9.873688
52;0.4309563;-0.22984336;9.77792
53;0.47884035;-0.25857377;9.835381
54;0.40222588;-0.29688102;9.873688
55;0.48841715;-0.18195933;9.940725
56;0.33518824;-0.23942018;9.959879
57;0.31603462;-0.25857377;9.691729
58;0.78529817;-0.17238252;9.969456
59;0.22026655;-0.24899697;9.825804
60;0.39264908;-0.2873042;9.80665
61;0.4309563;-0.22984336;9.892841
62;0.37349546;-0.2777274;9.825804
63;0.4309563;-0.25857377;9.835381
64;0.40222588;-0.21068975;9.9790325
65;0.45010993;-0.2873042;9.825804
66;0.49799395;-0.22026655;9.873688
67;0.35434186;-0.2777274;9.969456
68;0.45010993;-0.15322891;9.873688
69;0.39264908;-0.2681506;9.749189
70;0.4309563;-0.2681506;9.902418
71;0.41180268;-0.2777274;9.835381
72;0.49799395;-0.24899697;9.787497
73;0.35434186;-0.2681506;10.0748005
74;0.4405331;-0.21068975;9.883265
75;0.5267244;-0.2681506;9.528923
76;0.4213795;-0.21068975;9.902418
77;0.2873042;-0.25857377;10.093954
78;0.641646;-0.17238252;9.844957
79;0.35434186;-0.22026655;9.816227
80;0.23942018;-0.31603462;9.682152
81;0.842759;-0.25857377;9.270349
82;0.038307227;-0.095768064;11.080365
83;0.45010993;-0.11492168;10.840945
84;0.63206923;-0.33518824;8.082825
85;0.22984336;-0.39264908;9.433155
86;0.6799533;-0.0;11.453861
87;-0.18195933;-0.1340753;11.061212
88;0.94810385;-0.23942018;9.279925
89;0.50757074;-0.4309563;9.423578
90;-0.61291564;-1.043872;8.111555
91;3.323152;0.49799395;9.002198
92;-2.9113493;-0.46926352;13.819332
93;1.484405;-0.40222588;5.650316
94;0.45968673;-0.2873042;9.873688
95;0.38307226;-0.2777274;9.854534
96;0.4405331;-0.2681506;9.902418
97;0.39264908;-0.24899697;9.825804
98;0.45010993;-0.25857377;9.854534
99;0.39264908;-0.2873042;9.835381
100;0.45010993;-0.22026655;9.797073
101;0.47884035;-0.23942018;9.844957
102;0.40222588;-0.22984336;9.854534
103;0.46926352;-0.23942018;9.921572
104;0.45010993;-0.19153613;9.844957
105;0.4213795;-0.24899697;9.864111
106;0.45010993;-0.21068975;9.854534
107;0.35434186;-0.22984336;9.80665
108;0.46926352;-0.22026655;9.921572
109;0.41180268;-0.23942018;9.854534
110;0.41180268;-0.19153613;9.883265
111;0.4213795;-0.25857377;9.864111
112;0.40222588;-0.22984336;9.931149
113;0.41180268;-0.19153613;9.816227
114;0.4309563;-0.15322891;9.892841
115;0.41180268;-0.2681506;9.816227
116;0.45010993;-0.22984336;9.911995
117;0.40222588;-0.2777274;9.844957
118;0.4405331;-0.22984336;9.825804
119;0.38307226;-0.23942018;9.902418
120;0.41180268;-0.25857377;9.816227
121;0.4213795;-0.22984336;9.873688
122;0.38307226;-0.22026655;9.787497
123;0.4213795;-0.24899697;9.940725
124;0.45010993;-0.22026655;9.883265
125;0.39264908;-0.2777274;9.816227
126;0.4309563;-0.30645782;9.864111
127;0.38307226;-0.2777274;9.854534
128;0.4405331;-0.22026655;9.844957
129;0.4213795;-0.2681506;9.921572
130;0.39264908;-0.31603462;9.854534
131;0.4309563;-0.25857377;9.854534
132;0.39264908;-0.32561144;9.892841
133;0.45010993;-0.25857377;9.864111
134;0.45968673;-0.25857377;9.835381
135;0.40222588;-0.29688102;9.892841
136;0.45010993;-0.23942018;9.864111
137;0.38307226;-0.29688102;9.864111
138;0.47884035;-0.23942018;9.825804
139;0.47884035;-0.2681506;9.80665
140;0.37349546;-0.2777274;9.883265
141;0.45010993;-0.25857377;9.911995
142;0.40222588;-0.2873042;9.854534
143;0.4309563;-0.2681506;9.911995
144;0.4309563;-0.31603462;9.911995
145;0.4213795;-0.21068975;9.80665
146;0.46926352;-0.23942018;9.892841
147;0.40222588;-0.2873042;9.854534
148;0.39264908;-0.29688102;9.940725
149;0.4405331;-0.24899697;9.902418
150;0.35434186;-0.33518824;9.835381
151;0.46926352;-0.25857377;9.873688
152;0.37349546;-0.2681506;9.844957
153;0.45968673;-0.22026655;9.950302
154;0.45010993;-0.20111294;9.854534
155;0.41180268;-0.29688102;9.873688
156;0.47884035;-0.22984336;9.902418
157;0.37349546;-0.22026655;9.80665
158;0.4213795;-0.2873042;9.902418
159;0.4405331;-0.22984336;9.921572
160;0.36391866;-0.24899697;9.864111
161;0.46926352;-0.21068975;9.873688
162;0.40222588;-0.22026655;9.864111
163;0.41180268;-0.18195933;9.80665
164;0.4213795;-0.22984336;9.892841
165;0.38307226;-0.22984336;9.854534
166;0.47884035;-0.19153613;9.835381
167;0.40222588;-0.2777274;9.816227
168;0.4309563;-0.20111294;9.873688
169;0.38307226;-0.19153613;9.921572
170;0.36391866;-0.22026655;9.873688
171;0.4309563;-0.1436521;9.844957
172;0.39264908;-0.25857377;9.883265
173;0.4213795;-0.22026655;9.902418
174;0.46926352;-0.22026655;9.80665
175;0.39264908;-0.19153613;9.873688
176;0.4309563;-0.21068975;9.921572
177;0.40222588;-0.24899697;9.816227
178;0.4405331;-0.23942018;9.902418
179;0.45010993;-0.2777274;9.864111
180;0.36391866;-0.24899697;9.892841
181;0.40222588;-0.21068975;9.892841
182;0.36391866;-0.23942018;9.883265
183;0.40222588;-0.22984336;9.816227
184;0.4405331;-0.2777274;9.902418
185;0.39264908;-0.2681506;9.835381
186;0.4309563;-0.2777274;9.816227
187;0.4213795;-0.36391866;9.892841
188;0.4405331;-0.23942018;9.854534
189;0.39264908;-0.2873042;9.969456
190;0.38307226;-0.31603462;9.844957
191;0.45968673;-0.2777274;9.854534
192;0.4213795;-0.30645782;9.844957
193;0.4309563;-0.30645782;9.844957
194;0.41180268;-0.31603462;9.883265
195;0.35434186;-0.34476504;9.854534
196;0.45010993;-0.34476504;9.931149
197;0.36391866;-0.33518824;9.902418
198;0.4309563;-0.22984336;9.883265
199;0.45968673;-0.2873042;9.844957
200;0.45010993;-0.34476504;9.931149
201;0.4213795;-0.24899697;9.864111
202;0.4213795;-0.2777274;9.921572
203;0.39264908;-0.31603462;9.931149
204;0.46926352;-0.2777274;9.854534
205;0.4213795;-0.31603462;9.950302
206;0.41180268;-0.21068975;9.902418
207;0.39264908;-0.2681506;9.873688
208;0.4213795;-0.25857377;9.883265
209;0.4405331;-0.24899697;9.959879
210;0.40222588;-0.25857377;9.883265
211;0.48841715;-0.21068975;9.883265
212;0.41180268;-0.22984336;9.873688
213;0.39264908;-0.23942018;9.873688
214;0.39264908;-0.19153613;9.959879
215;0.38307226;-0.2873042;9.844957
216;0.40222588;-0.16280572;9.864111
217;0.39264908;-0.18195933;9.883265
218;0.41180268;-0.22984336;9.816227
219;0.47884035;-0.1340753;9.921572
220;0.39264908;-0.18195933;9.854534
221;0.4309563;-0.16280572;9.854534
222;0.41180268;-0.1436521;9.873688
223;0.37349546;-0.18195933;9.883265
224;0.4309563;-0.1436521;9.892841
225;0.36391866;-0.18195933;9.825804
226;0.4405331;-0.18195933;9.892841
227;0.4309563;-0.18195933;9.864111
228;0.38307226;-0.19153613;9.825804
229;0.4309563;-0.19153613;9.873688
230;0.39264908;-0.17238252;9.864111
231;0.4405331;-0.17238252;9.873688
232;0.40222588;-0.20111294;9.921572
233;0.40222588;-0.2873042;9.854534
234;0.45968673;-0.21068975;9.873688
235;0.37349546;-0.22026655;9.883265
236;0.46926352;-0.23942018;9.768343
237;0.45010993;-0.22984336;9.864111
238;0.40222588;-0.2777274;9.892841
239;0.4309563;-0.25857377;9.892841
240;0.38307226;-0.30645782;9.816227
241;0.4309563;-0.20111294;9.921572
242;0.40222588;-0.30645782;9.883265
243;0.4309563;-0.23942018;9.844957
244;0.45010993;-0.25857377;9.940725
245;0.4213795;-0.2873042;9.873688
246;0.4213795;-0.29688102;9.854534
247;0.4405331;-0.30645782;9.835381
248;0.38307226;-0.35434186;9.873688
249;0.45010993;-0.34476504;9.883265
250;0.38307226;-0.41180268;9.883265
251;0.41180268;-0.39264908;9.911995
252;0.40222588;-0.33518824;9.864111
253;0.40222588;-0.40222588;9.892841
254;0.45968673;-0.30645782;9.921572
255;0.4213795;-0.30645782;9.902418
256;0.45968673;-0.34476504;9.844957
257;0.4213795;-0.33518824;9.921572
258;0.4405331;-0.32561144;9.892841
259;0.4405331;-0.36391866;9.959879
260;0.40222588;-0.36391866;9.854534
261;0.4309563;-0.2777274;9.844957
262;0.4213795;-0.25857377;9.931149
263;0.39264908;-0.31603462;9.902418
264;0.45010993;-0.2777274;9.921572
265;0.39264908;-0.2873042;9.873688
266;0.4405331;-0.31603462;9.892841
267;0.40222588;-0.29688102;9.892841
268;0.37349546;-0.30645782;9.864111
269;0.46926352;-0.22984336;9.883265
270;0.41180268;-0.2681506;9.911995
271;0.39264908;-0.25857377;9.902418
272;0.4405331;-0.20111294;9.892841
273;0.4405331;-0.23942018;9.883265
274;0.4309563;-0.21068975;9.892841
275;0.40222588;-0.22984336;9.931149
276;0.40222588;-0.17238252;9.864111
277;0.4309563;-0.1436521;9.892841
278;0.39264908;-0.16280572;9.825804
279;0.41180268;-0.15322891;9.931149
280;0.41180268;-0.16280572;9.844957
281;0.4213795;-0.076614454;9.873688
282;0.41180268;-0.1340753;9.911995
283;0.37349546;-0.17238252;9.854534
284;0.4213795;-0.08619126;9.883265
285;0.45010993;-0.11492168;9.825804
286;0.4309563;-0.076614454;9.892841
287;0.4213795;-0.12449849;9.902418
288;0.40222588;-0.11492168;9.80665
289;0.4405331;-0.095768064;9.950302
290;0.40222588;-0.1340753;9.883265
291;0.4309563;-0.10534488;9.873688
292;0.40222588;-0.076614454;9.854534
293;0.39264908;-0.11492168;9.864111
294;0.46926352;-0.1340753;9.825804
295;0.4213795;-0.17238252;9.864111
296;0.40222588;-0.16280572;9.835381
297;0.45968673;-0.11492168;9.883265
298;0.39264908;-0.22026655;9.892841
299;0.4213795;-0.19153613;9.892841
300;0.36391866;-0.23942018;9.883265
301;0.39264908;-0.22026655;9.864111
302;0.4309563;-0.23942018;9.844957
303;0.41180268;-0.2777274;9.864111
304;0.38307226;-0.32561144;9.902418
305;0.36391866;-0.34476504;9.825804
306;0.46926352;-0.31603462;9.844957
307;0.4309563;-0.29688102;9.921572
308;0.41180268;-0.31603462;9.873688
309;0.4405331;-0.32561144;9.883265
310;0.38307226;-0.36391866;9.902418
311;0.46926352;-0.34476504;9.940725
312;0.40222588;-0.39264908;9.940725
313;0.40222588;-0.41180268;9.883265
314;0.4309563;-0.49799395;9.921572
315;0.41180268;-0.4309563;9.883265
316;0.41180268;-0.45968673;9.883265
317;0.46926352;-0.41180268;9.902418
318;0.39264908;-0.45010993;9.921572
319;0.46926352;-0.41180268;9.902418
320;0.41180268;-0.48841715;9.873688
321;0.45968673;-0.4405331;9.931149
322;0.4309563;-0.4213795;9.969456
323;0.39264908;-0.45010993;9.835381
324;0.4405331;-0.39264908;9.883265
325;0.4213795;-0.4309563;9.931149
326;0.38307226;-0.4213795;9.950302
327;0.4309563;-0.4213795;9.940725
328;0.39264908;-0.4405331;9.864111
329;0.4213795;-0.34476504;9.883265
330;0.38307226;-0.34476504;9.883265
331;0.37349546;-0.35434186;9.883265
332;0.45010993;-0.29688102;9.940725
333;0.4213795;-0.31603462;9.816227
334;0.4309563;-0.30645782;9.892841
335;0.36391866;-0.2777274;9.931149
336;0.4309563;-0.25857377;9.883265
337;0.46926352;-0.19153613;9.854534
338;0.40222588;-0.19153613;9.844957
339;0.4309563;-0.16280572;9.940725
340;0.40222588;-0.1436521;9.911995
341;0.4405331;-0.1340753;9.873688
342;0.45010993;-0.08619126;9.854534
343;0.4213795;-0.11492168;9.844957
344;0.4405331;-0.038307227;9.825804
345;0.4405331;-0.095768064;9.864111
346;0.4309563;-0.047884032;9.931149
347;0.45968673;-0.0;9.940725
348;0.38307226;-0.0;9.959879
349;0.4309563;-0.0;9.931149
350;0.40222588;-0.038307227;9.931149
351;0.37349546;-0.009576807;9.873688
352;0.41180268;-0.0;9.931149
353;0.37349546;-0.0;9.892841
354;0.38307226;0.009576807;9.950302
355;0.41180268;0.038307227;9.921572
356;0.35434186;-0.019153614;9.902418
357;0.40222588;0.019153614;9.9790325
358;0.38307226;-0.0;9.883265
359;0.38307226;-0.0;9.911995
360;0.38307226;-0.009576807;9.883265
361;0.40222588;-0.038307227;9.902418
362;0.39264908;-0.019153614;9.940725
363;0.39264908;-0.02873042;9.883265
364;0.40222588;-0.047884032;9.892841
365;0.40222588;-0.095768064;9.892841
366;0.41180268;-0.076614454;9.844957
367;0.48841715;-0.02873042;9.864111
368;0.4405331;-0.1340753;9.816227
369;0.4405331;-0.1340753;9.844957
370;0.47884035;-0.10534488;9.902418
371;0.4309563;-0.22026655;9.873688
372;0.46926352;-0.22026655;9.873688
373;0.45968673;-0.22026655;9.864111
374;0.45968673;-0.25857377;9.844957
375;0.45968673;-0.20111294;9.902418
376;0.36391866;-0.29688102;9.864111
377;0.46926352;-0.32561144;9.969456
378;0.4213795;-0.35434186;9.844957
379;0.4213795;-0.36391866;9.854534
380;0.45968673;-0.4213795;9.921572
381;0.4405331;-0.50757074;9.950302
382;0.49799395;-0.51714754;9.864111
383;0.40222588;-0.641646;9.864111
384;0.41180268;-0.6607997;9.873688
385;0.41180268;-0.61291564;9.873688
386;0.39264908;-0.7278373;9.816227
387;0.40222588;-0.7374141;9.844957
388;0.30645782;-0.7661445;9.854534
389;0.40222588;-0.79487497;9.892841
390;0.39264908;-0.8331822;9.77792
391;0.38307226;-0.79487497;9.883265
392;0.41180268;-0.79487497;9.883265
393;0.37349546;-0.7757214;9.835381
394;0.37349546;-0.7565677;9.864111
395;0.38307226;-0.8331822;9.911995
396;0.37349546;-0.6512229;9.835381
397;0.46926352;-0.6512229;9.873688
398;0.4213795;-0.6895301;9.864111
399;0.4405331;-0.61291564;9.844957
400;0.37349546;-0.59376204;9.873688
401;0.45010993;-0.545878;9.835381
402;0.46926352;-0.49799395;9.911995
403;0.48841715;-0.45010993;9.940725
404;0.4405331;-0.41180268;9.892841
405;0.5363012;-0.35434186;9.940725
406;0.45968673;-0.34476504;9.921572
407;0.46926352;-0.29688102;9.931149
408;0.46926352;-0.22984336;9.9790325
409;0.5267244;-0.19153613;9.988609
410;0.5363012;-0.12449849;9.892841
411;0.47884035;-0.1340753;9.911995
412;0.47884035;-0.047884032;9.998186
413;0.50757074;-0.08619126;9.940725
414;0.49799395;-0.0;9.883265
415;0.46926352;0.02873042;10.007763
416;0.46926352;-0.0;9.911995
417;0.45968673;0.06703765;10.007763
418;0.40222588;0.047884032;9.892841
419;0.4309563;0.019153614;9.921572
420;0.45010993;-0.0;9.988609
421;0.32561144;0.009576807;9.797073
422;0.36391866;0.038307227;9.911995
423;0.24899697;0.019153614;9.844957
424;0.31603462;0.009576807;9.883265
425;0.33518824;0.038307227;9.959879
426;0.2681506;0.038307227;9.816227
427;0.34476504;0.10534488;9.921572
428;0.31603462;0.08619126;9.854534
429;0.35434186;0.08619126;9.911995
430;0.33518824;0.1436521;9.959879
431;0.2873042;0.12449849;9.969456
432;0.41180268;0.18195933;9.931149
433;0.35434186;0.095768064;9.940725
434;0.38307226;0.08619126;10.01734
435;0.49799395;0.1340753;9.902418
436;0.49799395;0.11492168;9.969456
437;0.47884035;0.1340753;9.940725
438;0.5746084;0.10534488;9.873688
439;0.5650316;0.10534488;9.902418
440;0.545878;0.16280572;9.969456
441;0.50757074;0.22984336;9.873688
442;0.5554548;0.15322891;9.902418
443;0.50757074;0.15322891;10.065224
444;0.545878;0.24899697;9.854534
445;0.6512229;0.30645782;10.007763
446;0.47884035;0.2681506;9.931149
447;0.58418524;0.25857377;9.921572
448;0.47884035;0.21068975;9.921572
449;0.4213795;0.18195933;9.969456
450;0.37349546;0.17238252;10.036493
451;0.24899697;0.11492168;9.969456
452;0.29688102;0.047884032;10.084377
453;0.24899697;0.06703765;9.940725
454;0.22984336;-0.0;9.931149
455;0.23942018;-0.0;9.9790325
456;0.17238252;-0.019153614;10.01734
457;0.25857377;-0.08619126;9.9790325
458;0.23942018;-0.16280572;9.883265
459;0.38307226;-0.25857377;9.864111
460;0.30645782;-0.32561144;9.940725
461;0.41180268;-0.34476504;9.844957
462;0.38307226;-0.36391866;9.883265
463;0.4405331;-0.4405331;9.77792
464;0.6703765;-0.5746084;9.758766
465;0.5554548;-0.5363012;9.998186
466;0.63206923;-0.545878;9.864111
467;0.78529817;-0.7661445;9.854534
468;0.82360536;-0.90979666;9.816227
469;0.82360536;-0.94810385;9.873688
470;0.842759;-1.043872;9.701305
471;0.7374141;-1.0821792;9.959879
472;0.63206923;-1.0055647;10.199299
473;0.5554548;-1.1300632;9.892841
474;0.31603462;-1.292869;9.854534
475;0.22984336;-1.283292;10.132261
476;0.34476504;-1.4269443;9.80665
477;0.22026655;-1.436521;9.80665
478;0.2873042;-1.5801731;9.988609
479;0.31603462;-1.6759412;9.787497
480;0.22026655;-1.6376339;9.394848
481;0.047884032;-1.4652514;9.691729
482;-0.15322891;-1.6567876;9.615114
483;0.22026655;-1.484405;9.385271
484;0.009576807;-1.3120226;9.768343
485;0.22984336;-1.3503298;9.710882
486;0.45010993;-1.283292;9.557653
487;0.16280572;-1.2354081;9.825804
488;0.9768343;-1.043872;10.180145
489;0.41180268;-1.1013328;10.01734
490;1.0151415;-0.90979666;10.199299
491;0.7565677;-0.80445176;10.1226845
492;1.1109096;-0.7278373;10.43872
493;0.94810385;-0.6895301;10.620679
494;0.45968673;-0.59376204;9.9790325
495;1.2449849;-0.5650316;9.873688
496;0.60333884;-0.7182605;10.036493
497;0.46926352;-0.6607997;10.189722
498;0.6512229;-0.40222588;9.739613
499;0.5554548;-0.45010993;9.624691
500;0.5267244;-0.5746084;9.461885
501;0.7661445;-0.48841715;9.423578
502;0.50757074;-0.4213795;9.682152
503;0.076614454;-0.31603462;9.184157
504;0.15322891;-0.17238252;9.193734
505;0.095768064;-0.08619126;9.643845
506;0.019153614;-0.0;9.797073
507;0.4309563;0.1436521;9.682152
508;0.22984336;0.16280572;10.036493
509;0.17238252;0.2681506;10.342952
510;0.36391866;0.30645782;10.151415
511;0.41180268;0.5650316;10.1226845
512;0.30645782;0.45968673;10.141838
513;0.45010993;0.6895301;10.333375
514;0.32561144;0.5650316;10.189722
515;0.41180268;0.79487497;10.189722
516;0.4405331;0.93852705;10.151415
517;0.45968673;1.0055647;10.208876
518;0.47884035;1.1109096;10.151415
519;0.45010993;1.1492168;10.065224
520;0.45010993;1.2449849;10.208876
521;0.4309563;1.3024458;9.959879
522;0.49799395;1.3694834;9.921572
523;0.48841715;1.4173675;9.931149
524;0.48841715;1.436521;9.931149
525;0.5363012;1.4652514;9.940725
526;0.4309563;1.4460979;9.873688
527;0.46926352;1.4556746;10.04607
528;0.45968673;1.436521;9.854534
529;0.40222588;1.436521;9.998186
530;0.33518824;1.5131354;10.141838
531;0.32561144;1.5035586;9.969456
532;0.35434186;1.6089035;9.854534
533;0.30645782;1.6472107;10.199299
534;0.32561144;1.7621324;10.151415
535;0.37349546;1.7717092;10.055647
536;0.22026655;1.8195933;10.065224
537;0.32561144;1.7717092;9.940725
538;0.24899697;1.8674773;9.892841
539;0.1340753;1.9249382;9.921572
540;0.2681506;1.8962077;9.959879
541;0.19153613;1.8387469;9.950302
542;0.41180268;1.7238252;9.844957
543;0.24899697;1.5993267;9.787497
544;0.7661445;1.7142484;10.01734
545;0.49799395;1.6472107;10.180145
546;0.45968673;1.5227122;9.940725
547;0.7757214;1.3503298;9.9790325
548;0.16280572;1.2258313;9.701305
549;0.59376204;1.2449849;9.739613
550;0.18195933;1.1587936;9.921572
551;0.6512229;1.1492168;9.873688
552;0.60333884;0.9959879;9.615114
553;0.82360536;0.8714894;9.720459
554;0.6895301;0.79487497;9.787497
555;0.5554548;0.8523358;9.797073
556;0.60333884;0.80445176;9.615114
557;-0.22984336;0.6895301;9.615114
558;0.12449849;0.8523358;9.950302
559;-0.32561144;0.90979666;9.911995
560;0.2681506;0.9672575;10.275913
561;0.22026655;1.0821792;11.051635
562;0.29688102;1.091756;10.984597
563;0.38307226;1.0247183;10.70687
564;-0.02873042;0.8619126;10.5919485
565;0.24899697;0.7278373;10.496181
566;-0.16280572;0.62249243;10.563218
567;0.37349546;0.5363012;10.314221
568;-0.16280572;0.45010993;9.730036
569;0.7469909;0.5363012;9.643845
570;0.81402856;0.5267244;10.524911
571;0.25857377;0.5363012;10.007763
572;1.934515;0.61291564;9.873688
573;-0.047884032;0.22984336;9.643845
574;1.0151415;0.33518824;8.963891
575;0.9672575;-0.05746084;8.916007
576;-0.32561144;0.076614454;9.107543
577;1.1779473;0.12449849;9.356541
578;0.38307226;-0.18195933;8.743625
579;0.9672575;0.08619126;8.552089
580;1.1013328;0.1436521;9.14585
581;0.8523358;0.47884035;9.232041
582;1.1013328;0.58418524;9.662998
583;0.78529817;0.7086837;9.605537
584;0.51714754;0.7661445;9.270349
585;1.1683705;1.0055647;9.481039
586;0.32561144;1.3311762;10.496181
587;0.39264908;1.5610195;10.381259
588;0.4213795;1.8674773;10.668563
589;-0.22026655;1.9440918;10.180145
590;0.9959879;2.2409728;10.314221
591;-0.076614454;2.2984335;11.310209
592;-0.29688102;2.528277;11.089942
593;0.0;2.5187001;10.218452
594;-1.4939818;2.327164;10.180145
595;0.019153614;2.4037786;9.854534
596;-0.45968673;2.3080103;8.973468
597;0.0;2.4229321;10.160992
598;-0.17238252;1.934515;10.218452
599;-0.2873042;1.6472107;7.9104424
600;0.58418524;1.5131354;8.791509
601;0.23942018;1.5705963;10.534488
602;0.51714754;1.9440918;9.165004
603;0.4213795;1.6280571;8.149862
604;-0.15322891;2.2505496;10.773908
605;0.32561144;2.5091233;11.271901
606;0.15322891;2.0973208;9.394848
607;0.641646;2.336741;10.534488
608;0.34476504;2.6719291;11.224017
609;1.6567876;2.6623523;11.252748
610;1.0726024;2.566584;11.33894
611;-0.37349546;2.4995465;11.147403
612;3.083732;2.825158;11.808203
613;0.5363012;1.7717092;11.798626
614;1.8387469;2.2697031;10.228029
615;1.8387469;2.1930888;10.850522
616;1.0151415;2.4420857;11.750742
617;1.292869;2.0015526;11.18571
618;-0.79487497;1.1683705;9.088389
619;1.0151415;1.4460979;9.11712
620;1.9057846;0.91937345;9.940725
621;0.6512229;0.842759;9.279925
622;1.4556746;0.91937345;10.084377
623;0.47884035;1.0247183;9.720459
624;0.34476504;1.0630256;8.6574335
625;0.22026655;0.9576807;9.232041
626;0.8810662;1.1779473;9.624691
627;0.02873042;0.9768343;9.203311
628;-0.9768343;0.6895301;8.130709
629;1.484405;0.8331822;8.935161
630;-0.05746084;1.1875241;11.080365
631;-1.3120226;1.340753;10.496181
632;0.2681506;0.59376204;8.8777
633;-0.16280572;0.30645782;9.32781
634;-0.5554548;0.4309563;10.457873
635;0.32561144;0.076614454;9.002198
636;0.24899697;-0.7565677;7.9966335
637;-0.78529817;-0.05746084;10.314221
638;-0.19153613;0.06703765;9.452309
639;0.22984336;-0.20111294;8.42759
640;0.5267244;0.2873042;10.7356
641;1.5801731;0.038307227;12.239159
642;1.8579005;0.1436521;11.482592
643;1.7238252;0.22984336;11.176133
644;0.0;0.18195933;11.664551
645;0.4213795;0.18195933;11.243171
646;-0.2777274;0.12449849;10.036493
647;0.33518824;-0.1436521;12.50731
648;1.685518;-0.0;12.421119
649;3.3135753;-0.095768064;10.477027
650;1.4556746;-0.78529817;9.595961
651;1.6950948;-0.4309563;9.193734
652;0.6607997;-1.2737153;8.6574335
653;-1.1587936;-1.388637;7.728483
654;-0.20111294;-1.2737153;7.5561004
655;0.8714894;-1.484405;6.5026517
656;1.2737153;-1.5610195;6.339846
657;1.1587936;-0.6895301;7.4507556
658;1.3694834;-0.047884032;9.557653
659;1.9153614;0.2777274;10.716447
660;1.0726024;0.4309563;10.160992
661;-0.41180268;0.16280572;10.25676
662;1.5705963;0.6703765;9.471462
663;0.82360536;0.6703765;11.348516
664;-1.5035586;0.7278373;11.654974
665;-0.89064306;0.61291564;10.275913
666;-1.532289;-0.18195933;9.299079
667;-0.79487497;-0.1340753;9.864111
668;0.10534488;0.20111294;11.013328
669;1.436521;0.038307227;12.459426
670;-0.30645782;-0.6512229;11.262324
671;0.6703765;-0.7565677;9.710882
672;1.2162545;-1.0247183;10.132261
673;0.49799395;-0.80445176;11.176133
674;-0.6895301;-0.641646;10.46745
675;-0.62249243;-0.7661445;9.241618
676;-0.23942018;-0.23942018;9.030929
677;-0.5746084;-0.2873042;9.988609
678;0.91937345;0.1340753;9.634268
679;1.3024458;0.4405331;10.812215
680;-1.0342951;0.4405331;11.492168
681;0.46926352;1.0151415;10.91756
682;-0.41180268;0.16280572;8.303091
683;-1.8100165;-0.24899697;7.393295
684;1.7429788;-0.076614454;8.848969
685;0.6799533;0.02873042;10.524911
686;1.4460979;0.2873042;8.810662
687;1.9057846;0.095768064;9.634268
688;1.3599066;-0.12449849;10.25676
689;1.5705963;0.8331822;10.0269165
690;-0.80445176;0.45010993;9.519346
691;-0.1436521;0.6895301;9.691729
692;-0.22026655;0.5554548;7.728483
693;-0.81402856;0.35434186;8.6095495
694;2.2409728;1.2449849;11.60709
695;0.4405331;0.60333884;10.505757
696;0.24899697;0.1340753;7.5465236
697;1.5610195;0.39264908;10.333375
698;0.4309563;0.29688102;10.94629
699;0.545878;0.4213795;8.647857
700;0.9576807;0.6703765;9.988609
701;0.8714894;1.436521;11.60709
702;0.93852705;1.0342951;11.262324
703;0.7278373;0.8523358;9.691729
704;0.29688102;0.2777274;9.232041
705;-1.0151415;-0.02873042;8.791509
706;3.6104562;1.3120226;12.133814
707;0.8714894;1.5801731;14.15452
708;-0.1436521;1.6759412;11.224017
709;3.466804;1.1492168;10.419566
710;1.7142484;1.1683705;10.43872
711;0.20111294;1.6184803;11.712435
712;1.5993267;1.3503298;11.626244
713;-1.9632454;0.5363012;8.686164
714;-1.484405;0.60333884;7.881712
715;3.265691;1.9153614;12.200851
716;-0.32561144;1.0821792;12.756307
717;0.641646;1.6759412;8.772355
718;0.12449849;0.90979666;8.571242
719;0.7565677;0.6703765;8.485051
720;2.5761611;0.7374141;9.787497
721;-0.6799533;0.2777274;8.331821
722;0.1436521;0.79487497;8.695741
723;3.5529952;1.292869;10.630256
724;-1.436521;0.7278373;8.331821
725;-0.50757074;1.0726024;5.6982
726;-2.9496565;1.3982137;7.038953
727;-2.4899697;1.9536686;7.9966335
728;-0.8619126;1.5897499;8.034941
729;-1.1492168;1.388637;8.236053
730;-1.1300632;1.2354081;10.984597
731;2.480393;1.484405;11.654974
732;2.2505496;0.9672575;11.329363
733;1.9057846;1.1971009;11.310209
734;0.4309563;0.35434186;10.994174
735;-1.091756;0.5554548;10.208876
736;-1.6184803;0.842759;10.524911
737;-0.019153614;1.5610195;12.459426
738;-0.8523358;1.0055647;11.147403
739;-0.6991069;1.733402;10.793061
740;2.336741;1.043872;12.239159
741;1.8866309;1.4077905;12.469003
742;2.767697;1.3311762;12.220005
743;2.825158;0.63206923;11.147403
744;2.1260512;0.9959879;10.036493
745;0.8331822;0.89064306;11.061212
746;0.41180268;0.22984336;8.63828
747;0.9768343;0.18195933;7.5848308
748;0.5267244;1.1779473;8.504205
749;0.4405331;1.6663644;8.504205
750;0.9864111;1.3503298;6.7324953
751;0.80445176;0.89064306;8.111555
752;0.21068975;1.0534488;9.653421
753;0.92895025;1.541866;9.32781
754;0.62249243;1.3503298;10.984597
755;1.8674773;1.4269443;11.042058
756;1.340753;0.9864111;7.920019
757;3.1507695;1.1971009;9.414001
758;0.1436521;1.9153614;12.287044
759;-2.2697031;1.3982137;9.672575
760;-0.2681506;0.7565677;6.7324953
761;-0.5746084;0.842759;8.437167
762;-0.20111294;1.8770541;11.951855
763;0.06703765;2.2697031;13.64695
764;1.6376339;2.566584;11.63582
765;-1.6472107;1.6950948;9.088389
766;1.13964;2.231396;10.448297
767;2.3463178;2.1643584;14.106636
768;0.90979666;1.5610195;11.999739
769;1.4748282;0.9768343;8.542512
770;0.62249243;-0.36391866;9.050082
771;-1.6376339;-0.6703765;9.3661175
772;-3.7445314;-0.0;5.353435
773;0.076614454;0.8619126;9.490616
774;0.25857377;0.60333884;10.898406
775;0.7661445;1.0151415;10.419566
776;1.1204864;1.0630256;7.9966335
777;2.8538885;1.9249382;10.007763
778;-0.12449849;1.0342951;9.174581
779;-1.2449849;1.4939818;12.785037
780;1.1971009;1.7142484;13.062764
781;0.90021986;1.5514427;10.955867
782;0.78529817;0.78529817;8.073248
783;2.4133554;0.35434186;9.097966
784;2.6048915;0.8331822;10.927136
785;0.80445176;0.51714754;11.089942
786;-0.36391866;0.50757074;11.463438
787;0.1340753;0.38307226;12.976573
788;2.7102363;0.29688102;9.14585
789;0.36391866;-0.6703765;9.739613
790;0.36391866;0.2777274;9.825804
791;-1.8674773;-1.0630256;9.557653
792;-4.4819455;-1.9153614;5.45878
793;-2.7868507;-1.7812861;5.1140146
794;0.7757214;-2.078167;11.061212
795;4.3287168;-0.21068975;12.239159
796;2.8538885;-0.24899697;10.342952
797;2.4229321;0.18195933;10.333375
798;-0.39264908;0.20111294;10.352529
799;1.1779473;0.45010993;7.6231384
800;0.7182605;0.45968673;11.147403
801;-3.6487634;-0.45010993;10.25676
802;0.32561144;-0.5650316;5.631162
803;-0.019153614;-0.46926352;7.374141
804;-2.327164;-0.1340753;10.601525
805;1.5705963;0.5267244;9.586384
806;3.6391866;0.095768064;7.5848308
807;0.4213795;-0.22026655;10.515334
808;3.083732;0.6991069;10.572795
809;3.1316159;-0.59376204;9.279925
810;-1.1587936;-0.94810385;10.295067
811;-0.095768064;1.7142484;12.095507
812;-1.8483237;-1.0821792;6.8282633
813;-0.7661445;-1.4939818;2.4899697
814;-2.1260512;-0.21068975;6.7708025
815;-2.384625;0.8523358;13.589489
816;3.2561142;1.2354081;10.7356
817;1.1971009;0.1436521;9.002198
818;-0.47884035;-0.08619126;11.33894
819;6.042965;1.1971009;10.477027
820;1.0151415;0.38307226;11.042058
821;0.22984336;0.80445176;12.0093155
822;1.388637;1.091756;13.005303
823;-3.0358477;-0.79487497;9.107543
824;-0.6607997;-0.50757074;7.086837
825;2.9113493;-0.17238252;10.237606
826;-0.45968673;-0.009576807;14.403518
827;2.825158;1.1109096;12.191275
828;2.8443117;-0.1436521;9.864111
829;-0.5554548;-0.9864111;9.883265
830;2.6240451;-0.91937345;11.654974
831;2.825158;-0.9959879;9.433155
832;-0.12449849;-0.5363012;10.228029
833;-0.7565677;-0.6991069;9.423578
834;-0.23942018;-1.6184803;8.39886
835;2.633622;-0.82360536;7.8146744
836;0.7757214;-0.46926352;10.91756
837;0.6512229;0.6607997;12.038046
838;2.6527755;1.3694834;10.793061
839;-1.3024458;0.46926352;11.003751
840;-1.3694834;1.1013328;10.611102
841;1.5514427;1.283292;12.77546
842;1.1683705;0.40222588;12.641385
843;-0.21068975;-0.46926352;9.356541
844;-0.35434186;-1.3790601;6.588843
845;-0.06703765;-1.0247183;10.237606
846;-0.6607997;0.36391866;11.520899
847;0.51714754;1.1779473;10.036493
848;0.7182605;-1.091756;10.477027
849;-0.7182605;-1.2545617;8.197746
850;1.8674773;-0.9864111;6.38773
851;0.39264908;-0.545878;11.061212
852;-1.5897499;-0.37349546;11.109096
853;1.4077905;-0.32561144;8.073248
854;-0.9672575;-1.5514427;4.855441
855;-2.8634653;-1.2162545;6.789956
856;1.6567876;-0.8331822;8.00621
857;1.0151415;-1.0055647;10.28549
858;0.5746084;0.641646;11.63582
859;1.2258313;-0.32561144;11.693281
860;-0.4213795;-1.3503298;7.97748
861;2.4612393;-0.31603462;8.532935
862;1.2641385;0.91937345;13.177686
863;-3.1028855;1.2449849;13.88637
864;1.5131354;0.62249243;9.356541
865;2.8538885;0.5267244;10.409989
866;-1.9536686;-0.15322891;11.022904
867;0.34476504;1.1779473;10.668563
868;7.7189064;1.7046716;11.118672
869;-4.2521024;0.22026655;12.459426
870;-0.8619126;0.38307226;7.144298
871;4.4915223;-1.5897499;5.449203
872;-5.5641246;-2.585738;6.7229185
873;0.62249243;0.8810662;16.184803
874;4.146757;0.61291564;10.314221
875;-2.5474305;-1.6472107;4.807557
876;-1.5610195;-1.7717092;1.8866309
877;3.1794999;-0.038307227;9.107543
878;2.5091233;0.7374141;11.549629
879;0.61291564;0.19153613;9.921572
880;4.759673;0.5746084;11.597513
881;-0.78529817;-0.6895301;13.034034
882;-2.5378537;-0.60333884;10.611102
883;7.5082164;2.882619;10.141838
884;-2.135628;0.22984336;11.224017
885;-10.01734;0.20111294;12.497733
886;5.6407394;1.2737153;10.132261
887;-1.6472107;-3.3614593;8.159439
888;-0.30645782;-0.63206923;8.169016
889;7.9487495;-0.59376204;9.222465
890;1.484405;-0.35434186;12.785037
891;0.06703765;0.7565677;12.200851
892;-1.340753;-2.2601264;10.113108
893;3.8019924;-0.58418524;3.4476504
894;-1.4556746;-0.59376204;9.212888
895;-5.8705826;-0.2873042;13.579912
896;-1.9536686;-0.009576807;8.446744
897;-1.733402;0.31603462;4.903325
898;0.05746084;1.0726024;13.464991
899;2.9496565;1.4269443;13.474567
900;6.7133417;1.0726024;12.038046
901;1.292869;0.4213795;11.741165
902;-1.8387469;0.9959879;10.994174
903;2.6144683;0.45968673;8.686164
904;1.0055647;-1.0630256;10.505757
905;-0.8523358;-1.6759412;12.430696
906;5.6215854;-0.009576807;8.236053
907;-2.873042;-4.903325;6.1100025
908;2.585738;-2.0015526;4.5872903
909;2.825158;-2.4420857;6.3781533
910;-3.5338416;-2.4612393;8.90643
911;2.1547816;-1.1013328;7.881712
912;2.9400797;-0.40222588;10.524911
913;-3.6966474;-0.047884032;8.360553
914;0.46926352;1.388637;10.419566
915;2.585738;2.633622;13.570335
916;-4.223372;1.1779473;13.072341
917;2.0111294;1.3503298;11.329363
918;1.8291701;1.484405;12.98615
919;-2.6719291;0.81402856;14.374787
920;6.0238113;1.7142484;12.018892
921;1.9919758;-0.45010993;11.587936
922;0.16280572;0.019153614;11.166556
923;3.074155;-0.545878;9.32781
924;-0.15322891;-1.484405;4.7788267
925;-1.2737153;-1.4173675;9.375694
926;-0.25857377;-1.7142484;8.350976
927;1.7908629;-0.7565677;5.7843914
928;-5.094861;-0.31603462;9.461885
929;-9.32781;-2.4516625;9.011775
930;10.965444;1.5035586;6.5696893
931;0.7757214;-1.2449849;10.342952
932;-8.925584;-1.484405;15.629349
933;16.290148;3.1124623;10.572795
934;0.90979666;-3.5338416;7.6614456
935;-8.236053;-0.93852705;12.823344
936;10.927136;0.90979666;10.180145
937;-3.7541082;-2.9592333;7.9870567
938;-7.2304893;-1.13964;4.817134
939;0.9576807;1.4269443;9.576807
940;-1.3599066;-0.21068975;9.883265
941;-3.5625722;0.78529817;10.898406
942;4.060566;3.122039;13.618219
943;0.40222588;1.1109096;14.240712
944;-0.90021986;0.29688102;11.789049
945;6.991069;1.2066777;8.054094
946;-1.2641385;-0.78529817;9.442732
947;4.960786;0.62249243;11.501745
948;-0.51714754;-1.532289;9.107543
949;-5.3821654;-1.0342951;9.32781
950;-1.2066777;-0.8714894;8.236053
951;2.3750482;-0.9864111;5.535394
952;2.6719291;-0.94810385;12.248735
953;0.02873042;-0.60333884;14.097059
954;1.3694834;-0.0;9.385271
955;-0.8619126;-1.5514427;5.899313
956;0.9959879;-0.18195933;11.520899
957;3.0358477;-0.32561144;10.084377
958;0.62249243;-0.7278373;6.8569937
959;-0.12449849;0.019153614;10.208876
960;0.37349546;0.2873042;11.501745
961;0.1340753;-0.24899697;8.916007
962;0.6895301;-0.5650316;7.5848308
963;3.3039982;0.50757074;12.603078
964;-0.047884032;0.38307226;12.679692
965;-2.1068976;0.17238252;11.224017
966;0.7374141;-0.59376204;7.5465236
967;0.6512229;1.043872;13.541605
968;0.7182605;0.038307227;12.717999
969;0.23942018;-0.90979666;6.8665705
970;-0.41180268;-1.8674773;3.916914
971;-0.2681506;-0.7565677;11.118672
972;2.4708161;0.9959879;12.191275
973;-0.06703765;-0.91937345;10.6398325
974;0.59376204;0.5746084;8.686164
975;1.3120226;-1.9153614;12.74673
976;3.1603463;-0.6895301;11.903971
977;3.6296098;0.4213795;12.440272
978;-1.0630256;0.51714754;14.173674
979;-0.33518824;0.45010993;13.522451
980;-1.4939818;-0.0;7.144298
981;-4.3382936;-0.2777274;3.6391866
982;-0.22026655;1.2258313;11.654974
983;-3.7541082;-0.6799533;13.608643
984;-0.46926352;-1.0055647;8.101978
985;6.7324953;-0.8523358;3.6296098
986;-2.2409728;-3.9264908;10.534488
987;7.642292;-0.32561144;11.501745
988;5.257667;-1.292869;8.916007
989;-4.4340615;-1.5610195;7.2113357
990;-5.21936;-0.4213795;6.703765
991;-2.3558946;-0.21068975;7.881712
992;-0.02873042;0.78529817;8.322245
993;-1.283292;0.78529817;10.496181
994;-0.59376204;1.3024458;9.32781
995;3.1794999;2.4708161;10.247183
996;0.009576807;1.5131354;15.399506
997;2.087744;1.3503298;12.98615
998;3.9456444;0.4213795;6.483498
999;-0.6895301;-1.5131354;5.6407394
1000;1.0821792;-0.095768064;10.429143
1001;0.16280572;0.038307227;14.058752
1002;-2.2409728;0.1340753;11.9614315
1003;0.16280572;0.8810662;5.6982
1004;-0.7182605;-1.8291701;5.353435
1005;1.7717092;-0.7757214;8.63828
1006;4.644751;0.23942018;13.800179
1007;1.3982137;1.5993267;17.889475
1008;-0.32561144;0.34476504;12.555194
1009;1.5610195;-1.388637;2.72939
1010;2.5570073;-3.8019924;10.0269165
1011;-3.169923;-1.4460979;12.066776
1012;2.5091233;0.80445176;15.974113
1013;2.3080103;0.08619126;6.244078
1014;-3.4284968;-1.532289;11.425131
1015;0.4405331;-1.4077905;11.798626
1016;4.6351743;-0.30645782;8.485051
1017;-0.7182605;-0.11492168;10.94629
1018;-4.098873;-0.38307226;18.368315
1019;-0.48841715;0.30645782;11.942278
1020;0.17238252;-0.50757074;6.090849
1021;0.5554548;-0.6799533;8.073248
1022;2.5378537;-0.6512229;11.789049
1023;2.1452048;0.10534488;8.944737
1024;1.3599066;-1.0534488;3.466804
1025;-4.1371803;-0.0;10.965444
1026;-3.3997664;-1.0821792;10.879252
1027;2.2505496;-1.8674773;1.733402
1028;-2.4995465;-2.183512;2.384625
1029;-2.3750482;0.047884032;10.840945
1030;4.1371803;1.6759412;8.034941
1031;-4.1371803;-2.825158;4.76925
1032;-1.9632454;-0.35434186;2.815581
1033;2.2697031;0.17238252;11.21444
1034;-2.873042;-1.5227122;7.3645644
1035;3.122039;1.1013328;10.6877165
1036;3.8019924;2.2505496;20.9349
1037;-1.5705963;-0.46926352;22.878992
1038;5.1810527;0.35434186;9.730036
1039;5.363012;-2.7006595;6.6750345
1040;-6.5984197;-3.1507695;12.038046
1041;-3.5338416;-2.2409728;11.903971
1042;-0.79487497;-4.4819455;7.441179
1043;-6.3589997;-2.8921957;6.742072
1044;2.5378537;-2.4995465;11.003751
1045;4.405331;-4.855441;15.638926
1046;1.6567876;-1.5227122;14.633361
1047;2.6048915;-1.6567876;9.902418
1048;2.566584;-2.2026656;7.4986396
1049;-1.0630256;-1.7812861;8.829816
1050;1.8770541;0.019153614;11.702858
1051;-2.767697;0.38307226;11.789049
1052;-2.528277;-2.4229321;5.4779334
1053;2.9879637;-2.1452048;4.1659107
1054;-5.90889;0.05746084;9.634268
1055;-1.6376339;1.1109096;8.42759
1056;4.8937483;2.0398598;7.575254
1057;-2.4229321;1.8004397;13.464991
1058;-5.2480903;0.24899697;8.791509
1059;7.086837;2.5091233;1.8100165
1060;-1.3694834;-1.7717092;9.404425
1061;0.94810385;3.083732;19.967642
1062;14.470555;1.9440918;12.603078
1063;-4.4340615;-4.76925;-3.41892
1064;4.175488;0.29688102;6.0525417
1065;1.0342951;-1.1587936;10.371682
1066;-6.5984197;-3.169923;12.191275
1067;-2.5953147;-0.9768343;0.7086837
1068;-3.2273839;-4.807557;5.48751
1069;1.436521;-1.6376339;7.824251
1070;4.55856;-6.694188;14.250289
1071;1.5035586;-2.767697;11.722012
1072;0.18195933;-1.0247183;13.072341
1073;-1.7046716;-0.58418524;14.738706
1074;-1.3599066;-1.5131354;12.344504
1075;5.2768207;0.22984336;12.258312
1076;1.6663644;0.8523358;16.79772
1077;-5.104438;0.60333884;19.000385
1078;2.9592333;1.3215994;14.039598
1079;6.7708025;0.91937345;15.71554
1080;-5.6407394;-1.2162545;17.075447
1081;-4.5681367;-0.41180268;11.789049
1082;8.226477;1.5897499;6.244078
1083;-9.097966;-0.39264908;11.84651
1084;-5.1523223;-0.0;14.164097
1085;14.662091;1.5993267;6.991069
1086;-2.384625;-4.4340615;5.841852
1087;-2.873042;-1.2545617;13.340492
1088;11.664551;0.11492168;10.764331
1089;-4.6160207;-2.2505496;6.5122285
1090;0.47884035;-0.79487497;1.5993267
1091;1.2737153;-0.62249243;7.536947
1092;-5.085284;-0.32561144;9.193734
1093;1.6472107;1.1013328;7.9487495
1094;-2.1930888;-0.05746084;7.8912888
1095;-5.2863975;1.340753;9.11712
1096;-2.183512;1.0151415;6.4739213
1097;1.4939818;0.1436521;3.064578
1098;0.641646;-0.22026655;8.494628
1099;0.6512229;-0.37349546;8.523358
1100;4.1946416;-0.12449849;5.544971
1101;0.91937345;-0.7182605;7.067683
1102;-2.2409728;-1.0821792;12.133814
1103;3.4284968;-0.1340753;5.8801594
1104;-1.4077905;-2.1260512;3.7253778
1105;-6.933608;-0.89064306;11.903971
1106;-0.8714894;1.8483237;10.955867
1107;-0.5267244;-1.0534488;5.9759274
1108;-3.572149;-0.545878;11.310209
1109;1.3599066;-0.076614454;14.997279
1110;5.45878;-0.92895025;13.637373
1111;1.3982137;1.1875241;10.994174
1112;2.585738;2.432509;18.933348
1113;0.7565677;3.2752678;24.305935
1114;-0.35434186;2.7389667;15.820885
1115;-0.9768343;2.6431987;12.555194
1116;-2.0398598;2.825158;18.818426
1117;-2.4133554;5.3821654;18.856733
1118;-1.2354081;3.1124623;12.909535
1119;2.1260512;2.9592333;10.228029
1120;2.3080103;2.336741;13.88637
1121;-1.3982137;-0.11492168;11.003751
1122;5.257667;0.24899697;3.3423057
1123;1.7812861;0.46926352;3.514688
1124;-4.510676;-0.11492168;12.794614
1125;4.673482;-0.2777274;-0.31603462
1126;-0.51714754;-2.9017725;-8.504205
1127;-5.1810527;-1.7525556;4.1180267
1128;-1.4556746;-0.20111294;4.9320555
1129;-0.009576807;-3.1124623;-9.902418
1130;-3.083732;-3.3135753;-1.8866309
1131;-0.18195933;-1.2162545;4.8362875
1132;5.00867;-1.6567876;1.0055647
1133;3.323152;-0.5363012;5.449203
1134;-1.1492168;1.8387469;12.555194
1135;-2.681506;2.0015526;6.9719152
1136;0.11492168;1.5227122;3.7732618
1137;-1.1683705;2.882619;16.060305
1138;-1.6376339;4.223372;22.965183
1139;2.4133554;4.261679;15.351622
1140;0.1436521;3.0071173;11.626244
1141;-0.33518824;5.9280434;17.085024
1142;1.5897499;6.6846113;26.939558
1143;2.767697;4.7788267;31.718384
1144;1.8483237;7.086837;21.17432
1145;-1.6184803;5.1906295;21.89258
1146;1.2449849;3.8786068;15.351622
1147;2.3654714;2.7485435;12.382812
1148;-2.5953147;-0.19153613;11.377247
1149;-2.930503;-0.92895025;8.159439
1150;-0.18195933;-1.2737153;5.449203
1151;-0.7374141;-1.8387469;9.385271
1152;3.3806129;-0.8331822;12.095507
1153;1.9536686;-0.29688102;12.229582
1154;0.22026655;-0.6895301;12.545617
1155;1.2449849;-0.80445176;7.7189064
1156;-0.37349546;-0.48841715;6.8186865
1157;-2.6910827;-1.3024458;11.81778
1158;-0.30645782;-0.33518824;12.306197
1159;0.076614454;-0.6512229;5.6886234
1160;0.18195933;-0.5746084;9.797073
1161;0.90979666;-0.78529817;9.80665
1162;2.2601264;-1.2641385;7.517793
1163;3.9839516;-1.2641385;8.178593
1164;-1.1204864;-0.2777274;10.295067
1165;-1.5131354;-0.46926352;6.703765
1166;0.22984336;-1.2162545;4.596867
1167;-1.2162545;-0.9576807;6.694188
1168;-0.6991069;-0.82360536;9.212888
1169;-1.3790601;-1.292869;7.038953
1170;-0.49799395;-1.2449849;4.4436383
1171;-0.06703765;-1.3790601;7.747637
1172;0.91937345;-0.7086837;10.611102
1173;3.3614593;-0.35434186;7.785944
1174;1.9919758;-1.2737153;8.542512
1175;-0.45968673;-1.292869;10.323798
1176;1.436521;-0.5554548;8.226477
1177;-1.5897499;-1.1587936;7.5465236
1178;-4.0222588;-0.78529817;8.293514
1179;-0.51714754;-0.49799395;8.226477
1180;0.20111294;-0.038307227;7.2209125
1181;1.1875241;-0.40222588;10.764331
1182;3.0454245;0.20111294;12.545617
1183;2.0207062;-0.5267244;8.619126
1184;2.1164744;-0.33518824;7.2113357
1185;1.532289;-0.39264908;11.81778
1186;1.5131354;0.21068975;12.038046
1187;-1.733402;-0.30645782;8.101978
1188;-3.1507695;-1.1779473;5.7365074
1189;-1.6950948;-0.36391866;8.513782
1190;-1.3790601;-0.38307226;8.6095495
1191;0.19153613;-0.37349546;9.299079
1192;3.7732618;0.095768064;10.745177
1193;1.8291701;-0.1340753;13.321339
1194;1.1875241;-0.18195933;9.11712
1195;1.5131354;-0.02873042;8.896853
1196;-0.038307227;-0.019153614;10.323798
1197;-1.9632454;0.4309563;11.089942
1198;-1.3503298;-0.59376204;7.2783732
1199;-2.078167;-0.9959879;6.157887
1200;0.78529817;-0.06703765;9.9790325
1201;0.0;0.08619126;10.553641
1202;2.078167;-0.33518824;9.701305
1203;3.5625722;-0.038307227;10.132261
1204;-0.80445176;0.076614454;12.08593
1205;1.4077905;0.4405331;10.04607
1206;0.51714754;-0.7374141;7.6231384
1207;-0.90021986;-0.545878;8.63828
1208;-0.2873042;-0.11492168;9.605537
1209;-1.6089035;-0.7278373;8.513782
1210;0.6512229;-0.5554548;9.059659
1211;0.4405331;0.40222588;9.653421
1212;0.1340753;-0.11492168;10.821792
1213;3.514688;0.22984336;11.645397
1214;2.0973208;0.1436521;12.124237
1215;-0.8523358;0.20111294;10.611102
1216;1.4077905;-0.2681506;10.151415
1217;0.6607997;-0.22026655;9.883265
1218;0.62249243;0.11492168;11.3964
1219;-1.1013328;-0.23942018;9.346964
1220;0.9672575;-0.62249243;7.73806
1221;-1.5993267;-0.7374141;10.5919485
1222;-0.2873042;0.6512229;10.6877165
1223;1.4939818;-0.0;10.572795
1224;1.8195933;-0.46926352;11.329363
1225;2.1930888;0.11492168;11.271901
1226;1.2641385;-0.05746084;11.923124
1227;1.3120226;-0.23942018;10.611102
1228;1.2641385;-0.15322891;9.5385
1229;-1.3120226;-0.2873042;8.178593
1230;0.2873042;-0.06703765;9.126697
1231;0.40222588;-0.29688102;10.582372
1232;-0.25857377;-0.009576807;10.113108
1233;3.074155;0.076614454;10.534488
1234;1.5131354;-0.46926352;11.252748
1235;2.6623523;-0.009576807;9.988609
1236;4.1180267;-0.08619126;11.386824
1237;1.2258313;-0.36391866;11.300632
1238;2.480393;-0.61291564;8.149862
1239;0.4405331;-1.4652514;6.9527617
1240;-1.1492168;-0.36391866;9.509769
1241;0.49799395;-0.7086837;10.888829
1242;-2.0015526;-1.1109096;6.14831
1243;2.9017725;-0.7182605;9.356541
1244;1.934515;-0.89064306;12.105083
1245;3.122039;-0.24899697;11.310209
1246;2.6431987;-1.0247183;9.931149
1247;-0.36391866;-1.13964;8.848969
1248;1.4460979;-0.8810662;8.801085
1249;-2.1452048;-0.5650316;9.251195
1250;-1.8387469;-0.7757214;10.180145
1251;1.2641385;-0.23942018;8.322245
1252;-3.4859576;-1.2066777;9.165004
1253;3.3423057;0.22026655;9.643845
1254;3.074155;-0.08619126;12.143391
1255;-1.340753;-0.49799395;11.224017
1256;3.1124623;0.24899697;9.3182335
1257;0.7565677;-0.60333884;9.739613
1258;-0.7661445;-0.06703765;10.28549
1259;1.4652514;-0.37349546;9.385271
1260;-1.13964;-1.5993267;8.6574335
1261;-0.58418524;-0.91937345;10.04607
1262;-1.1109096;0.34476504;11.741165
1263;-1.1492168;-0.8331822;8.6095495
1264;2.135628;-0.5363012;6.655881
1265;2.566584;-0.40222588;11.147403
1266;1.8866309;0.30645782;14.135366
1267;3.2082303;-0.009576807;10.697293
1268;-0.8331822;-1.1492168;9.835381
1269;0.6512229;-0.1340753;7.8529816
1270;2.087744;-1.13964;9.32781
1271;-0.49799395;-1.1779473;9.155427
1272;-0.038307227;0.37349546;9.346964
1273;-1.7908629;-0.5554548;9.634268
1274;0.1436521;-0.9576807;7.9966335
1275;3.3901896;-1.1204864;6.7324953
1276;-0.22026655;-1.6089035;10.936713
1277;2.3175871;0.15322891;13.292608
1278;2.4995465;0.5267244;11.281479
1279;-2.4229321;-0.58418524;6.1866174
1280;-0.7661445;-0.545878;5.7269306
1281;1.1300632;0.038307227;12.804191
1282;-2.0685902;0.20111294;11.089942
1283;-0.18195933;0.35434186;7.4028716
1284;-0.59376204;-0.32561144;9.32781
1285;2.7581203;0.6991069;10.04607
1286;3.083732;0.2777274;11.15698
1287;0.641646;0.41180268;12.717999
1288;1.2258313;0.9768343;12.306197
1289;-2.9592333;0.17238252;9.873688
1290;2.6431987;0.22984336;9.442732
1291;0.93852705;0.24899697;11.683704
1292;-4.146757;-0.641646;11.195287
1293;4.462792;1.7812861;9.701305
1294;0.2681506;-0.02873042;12.919112
1295;-0.45968673;0.31603462;11.348516
1296;4.865018;-0.48841715;10.055647
1297;1.3024458;-1.0342951;9.682152
1298;0.93852705;-0.17238252;11.501745
1299;2.7389667;0.47884035;12.018892
1300;-2.585738;-0.90979666;4.711789
1301;0.7278373;-1.2354081;5.3247046
1302;1.7238252;-0.08619126;10.5919485
1303;-1.1109096;0.45010993;12.411542
1304;0.02873042;0.11492168;6.7708025
1305;4.050989;1.1204864;9.069236
1306;2.7964275;0.48841715;10.802638
1307;-1.0821792;-0.40222588;13.072341
1308;6.8091097;1.7717092;10.055647
1309;-0.20111294;-1.0151415;7.0581064
1310;-3.4955344;0.8714894;11.281479
1311;5.3342814;0.8523358;10.955867
1312;-1.7812861;-0.9959879;7.9487495
1313;-4.213795;-0.17238252;5.592855
1314;1.1013328;1.2258313;14.173674
1315;1.9153614;0.6703765;12.650962
1316;1.5610195;1.1300632;11.942278
1317;1.4269443;0.7278373;10.697293
1318;-0.7374141;-0.92895025;10.314221
1319;3.9552212;0.05746084;11.597513
1320;-1.4652514;1.13964;10.764331
1321;-4.7500963;0.7565677;12.172121
1322;4.5681367;1.283292;7.393295
1323;-1.2066777;-0.92895025;7.297527
1324;-3.7732618;0.19153613;10.927136
1325;4.462792;1.0726024;11.693281
1326;1.9536686;-0.78529817;9.078813
1327;0.51714754;-0.34476504;9.002198
1328;3.8402996;0.33518824;11.980585
1329;1.043872;-0.641646;11.693281
1330;3.4955344;1.0151415;7.8912888
1331;-2.7964275;-0.25857377;10.141838
1332;-3.9743748;0.22026655;7.536947
1333;2.681506;0.7374141;5.947197
1334;-4.0414124;-0.5267244;8.983045
1335;-2.882619;0.20111294;11.750742
1336;7.929596;0.93852705;4.912902
1337;2.7868507;-0.36391866;10.323798
1338;-0.7374141;-0.009576807;13.627796
1339;4.4436383;0.22984336;13.283031
1340;2.3750482;-1.5705963;6.042965
1341;-3.7924154;-0.17238252;8.121132
1342;0.095768064;0.45968673;10.658986
1343;-3.6391866;-0.9959879;7.8625584
1344;-3.5434184;-1.6280571;4.156334
1345;-0.93852705;0.7278373;9.701305
1346;3.8307228;1.13964;12.852075
1347;2.3750482;0.39264908;12.306197
1348;3.2944214;0.5554548;10.46745
1349;2.5091233;-0.61291564;11.434708
1350;1.8291701;0.82360536;13.867216
1351;-1.4460979;0.51714754;13.359646
1352;-0.32561144;0.6895301;7.747637
1353;1.2162545;1.0821792;10.572795
1354;-6.1195793;-1.1587936;9.787497
1355;2.777274;1.0055647;7.431602
1356;5.0374002;0.20111294;10.189722
1357;-2.1452048;1.3503298;16.606182
1358;4.31914;0.16280572;11.559206
1359;4.4436383;-1.8387469;4.960786
1360;-1.4460979;-1.9728222;6.2728086
1361;1.3982137;-0.2873042;15.093047
1362;0.2873042;0.39264908;7.4507556
1363;-3.1124623;-2.4516625;5.5737014
1364;-1.6280571;-0.60333884;7.565677
1365;1.5705963;-0.17238252;8.916007
1366;0.9672575;-1.0534488;10.266336
1367;3.3901896;1.091756;12.095507
1368;2.4899697;0.19153613;14.173674
1369;0.8714894;-0.32561144;10.726024
1370;2.6144683;0.20111294;8.159439
1371;1.0630256;-0.34476504;13.493721
1372;-1.1013328;0.16280572;12.717999
1373;-1.2066777;-0.05746084;7.881712
1374;-1.9440918;-0.8331822;6.6271505
1375;-2.2026656;-0.6799533;11.109096
1376;3.667917;-0.02873042;11.329363
1377;1.5514427;-0.89064306;9.816227
1378;1.5610195;-0.10534488;9.165004
1379;2.4708161;-0.39264908;11.626244
1380;-1.2641385;-1.1779473;8.169016
1381;2.767697;-0.4213795;7.8146744
1382;-0.31603462;-0.12449849;12.325351
1383;-3.016694;-0.39264908;9.346964
1384;3.1794999;-0.34476504;4.817134
1385;-1.6472107;-1.5897499;8.762778
1386;-3.169923;-0.18195933;9.892841
1387;4.0222588;0.35434186;9.950302
1388;-0.5554548;-0.6703765;9.203311
1389;0.4309563;0.29688102;10.457873
1390;2.930503;-0.22984336;9.749189
1391;1.0821792;-0.15322891;8.446744
1392;0.4405331;0.37349546;11.511322
1393;-0.5363012;0.5363012;10.43872
1394;-0.9959879;-0.94810385;6.981492
1395;1.7621324;0.076614454;7.4986396
1396;-2.3463178;-0.91937345;9.576807
1397;1.532289;0.9672575;9.844957
1398;1.13964;-0.0;12.899959
1399;-0.1340753;0.076614454;11.022904
1400;2.27928;-0.41180268;6.3685765
1401;-1.1779473;-1.1013328;10.773908
1402;1.7812861;0.7278373;14.259866
1403;0.90021986;0.23942018;9.998186
1404;-1.6472107;-0.62249243;6.493075
1405;0.095768064;-0.5363012;8.628703
1406;0.94810385;-0.7469909;9.011775
1407;1.2449849;0.29688102;10.275913
1408;-1.0151415;-0.19153613;13.694834
1409;-0.05746084;0.35434186;10.199299
1410;4.012682;-1.1300632;8.475474
1411;1.4652514;-0.50757074;10.6877165
1412;-1.0342951;0.92895025;13.139379
1413;1.2258313;0.81402856;10.1226845
1414;0.78529817;-0.15322891;10.036493
1415;-1.340753;-0.9864111;9.548077
1416;1.6184803;-0.9864111;7.5944076
1417;1.0534488;-0.92895025;7.929596
1418;-0.8810662;0.38307226;10.46745
1419;-2.0685902;-0.39264908;10.965444
1420;1.532289;-0.30645782;7.422025
1421;0.22026655;-2.2409728;9.155427
1422;1.3694834;-0.6895301;10.093954
1423;2.4229321;-0.2777274;11.386824
1424;-0.15322891;-0.62249243;9.107543
1425;-0.2873042;-0.80445176;8.42759
1426;-0.20111294;-0.45968673;8.935161
1427;-0.20111294;-0.25857377;9.643845
1428;-1.3982137;0.19153613;8.887277
1429;0.9768343;0.60333884;10.716447
1430;1.9249382;0.91937345;11.60709
1431;-0.9768343;-0.5363012;9.720459
1432;1.436521;-0.60333884;7.565677
1433;0.22984336;-0.05746084;11.252748
1434;-0.545878;0.5363012;12.488156
1435;2.7581203;0.076614454;8.954314
1436;-0.81402856;-1.5514427;7.019799
1437;-0.842759;-0.7374141;9.050082
1438;3.8019924;-0.30645782;10.295067
1439;-0.06703765;-0.91937345;10.783484
1440;0.40222588;0.05746084;9.461885
1441;0.90021986;-1.2545617;9.682152
1442;-0.10534488;-1.3503298;7.489063
1443;1.7142484;-0.5554548;9.902418
1444;0.22984336;0.34476504;14.374787
1445;1.6184803;0.90979666;10.381259
1446;-0.5363012;-1.1587936;8.149862
1447;1.8387469;-0.22984336;9.241618
1448;0.63206923;0.2681506;12.306197
1449;-0.10534488;0.60333884;12.74673
1450;1.8387469;0.6799533;11.769896
1451;1.1013328;0.2681506;10.582372
1452;-1.0055647;-1.043872;10.6398325
1453;2.1260512;-0.18195933;9.835381
1454;0.49799395;-1.2258313;11.568783
1455;0.8331822;0.17238252;13.053187
1456;-0.5554548;-0.8619126;9.3182335
1457;-1.5514427;-1.3599066;4.0318356
1458;0.2681506;-1.0534488;8.350976
1459;-0.62249243;0.047884032;12.689269
1460;-1.8770541;-0.38307226;9.595961
1461;0.33518824;-1.0055647;6.895301
1462;1.3024458;-1.043872;7.1155677
1463;-0.49799395;-1.6089035;8.571242
1464;4.2521024;-0.11492168;9.758766
1465;1.0630256;-0.4405331;11.300632
1466;-4.1276035;-1.1587936;8.7053175
1467;0.4405331;-0.91937345;6.435614
1468;0.47884035;-1.5131354;8.437167
1469;-2.633622;-0.63206923;10.601525
1470;0.545878;-0.2681506;13.378799
1471;3.5625722;0.641646;11.87524
1472;0.8810662;-0.2873042;9.442732
1473;2.2888567;0.08619126;11.36767
1474;1.3694834;-0.92895025;13.273455
1475;0.8714894;0.24899697;9.088389
1476;-0.6895301;0.5650316;12.133814
1477;-2.681506;-0.40222588;11.042058
1478;1.4652514;-0.4405331;6.7133417
1479;-0.24899697;-0.59376204;6.943185
1480;-0.48841715;0.22026655;12.995727
1481;2.1164744;0.50757074;11.587936
1482;2.2888567;-0.33518824;6.7229185
1483;0.78529817;-1.0151415;10.409989
1484;2.480393;-0.1436521;11.21444
1485;2.6623523;0.48841715;9.701305
1486;-2.5953147;-0.5554548;9.77792
1487;-1.5514427;0.22026655;8.887277
1488;1.13964;-0.48841715;8.791509
1489;-2.6240451;-1.532289;7.4507556
1490;0.6512229;-0.46926352;9.11712
1491;0.641646;-0.80445176;9.816227
1492;1.2066777;-0.076614454;10.093954
1493;0.45968673;-0.5746084;9.931149
1494;1.8195933;-1.0055647;10.323798
1495;2.2218192;-0.11492168;12.095507
1496;-2.480393;-1.1683705;9.279925
1497;1.5514427;-0.81402856;6.3302693
1498;1.2641385;-1.0151415;10.01734
1499;-2.9879637;-0.5746084;11.300632
1500;1.9919758;0.21068975;8.293514
1501;0.33518824;-1.0151415;8.341399
1502;0.7469909;0.20111294;10.91756
1503;3.122039;0.22984336;12.382812
1504;0.49799395;0.02873042;10.371682
1505;1.1013328;0.24899697;11.434708
1506;-0.7374141;0.06703765;12.564771
1507;-0.48841715;-0.0;8.944737
1508;2.633622;0.1340753;5.5737014
1509;1.0534488;-0.16280572;11.003751
1510;-1.3790601;-0.31603462;12.162544
1511;1.5227122;-0.2777274;7.153875
1512;0.5363012;-1.2545617;6.493075
1513;-1.4748282;-0.8523358;8.858546
1514;2.6144683;0.095768064;10.94629
1515;3.0933087;-0.2681506;10.553641
1516;-2.1260512;0.30645782;12.890382
1517;-0.5554548;0.6799533;9.184157
1518;0.17238252;-0.45010993;6.14831
1519;-0.4309563;-0.22026655;8.485051
1520;-1.3694834;0.10534488;11.530476
1521;0.9576807;0.51714754;11.60709
1522;-0.9864111;-0.8331822;8.111555
1523;0.48841715;-0.545878;8.6574335
1524;4.405331;-0.36391866;11.884817
1525;-0.095768064;-1.2354081;12.593501
1526;-0.45968673;0.076614454;10.295067
1527;1.7429788;0.38307226;10.821792
1528;-2.1164744;-0.8331822;8.0445175
1529;0.9864111;-0.5267244;7.4028716
1530;1.1779473;-0.20111294;11.300632
1531;-2.27928;-0.095768064;12.564771
1532;1.6759412;-0.6703765;8.973468
1533;1.340753;-1.1204864;7.249643
1534;2.585738;-1.6089035;8.0924015
1535;3.2082303;-1.3982137;11.559206
1536;-0.7086837;-1.2641385;12.708423
1537;0.7757214;-0.095768064;11.453861
1538;-2.72939;-1.388637;7.067683
1539;0.40222588;-1.1587936;6.167464
1540;2.432509;-1.13964;10.745177
1541;-4.2999864;-0.8619126;13.206416
1542;1.3311762;-0.05746084;10.132261
1543;1.283292;-0.49799395;11.942278
1544;-1.7621324;-0.5267244;9.835381
1545;7.1730285;-0.23942018;10.94629
1546;0.60333884;-1.7046716;14.087482
1547;-2.8443117;-0.2681506;10.563218
1548;0.6512229;-0.37349546;9.270349
1549;-1.8866309;-1.541866;8.169016
1550;-2.0398598;-1.9057846;7.728483
1551;2.633622;-1.9249382;8.197746
1552;-1.1971009;-1.6567876;10.208876
1553;-0.78529817;-0.37349546;9.844957
1554;3.3039982;-0.20111294;9.768343
1555;-0.80445176;-1.8770541;8.42759
1556;3.1890767;-1.532289;9.184157
1557;4.7979803;-1.2066777;12.995727
1558;-2.9113493;-1.8770541;12.53604
1559;0.16280572;-0.80445176;10.390836
1560;1.340753;-2.2601264;7.9583263
1561;-2.0973208;-2.2409728;8.446744
1562;2.528277;-1.0630256;10.199299
1563;-0.50757074;-2.1452048;11.463438
1564;0.1436521;-0.8331822;9.241618
1565;1.3215994;-0.4309563;11.808203
1566;1.388637;-1.13964;11.21444
1567;3.3039982;-1.1779473;7.632715
1568;0.6991069;-1.7525556;8.456321
1569;-0.62249243;-1.9728222;14.250289
1570;2.4612393;-1.2641385;10.381259
1571;-2.0015526;-1.7621324;4.5872903
1572;1.2258313;-1.0055647;10.180145
1573;2.2601264;-1.1971009;10.94629
1574;-0.32561144;-3.2465374;7.747637
1575;-2.4420857;-2.6144683;6.8091097
1576;0.94810385;-0.4309563;12.277467
1577;1.5705963;-1.0151415;9.586384
1578;-0.6512229;-2.231396;6.2249246
1579;0.9864111;-0.79487497;10.46745
1580;1.4460979;-1.1013328;13.062764
1581;-2.183512;-1.6089035;10.25676
1582;0.10534488;-1.3694834;7.2592196
1583;-0.81402856;-0.62249243;12.689269
1584;0.10534488;-0.019153614;13.043611
1585;3.0933087;-0.94810385;9.155427
1586;-2.4037786;-2.0685902;8.686164
1587;-1.0055647;-1.091756;9.835381
1588;2.9592333;-1.6950948;10.113108
1589;-2.1164744;-1.685518;8.647857
1590;-0.45010993;-1.340753;9.548077
1591;3.1411927;-1.7142484;10.0748005
1592;-0.25857377;-1.9153614;9.682152
1593;1.9153614;-1.4077905;11.377247
1594;0.38307226;-1.1971009;10.802638
1595;-0.45968673;-1.7429788;7.4124484
1596;3.5338416;-0.05746084;12.449849
1597;-1.292869;-0.47884035;10.237606
1598;2.3558946;-1.5227122;8.159439
1599;5.48751;-1.0821792;9.3182335
1600;-4.663905;-1.9249382;11.63582
1601;1.2258313;-0.7374141;8.695741
1602;3.4859576;-0.7565677;9.56723
1603;-4.405331;-1.3215994;12.143391
1604;4.0797195;-0.80445176;10.04607
1605;1.7238252;-1.8100165;8.532935
1606;-3.2369606;-1.5993267;10.97502
1607;3.6870706;-0.5554548;12.220005
1608;-1.2162545;-0.81402856;8.236053
1609;-4.146757;-1.6184803;9.835381
1610;4.271256;-1.6759412;12.248735
1611;1.7812861;-0.7086837;9.710882
1612;-0.8619126;-2.633622;9.710882
1613;2.719813;-0.5363012;10.199299
1614;-2.4229321;-1.3503298;10.371682
1615;-2.087744;-0.7086837;7.9583263
1616;1.3982137;-0.6512229;9.624691
1617;-0.93852705;-1.0342951;10.630256
1618;1.043872;-0.7278373;9.902418
1619;1.532289;-1.436521;9.155427
1620;0.7469909;-1.2258313;10.055647
1621;-0.33518824;-1.292869;10.448297
1622;-0.23942018;-1.3694834;9.452309
1623;-0.19153613;-0.8810662;9.615114
1624;-2.3654714;-1.0534488;10.275913
1625;3.323152;-0.62249243;7.728483
1626;0.6703765;-1.8674773;7.824251
1627;0.9864111;-1.4077905;10.936713
1628;2.7102363;-1.1971009;10.5919485
1629;-2.4612393;-1.3982137;9.078813
1630;-1.0342951;-0.7278373;9.346964
1631;-0.545878;-1.13964;9.701305
1632;1.4939818;-0.6991069;9.873688
1633;1.8674773;-0.82360536;12.018892
1634;0.641646;-1.283292;10.390836
1635;4.3861775;-0.80445176;10.04607
1636;-0.24899697;-1.8387469;11.204864
1637;-2.2505496;-0.78529817;10.362105
1638;1.0534488;-1.1300632;9.797073
1639;-2.327164;-1.436521;9.892841
1640;0.6512229;-0.6512229;10.04607
1641;3.667917;-1.1971009;11.262324
1642;1.484405;-1.1300632;9.77792
1643;2.0973208;-1.0151415;9.471462
1644;0.45968673;-1.7812861;10.869676
1645;-1.5801731;-1.0630256;9.490616
1646;-1.5131354;-1.5035586;7.441179
1647;0.6512229;-1.5897499;8.274361
1648;0.22984336;-1.0342951;10.515334
1649;0.19153613;-1.1875241;10.850522
1650;3.763685;-0.60333884;9.576807
1651;-0.22026655;-1.541866;11.808203
1652;1.4460979;-1.2066777;10.563218
1653;1.9440918;-1.532289;9.165004
1654;-3.1316159;-1.436521;9.969456
1655;-1.5897499;-0.8619126;10.716447
1656;1.3503298;-1.1683705;8.90643
1657;-0.9768343;-1.484405;10.97502
1658;0.6991069;-1.2258313;10.381259
1659;4.9320555;-1.9536686;9.203311
1660;1.6567876;-2.0398598;8.37013
1661;-0.47884035;-1.3311762;10.726024
1662;0.009576807;-1.541866;9.222465
1663;-2.3750482;-1.7908629;6.3685765
1664;-1.9728222;-1.1779473;8.264784
1665;0.33518824;-0.8619126;10.46745
1666;0.6895301;-1.0821792;9.605537
1667;1.091756;-1.043872;10.955867
1668;1.3599066;-1.2641385;12.277467
1669;3.169923;-1.1492168;11.262324
1670;1.2066777;-1.484405;10.180145
1671;1.4173675;-1.2545617;10.515334
1672;0.047884032;-0.81402856;12.306197
1673;-2.7964275;-1.1013328;10.04607
1674;0.009576807;-0.91937345;8.485051
1675;-1.4939818;-0.81402856;9.509769
1676;0.58418524;-0.1436521;11.233594
1677;2.5953147;-0.45968673;11.386824
1678;-0.36391866;-0.92895025;10.189722
1679;2.2984335;-1.5035586;9.80665
1680;2.2218192;-1.9249382;9.011775
1681;0.038307227;-1.4460979;8.552089
1682;0.59376204;-1.2641385;10.342952
1683;-1.9536686;-1.091756;9.730036
1684;-0.545878;-1.0247183;7.728483
1685;-0.22026655;-1.2066777;8.63828
1686;-0.15322891;-0.92895025;9.193734
1687;1.0630256;-1.1492168;9.279925
1688;0.59376204;-0.9576807;9.9790325
1689;-0.19153613;-1.0247183;10.486604
1690;1.7717092;-0.90979666;10.783484
1691;0.24899697;-1.5705963;10.247183
1692;1.8195933;-1.0630256;10.649409
1693;0.0;-1.1204864;11.712435
1694;-0.10534488;-0.7182605;10.91756
1695;-0.12449849;-0.842759;10.228029
1696;-0.8810662;-0.90021986;10.295067
1697;1.2354081;-0.7182605;10.43872
1698;0.7182605;-0.7565677;10.352529
1699;-0.7757214;-0.9672575;10.457873
1700;1.3790601;-1.292869;9.730036
1701;-0.61291564;-1.6376339;9.289502
1702;0.24899697;-1.7908629;10.323798
1703;1.9057846;-1.8100165;9.701305
1704;-0.19153613;-2.1547816;8.207323
1705;1.9632454;-1.4748282;9.787497
1706;1.4556746;-1.4460979;11.233594
1707;0.45968673;-1.1109096;9.624691
1708;0.37349546;-1.3024458;9.586384
1709;0.51714754;-1.091756;10.065224
1710;1.3982137;-0.90021986;9.797073
1711;-0.5363012;-1.3120226;9.069236
1712;1.388637;-1.2449849;10.01734
1713;-0.24899697;-1.7717092;9.77792
1714;0.19153613;-1.8100165;9.212888
1715;1.283292;-2.183512;9.768343
1716;0.4309563;-2.4037786;9.5385
1717;1.2354081;-2.087744;9.500193
1718;0.78529817;-2.0973208;9.758766
1719;0.91937345;-1.9057846;9.9790325
1720;0.41180268;-1.8866309;9.557653
1721;-0.2777274;-1.6472107;9.270349
1722;0.17238252;-1.3215994;9.701305
1723;-0.22026655;-1.2066777;9.892841
1724;0.38307226;-1.043872;10.113108
1725;0.82360536;-0.7661445;10.390836
1726;0.19153613;-1.0247183;10.6398325
1727;0.842759;-1.0821792;10.716447
1728;0.17238252;-1.1587936;10.093954
1729;-0.5267244;-1.2449849;11.147403
1730;0.39264908;-1.3599066;11.061212
1731;-0.7278373;-1.4077905;9.701305
1732;0.79487497;-1.733402;9.624691
1733;0.5267244;-1.484405;10.180145
1734;0.12449849;-1.2737153;10.524911
1735;-0.05746084;-1.5897499;9.615114
1736;-0.20111294;-1.5705963;8.7532015
1737;0.1436521;-1.5897499;9.107543
1738;0.91937345;-1.292869;9.672575
1739;0.6703765;-0.91937345;9.662998
1740;0.4309563;-0.8810662;9.576807
1741;0.5746084;-0.79487497;9.701305
1742;0.8619126;-0.79487497;9.32781
1743;1.4173675;-0.61291564;9.883265
1744;1.1875241;-0.5363012;10.237606
1745;1.2354081;-0.5554548;9.921572
1746;0.842759;-0.58418524;9.902418
1747;0.545878;-0.545878;10.333375
1748;0.59376204;-0.46926352;10.371682
1749;0.23942018;-0.5363012;10.160992
1750;-0.06703765;-0.50757074;10.247183
1751;-0.08619126;-0.49799395;10.371682
1752;-0.15322891;-0.58418524;10.362105
1753;0.18195933;-0.7565677;10.218452
1754;0.41180268;-0.9672575;9.921572
1755;0.7565677;-0.9768343;10.189722
1756;0.63206923;-0.9768343;10.429143
1757;0.33518824;-0.93852705;10.141838
1758;0.05746084;-0.8810662;9.691729
1759;0.019153614;-0.7757214;9.653421
1760;0.21068975;-0.82360536;9.758766
1761;0.24899697;-0.92895025;9.682152
1762;0.5650316;-0.81402856;9.701305
1763;0.38307226;-0.9959879;9.797073
1764;0.7182605;-1.0055647;9.873688
1765;0.545878;-1.0630256;9.739613
1766;0.4309563;-1.2162545;9.844957
1767;0.641646;-1.1875241;9.911995
1768;0.40222588;-1.3982137;9.662998
1769;0.39264908;-1.4748282;9.710882
1770;0.4405331;-1.5610195;9.816227
1771;0.39264908;-1.6759412;9.80665
1772;0.58418524;-1.8004397;9.758766
1773;0.15322891;-1.8674773;9.739613
1774;0.4309563;-1.8866309;9.662998
1775;0.2873042;-2.0590134;9.662998
1776;0.15322891;-2.0111294;9.825804
1777;0.5363012;-2.1164744;9.969456
1778;0.30645782;-2.2888567;9.902418
1779;0.22026655;-2.2122424;9.844957
1780;0.33518824;-2.3463178;9.883265
1781;0.5267244;-2.2984335;10.04607
1782;0.21068975;-2.336741;10.113108
1783;0.6512229;-2.3080103;9.854534
1784;0.6703765;-2.3558946;9.844957
1785;0.7086837;-2.3942018;9.892841
1786;1.0247183;-2.3463178;10.04607
1787;0.90021986;-2.3750482;9.959879
1788;0.7469909;-2.2984335;9.911995
1789;0.82360536;-2.2026656;9.854534
1790;0.7182605;-2.0590134;9.720459
1791;0.49799395;-2.0590134;9.9790325
1792;0.545878;-1.9249382;9.873688
1793;0.41180268;-1.8962077;9.662998
1794;0.30645782;-1.7238252;10.04607
1795;0.35434186;-1.5131354;9.921572
1796;0.10534488;-1.388637;9.672575
1797;0.24899697;-1.436521;9.959879
1798;0.038307227;-1.2641385;10.199299
1799;-0.009576807;-1.292869;9.77792
1800;0.18195933;-1.1779473;9.864111
1801;0.21068975;-1.1109096;10.103531
1802;0.31603462;-1.1204864;9.921572
1803;0.22026655;-1.0630256;9.864111
1804;0.23942018;-0.9959879;10.055647
1805;0.22984336;-0.92895025;9.931149
1806;0.29688102;-0.91937345;9.854534
1807;0.34476504;-0.90021986;9.921572
1808;0.2777274;-0.90979666;9.911995
1809;0.48841715;-0.6512229;9.892841
1810;0.51714754;-0.63206923;10.0269165
1811;0.51714754;-0.59376204;10.04607
1812;0.6895301;-0.46926352;10.093954
1813;0.60333884;-0.4309563;10.0748005
1814;0.5554548;-0.46926352;10.036493
1815;0.58418524;-0.2873042;9.940725
1816;0.4309563;-0.31603462;10.0269165
1817;0.40222588;-0.31603462;9.998186
1818;0.46926352;-0.19153613;9.921572
1819;0.40222588;-0.30645782;9.844957
1820;0.41180268;-0.29688102;9.902418
1821;0.39264908;-0.2873042;9.911995
1822;0.4213795;-0.23942018;9.77792
1823;0.41180268;-0.2681506;9.825804
1824;0.38307226;-0.2681506;9.883265
1825;0.35434186;-0.2681506;9.873688
1826;0.45968673;-0.25857377;9.873688
1827;0.40222588;-0.22026655;9.797073
1828;0.38307226;-0.23942018;9.902418
1829;0.41180268;-0.2873042;9.825804
1830;0.40222588;-0.25857377;9.80665
1831;0.37349546;-0.24899697;9.902418
1832;0.37349546;-0.23942018;9.873688
1833;0.4405331;-0.21068975;9.80665
1834;0.39264908;-0.22984336;9.854534
1835;0.40222588;-0.25857377;9.797073
1836;0.4405331;-0.24899697;9.873688
1837;0.39264908;-0.24899697;9.835381
1838;0.45010993;-0.22026655;9.931149
1839;0.36391866;-0.2873042;9.835381
1840;0.38307226;-0.22026655;9.835381
1841;0.4213795;-0.2777274;9.873688
1842;0.38307226;-0.22026655;9.825804
1843;0.45968673;-0.23942018;9.80665
1844;0.4213795;-0.24899697;9.844957
1845;0.40222588;-0.22984336;9.854534
1846;0.4405331;-0.2873042;9.911995
1847;0.40222588;-0.24899697;9.768343
1848;0.45010993;-0.25857377;9.844957
1849;0.40222588;-0.30645782;9.873688
1850;0.4309563;-0.21068975;9.844957
1851;0.47884035;-0.23942018;9.816227
1852;0.38307226;-0.24899697;9.854534
1853;0.40222588;-0.22026655;9.883265
1854;0.4405331;-0.25857377;9.873688
1855;0.34476504;-0.2873042;9.844957
1856;0.40222588;-0.23942018;9.835381
1857;0.37349546;-0.2777274;9.825804
1858;0.37349546;-0.25857377;9.931149
1859;0.4213795;-0.25857377;9.902418
1860;0.34476504;-0.31603462;9.844957
1861;0.4309563;-0.24899697;9.864111
1862;0.36391866;-0.22984336;9.816227
1863;0.4309563;-0.22984336;9.844957
1864;0.4309563;-0.2873042;9.883265
1865;0.41180268;-0.25857377;9.816227
1866;0.4309563;-0.22026655;9.911995
1867;0.38307226;-0.33518824;9.80665
1868;0.47884035;-0.23942018;9.787497
1869;0.39264908;-0.2777274;9.911995
1870;0.41180268;-0.2681506;9.816227
1871;0.46926352;-0.24899697;9.883265
1872;0.39264908;-0.2873042;9.825804
1873;0.4405331;-0.22984336;9.902418
1874;0.4213795;-0.20111294;9.864111
1875;0.38307226;-0.2873042;9.835381
1876;0.4309563;-0.24899697;9.844957
1877;0.38307226;-0.24899697;9.921572
1878;0.37349546;-0.2681506;9.844957
1879;0.36391866;-0.25857377;9.816227
1880;0.37349546;-0.29688102;9.864111
1881;0.40222588;-0.25857377;9.873688
1882;0.33518824;-0.34476504;9.864111
1883;0.4213795;-0.2873042;9.892841
1884;0.39264908;-0.23942018;9.835381
1885;0.36391866;-0.25857377;9.797073
1886;0.4213795;-0.24899697;9.873688
1887;0.37349546;-0.25857377;9.864111
1888;0.4309563;-0.23942018;9.80665
1889;0.39264908;-0.24899697;9.911995
1890;0.38307226;-0.23942018;9.911995
1891;0.4213795;-0.24899697;9.854534
1892;0.45010993;-0.21068975;9.758766
1893;0.4309563;-0.20111294;9.902418
1894;0.40222588;-0.22026655;9.873688
1895;0.45010993;-0.25857377;9.835381
1896;0.4405331;-0.22984336;9.864111
1897;0.36391866;-0.32561144;9.864111
1898;0.46926352;-0.2681506;9.921572
1899;0.45010993;-0.17238252;9.902418
1900;0.40222588;-0.31603462;9.80665
1901;0.41180268;-0.24899697;9.825804
1902;0.37349546;-0.2681506;9.921572
1903;0.38307226;-0.22984336;9.854534
1904;0.39264908;-0.22026655;9.892841
1905;0.37349546;-0.23942018;9.854534
1906;0.38307226;-0.15322891;9.825804
1907;0.35434186;-0.23942018;9.864111
1908;0.34476504;-0.22984336;9.873688
1909;0.40222588;-0.22984336;9.854534
1910;0.32561144;-0.21068975;9.844957
1911;0.37349546;-0.22984336;9.864111
1912;0.4213795;-0.19153613;9.80665
1913;0.35434186;-0.23942018;9.864111
1914;0.45010993;-0.22026655;9.873688
1915;0.36391866;-0.18195933;9.854534
1916;0.41180268;-0.25857377;9.892841
1917;0.4213795;-0.20111294;9.787497
1918;0.46926352;-0.23942018;9.883265
1919;0.4405331;-0.23942018;9.864111
1920;0.40222588;-0.20111294;9.77792
1921;0.45968673;-0.2681506;9.883265
1922;0.49799395;-0.20111294;9.864111
1923;0.48841715;-0.24899697;9.835381
1924;0.45010993;-0.2777274;9.80665
1925;0.40222588;-0.33518824;9.816227
1926;0.51714754;-0.22026655;9.825804
1927;0.39264908;-0.31603462;9.80665
1928;0.38307226;-0.25857377;9.873688
1929;0.45968673;-0.23942018;9.921572
1930;0.36391866;-0.24899697;9.883265
1931;0.38307226;-0.2873042;9.892841
1932;0.30645782;-0.32561144;9.969456
1933;0.38307226;-0.2681506;9.883265
1934;0.35434186;-0.2681506;9.950302
1935;0.25857377;-0.30645782;9.701305
1936;0.45010993;-0.2777274;9.902418
1937;0.37349546;-0.34476504;9.844957
1938;0.31603462;-0.40222588;9.825804
1939;0.34476504;-0.29688102;9.892841
1940;0.49799395;-0.2681506;9.797073
1941;0.4213795;-0.2873042;9.615114
1942;0.41180268;-0.2873042;9.950302
1943;0.45968673;-0.30645782;9.864111
1944;0.4405331;-0.22984336;9.950302
1945;0.4405331;-0.23942018;9.835381
1946;0.47884035;-0.22984336;9.883265
1947;0.45010993;-0.22984336;9.892841
1948;0.49799395;-0.16280572;9.892841
1949;0.40222588;-0.25857377;9.940725
1950;0.41180268;-0.22984336;9.80665
1951;0.45968673;-0.21068975;9.892841
1952;0.39264908;-0.31603462;9.892841
1953;0.41180268;-0.24899697;9.816227
1954;0.4309563;-0.2777274;9.950302
1955;0.36391866;-0.25857377;9.864111
1956;0.41180268;-0.2873042;9.835381
1957;0.39264908;-0.25857377;9.854534
1958;0.4309563;-0.2681506;9.797073
1959;0.41180268;-0.2681506;9.864111
1960;0.32561144;-0.22984336;9.921572
1961;0.40222588;-0.29688102;9.835381
1962;0.36391866;-0.2681506;9.825804
1963;0.39264908;-0.22984336;9.950302
1964;0.39264908;-0.2777274;9.969456
1965;0.32561144;-0.29688102;9.720459
1966;0.4405331;-0.22026655;9.825804
1967;0.30645782;-0.24899697;9.873688
1968;0.40222588;-0.24899697;9.864111
1969;0.37349546;-0.2681506;10.0269165
1970;0.40222588;-0.25857377;9.80665
1971;0.41180268;-0.2777274;9.825804
1972;0.35434186;-0.31603462;9.883265
1973;0.37349546;-0.2777274;9.835381
1974;0.45010993;-0.2777274;9.835381
1975;0.32561144;-0.32561144;9.883265
1976;0.47884035;-0.20111294;9.844957
1977;0.38307226;-0.30645782;9.883265
1978;0.38307226;-0.22984336;9.835381
1979;0.4309563;-0.24899697;9.911995
1980;0.36391866;-0.22984336;9.816227
1981;0.4309563;-0.22026655;9.883265
1982;0.41180268;-0.2681506;9.883265
1983;0.41180268;-0.24899697;9.844957
1984;0.40222588;-0.22984336;9.931149
1985;0.32561144;-0.25857377;9.844957
1986;0.4405331;-0.2873042;9.854534
1987;0.38307226;-0.29688102;9.835381
1988;0.32561144;-0.2681506;9.902418
1989;0.4309563;-0.24899697;9.854534
1990;0.37349546;-0.25857377;9.835381
1991;0.40222588;-0.24899697;9.844957
1992;0.45010993;-0.22026655;9.892841
1993;0.39264908;-0.2777274;9.854534
1994;0.45968673;-0.21068975;9.883265
1995;0.4213795;-0.29688102;9.911995
1996;0.4213795;-0.20111294;9.892841
1997;0.39264908;-0.25857377;9.835381
1998;0.41180268;-0.2873042;9.825804
1999;0.41180268;-0.2873042;9.911995
2000;0.37349546;-0.22026655;9.80665
2001;0.37349546;-0.29688102;9.883265
2002;0.41180268;-0.2681506;9.864111
2003;0.41180268;-0.23942018;9.797073
2004;0.41180268;-0.25857377;9.902418
2005;0.32561144;-0.2777274;9.854534
2006;0.4309563;-0.22984336;9.844957
2007;0.37349546;-0.25857377;9.825804
2008;0.37349546;-0.2681506;9.844957
2009;0.40222588;-0.24899697;9.902418
2010;0.35434186;-0.31603462;9.854534
2011;0.4309563;-0.29688102;9.854534
2012;0.40222588;-0.2681506;9.959879
2013;0.41180268;-0.29688102;9.931149
2014;0.4405331;-0.21068975;9.816227
2015;0.37349546;-0.2777274;9.883265
2016;0.4405331;-0.2681506;9.959879
2017;0.40222588;-0.2681506;9.873688
2018;0.39264908;-0.2777274;9.864111
2019;0.4213795;-0.2873042;9.825804
2020;0.39264908;-0.24899697;9.816227
2021;0.40222588;-0.22026655;9.892841
2022;0.39264908;-0.25857377;9.883265
2023;0.40222588;-0.24899697;9.854534
2024;0.4309563;-0.2777274;9.873688
2025;0.37349546;-0.25857377;9.883265
2026;0.41180268;-0.23942018;9.854534
2027;0.4213795;-0.22026655;9.825804
2028;0.35434186;-0.2873042;9.835381
2029;0.4309563;-0.2681506;9.931149
2030;0.35434186;-0.22984336;9.892841
2031;0.4213795;-0.23942018;9.883265
2032;0.4309563;-0.23942018;9.921572
2033;0.34476504;-0.23942018;9.844957
2034;0.4213795;-0.30645782;9.854534
2035;0.36391866;-0.2777274;9.787497
2036;0.45968673;-0.25857377;9.844957
2037;0.4309563;-0.24899697;9.902418
2038;0.41180268;-0.30645782;9.825804
2039;0.4309563;-0.23942018;9.892841
2040;0.37349546;-0.24899697;9.835381
2041;0.39264908;-0.23942018;9.854534
2042;0.47884035;-0.24899697;9.864111
2043;0.38307226;-0.24899697;9.797073
2044;0.45010993;-0.21068975;9.825804
2045;0.36391866;-0.34476504;9.950302
2046;0.4309563;-0.25857377;9.835381
2047;0.37349546;-0.2777274;9.892841
2048;0.37349546;-0.24899697;9.835381
2049;0.38307226;-0.24899697;9.892841
2050;0.36391866;-0.23942018;9.835381
2051;0.41180268;-0.2777274;9.854534
2052;0.4213795;-0.24899697;9.873688
2053;0.39264908;-0.25857377;9.892841
2054;0.4213795;-0.22984336;9.844957
2055;0.39264908;-0.24899697;9.864111
2056;0.41180268;-0.2681506;9.864111
2057;0.4213795;-0.22984336;9.911995
2058;0.34476504;-0.2777274;9.892841
2059;0.4213795;-0.25857377;9.883265
2060;0.36391866;-0.2873042;9.854534
2061;0.36391866;-0.23942018;9.873688
2062;0.4213795;-0.19153613;9.921572
2063;0.34476504;-0.2681506;9.825804
2064;0.45010993;-0.22026655;9.844957
2065;0.36391866;-0.2777274;9.864111
2066;0.40222588;-0.21068975;9.864111
2067;0.40222588;-0.22984336;9.940725
2068;0.39264908;-0.25857377;9.883265
2069;0.39264908;-0.20111294;9.911995
2070;0.40222588;-0.22984336;9.911995
2071;0.37349546;-0.22026655;9.883265
2072;0.40222588;-0.30645782;9.864111
2073;0.37349546;-0.22984336;9.80665
2074;0.39264908;-0.2681506;9.873688
2075;0.37349546;-0.2681506;9.873688
2076;0.40222588;-0.2873042;9.892841
2077;0.39264908;-0.2873042;9.931149
2078;0.39264908;-0.22984336;9.854534
2079;0.45010993;-0.2777274;9.864111
2080;0.40222588;-0.2681506;9.854534
2081;0.39264908;-0.23942018;9.80665
2082;0.45968673;-0.23942018;9.911995
2083;0.36391866;-0.23942018;9.844957
2084;0.4405331;-0.22984336;9.844957
2085;0.39264908;-0.2777274;9.883265
2086;0.40222588;-0.2777274;9.864111
2087;0.41180268;-0.29688102;9.883265
2088;0.34476504;-0.2777274;9.77792
2089;0.4405331;-0.23942018;9.902418
2090;0.37349546;-0.2777274;9.883265
2091;0.41180268;-0.2681506;9.77792
2092;0.4213795;-0.25857377;9.816227
2093;0.37349546;-0.2873042;9.950302
2094;0.4309563;-0.23942018;9.911995
2095;0.38307226;-0.25857377;9.835381
2096;0.40222588;-0.17238252;9.854534
2097;0.41180268;-0.23942018;9.940725
2098;0.38307226;-0.24899697;9.854534
2099;0.4213795;-0.2873042;9.950302
2100;0.39264908;-0.22026655;9.902418
2101;0.40222588;-0.2681506;9.854534
2102;0.39264908;-0.20111294;9.921572
2103;0.4405331;-0.2777274;9.998186
2104;0.37349546;-0.22026655;9.787497
2105;0.4405331;-0.1436521;9.825804
2106;0.32561144;-0.31603462;9.816227
2107;0.40222588;-0.16280572;9.854534
2108;0.34476504;-0.31603462;9.701305
2109;0.49799395;-0.23942018;10.065224
2110;0.32561144;-0.22984336;9.959879
2111;0.39264908;-0.2777274;9.883265
2112;0.47884035;-0.2873042;9.80665
2113;0.34476504;-0.2777274;9.854534
2114;0.39264908;-0.20111294;9.911995
2115;0.47884035;-0.25857377;9.940725
2116;0.34476504;-0.2777274;9.892841
2117;0.50757074;-0.23942018;9.739613
2118;0.39264908;-0.24899697;9.950302
2119;0.32561144;-0.25857377;10.113108
2120;0.50757074;-0.22984336;9.80665
2121;0.4213795;-0.2873042;9.557653
2122;0.4309563;-0.21068975;9.892841
2123;0.45968673;-0.20111294;10.199299
2124;0.34476504;-0.2873042;9.9790325
2125;0.47884035;-0.2681506;9.662998
2126;0.60333884;-0.25857377;9.5385
2127;0.47884035;-0.17238252;10.1226845
2128;0.30645782;-0.22984336;10.237606
2129;0.17238252;-0.2873042;9.758766
