;ax;ay;az
0;0.14942535271642488;0.1841751044424894;10.347257050472093
1;-0.36296900716428127;-0.020198769252194104;10.502668642511388
2;0.3306868066036498;0.3816773243299234;10.094624581375756
3;0.3235324247019119;0.2492391288053393;9.460856356364076
4;-0.03342166972997519;0.40785464081606443;9.57693197429134
5;0.35506768326545685;0.2841655744251086;9.756897609805401
6;0.31004757124965876;0.08148360977831043;10.21637978395585
7;0.04484189901617831;0.28907545041380756;10.026604626982687
8;0.4000842909219583;0.31149771334110665;9.852226602093532
9;0.2035422757737586;0.34305189707134787;9.677790711017137
10;0.20033302701964678;0.45637723065988567;10.167976790755185
11;0.2753428615867587;0.21929128957838917;9.81425669657838
12;0.2894811998752224;0.13296610760208752;9.88719255978066
13;0.35020331634110313;0.23532668807546447;9.805533102798238
14;0.15200352505672587;0.30458505287221366;9.684492143922425
15;0.27550721488155916;0.4721345463622058;9.617926862522863
16;0.23105835104705355;-0.016546222349895473;9.819955935647913
17;0.18255499494116964;0.27942045361121337;9.939755662249475
18;0.07453767549940302;0.1982794565492967;9.739726496287176
19;0.25686903281831774;0.19353141360228693;9.69330056353206
20;0.46975526640210186;0.08354027924800067;9.848742094791016
21;0.08927955722384742;0.3272300454919449;9.908445335304688
22;0.10958993902064634;0.22795257794094506;9.784740375511213
23;0.10821340268061796;0.3321410973135978;9.9658398644831
24;0.2751933731561345;0.3822056959129611;9.8683730204927
25;0.2977670496712454;0.2796531879486493;9.944542194076053
26;0.27901782306304135;0.33911829949860517;9.985080795293282
27;0.026624796686216784;0.2281212726508684;9.982428846782085
28;0.11389213203855576;0.14660694429303772;9.932055837024029
29;0.13985205209288715;0.16552131784761628;9.84567861552313
30;0.2856185315131991;0.33508843770714697;9.824899903823463
31;0.12500521994110847;0.24692299020672717;9.874375336327224
32;0.18589712552589294;0.2738218135498448;9.956009993119887
33;0.2484654323193199;0.32464584672077385;9.913127289213866
34;0.3150158423560766;0.1584630809567886;9.893681624938306
35;0.2160717599777975;0.3530365386050319;9.844077654537378
36;0.3278802181878309;0.37167397264584934;9.876933555854581
37;0.23815730926560152;0.35652953487936007;9.825427153859108
38;0.44434292220823735;0.2959988323071164;9.83230478397525
39;0.3378775621344379;0.42952053453409966;9.881327579520642
40;0.16795481430834264;0.15062337607169235;9.803269408141471
41;0.3229298789707731;0.2816661300248046;9.895777965132012
42;0.27118564651110577;0.3762584843657082;9.940179876380755
43;0.1318089313432934;0.3631851593756842;9.87829256404932
44;0.46738467065373196;0.22597977190565088;9.791314932189424
45;0.1857627384103438;0.33048741655850766;9.8315603028791
46;0.1601372410304413;0.3060225661758917;9.726437966276436
47;0.33072731093582053;0.2843479996653399;9.74216152044162
48;0.0833153274938663;0.36679607895224803;9.945294482053667
49;0.13729576689981224;0.27520089616502325;9.93064466141175
50;0.23950066352410398;0.1545783664787015;9.786729713186078
51;0.27208593154972593;0.2118112066338133;9.752886211971733
52;0.29605840028283054;0.21860165794089131;9.935139859663064
53;0.11427509328710267;0.22701767485300087;9.872309733945864
54;0.3649411925331305;0.21329848035170879;9.96424619742072
55;0.3912099153220845;0.2901038903141095;9.945477003056338
56;0.34080779590399213;0.17292296774801663;9.963894530084744
57;0.22975211217329547;0.27970809944634617;9.852356652701797
58;0.2293753408710783;0.25330018515846103;10.05345922427125
59;0.29884771001060334;0.3166118983665888;9.767487203884093
60;0.07508908707474887;0.2831253802668003;9.854191033425833
61;0.1862807118268553;0.39012433676918734;9.897178611095322
62;0.35471856849158623;0.27731824834497343;9.801314428297953
63;0.19865753910482137;0.3222521834162869;9.92605715816947
64;0.23572279950559075;0.23916326724291576;9.863787047736741
65;0.09511852341973047;0.3778841731817893;9.902396031608847
66;0.08564885641121991;0.3586447246031101;9.850969512188819
67;0.05952320140360304;0.35632657104272786;9.890974224359907
68;0.3753217269243491;0.24953577280681496;9.834918293701481
69;0.4794071067110722;0.34835323728660367;9.811049388768934
70;0.17575751549967492;0.1829764506339544;9.960225366984583
71;0.32406381184659416;0.48378856962378064;9.876121812342115
72;0.08224488794064017;0.26193268962689087;9.90550786066775
73;0.26541300672944684;0.19544821276451563;9.810866180839488
74;0.2028390141125141;0.13725351804824046;10.114201682935697
75;0.2768114034635949;0.16962209151251298;10.248117041216881
76;0.12808387162987447;0.23687257226393732;9.687987640557289
77;0.13882867637435709;0.11222506530169976;9.77816230531241
78;0.39365416237045925;0.05157305608582269;9.744053648135376
79;0.4157679971645786;0.5142621782111236;10.078584942423687
80;0.24781317634891806;0.36875026753065543;9.783780746118447
81;0.2874546016474626;0.28353752535225424;9.843635276772138
82;0.2703231042498854;0.33288294643713523;9.86318938401793
83;0.09320648535132345;0.17715508926489365;10.022496919570903
84;0.17410627839319912;0.35226140208430434;9.692182200878499
85;-0.058396907518481256;0.13544348304556825;9.93102916172149
86;0.08786288187972537;0.4205135827701505;10.028206775926398
87;0.354702362313152;0.14973404083176525;9.931034954213029
88;0.08372623800511035;0.3929819159113138;9.889926960925962
89;0.33371055620496404;0.2503883263716491;9.825951517390251
90;0.2694792573672369;0.2003187197777495;9.914363188158784
91;0.4586134503973761;0.21207938106251606;10.005328656209198
92;0.0480297142468952;0.39456101242629626;9.86594663677185
93;0.27605959320776174;0.3094884466959066;9.836934142222225
94;0.23837020830355254;0.23248038311041128;9.83019756088086
95;0.13784557344422782;0.3209861031469272;9.841513931895646
96;0.16382731434096032;0.3741297933735945;9.902354519974873
97;0.1241974527127766;0.25977966859522295;9.858040684979255
98;0.12816435756390968;0.369388305766208;9.809935842630804
99;0.14291219559223262;0.26344356377281175;9.814044389381413
100;0.19378686054520372;0.49217530111445273;9.809870148954596
101;0.20096431134147225;0.12120980483054439;10.039050588515824
102;-0.004493393988555366;0.5370405002551657;10.044375046575086
103;0.3251755038264298;0.3215483838339981;9.801101147025063
104;0.38322681073078935;0.2659914644306669;10.169737159113394
105;0.09081729006121547;0.38071300309216105;9.756526765105628
106;0.6039429799456024;0.09917370267348147;9.91446288659669
107;0.25538550113687786;0.5000908514769359;9.806824302491057
108;0.23672131547977168;0.5256409482674705;9.862368855084483
109;0.40983481904657504;0.21708209406929474;9.791899486096801
110;0.1824720173764505;0.4363453069558624;9.59159253920243
111;0.2262263896134453;0.34761093078804683;9.950385106987166
112;0.2514449841318773;0.4176877251116158;9.871473340917866
113;0.28985268074193526;0.20361967927525434;9.915061480421512
114;0.18212070497095578;0.267442450873553;9.860458606460258
115;0.08535658179081453;0.30053244386105765;9.791047407856725
116;0.30626399876654514;0.2765962012793949;10.12535219760354
117;0.16560433739178568;0.38405781384167903;9.792321170745884
118;0.20978855845636765;0.17219830612245657;9.98078194784149
119;0.3861896920088237;0.08006779410067213;10.02644002526509
120;0.28741947951901614;0.3113723294480007;9.81626339192294
121;0.18707196395873776;0.28574971706830943;9.571254145854914
122;0.19426198443529624;0.3542635564047304;9.69566578451468
123;0.12575173871306441;0.3777138446221479;9.878078969424884
124;0.34638975618529516;0.1713596185615356;9.859098939008378
125;0.44712806028769614;0.17649830381509643;9.776589203312335
126;0.06632253664647329;0.24759130752288674;9.989334987608192
127;0.15391609238966042;0.33885294489131007;9.921905663174128
128;0.32332428908300703;0.32575083221016976;9.854341353047275
129;0.22706162193064264;0.1829711169229436;9.886596472860097
130;0.2586135094159911;0.15884200984193322;9.696056421715246
131;0.3212134319935148;0.09496466308568882;9.6677145577109
132;0.13758079714080754;0.2731440850737006;9.920129649264464
133;0.25372527032457215;0.4284316033058557;9.900171112805866
134;0.45078516132797225;0.22451797751292818;9.96096318894858
135;0.18770653922647682;0.13223852415402307;10.031228545231176
136;0.27015583829990014;0.2773304388650944;9.936109255898586
137;0.17524779883054914;0.44745478013465956;10.01711537132516
138;0.10318375617122104;0.32054531759588106;9.769939360339789
139;0.15146037287001066;0.1587178621162847;9.975045666201316
140;0.209865828742576;0.34483526423889954;9.919068485603638
141;0.19703530720797416;0.17590422733739952;10.13559411049541
142;0.19968075697467308;0.44223674587097517;9.69800775486327
143;0.14192991486745465;0.33484694668983417;9.984801720938464
144;0.27250663122939145;0.3018119464042702;9.873716195447887
145;0.23682694651336583;0.47563518871794397;9.747889380156266
146;0.1779432644260007;0.2734352242187818;10.023583614834624
147;0.06873116128338433;0.44025805323459094;9.843341328746606
148;0.37317117474590245;0.243965579531631;9.83035863595096
149;0.35672773330800367;0.20444421133479052;9.937288713839456
150;0.10681975985341172;0.30490699716951897;9.79379469763139
151;0.17364365899222015;0.27236947900405245;9.867769804054356
152;0.30181670066534955;0.26816795057298504;9.993201128502678
153;0.30576861720917226;0.4018281948297986;9.83827387757106
154;0.08160842054577447;0.47187548942929675;9.831376634479017
155;0.11810171546376291;0.5533231028077239;10.016485884940128
156;0.28180619687636654;0.42495687842285723;9.818951264542783
157;0.20130444732471345;0.45779357371076435;10.097961910813435
158;0.24774614186096244;0.3773887251057418;9.665430398335932
159;0.1981543858104145;0.24227851832773498;9.861963450960856
160;0.29757128654890386;0.3114417321339414;9.87311227435489
161;0.3231769687414787;0.3546526511543393;9.882398301686385
162;0.20674842711202296;0.23051193860982305;9.890016537381115
163;0.2671891909839163;0.2156023745115757;9.727124807833205
164;0.2898501256994807;0.27860620511254147;9.774617170773045
165;0.2315216050143456;0.16622287779223052;9.790941035353832
166;0.39878668528314104;0.5709469127042551;10.073649317361774
167;0.3746775441513254;0.3218561198272635;9.849747549081416
168;0.21874675496828688;0.3654443571714513;9.91681944845676
169;0.2710786931864787;0.21058665366804058;9.798948749842596
170;0.19157724577350368;0.1635683568030126;10.0524371614157
171;0.33410838537330767;0.17039620385801707;9.845156850579773
172;0.3712551305199847;0.4747972463643359;9.874208415736609
173;0.2736646760041513;0.28600183867766676;10.007803486420482
174;0.13943376416426262;0.416859054004605;10.1574320453211
175;0.24850690894556218;0.5931815297913166;10.152538071147484
176;0.17430743738662077;0.5805497783678294;10.106871022067908
177;0.24159012756325138;0.6156829602289945;10.016472860423391
178;0.3419186595048677;0.5239183285558553;10.024125121465234
179;0.09990601676185468;0.7290711602372514;9.986900746956357
180;0.2302709831377614;0.8481458635925384;10.31716754596623
181;0.2421821417878957;0.8758289419237586;10.021509891379491
182;0.2996275137419178;0.9756839514090374;10.063555336742251
183;0.31971789441246873;0.6957667524651531;10.16668313003747
184;0.22787438632198925;0.804763418112084;10.121537388086605
185;-0.12583905584164182;0.9833685910092855;9.903561051895664
186;-0.18481017013242332;1.1316973074682741;9.863249747024472
187;0.19313914082441255;1.1368271944090702;9.914896156962863
188;0.21556428875432612;1.330296236452119;9.878146997987617
189;-0.07651874103103362;1.4815728015687224;9.76975122793979
190;0.5604438358930943;1.7197143114222901;9.834583313538396
191;0.4631737611457724;1.3303652310298506;9.774479845142972
192;-0.3939920166837504;2.3782409858351476;10.067364331265699
193;0.3907071051588703;1.7655036219354803;9.191313577757558
194;0.8513113196383055;1.8365645851134815;9.726859587386533
195;-0.20595516555383298;2.335084945998495;10.19886380548586
196;0.31142216238794423;1.7511278904312795;9.038512927581525
197;0.9918968800424325;2.3162349415482035;9.26729185644334
198;-0.2839131809444822;2.3629574489058403;10.351505448188089
199;-0.06605230299944402;1.8365274509088934;9.88256474418028
200;1.126207608218673;1.7274177924986303;9.750500893534175
201;0.08375077929979012;2.1520465533527724;10.357115945127974
202;-0.3494219280172012;2.047886765134708;9.823965775086286
203;0.7981990521419836;1.7043704643218494;9.718921117788467
204;0.3088989924347334;1.8552692145654712;10.40891477817693
205;-0.36413003269864014;1.9592054625672832;9.827983966931226
206;0.8064743450079117;1.5307424915207488;9.549162907753406
207;0.2449077549258858;2.042202211819998;10.045549482112733
208;-0.19930330715644434;2.036090033881425;9.757689531543802
209;0.5330745670119684;1.948153650245296;9.803664538058356
210;0.1986393100409146;1.9820245997422854;9.860793993521375
211;-0.3736118404905493;2.031509715304566;9.661532885144744
212;0.5163869586778816;1.9346179519048896;9.868320418827661
213;0.23377778434334445;1.6920075620534505;9.623438259191628
214;-0.33463013602667574;1.819304262000071;9.994484585831076
215;0.5037355778538115;1.6874192870998082;9.886860677969768
216;0.42813040330254504;1.5615781590462967;9.793955427252422
217;-0.06596659449379345;1.787300359967493;10.060033692328604
218;0.544626578977235;1.4854754508886576;9.684756037188304
219;0.43923833443580756;1.6084209695045395;9.814002675899884
220;0.019810900309777286;1.7930164765526848;9.797704851777125
221;0.4390546076348109;1.8182707694783902;9.755157145685391
222;0.723105473441383;1.3570773442187123;9.850980189843407
223;0.20390482911767385;1.4441475172094296;10.018715619309855
224;0.3714845573366681;1.41965147788237;10.131506830002147
225;0.2998519254589803;1.2244859289006955;10.268589710781969
226;-0.8756516064260934;1.1588535240767175;10.035242198258647
227;-0.4623934561524268;1.1961013908649294;9.857954885967933
228;0.00653527557107626;1.3624166988108182;9.936664339807908
229;-0.1498860440161774;1.3788775491328429;10.009605155499768
230;-0.0026470167125050847;0.9628896385371155;10.296098931035461
231;0.30664844154633447;0.88306636167566;10.154024811241667
232;0.5385618351004613;1.0329667635920876;10.213885734094758
233;0.46011183380806464;0.9752142905553407;9.868870527254396
234;-0.07716499995996101;0.5298841734504451;9.844319114459113
235;-0.33010767718956535;0.684349080845741;9.5612516735705
236;0.10328917942861057;0.927938436711788;9.169397872265904
237;-0.2739586402679971;0.6700764651293714;9.089874123861907
238;-0.20939486917040231;0.9911745910800358;9.02037663333636
239;0.28943820545690385;0.7503419325433999;9.257733103060568
240;0.4285839374349413;0.824565490952474;9.385034278385787
241;0.26282996533003106;0.8354999165276631;9.716579554581704
242;0.5420085928811991;0.9862824078362182;9.600821345915183
243;1.4004650306919584;1.1677470114113946;9.727960430616509
244;1.007212110810219;1.1091564806589123;10.688212118884318
245;0.2790424760969803;1.1999876355971828;10.870965757175812
246;1.0005963312574067;0.7188714487499186;10.453306651358053
247;0.02618621037686339;1.169823701957781;10.815072747653367
248;-0.9814692587673418;1.0749901824387202;10.067877817396962
249;-0.39312136311982804;0.6465646620735315;11.570748005007992
250;0.42443857809505803;0.6697260484892585;10.37582853437664
251;0.4237080175794248;0.4864920530991503;11.205345133916685
252;-0.07862192654062855;0.9848683676945353;11.05635672926724
253;0.7071964873535388;0.7209969996961593;10.25676429544413
254;0.6494542165289012;0.7676506460271204;10.337360467637128
255;-0.3230334704344273;1.1703281390933553;9.868647615669637
256;0.30442736114712154;0.7170730149817266;9.695174872648943
257;-0.10767906630758148;1.186578050608988;9.478394746586773
258;-0.23939796268364785;1.3070343163193208;8.71525486602853
259;0.566990535504848;0.7681975328217464;8.775328283059965
260;-0.2386254753275828;1.5896468317927384;9.479811068160956
261;-0.01881639097412799;1.6896965221397047;9.593813570943018
262;0.28646374047933615;1.4243428616562064;9.605602801953584
263;-0.8726956009376066;2.076763019136504;8.609712783327208
264;-0.6116636466782562;2.094064610570307;8.975262309107663
265;-0.45432033212456724;2.432354976393595;8.417583095355862
266;-0.7643830941743832;2.2183829415220093;9.301734956820091
267;-0.30354614001974217;2.1007481924629774;9.48503389965073
268;-0.32112546121691277;2.0097008133804946;9.741155335684834
269;0.3487432206605149;1.902040656481838;10.192691253547741
270;0.19304367138707637;1.590836169136727;10.447530875424357
271;0.5767980990832317;1.6156733503647167;10.165993293026046
272;1.001014310359465;1.3696363052799425;10.718667448368441
273;0.621184128804447;1.5993463894316389;10.208943265432039
274;1.3390502624602527;1.622006062424342;10.021217458666188
275;1.3363575964061867;1.8619457520659803;9.748573978662755
276;1.2724816495235216;2.165120560270769;9.623039246746687
277;2.1647208279890653;1.6644199567621316;10.169567967956326
278;1.104805653494465;1.699135059673115;11.025867816823325
279;0.3704687252672688;1.8197431163254585;10.390882524905596
280;0.6815273565703894;1.192632329947063;10.001105678512817
281;-0.234942521430491;1.2544956262406803;10.344519782934798
282;-0.09861513316124221;1.0401540656974755;10.445891709495434
283;0.9992393223486231;0.7977968660146095;10.68870775936435
284;0.20131447044431183;0.7935102246160857;10.870065510959872
285;-0.38114679693272524;0.9509210063859883;10.692675364652711
286;1.5597073963751988;0.9870020804174797;9.53545741049403
287;0.8806056358186461;1.0080750728008212;9.977422166190935
288;-0.8795717767260396;0.8840006323435519;10.17307454363594
289;0.6230499227849138;0.9694148953670333;10.347267803601724
290;1.014731802602851;0.8876506026512061;8.72953824120275
291;-2.33509212116954;1.5596814012622808;10.493292708655716
292;-1.3105468660685402;1.1666237442646157;7.90745443429865
293;0.27486271694987163;1.0678353641791445;8.465735294749104
294;-3.1078897581357934;1.6721671363212816;9.990890304693133
295;-1.7236023571151042;1.9402620686605498;8.604735416534616
296;1.4615338681135073;0.5501952311274383;8.249419891537837
297;-2.4325822581324457;1.5879046651152144;9.721847592123563
298;-0.9076110850497896;1.2408416300219771;8.708673151502214
299;2.893821545300336;0.26768343554228274;9.577147058759083
300;-0.6884273793281622;1.2730234960963709;10.448265167934498
301;1.577044578750472;0.3053434331021108;12.217199783225475
302;3.1616939320615893;0.19265990163087868;11.56297728631225
303;-1.7722654584162656;0.6293292851136564;10.878229029200774
304;-2.3469756404207147;1.0685675684664238;11.094579691965516
305;1.7977031024551184;0.493423547982632;9.654437726349844
306;0.42212014660403063;-0.12416657368862818;12.152012553649259
307;-2.1665347563151753;0.6720097143539117;11.9053943326458
308;2.144323376715448;0.563070597153083;10.692723116797529
309;2.0907679685849785;0.24098235522441824;9.655113439115878
310;-0.20104470360943916;1.7086493007843127;10.925914188241544
311;3.5537257787531416;0.467532360209887;10.251753566649441
312;2.1406144119619532;0.3718302095415347;12.067308270443476
313;-1.9712801129273532;1.5375689444248368;10.859841225176172
314;0.5325342170292442;0.9991697447252459;8.39562823132139
315;-1.2614295802176254;1.4087030342818194;6.5287769054060965
316;-3.212011976209138;2.053590213714531;8.860901213906423
317;1.7385574491021933;0.8255274241905022;7.578075580347234
318;1.0142218365621187;0.7759579922919604;9.502603821770833
319;-1.8337997812396323;1.9807710226025212;9.595937576021207
320;1.8955223925755718;1.2261320293083928;8.423372962044834
321;3.7706233294804297;1.7436191480168253;8.99519455396224
322;0.39278023621168057;0.7579309997072731;10.481395743746521
323;1.375745921633651;1.5756801111450573;11.964385074188126
324;0.8954639398485587;1.5709382640950467;12.885263557337957
325;-1.5917181735351809;1.3241316269032875;9.232692957281783
326;-1.1475397951510757;0.9654204780186834;9.509159175123067
327;-1.368943985714031;1.1673722895075953;8.461966120930393
328;-0.7789796366450762;0.5262622501770889;9.592939970015896
329;0.5991154431181794;0.9384243251851433;11.953234004346713
330;0.09032695515967976;0.6305739976385734;11.157919986733232
331;0.19430143967977387;0.7936912694156614;10.253518742017286
332;1.3132534225278925;1.3972109827644308;9.199610472124169
333;0.38828774374487696;1.810815115699739;10.66657629690197
334;-0.3017872327348017;1.4802946897987714;10.629333338811419
335;-0.5219120002960188;2.3067763007229924;9.927316619590936
336;-2.1064683552851453;1.114615803624251;8.482693153646615
337;-2.2826056913933948;2.3785112359908247;7.807457834824071
338;0.9236921529287871;1.7959278430886263;6.809769341965588
339;0.15668261241443449;1.1624650977411095;9.36935108565242
340;-0.1605542832808366;2.103804787665003;9.163050232741666
341;2.9915715550848754;0.9802402651138312;10.219190217016989
342;-0.44117424721010967;1.7176042008326335;10.405984793673131
343;-1.2663190504316344;2.1616267369713897;9.872057901214811
344;1.4824645963665417;0.9135960679015148;10.088943001165138
345;-1.1516737490731883;1.782526623035227;9.642972866362213
346;-1.7334770323660322;1.3981047941651983;10.535747651785645
347;2.2939138117241984;0.9790653494252739;9.680104441024396
348;2.3181283403786512;0.8222937688990754;11.096768354891003
349;0.058106188359848;1.2331737316957458;12.962339550005911
350;2.504084266050949;1.1193207590576315;10.847172834340757
351;-0.44729108639028425;0.733116967946319;11.231111022583908
352;-3.845937767137894;1.79943878555322;9.226534248802148
353;0.236530307964586;1.8673792870676145;8.903030829797618
354;0.3533426982372323;0.3534413295908806;9.098075577054418
355;-2.1133118122702803;1.7112943255691904;10.504804758211414
356;3.190636998287364;0.5229575870746304;11.018576256326256
357;3.1892172397655645;0.7262497735099002;11.104255180137713
358;0.13523069068053617;1.7602391039589302;11.820793997569147
359;2.290845954272277;0.42829526123685235;10.279560013325911
360;-2.6094004363250747;1.323191850694752;10.071340170716077
361;-2.975750859977367;1.6972910709095523;7.7604602073182125
362;1.8893455465644622;1.4652388333766309;7.872874583556603
363;1.1007838252234903;1.2927852283162684;8.583099208733286
364;-0.2743743671269209;1.3150822595177454;10.398528998186118
365;1.2653272685606318;0.1958703709513107;10.456721381536488
366;-0.8750171460627393;1.5379123079261279;9.260470648875838
367;0.3195641191393675;2.224297229435127;7.461381095699753
368;0.42596046485669276;1.3191494720720462;6.829765559188665
369;-3.442780186811141;1.2149184748016766;9.624266061116378
370;0.08771746414613638;1.9720830681133337;11.704418704204846
371;5.056736060172339;0.76347938496561;9.203648803900773
372;0.4979122609021283;1.1240691646261727;10.115556482061859
373;-1.923329994496296;1.456105372318197;10.815966724001196
374;2.7040614185094167;1.1383234925699501;9.777108946016781
375;-1.3524128926806747;0.6750159038803947;10.094715284596775
376;-4.219665347829651;1.4510269104599736;12.481445614410763
377;1.476774993943267;0.11445016287841527;9.053216605781326
378;4.259677831950369;-0.7457136254982262;9.390261491612732
379;0.4191845106397541;1.342654470763987;12.680930757630012
380;-0.2310079851719971;0.1610295061423691;12.661725306475008
381;-0.2992073146562817;1.3953840670860658;10.555902557338689
382;-2.0270992104369405;1.4283032774491673;8.93189618273412
383;-1.4191167859017269;1.4361659659377655;10.708023351742797
384;-0.9471700087680102;0.34365877780289167;7.312669517228582
385;0.15697753339800058;0.7945801417101426;9.200667992522968
386;1.918563969520388;1.9665408314288886;8.872680602933674
387;1.948274647396292;0.9212278222757888;11.579990814400889
388;1.3772283933819578;1.23331770869264;9.305193154991137
389;1.3362754573535436;2.163478503413493;10.161063223349965
390;-1.2705440687451073;1.128296556482837;9.588711171580384
391;1.0244649788735185;1.905365926462142;11.185827012096878
392;1.3387310773988121;0.5542392405420206;9.362743026131227
393;0.0875776167365288;-0.5431281457908017;9.260566543023968
394;-1.9830600538005094;1.0475341142443653;12.963485120542947
395;-1.5978363133141484;1.358257815954988;9.482692095627055
396;-0.4270660589908749;1.1387889100068405;5.411417602363791
397;0.007114970139501971;1.448635587147876;9.317153123586516
398;-0.34147174227574484;1.211411925331161;12.472618694333224
399;3.2504679664562834;0.25423941192931954;13.54059290398061
400;1.8091739248485879;0.27982455455915245;13.272338459526974
401;-1.5676689640645938;1.16694213780235;11.105493081841647
402;0.3299797713479368;0.7408444156420678;7.995831224573912
403;0.6015079124171456;0.9753477418791643;8.917016486731361
404;-1.0197217561441017;0.5483485519403057;9.87336341533542
405;-0.0012482593507895101;0.515874920015545;11.331521432269819
406;1.0396979723940198;1.61183072533045;11.878127556764841
407;-0.271450277493255;1.1922697543240923;9.336703314980737
408;-2.1575553107337853;1.5441581733224519;8.959640859420904
409;-1.0946040229802558;1.890964937683823;6.737967491715847
410;0.4941271399209197;1.2019847512038753;7.184544864470436
411;-0.7855699985142418;2.2267491686698526;11.319235250716956
412;1.787081555379877;2.3128690191649532;9.25244374041089
413;5.166247752921845;0.7036879578670281;10.615864366761002
414;-1.4623588728400718;1.6410002419464516;12.469140613629797
415;-2.6916486298312097;1.4838711998044625;8.323117175552758
416;3.8950357237512065;0.05435785316425522;9.082117939248675
417;0.17247081030064604;1.5591027719648762;12.024059141907987
418;0.32237676134512083;-0.16029792580114582;13.042532675933467
419;0.6296153924930135;-0.38467544243756335;14.676335646834865
420;-2.777347499104754;1.632301592268288;9.365862843798732
421;-1.4994995577156494;1.2476023448199836;7.1190148935741
422;0.2061290130259968;0.36916019887451285;7.041502992049014
423;-1.060618133089775;1.450250893733768;10.677766121209734
424;3.5175167056943586;1.092095870519156;13.814078315623835
425;2.891024880018646;0.45715653883422036;10.456554042782198
426;-2.4203799749504817;1.2742504046166219;10.767267489336016
427;0.26785305240125507;1.8850739800637122;8.201160304105647
428;4.4998703342081665;0.8757202156108522;6.992600685610488
429;-1.4235412220828043;0.6474746120992536;12.400567840215265
430;-1.6131333491330326;1.9139099994591868;11.970430737133116
431;2.426309650998472;0.34779026893930415;10.965988777203425
432;-2.7674370177902192;1.8933635665357496;6.364813027126138
433;-2.2963890488634178;2.7457736956627854;5.796687648056764
434;3.2156179192347216;0.9289549419614838;7.644123526332225
435;-0.3404006079731332;1.894910533698551;9.585179842446601
436;0.09138168388575424;1.1865189036882369;12.165961663703417
437;3.194777392117943;0.42740479025952316;11.643889734910015
438;0.0511481642815287;1.575262756494293;8.57801195331908
439;-0.7709217216970028;2.507656726544781;8.784862325006731
440;3.2042581830563273;0.059022010200831004;6.569200823335142
441;-1.8263848335838784;0.6136173051234373;14.403458831959181
442;-2.183279139227588;1.1492249550387603;12.715717287968918
443;1.2579840368797104;-0.22651783008897602;8.552280713505212
444;-4.407915072053961;2.8816984887366766;8.855056632728402
445;-3.7038400097381174;2.5613246032753327;4.504362402454922
446;4.485274729389461;0.9554649986374891;8.15818457489133
447;1.9731472873790241;1.9181757658902006;13.947722136600003
448;-0.32775461792404337;0.18329457362117904;13.083762855290663
449;2.157013192628493;0.38925261416495593;13.397256070892517
450;0.39263167977982627;2.5889967179449025;8.664988294680331
451;3.312851753794166;1.143752452652035;7.041646049267401
452;0.7401369191472139;-0.22517477160475496;13.139630648586335
453;-2.1977226170164426;2.092277408551015;13.208936466092693
454;0.10116815152879613;0.4786500016091038;10.081996414550208
455;-4.600535693576838;1.9259050364476709;7.138619331433265
456;-2.180050633342921;3.755452349193682;2.6595247268018847
457;6.619602138029295;-0.13844458471429932;8.921503665799117
458;-2.203709924545021;0.8537560136852498;14.406597962753976
459;-1.407999212745041;0.29972587015351476;15.079074223532952
460;4.72138447395499;0.5798575247572048;11.92302170125509
461;1.0858117543051584;0.8380528586597077;6.800245548731449
462;-0.6988647284169396;0.32980740889345855;10.620630289863996
463;1.0079233006623245;-0.34871499892721614;13.01343238075271
464;-2.934436313471245;0.0688185070929149;12.391809469256522
465;-3.2885821351032267;2.343402356118943;9.508478382002611
466;1.6095877470209339;2.246169851095758;2.341167204254685
467;0.34419099011492943;1.6466302695994721;8.315132186593821
468;3.1034746596995113;0.5635727757638604;12.930740616078001
469;4.981672946455087;-0.4229434049168195;16.32821149143913
470;1.892079169848108;-6.27996723248377;14.670599911161766
471;4.471343133372939;-2.9333620830399525;17.177752535986343
472;5.644006598659877;-4.304985132134701;19.233104035019245
473;0.7843686811831978;-4.784595491379652;18.206989800824363
474;0.2774663194840755;-6.246894190959411;21.19164212204499
475;-7.136158656739712;-6.596952710529707;19.345958069427038
476;-4.209663199373126;-6.36191657264549;15.67431955652898
477;2.045159984315909;-7.761478629724975;20.138442408572253
478;-1.080563522289754;-5.545698642134134;20.95812718077401
479;1.920787524621394;-3.2119262413335923;25.200384037739102
480;6.915468548246764;-6.182319057291704;13.237086620389105
481;2.4354804258118867;-3.250613871629726;14.836771556087351
482;0.09297592544070649;-3.3234597231621326;16.032038439638175
483;2.0410632557689876;-1.924888646053655;9.041056104318345
484;-4.362771233294455;-0.15763205727449925;5.507833059275215
485;-6.275175702586836;3.7794884611476496;4.512516529405114
486;-1.5809227784272617;2.8105799899104706;-3.7837855007742953
487;-3.376344339021661;2.0987703559383872;-1.2703113788363871
488;-9.006209296921284;5.291042529381668;1.5842921192996626
489;-4.572616974159803;4.002424163212437;-2.7802108754161057
490;3.56026241372747;3.490015909956204;-6.230510771838119
491;-4.16623263537646;2.281166630205994;4.796010787846623
492;-2.019606526749776;5.555934215623818;-2.120501274311369
493;15.990842771878262;0.47781936858498675;-4.469261755740285
494;-1.2733070540429923;-0.19938397343471492;14.104147572218642
495;-6.824938021056342;6.582562393298851;3.874624564915099
496;14.319570255332696;-2.4329920527751074;2.686731059687922
497;-0.4614302614772058;0.2510797178692904;7.4748732814283425
498;-9.533844273435388;6.203382713117006;3.1965476935986676
499;8.029368618753649;-1.6300286829934592;11.10465542502535
500;-3.0512483119830005;1.8851787310480397;7.201128230406025
501;-12.03806088570201;3.811944555609177;4.096358156830844
502;5.163422173799875;-4.073783025489697;4.799154528106018
503;-2.6766796995549997;1.8063944341254061;10.084114679845971
504;-2.4872419770483867;0.6762729225816988;14.118044028712589
505;8.684170233203954;-1.3773949261655376;14.318682577107813
506;3.3595003564788652;0.34058600474964273;16.78349466554371
507;-1.4959066267157004;0.9143725623090407;19.42293814696551
508;5.068059897968223;0.672218434068957;13.581381415665351
509;-2.62300659196312;0.20664663808881767;11.976612508895336
510;-8.030846812143674;3.62992104984443;13.357300807145258
511;3.0965551119480685;2.4530995413651318;6.46754901151266
512;0.05340544960776489;0.4056053942653127;9.82211253645551
513;-11.911263954588383;6.222587195665423;10.961182890191473
514;0.6978681903486512;4.3237690267248095;6.249579604882524
515;7.801434565095496;0.8968134184584733;7.578964062208542
516;-6.1321776136684205;6.106136007820568;12.653672476654622
517;-0.06926997582994913;5.627296236776628;9.503520988691296
518;7.130131601483876;4.016417976791515;6.306566427558677
519;-9.807340970073998;8.00020989018;-5.947589221454858
520;-6.6646481512959435;7.652761004998533;3.996160789482707
521;10.529025069663211;2.470427353371742;8.445485281795714
522;4.515533225119906;0.9269039556834529;8.284815142435457
523;-13.3173504382281;5.043041262724196;11.452641725926524
524;2.715094390431779;9.043741519252533;-5.777494326745944
525;14.16766492038877;-3.092007795209742;-3.832131743549314
526;-9.743260702811623;5.315788424849181;13.547242498833793
527;-0.3419255916660431;4.28472798156353;11.362048652087303
528;10.367964556869909;-2.199023251514145;5.238057537942749
529;-10.564379704347061;7.9438337728500334;2.7742739599654063
530;-3.9961647079513436;4.477956531579312;5.27030417922459
531;9.159114719942988;-0.14109384949816423;7.341953466787886
532;-5.482813080107968;5.397345296259777;10.904204157356906
533;-4.839613056365625;6.57565493410536;9.020404211977175
534;10.502695836614906;2.320796561872557;-1.4768079984834759
535;0.2122236011161765;5.862783608798661;9.136446960567648
536;-4.536063348935827;6.228048260520199;8.41499296354874
537;7.29071974418045;3.0886290459465786;4.259120292193059
538;-1.870450065241332;5.1463222004609515;5.961468331606738
539;-4.7731805843245585;6.721367655485681;5.576774040968858
540;3.9066434688134244;2.688607517119182;3.765083651971644
541;-4.217415153304951;0.9981341931119155;6.736240500540155
542;-3.811194559575985;6.94745004710556;11.205875151433023
543;13.703577573937206;1.5092853399453463;11.496200519502953
544;3.262475692432327;1.7131858594527476;16.891002313879152
545;-1.2450105154740552;6.14197295443089;16.6216069890995
546;13.789342195626697;3.4071104455371577;4.352943408001737
547;0.20670201983775266;3.3439424354909013;10.296583292051022
548;-12.262006758950823;3.707515769755612;8.115316742852993
549;-1.4641756705991122;3.9430760111566263;13.335321279232955
550;0.7807762245322011;-1.1561019000657502;18.287822421625613
551;-5.050891385236711;4.36403259274707;16.29545179630433
552;8.563812150000745;2.2539821078803404;18.96281738628469
553;8.998537604523285;-0.1570402040214649;16.104154500056847
554;0.06702310481435259;2.0489096109428537;22.071470180736803
555;5.35429018966848;-2.0711304229821064;23.44981875863509
556;4.388801975629917;-1.8856782311377256;16.353448363221933
557;-4.437614038203433;-0.9487589315537157;14.972114639453915
558;-3.6680436736743207;-1.237016132366765;10.525717941435513
559;-1.5742310063371001;-1.3241075772913318;4.788208826313419
560;-8.451137410119559;-2.2747654352670272;17.40710439910237
561;-2.9931299942906064;0.23711618500997456;5.049887815367891
562;6.135106587124244;-4.93919624905076;14.880255129014827
563;-6.296232095396637;-1.9993783277503443;16.883546203982917
564;1.412354641009999;-3.359253221967119;7.962348244373488
565;4.686165243176236;-8.678193198971309;8.400565177857349
566;-11.41269343556731;2.4440891896540338;13.355639284390406
567;1.77275429486361;-1.3884197314080042;1.073382956478855
568;8.121261581338697;-6.3970798944510845;9.447287536538184
569;-10.957505456899671;1.8228546500824763;10.249322332874506
570;4.32669446248779;-4.155143731518492;5.978607936387543
571;2.631159234368451;-5.872202291426054;9.855734998154402
572;-11.501589731838642;2.3923763407569614;7.809922932174913
573;-0.8283037559067055;-5.271603155446462;9.070667919726485
574;0.9540939011678732;-3.267943944342625;7.694035287779175
575;-4.079906468592797;-2.588248856230352;8.228386634179989
576;0.33801286899627847;-5.618338431406199;16.40299391584931
577;3.4058833350478688;-2.270860675198923;7.043202939913961
578;1.6516481813688986;-4.661783617051666;11.878352119901512
579;-1.9750976300282195;-3.101779458728439;10.927467487464412
580;2.1830136076318354;-2.054530103253348;7.762698779047585
581;2.218394575619444;-4.668604962282136;10.054803368047645
582;-4.437511354373539;0.4562777571162561;8.455802971372831
583;-3.5910414802933546;-2.351356449660451;6.816411649347022
584;-0.5353416711084263;-1.8592029612534893;9.829210891465173
585;-2.5124143884645624;0.3353159315664673;6.11302550914941
586;4.036758424655491;-5.56954811061054;8.475836801389642
587;1.1646515280027954;-3.322905552978246;10.722308735749309
588;2.572252999861168;-3.121801740794809;9.916755661080884
589;1.7882874610574275;-6.677445949666875;11.441976924681146
590;-1.0758088811415656;-3.7417349539499614;11.312827159455678
591;5.422738488123671;-5.178460927361148;11.853066545571245
592;3.0630572812427803;-7.7583973752318665;15.287270072028305
593;-3.7837005670367354;-5.708379986840332;13.739642156921676
594;-0.33785073801968096;-6.989217370142504;14.14281003981946
595;1.360104837538514;-6.966125344677539;7.426499332298635
596;-0.5466592971598625;-5.791406608601065;12.608342429443661
597;1.619365956416526;-6.997061171132225;13.674465882942211
598;1.2752908600567552;-6.462471183083667;11.904450224627613
599;0.4636682257221828;-6.8616514199148195;13.45754434293292
600;-29.14186585172106;17.17861351238358;-1.5647780176350818
601;9.183858856802539;2.3897497327606496;5.966792850416725
602;-5.43293244765872;-8.63090500169087;19.578157592518274
603;6.093474035319927;-5.1275367717902665;19.669928527264673
604;-4.718880548313204;-5.97873842581322;13.656752561267773
605;1.3650154699180372;-3.4404464416533718;-1.1907278869852251
606;2.9735697218374884;-3.422789073025964;-6.166693994528457
607;-3.9620724308275665;-3.10660867781234;6.780001511093236
608;-1.5125250682998217;-2.4448305975905793;13.14992876414998
609;-2.2230329524665517;-2.200987232591877;6.611643126935305
610;-6.038397626278107;-2.2326746801168955;-0.6752376823705922
611;3.861343901081723;1.6101307380107421;10.281618353397937
612;3.9641950306515454;0.3477382926469216;7.997477961006491
613;1.6466826690310825;-0.4396375344623357;14.63533350582051
614;2.3696513988911576;-0.8180147391511807;12.592877110603206
615;3.0662678848267904;0.15906729759996144;13.891930741142922
616;-5.196117963078653;1.1708773217857646;13.660367628849489
617;0.03298342697956243;0.5711364910739563;6.819601629300446
618;2.993791895767969;0.2424990984324334;8.61881590925938
619;-0.4719169868392325;1.3242739194322428;19.961757886905716
620;5.189848591060947;0.8795924880481114;13.208709032062288
621;2.030592911866086;0.8513073650276544;12.487946921425989
622;-4.182220358110514;2.9997466788328713;12.079860026606717
623;1.3797790764793767;2.786253711252202;10.095977486778443
624;5.193376460253309;0.5131050171066713;10.06930814681401
625;0.3585295730756951;2.0558503892703306;16.493534961526624
626;3.4116892978450686;2.589718718359998;11.715156948122551
627;5.820939793292505;-0.6828345829777652;10.049786935996325
628;-3.9857761202178326;3.5366047410650854;8.633939887188959
629;1.547150389552701;2.83739486786798;5.557604228199314
630;1.7044644243483273;0.29697331063801435;9.755506487554198
631;-5.725499110378435;4.611625201964768;9.23351596443423
632;1.7889832111371426;4.1959573702524455;1.835611846607064
633;3.8811965563021404;0.9523726995643741;6.6808564140653495
634;-7.157838401642844;2.3132493855644802;11.235621135523072
635;-0.2716768996009678;2.571281186894097;8.612530042676847
636;5.025978271731278;1.0405665181046133;6.137273837710362
637;-7.354393100138413;4.337990959376446;11.712745127211827
638;5.515067136198054;2.0199924471925197;1.7407182741825686
639;2.894766880357574;-2.621236635163843;13.174695765991109
640;-10.69757262659894;5.760834741094987;12.780597223851178
641;3.1443138436049716;0.6934428685636314;5.680213696220701
642;4.0400285418315764;0.0928648920102116;8.932075564828795
643;-7.811292515320734;5.530036259281213;7.810534745189027
644;1.4996715828371738;-0.6197613370701497;11.804370636179975
645;-1.9021673148240734;1.0885547108855043;9.869903159284105
646;-3.8316221009038682;5.204013890941131;6.011179404651532
647;4.273707602730038;-1.3742244709847469;9.616711145742244
648;-1.778785302285517;3.314091263929012;10.75716700711374
649;-0.3824731066760348;3.4320798614996217;12.313702198377488
650;4.022718524055079;-2.060822856050544;13.564006379810092
651;-4.42643955857796;5.189767293367823;11.873772719531164
652;-0.6871848582141806;3.749138278693893;6.607352729443035
653;3.1955451973610254;3.0897236964856942;8.061677711954719
654;-0.24182788508610936;5.040445749569591;6.481139552477523
655;-0.4825114029699688;1.3518403078167602;11.795882107480915
656;-1.4741368231351997;3.0881838101235957;8.841257183523611
657;1.3112265062559079;2.7478126731356727;8.729728498041416
658;2.473600092983389;1.9363953321588308;12.465343986830064
659;1.614135838748398;1.677528085447966;7.018481603971921
660;2.568047657623428;0.121263896547151;14.12646829084041
661;-1.8039262211351916;1.7944885899773855;12.376231827581138
662;1.0208659165944922;2.000734501142121;10.365322915948079
663;3.4587137247645883;-0.1535794405842398;9.199369949756832
664;-3.5845582993339398;3.464108289317615;9.601990315103041
665;1.764035688359067;-0.33888935044385726;9.46444175486219
666;2.6597821603872713;-0.0934161800937762;12.483523638857168
667;-4.213047290247988;1.347384705009063;10.517925880286507
668;0.6473879753831243;0.7086404050879838;10.762681024733013
669;4.75456359546771;1.7825188868963977;8.26828999177722
670;-4.041761461162283;-0.3952273841224189;11.423271166124586
671;-0.04397263176505295;0.23690625493515294;10.938316975864106
672;1.9552997017391347;0.4516104542984102;9.428935696740187
673;-3.0471193831494165;1.0290979787223657;7.784946376859931
674;0.865956467580816;1.0361527301495643;8.380261911029313
675;2.99076208817018;-0.6284264625123785;9.61084946931825
676;-4.398380458959224;0.31757828985112513;9.9070584583135
677;-3.11907769336569;0.8160296276074106;10.21115160165554
678;3.6826234871031;-0.3609541032864363;7.640516931663407
679;0.008803513790377637;-0.04484396216784037;9.534715453897665
680;-2.89306598494963;-0.043101371832486454;14.0019672824636
681;2.2610940612921686;0.407478557432709;10.608184951874003
682;2.013220449360058;-2.292564253472238;9.143067384175783
683;-4.995767245427265;1.3233825340771768;10.389270538781718
684;0.826672972198698;-0.3345990841918235;7.253255322431619
685;4.583430744862468;-1.510426734603738;9.97654560713518
686;-3.958850513123303;-0.16303670103189438;13.02329264486263
687;0.5020968503147868;-0.25215290613441027;11.822854980065909
688;4.627592660479472;-1.6687652200434184;8.49901874383836
689;-2.5847214984046234;-0.14328664446265613;11.628736278083942
690;-0.9344667576090193;-1.1315320785104224;11.860878233258783
691;3.6528549947034223;-2.008721693471695;11.44502933389711
692;-2.4039266672606883;-0.621000123045131;12.356989983761013
693;-2.0888512082792388;0.26213360869798336;8.848332448085653
694;4.216805184487725;-1.723832902791398;8.050150458041875
695;-1.7947930827989893;-0.3837999908202168;10.353309362324243
696;-1.2537109207553911;-0.9213113972896186;11.098107840167046
697;2.649193774169946;-1.810328580198279;11.009956621340498
698;1.5125504108855161;-0.37632812844348507;8.194629300640615
699;2.4001670802925092;-1.2937581698134282;10.089544110825306
700;2.396483805079911;-2.4042533962493833;9.520500567890766
701;-3.2842534556533294;-0.9256358411101732;9.87008486576156
702;-4.411444925673575;-1.200838216714977;6.867316404422531
703;-0.6417849226627274;-1.381531785490975;2.4697216924679832
704;2.090766358934677;-2.408859249954477;8.192447432413426
705;1.4338908073596341;-3.2774701231669567;12.333080448318732
706;2.5122456459030014;-3.5252906928939503;10.976854688098076
707;-0.36650884488912255;-3.413977144887905;11.127320242056598
708;-2.207768777871223;-1.9622478186716126;6.672116634941866
709;1.204347740023484;-4.474780681651015;6.6000600375737415
710;0.938681091538628;-4.248329888078572;12.58238217547083
711;-1.3248469705801815;-4.944189856388472;14.05029366788929
712;0.4495112489285856;-5.524581630079454;12.573450568928825
713;-3.70049308947904;-4.542226401535614;11.878010098284262
714;-3.983095434074876;-4.004797115694206;8.576352972294867
715;1.3061333676451714;-6.188514131327845;8.81760759752062
716;0.8204139678636984;-4.268625212477906;14.383440760949897
717;1.142743733809426;-4.973481668696683;14.353238354200675
718;3.954082778823135;-5.110973729414685;11.551409703209753
719;-0.4775767937035718;-3.0661222063938687;9.7144851503572
720;-3.0923430792234328;-2.2360440572306235;9.018309973997315
721;3.7859833420962805;-3.445068416734686;6.487469049783582
722;1.8366939393623132;-2.0678183466084215;11.631614141896714
723;-2.4211110461725434;-2.1696820787772193;12.018240231008406
724;1.6646034335150308;-2.2790814551475878;6.958318350307007
725;2.644042684936881;-2.889920287448435;8.196344142440552
726;-3.967200101880049;-2.099688820651988;11.031155872289933
727;-1.4680184621325894;-2.0525052856173716;9.630296486066516
728;3.7948545614797644;-2.5599089068822254;10.452537450272592
729;-3.7178875306206813;-1.926013498403969;10.069694617701693
730;1.1113830500437507;-1.4247401553799213;8.452728241671958
731;6.608479275754441;-2.7283420208299103;11.54984508694164
732;0.1874033929542392;-1.557520270188773;13.644757597253674
733;-0.33585741420159393;-1.3419073659120846;12.056570810855186
734;2.2993967620747577;-2.3848320906693745;9.382317020293888
735;-3.859635706461911;0.4324123602377785;7.932213672380076
736;-2.716665766021799;0.3153062616593631;6.2800480071497224
737;1.762232430850853;-0.9455527419249852;7.857634049383664
738;-1.454627275829592;-0.08925229915625729;9.15379135254253
739;-0.4851642007050432;0.0778836838772346;11.083081970174845
740;1.4504714633749223;-0.3740927772692926;8.555036454931972
741;-0.3419518726171409;0.9184081013599803;8.147193638372054
742;-1.9915650506569798;0.11890560503030013;9.983662217542678
743;-0.7777361824427065;0.4242370877608248;9.479082887014748
744;0.024817684515699052;0.9779724031097692;11.277647145578696
745;-1.8926005399380235;0.0871181566260121;10.344904089570026
746;0.7838342075915827;0.15790527727544876;8.472745537118767
747;4.518894564617206;-1.655134030962266;9.730599329203175
748;0.35831075856450745;-0.779256053125948;13.180345541790425
749;0.9733447140015803;0.5456098411090096;11.169123960974487
750;2.4561314862672456;-0.996895157403169;9.998547937740108
751;-3.5734030742695437;0.9646726689048101;8.384410452487993
752;-1.9188473715877616;1.7434749588066543;10.612208325522088
753;0.6047627307726351;-1.5312126663810672;9.33196050371401
754;0.06237863331032909;-0.6182721924538231;9.67266147848002
755;3.795376137477849;-1.3356179387971285;13.054703427167274
756;1.4682103910217574;-0.41951412083380596;11.8067237431848
757;0.4541180555161167;1.0144912081842152;10.001880699594594
758;2.4856343069738043;-1.71945168987025;11.212592205700346
759;-2.0250478223745576;0.024449458278472974;10.411186854312021
760;-2.86974463137258;0.12080226237850335;11.122753359587465
761;-1.0901106228117108;-1.2689889616779462;8.140096615885769
762;-0.26002210208112786;0.42731787353806716;4.887662032409394
763;2.1566483665878775;-1.3616512048101503;8.597251725762975
764;1.596864438278832;-0.2869830512278451;11.38704232439888
765;3.0131398285042086;-0.5485868102398763;11.83351624700027
766;2.472685039546345;-1.3386657623000702;10.997550626791101
767;-3.0267798335271294;0.6755427814073289;8.510213646123386
768;-1.54369795478277;-0.4393053230399594;4.349532621533371
769;0.8192438015612291;-1.9688866525336008;7.901744191042151
770;-2.1006721547895393;0.6796972986016317;11.255865831582842
771;2.328873325582951;-1.9115677345101303;12.352278920785274
772;1.5554330180695441;-2.3487831639366314;12.533493588037931
773;-1.5762753214986804;-1.6068223900984642;11.352016399765628
774;2.008839731517489;-2.9801890862250016;9.582391584875111
775;-0.3489541740250936;-2.763983031160852;10.763338457036792
776;-3.3398004179660274;-1.622371473453025;10.358245413459569
777;-2.1238347733913026;-2.7134500288951924;9.85734454221956
778;-2.8246785729380384;-1.3477942238765765;10.753912514176582
779;-1.964235064393382;-1.5678927709310926;7.244485341090908
780;2.454483114033062;-3.401967855446929;10.092110550537
781;-0.5838190938317742;-1.5926120276539475;12.17812801801401
782;1.8732752038267364;-1.9367851629666348;10.83128712057835
783;4.146977107861855;-2.492100283062892;8.829894470384877
784;-0.346110983470312;-1.402794522808772;9.025784749039275
785;-0.8828536038656796;-1.7035978669268752;9.600392886249168
786;0.5364735409848138;-2.470074332489385;8.30241892843993
787;-2.0443728703942576;-1.28650459335295;9.62316164526306
788;-1.1873692438606758;-1.9577208976811087;10.363881664727518
789;1.4621482138497157;-3.0078170717463384;9.907607781306496
790;-0.18464819317203215;-2.464470523161743;12.320636279908095
791;0.8791454250803333;-2.282987977900128;10.791506833282218
792;2.7214012403379546;-2.511093706588383;10.575784474527602
793;1.3932148580301322;-1.965719774139142;11.033218916324623
794;0.9901400906475472;-2.1325837476796106;11.078990559668522
795;0.8825065526547805;-2.4037034700195847;10.17353610503363
796;-0.9912936147603882;-1.8726455149365877;9.103320699441424
797;-1.89151760580604;-1.5420799081513616;8.647108035485683
798;-0.3458385955247295;-1.5139536680250045;7.566670060162147
799;-1.6715915888377793;-1.3231881031967847;9.365654672529782
800;-1.7429066434123983;-1.1050781513586907;9.50639909960945
801;1.433908224723734;-1.0856474130464042;9.835797280111368
802;0.6531800629814843;-0.9911481475170064;10.749008221190653
803;-0.32875557489967483;-0.356384886656046;10.182268302549476
804;1.2961159758920624;-1.3781463999999661;9.776914062635475
805;-1.280015211203568;-0.6644060447625096;10.394398326776711
806;-0.24932409289071134;-0.9406373393564268;9.521482577903383
807;1.2275476261260847;-2.154056806902234;10.298217335618624
808;-0.915622847839648;-1.1199823040744743;10.5551084450175
809;0.2742713460287357;-1.5848664536300445;11.18051017357664
810;2.213633708656402;-1.655060683339209;10.88817362134024
811;0.16174550617230954;-0.8957053731118891;10.397179083873295
812;-0.28830785809603515;-1.2463161283797741;10.765820780267545
813;0.9215363965271948;-0.9893557884061746;8.627260016172617
814;-0.47447842623869374;-1.0695109179044493;9.895533852787201
815;-1.2790583117829613;-0.6214318910380429;10.09991208472032
816;0.9702175428431482;-0.9585813121635738;9.536166120356212
817;0.8149348580960606;-1.1375219358310709;10.575616112191614
818;0.1332245040514575;-0.25329441522833485;10.35671656623868
819;2.0009378530137485;-0.9804450150322517;9.94231101861178
820;0.7896431669193467;-0.9647836333964437;10.047704077648575
821;-0.1886351099272365;-0.21584508723527146;9.678966109496983
822;1.6122314541078269;-1.3689845366384317;9.61533936290829
823;-1.0309707002071509;-0.6275673926272702;9.949380297202188
824;-1.2904710408887723;-0.5301259105564031;9.272572513956327
825;1.2184528639353949;-1.0437106362654838;8.717985295753106
826;0.04992522100100362;-0.34674679640949063;9.22748393087804
827;0.024484625700645683;-0.7187306458171779;10.108289270588882
828;0.8037354343227874;-1.1963472639178419;10.521004275137589
829;-0.22592960079560756;-0.4563857177349381;10.484070812014826
830;-0.20458535531193972;-0.9512093916824463;9.844252602153489
831;0.10176370948567137;-0.7754928488360315;9.197030271116622
832;-0.7796378217662958;-0.6690798188399707;9.98144061756769
833;-0.6161417709862438;-0.9151104237718419;10.425967033770089
834;-0.14054655364308943;-1.0797568687847396;10.460573491493196
835;-0.36801235196193866;-1.1469220118651806;10.489171368510412
836;-0.46343782951653784;-1.047069568744393;10.213550742267168
837;0.10372363931036062;-1.2101162241442949;9.790509577804238
838;-0.3989143938809423;-1.2227843609057092;10.255330145782757
839;-0.4418648290547375;-1.3740084996302762;9.837481699425767
840;0.10974796843179203;-1.3407408000033159;9.312184304537624
841;-0.44356065476736967;-1.262135982297305;9.255675164954035
842;-0.07442270371280771;-1.2936778394543196;8.902020543449305
843;0.5947567038721093;-1.6155508825732796;9.428415868602137
844;0.1999950605337197;-1.4933750911488841;9.691581428985454
845;0.6145146449020901;-1.6176365014290661;9.79193871497099
846;0.567785206385709;-1.7356953684823022;9.912158456285457
847;0.26590970638342326;-1.5505911061904172;9.66730614838404
848;0.8881172586029348;-1.8194604898907478;10.084963590157754
849;0.8450605163786024;-1.8447158585434082;10.368427566408736
850;0.7709282672711525;-1.8786103033288395;10.66676946414554
851;1.0965106280259311;-1.9754669824436444;10.897214577383915
852;0.8096219324269508;-1.6405780985230787;10.649339563789015
853;0.9807549939676277;-1.6433926777281156;10.543769520048674
854;0.884542716533882;-1.636130262705876;10.740867071046289
855;0.6834495234498208;-1.438110777707969;10.509975607314558
856;0.2957538301279766;-1.6213991343841092;10.147000409207251
857;-0.17555595106272545;-1.3859690248424512;9.852166219271824
858;-0.060208728587475446;-1.1700626935819585;9.512260379209385
859;0.05373507839349638;-1.5060118265857034;9.857696855971854
860;-0.28906900839615396;-1.2403788381680523;9.628604068849707
861;-0.04576730651060085;-1.3731516939655464;9.957446497770347
862;0.14502012820814822;-1.6892996129313111;9.81641919327699
863;-0.5350920705639179;-1.4029708373726224;9.745431262268797
864;-0.2608064088820157;-1.5251196262238116;9.880217250239207
865;-0.5020162398999777;-1.7557211592517816;9.958111214264232
866;-0.9868164672387525;-1.4789350877170273;10.096529058427961
867;-0.5062041311361439;-1.3653725210111354;9.951859480785641
868;-0.23419027936632758;-1.3132705238266529;9.730003683480533
869;-0.7805748860545499;-1.050647760022455;10.26164958597306
870;-0.024357278372188096;-1.1735452621659253;9.860982516058161
871;0.2085051715541804;-1.3242080653012653;10.13299545320527
872;-0.5775534442352691;-0.9558160690764014;10.11636651719901
873;0.16387222742669366;-0.9255607537551807;9.723261916029
874;0.28889877770716155;-0.934490545992577;9.638495943033215
875;-0.2219808354032635;-1.0667083781038782;10.000876884826162
876;0.2971484425626356;-0.8868514755543888;10.065822390692677
877;0.750000086307604;-1.2519550997277533;9.920163248290702
878;0.14719686157459333;-0.8235391780518555;9.941480486415609
879;0.6459181895852637;-0.9806411618244532;9.995017220815894
880;0.7835075429587424;-0.9804611445664263;10.076715520298498
881;0.5523458058243061;-0.862855179152535;10.326873834564305
882;0.44990902754913265;-0.633794233510327;10.241341098699802
883;0.614887313244854;-0.8754874809081188;10.364145999843473
884;0.15504363193361223;-0.6300715011825007;10.304130440563705
885;0.17367326028063518;-0.3884465581565224;10.325322494884562
886;0.06062352164394727;-0.39191955365491904;10.35621525352802
887;0.1496894384069145;-0.07839276229586861;10.215918770085286
888;0.26868793823934956;0.13911618155396582;9.929998333751014
889;0.31088362979721385;-0.006658821284849344;9.857930003661378
890;0.3762913998584193;0.31684588251138235;9.949954387177202
891;0.11355816035613167;0.1262346944103139;9.660234666059855
892;0.05537635512486774;0.4353993089856043;9.659178409975906
893;0.1651193370617032;0.581189655923327;9.464148443869643
894;0.14255346075516734;0.4959102799713313;9.023421215436022
895;-0.13819309915399913;0.542266180949416;9.345910794167954
896;0.29653059871431653;0.5784909239831618;9.448110684910485
897;0.00607410968474606;0.32615153849069695;9.235577067174349
898;0.05652870741423141;0.890020738365932;9.482783133487729
899;0.29460457532089335;0.4352358678729933;9.389504466507214
900;-0.26515888480725713;0.6093477375890948;9.702442120956226
901;0.02897733879535963;0.3056635281231856;9.75603223624651
902;0.11752076208097467;0.10462175462506976;10.026144300492122
903;-0.15246264691842148;0.38750099767107615;9.962249609699903
904;-0.40389003842461235;0.15724225042835516;9.800020812284608
905;0.1977073032518417;0.006910804724702339;10.101918443947117
906;0.27223612003000225;0.15041981509314917;10.214426896728519
907;0.04638308799314976;0.010323725663162836;10.580553311206872
908;0.19969013467494223;-0.18904881735256782;10.278205590733622
909;0.2506498984548045;-0.09653515600702334;9.965189758391126
910;0.10912358340334646;-0.03881744758058443;10.109267175361262
911;0.28639262835542795;0.10483426458644642;9.822947194808894
912;0.05094479747073166;0.06250883755353856;9.922507507193627
913;0.061753976577018414;0.3886124576443243;9.930610360916667
914;0.11491410209574465;0.12272141593093516;9.694669320991819
915;0.10806626309191508;0.17783920565118616;9.995212915704158
916;0.36323058699953364;0.16960469278502308;9.759950308566113
917;0.2628088167463491;0.17939477789118696;9.748504043985546
918;0.16168990185563298;0.33270815198724824;9.789680607338887
919;0.3401764541001433;0.31546600220915555;9.795718259603712
920;0.3515814742384787;0.2165269095881012;9.994292958867993
921;0.10378422612522249;0.25617985724628567;10.13404660888201
922;0.13810966116414125;0.02254109793242029;9.911686442796995
923;0.420892851493215;0.2319526369056475;9.993519423264056
924;0.3420828982659947;0.12868260828062117;9.975725379463936
925;0.2357909899982699;0.248959607797032;9.891540393938469
926;0.09803047122219309;0.15361304299282302;9.944785799220188
927;0.23067271695642289;0.24930514134174045;10.100452355504489
928;0.19747865629077077;0.35407348491785107;10.071839028714026
929;0.15026105990009675;0.5190766096860718;9.783749459839159
930;-0.04838875975890042;0.5104404511374553;9.891548472488985
931;0.07866579551066721;0.4823707682818279;9.956372009689709
932;0.086027770213484;0.46855304531751674;9.943505310671105
933;0.2003313905948082;0.5709132880547335;9.909473796227935
934;-0.0047931022625369996;0.43841146129808223;9.716649178944463
935;0.1755751612309276;0.5370726343943266;9.757693396522102
936;0.40933368320261726;0.3133901449457575;9.814107330490442
937;0.21542236026788225;0.7008424718054166;9.913668812307819
938;0.2617639602508858;0.551983702243117;9.871900936037257
939;0.2414618476845923;0.705291097509248;9.787158620511656
940;0.1541585661560202;0.5509934262651928;9.845387194376052
941;0.3100116633256472;0.5122281547307465;9.96650742892411
942;0.23891755974501938;0.678577960717344;9.862255360747984
943;0.23128091512704152;0.6061105926065551;9.883532110186698
944;-0.0049716620346431095;0.7677011795445926;10.019867446816034
945;0.2810836016191661;0.697276319209353;9.850795451116685
946;0.21900723562288565;0.520989984710956;9.755510354856252
947;0.4038403481297553;0.6100060661569552;9.735919626284337
948;0.2005556647290326;0.6681723656589194;9.905307118392798
949;0.3863875303646114;0.6173542813968994;9.63535243463276
950;0.22794535093576027;0.6204999715907729;9.557792991770254
951;-0.015482906446072864;0.7074728647706408;9.958462802949784
952;0.22215073968923718;0.7193598672379056;9.598971448892577
953;0.17298444639629768;0.5369084312352549;9.703469809711027
954;0.12242096898764049;0.5364489068012054;10.059399925518907
955;0.3886363337329624;0.2949816924640007;9.765940488676797
956;0.17090674482050103;0.45414264596315385;9.833295264946745
957;0.12325973078269219;0.29359284336574454;9.895803118907825
958;0.2837012982452322;0.3097607108698747;9.984528751154398
959;-0.015731553054985234;0.27716218567471745;9.84379865508918
960;-0.002267354719769854;0.10728268297564578;9.83686615221363
961;0.17054291078777117;0.2779324795963431;9.865915228902287
962;0.05680345774739385;0.1962848072382697;9.87705416582711
963;0.24582565896119593;0.25261228489976273;9.972310320885098
964;0.2741915814669049;0.1185624710581532;9.955217063951892
965;0.054462203507165415;0.1682816302500107;9.820868493722584
966;0.19596558673571995;0.12066884895521912;9.920349040421682
967;0.07440002508848395;0.10428967524682783;9.797802864802955
968;0.11710562518456362;0.007973913863795881;9.932172477984432
969;0.20948174408145237;0.012880137768812985;9.807353049322382
970;-0.08881574116488261;0.04626331918313671;9.822232846619421
971;0.07822429854389085;-0.010121816682537199;9.896645180484853
972;0.2436978657340569;0.01592795107598112;9.912260757049124
973;0.12954123633325665;0.17610982104233525;9.938867361493912
974;0.09704944475859215;-0.0003324937357248453;9.811642244152104
975;0.3094386055281364;0.17415241931695796;9.902005184797444
976;0.18886804307410085;-0.019327998738730034;10.059526168438982
977;0.2608268875905819;-0.10320287134358988;9.71963010340914
978;0.5236895850244514;0.09117236881036192;9.86292799025972
979;0.24395064305936368;0.16139424322195278;9.737794852960299
980;0.16214914509325937;-0.06849741019850777;9.905335513202584
981;0.17427693004909683;0.014048241347359228;10.056148095132228
982;0.24636851133267412;0.055925332703222405;9.97541488012821
983;0.12934761244144777;0.32268781996063794;9.897249913717337
984;0.1840608787379628;-0.04186843513042032;9.934171570652676
985;0.199976384622644;0.08349211680139096;9.859471409484824
986;0.2111824261967418;0.29558057338435606;9.941366529431885
987;0.17018868118635785;-0.045327794411283595;9.827494954463928
988;0.14059087194931907;0.017536520404517517;10.032843716674279
989;0.23139338548229932;0.06514392509373992;9.810807785486702
990;0.09507674667026811;-0.0484471026725877;9.995893968024353
991;0.06004465592908631;0.04283680007550803;9.876752467211416
992;0.15033149337431617;0.04100710950642461;9.822371023079954
993;0.147405916379034;0.1626843289139649;9.926114829103671
994;0.05236327987413483;0.2675114274475117;9.982854676860969
995;-0.0008574995606656088;-0.0205447484819379;9.858655394123275
996;-0.07680448831145252;-0.07575234183899676;9.87352064620164
997;0.13348693607393197;0.011652008720812804;9.905270782029955
998;0.33773040185862446;0.13449370106541075;9.93997136167567
999;0.08542697387964104;-0.08050370148897704;9.9495584600038
1000;0.21524346445127554;0.15939454085000193;9.935022128111855
1001;0.04918527349315767;0.10951263324474801;9.91509654537511
1002;0.3780574716127898;0.19633388226155005;9.93867734763288
1003;0.21353035779109014;0.19828351495109528;9.881300282062185
1004;0.07969394632571644;0.056650466194319946;10.0598477212122
1005;0.32010568345660906;0.14151158187930257;9.838205941503713
1006;0.041348294649977135;0.05498946785653337;9.807420207884192
1007;0.2052136334502565;0.2566636720114137;9.861229536071159
1008;0.19651752568611797;0.32055880873305076;9.824962103520155
1009;0.1878339797807483;0.20952953216067266;9.971258477694764
1010;0.062978138737548;-0.04764067256717677;9.77297385514829
1011;0.1387661740318463;-0.003932527729837501;9.872687638808351
1012;0.1518137221438367;0.033435701435250875;9.80603791543313
1013;0.11042264410308475;0.03572509278688292;9.803402271268837
1014;0.12777246537686637;0.20259925762687117;9.942746199602125
1015;-0.09082666517232436;0.17976344034346864;9.966090539774049
1016;0.11984840640210824;-0.005483480820924619;9.78655132561233
1017;0.0775748005552239;0.03428395986997533;9.932982385359916
1018;0.25337917309719815;0.21278699925440103;9.916327024068732
1019;0.18808721944584544;0.02868048896144495;9.74502209365354
1020;0.09425572942652784;0.04744541539255526;9.817018699900895
1021;0.19397202791963078;0.20376185645416728;9.989738293779402
1022;0.32098216307732597;0.13305567479770913;9.873406665720715
1023;0.1700541643869887;0.0931342997022638;9.867038793853494
1024;-0.08316790722594554;0.038948894208172165;9.820722355404852
1025;0.09100280703172249;0.052642601107214027;9.964327644320056
1026;0.19135482035287465;0.1569728364962797;9.7353490158547
1027;0.3283048038613373;0.11633115088656457;9.859361342368784
1028;0.2048928584205561;0.23340425091116543;9.863011721694845
1029;0.044898435590461985;0.17876553573947185;9.92034870103129
1030;0.19388589037962703;0.14732683352111475;9.969866977880471
1031;0.29423014499391154;0.13523116487683806;9.84311443802989
1032;0.16819937904451446;0.08468693537892975;9.71001305617505
1033;0.25508774743732066;0.1178317999262717;9.773912708146321
1034;0.23673119505740084;0.19428624765656913;9.823202641173873
1035;0.021900918619258303;0.13728244096338746;9.829859962851579
1036;0.20634691879978956;0.13845852634592823;9.830582920887071
1037;0.020137220792753513;0.11793997789690999;9.871388090163043
1038;0.04916846934565226;0.20293315693260072;9.901768827779177
1039;0.13958810297988156;0.05956010137267316;9.997049838153343
1040;0.08944915889293759;0.3767864711231872;9.677407843885153
1041;0.23711689981496648;0.1303122973297385;9.86873417229366
1042;0.3451357670648334;0.1811226329569468;9.900005411337396
1043;0.1525332790759785;0.21997409714603777;9.750278305209056
1044;0.07037811379124898;0.13646099280647545;9.914229777694494
1045;0.17884015477909715;0.20322462436813024;9.987345811019251
1046;0.21007859849504118;0.16393786172893948;9.68667530500224
1047;0.27374613589371266;0.37580811903059286;9.913828038836526
1048;0.2976968040941858;0.21874443697840593;9.936082032727828
1049;0.2354832240603203;0.07723519564623266;9.932356459028943
1050;0.023093438917960257;0.1852788096444893;9.844077986343944
1051;0.16373203553497379;0.4333514428699418;9.817606138098137
1052;0.163785957256808;0.15825608512508416;9.90888721903289
1053;0.14641138921146107;0.347734322752369;9.899251478705583
1054;0.1309347140207514;0.26995003066638035;9.986075326208823
1055;0.2806766776585218;0.43265330791619705;9.738791206005779
1056;0.09561979390827657;0.2130165522951391;9.847482761916307
1057;0.14191886059147407;0.18363798126187328;9.881387851751137
1058;0.15469150338745175;0.5482762384697127;9.840359432917325
1059;0.22913428635407698;0.2665643802094905;9.930059985124661
1060;0.07661914981401707;0.10522641227891846;10.068651919488602
1061;0.0566582038135405;0.3031777344438289;9.787382889655431
1062;0.07906991329899385;0.1288278895372487;9.73094347882587
1063;0.05378972584528699;0.4272888295250214;9.929674977028522
1064;0.0546164956564619;0.3266029433357893;9.721624255689438
1065;0.0006409666345855991;0.4032176352276473;9.858133136481372
1066;0.20155203808160974;0.19276083094747476;9.943734953268093
1067;0.2893486080417358;0.2226489193946351;10.02372210633465
1068;0.06424748469990002;0.2596447835703383;9.859204325595806
1069;0.15403707938744937;0.2687360576471867;9.787303298921376
1070;0.13265685415325162;0.3325050989898165;9.808167243657648
1071;0.10231074529609688;0.3371477992492083;10.12352841772432
1072;0.13322029888209286;0.350416899371632;9.88672004408963
1073;0.13159034363755295;0.25222419762192466;9.826387140046537
1074;0.33150069561437695;0.11918849483677851;9.931507572076331
1075;-0.002797564339431291;0.16246973060253672;10.0365566458665
1076;0.16809537067757435;0.24667289296054357;9.883733466581276
1077;0.2532416744255278;0.02778778937730153;9.807589741314336
1078;0.34218201763364775;0.046307887050252405;10.020357945525136
1079;0.12641170963340312;0.2599152020089409;9.935064170831144
1080;0.21728527462652153;0.04239563619255425;9.830399352094778
1081;0.18837678194434257;0.2970379929974166;9.900574965105418
1082;0.08065335247953367;0.02627856762651036;9.896346023741497
1083;0.3083083876518807;0.12011726574027862;9.827293643354182
1084;0.049549687456776556;0.22962331974400857;9.96686988916305
1085;0.033593303933412186;0.13589851298503777;9.736574683269735
1086;0.3346368153592843;0.04938685459729948;9.82558610383045
1087;0.21340866173543105;-0.08374994800526114;10.019882911024773
1088;0.27317166573433893;0.09375842933103129;10.050521870431869
1089;0.1664009621195566;0.1985321199832592;10.015447146053416
1090;0.28387899060576516;0.2633710685897199;9.712958523622857
1091;0.11138406063332484;0.015428322623182028;9.846095331416528
1092;0.26516330662514753;0.14697587535303366;9.877033188716078
1093;0.2273929943270221;0.010336322235253229;10.008912309444222
1094;0.20419063613169192;0.058244564153741483;9.870854701610885
1095;0.09751172694151754;0.08815976308554871;10.061555212187468
1096;0.03647841289913849;0.09132190898011391;9.897808417440963
1097;0.12286311983234202;-0.07144538896027336;9.972402981145285
1098;0.31848390152488365;0.07755782847312859;9.99256166110395
1099;0.11804090457235367;0.06272332529627958;9.861861665761307
1100;0.013120285314066504;0.050549880461665725;9.786202695624116
1101;0.10625235627884094;0.11935615662845425;9.960118289452552
1102;0.3382854394708379;0.1216617186156381;9.993552891770712
1103;0.25548556522221344;-0.06266198652843652;9.796444327748475
1104;0.13022418893390236;-0.015718903612866847;9.818603452985647
1105;0.13863807461786226;0.09192390115737552;9.964490190916534
1106;0.18365830204100744;-0.12710876611865052;9.97387465642562
1107;-0.020960777155280885;0.31311103631929227;9.837253451361443
1108;0.11588035631680155;0.05510833322848307;9.713447897994255
1109;0.20764051868248112;0.029801983409953006;9.891622744067107
1110;0.17228791433877524;0.3445701187738981;9.859863622004891
1111;0.2888387595453732;0.2197986616737546;9.842669492162656
1112;0.019079278578335135;0.08195962527881478;9.762981084388924
1113;0.11213707978225934;0.1485260057422202;10.03394143763187
1114;0.1574419326209712;0.13529615401622996;9.94629738095085
1115;0.04067178493008289;0.18358896247554657;10.100998467181743
1116;0.27932502796539826;0.23906876586672793;9.963485612771002
1117;0.2740378727447724;0.2750543634292354;9.946679962532453
1118;0.006711016918623289;0.16816291857054153;9.814672102126405
1119;0.20065216123263296;0.17287841131667822;9.822169304491561
1120;0.18606156709307875;0.15037424935402754;10.064576240981687
1121;0.07271007558067133;0.06946194145531405;9.789437649106484
1122;0.14557897155310046;0.10544417621765137;9.535465942185903
1123;0.21573878167464175;0.305991827365911;9.842096145712487
1124;0.1871438097154572;0.12898278083408624;9.83197933360221
1125;0.15259313195142846;0.2381115993611011;9.746244250727989
1126;0.1913082581965309;-0.0011316619462555938;10.17581845747773
1127;0.036004836990037065;0.05028327243586092;9.988294214244183
1128;0.253826180961812;0.36954555920500043;10.122579951923091
1129;0.5121345345061099;0.09919886710744291;9.794827596337468
1130;0.2194268101688787;0.028367047412876545;9.769139042141395
1131;-0.03583915793716316;0.1152435299070122;9.959256995899363
1132;-0.0680934718074174;0.0273784336325979;10.055958529367048
1133;0.15059568834772608;0.14141462226673931;10.091152293014087
1134;0.18649500062764765;0.03426901713014603;9.701758209885973
1135;0.23725313939648035;0.41806160121260505;9.905227629758429
1136;0.3273244769259758;0.11607747261889624;9.935715588758477
1137;0.1850209208017982;0.2809919249013236;9.809017699887713
1138;0.23530384476040234;0.1836183437412661;9.873754403745835
1139;0.17616758891978393;0.17981194555285912;9.82297241515698
1140;0.17152119240280306;0.07729440492192444;9.806488165248336
1141;0.17695609341092408;0.303287997893836;9.873108129699306
1142;0.23156270582581617;0.062161389163463726;9.806922157452142
1143;0.19907836933414075;0.19191920556146744;9.893193260586127
1144;0.1751170173996117;0.30238011620280053;9.822619764087651
1145;0.17173771607124386;0.323120726969744;10.011798480993892
1146;0.13143130645787146;0.17623138633390542;9.898578991149659
1147;0.10732089011428497;0.33297512269210083;10.048699214859145
1148;0.14322283714602962;0.1386381163698531;9.958065230495441
1149;-0.09899548465970538;0.2918713575911966;9.886953091959075
1150;0.19906194653941586;0.1334061854048356;9.804574541236724
1151;0.3523169182406895;0.15369432912740022;9.836309182934379
1152;0.09597268138639689;0.24692612853993845;10.065185517224288
1153;0.1820790653105715;0.22771581878342337;9.747745907401969
1154;0.19282656536526466;0.1395485650726006;9.84894925483134
1155;0.2441007466067061;0.27556761455849377;9.929798708475156
1156;0.23224174568411246;0.1809861222939501;9.938170691222723
1157;0.07801037558958987;0.0723051482498123;9.830075150556777
1158;0.03233729142183138;0.3076496549797998;9.999065034765556
1159;0.04818058824127758;0.21171477759323398;9.754093885240712
1160;0.29008729738577477;0.13627736253397796;9.880233934214054
1161;0.2534184044285846;0.1716252642586909;9.838368950216228
1162;0.1293048139036513;0.24128473233284703;9.893094479659382
1163;0.2844184293777561;0.20080757415269368;10.021991470226407
1164;0.07478197901714419;0.1593188916709506;9.91484516551287
1165;0.2910275402980354;0.3673577816748024;9.943673705318247
1166;0.15803082388153059;0.26726572348663546;9.720556491417907
1167;0.17040840013831804;0.1481313386508657;9.613180141461713
1168;0.14520607623841064;0.16943430197966267;9.90797454688561
1169;0.18558502645726302;0.1718666715214215;9.9444345047347
1170;0.3517723011073647;0.1632330857848004;9.880016799562526
1171;0.017585120273157145;0.26622931927112714;9.831973724680138
1172;0.2823067159348119;0.06721595130708767;9.786736567672133
1173;0.24105346765990407;0.11081632303802694;9.917157983600516
1174;0.06636665247053719;0.2193825468806524;9.954611121346993
1175;0.20775411439709807;0.169669678081535;9.696419742909498
1176;0.1589864922225436;0.07929143550757418;9.729366800524339
1177;0.29570078354378404;0.1529321834763569;9.761301707450043
1178;0.2510053925589834;0.13158072254050424;9.843073912727961
1179;0.3223419270580439;0.19358216749309679;9.924247030502073
1180;0.15741265954624328;0.1297840548019949;9.993688927032684
1181;0.2101111536556426;0.043366271285432134;9.878806112187679
1182;0.06270804456407707;0.1225488188862803;10.034458798326161
1183;0.27596541777918093;0.2741723630966007;9.733562024521873
1184;0.1231208317409363;0.054497058256067724;9.93904154502659
1185;0.1752734494261426;0.10644556824765726;9.808571946624348
1186;0.1142787208397508;0.0973122674003976;9.734049275047113
1187;0.19798321275969452;0.11018404320621453;9.900792346531365
1188;0.1552860783556622;0.18615036694071588;9.794859497320964
1189;0.22432991359027304;0.11921847221690324;9.921292571216167
1190;0.08678302132725724;0.23210607310526873;10.054904205888874
1191;0.10007845378010159;0.20881676279013517;9.83326901319666
1192;0.15065595400865042;0.08311891153771772;9.852038969970872
1193;0.23862536760823636;0.1750554727854769;9.89696788479887
1194;0.14308327723347064;0.27476069070384146;9.79771968390616
1195;0.20259340961057937;-0.05668528589438107;10.067791419489962
1196;0.2284497724236853;0.3979663317553149;9.820992710188266
1197;0.133499720148513;0.1832551932895832;9.950229986645109
1198;0.23320478593651106;0.21300484085109023;9.82332278468338
1199;0.0583569545563513;0.16018000138359678;10.00501948772616
1200;0.06236789335930093;0.2565333316830596;9.8102527877636
1201;0.1439658306091307;0.0840586378279487;9.895157165622548
1202;0.11227292660962981;0.1274554635558467;9.977112962556484
1203;0.30002416348654104;0.36013124515225936;9.830407886185501
1204;0.1813028420805835;0.11764134756716565;9.936128312851878
1205;0.09740891299426327;0.28365118449914134;9.990868728931975
1206;0.26350078882791095;0.2769315686453894;9.74916548221996
1207;-0.16851865243014888;0.16686807706871648;9.82167178779954
1208;0.14832661558156088;0.26872607399785753;9.995342523915355
1209;0.12986574975589715;0.25232901385815765;9.725671433550845
1210;0.1999311761599635;0.3958775399566683;9.931870336029984
1211;0.14770037208492928;0.09690066120578537;9.934301612507179
1212;0.08453653272944711;0.030308130444897496;9.886805250804457
1213;0.056879399918279026;0.15026243166703238;9.828197405080989
1214;0.136301001736557;0.016209013072941494;9.59799721962743
1215;0.037073289049982375;0.18807485354587922;9.951438926698534
1216;0.1128899327255795;0.10201303324660904;9.775566986675468
1217;0.3120916139904537;0.23191120674443336;9.792323669930244
1218;0.24176709956874676;0.3254510906706314;9.9875583930446
1219;0.22717988950427132;0.2469960251320955;9.789145878723962
1220;0.31947213298451516;0.008821580529002587;9.844237414782341
1221;0.06798768917541739;0.06177411739902974;9.930266641728759
1222;0.17822704982588058;0.19927064794067895;9.782550953205584
1223;0.24307417242945206;0.29371137223903676;9.858479364323415
1224;0.18845230240638994;0.05396487721316963;9.752745043404355
1225;0.11517955135083814;0.1480576720681961;9.90580592230382
1226;0.30314250599556536;0.1514012350969194;9.7414596233325
1227;0.15848448565382753;-0.0029737100132855854;9.719241567782062
1228;0.0601377279928581;0.1912602494182509;9.901855977058649
1229;0.1978816760896324;0.195643996183478;9.76897410628861
1230;0.28791567515175587;0.35739592214537663;9.805148111190931
1231;0.06711780323657306;0.3210453027754986;9.937970931455315
1232;0.168321719351204;0.162570501932095;9.828982526615095
1233;0.14208719022251154;0.13331486635718529;9.837526935184531
1234;0.23746114022150683;-0.11619369061329926;10.022590764486432
1235;-0.06477223335701406;0.02828248218833096;9.886663835038064
1236;0.1538303332296817;0.18632395382388972;9.746523947006477
1237;0.27885895279010436;-0.018325670569153074;10.02937511093229
1238;0.0896929374697193;0.1361630342495198;9.985112369093997
1239;0.14853364751855824;0.12562444456738045;9.794608251619866
1240;0.15499664008216432;0.3347860879191499;9.926707406900809
1241;0.03762391979981496;0.012136998046132032;10.033681482986513
1242;0.24628465277199946;0.22611187863684637;9.801644601548116
1243;0.24367639481394135;0.4133906124029866;10.021611253579943
1244;0.19405646351097755;0.0999557015585966;9.840913544912809
1245;0.04469625259640503;-0.06275461961742781;10.02380427203063
1246;0.050784478508206034;-0.12272778204386123;9.824077656050948
1247;0.07933042487163525;0.10170428732323947;9.836680825535314
1248;0.12176127728603359;0.2625145597225354;9.807022786600418
1249;0.20258119185081908;0.2097505912625892;9.804696264445237
1250;0.23106069010531152;0.0832258972445744;9.847155384935158
1251;0.12295892749622046;0.1793125575409541;9.814338944818909
1252;0.11287524360080069;0.03902263168294223;9.943218151620492
1253;0.28333969863824504;0.3520765453130121;9.941876131206165
1254;0.1590236513242389;0.24495298123769624;9.798226258514772
1255;0.2448236076328117;0.3201418375884112;9.79551281360242
1256;-0.020283584728700732;0.23836346566968053;9.687262293913736
1257;0.21256763392859335;0.09701259356003329;9.948558985345798
1258;0.27771398381961476;0.23665177438921475;9.83742537483478
1259;0.05225278068202839;0.19666543010787757;9.972193292623786
1260;0.22156434957703838;0.09464847233712605;10.00738788644664
1261;0.1989735610406922;0.32504223419183365;9.985128170896077
1262;0.4067866899712903;0.2817249664646074;9.673430830666511
1263;0.07893872107048196;0.09330379931945097;9.831335684557638
1264;0.11910115846914943;0.10082198291271369;10.038122265994645
1265;0.13845315304116024;0.053065070224836974;9.93475996062263
1266;-0.04261137901219536;0.17293694148822347;9.965924156850125
1267;0.142004539440484;0.324797431450595;9.75950745616912
1268;0.05144233347134833;0.15259744088021668;9.714711304714772
1269;0.25035002167362014;0.2528605531986682;9.927842418515539
1270;0.21020874743760037;0.379772446431634;9.837424104089367
1271;0.15093261368108596;0.17409739218260722;9.920377423167873
1272;0.15606760562806793;0.08485526458676701;9.926920333152784
1273;0.23015367781920965;0.07180534591931136;9.933788854492276
1274;0.08371971767265476;0.2666845776196086;9.760639754632665
1275;0.2278860611536292;0.1144131723795288;10.07133376977509
1276;0.16985977850636644;0.1960600772347418;9.830440896318372
1277;0.22757673685579666;0.2713401969955885;9.95208966624685
1278;0.2816507917861636;0.06626975622488203;9.952080018971955
1279;0.17367268028499241;0.3223277948401011;10.002215905968946
1280;0.08963150756269063;0.3237351777204081;9.973795055987328
1281;0.35655635294331733;0.0697392037442732;9.938498783868525
1282;0.049098141686156824;0.3989796103594125;9.968083142634216
1283;0.13156938216594677;0.23504490413108475;9.945421610160999
1284;0.17469762833801644;0.07751800943427709;9.817106094124705
1285;0.22835338185947246;0.15016785695662793;9.942836878895509
1286;0.1691432700953278;0.3256555797095093;9.827945937650268
1287;0.13351189476666694;0.21017083805118478;9.643684503035184
1288;-0.049010226188657635;0.07515726577836312;9.779639915158045
1289;0.05385579535125444;0.08157873713675542;10.026303461586451
1290;0.092416762813924;0.18001720693379555;9.976164261315818
1291;0.019204925080200136;0.12238403204962597;9.941536814444664
1292;0.16913469168982287;0.23745295263146507;10.001957044576407
1293;0.03467768976550542;0.1661450770789992;9.946500771610902
1294;0.21804369277649296;0.22660517001264732;9.822858543222013
1295;0.030741306126686824;0.15633464173046083;9.792946275727816
1296;0.13837181405471205;0.17808515699058555;9.867775950559638
1297;-0.024597377258341352;0.089534071262851;9.851605975138487
1298;0.03392926345514083;0.1045556890320275;9.888591811021067
1299;0.062074133900793124;0.17829779585286565;9.906621550853528
1300;0.1675204747377028;0.17288695168606408;9.895356298588426
1301;0.33036726978414643;0.2010246854146231;9.767575862641179
1302;0.05728748618103438;0.152780922307028;10.122086536249256
1303;-0.03906683348133929;0.05312410050024957;10.021840355535502
1304;0.44138349295356105;0.24790118064011019;9.751212836902244
1305;-0.03088626805707695;0.13520518439269139;9.71204429859381
1306;-0.022538021013372333;0.25262690626489076;9.9507081963703
1307;0.47147035030191486;0.2267816978653445;10.049014811129945
1308;-0.023257822675229634;0.28838573425032765;10.237095045848463
1309;0.1480515622703179;0.23356926923738774;9.871800573800218
1310;0.392443732242406;0.2229858908215574;9.701095681715369
1311;-0.12028563192704123;0.15493949463126716;9.698873775116425
1312;-0.100924089840688;-0.054539051756024665;10.135279359054184
1313;0.4383192017662335;0.11731160792247619;10.100072033875103
1314;0.05752694702233622;0.18001625699617657;9.611703275704198
1315;-0.09725467034277872;0.21936455842156133;9.878703967989912
1316;0.27548478692349365;0.16939627369313473;9.816620204315498
1317;0.10975129722498535;0.08720674697840397;9.91043938120194
1318;0.08529101168965872;0.10797640692094787;9.933758699474694
1319;0.20544436628269735;0.01822539638607268;9.80276048511358
1320;0.12668923064126403;0.2876237654410603;9.700222288106636
1321;0.1868842639363066;0.125247274578622;9.800933295723059
1322;0.16572328723415025;0.21515465845565365;9.876368018843563
1323;0.1532086645366631;0.27501707035087825;9.923409124570007
1324;0.16734565546047245;0.09500152319524743;9.936161452433405
1325;0.08878921036605908;0.3765229815713938;9.679247865932718
1326;0.2374839446633178;0.23550848644743191;9.895790309105054
1327;0.19154796343776248;0.22577217565322666;10.311767289687795
1328;0.30648855368117384;0.1835690342228883;9.966447954926641
1329;0.16984059164295442;0.21434501991515637;9.620981039021746
1330;0.01830821467108039;0.25808743192379424;9.718791284601172
1331;0.01583719939813341;0.3628828494174037;9.77519218812723
1332;0.1861499808906698;0.1987360303224633;9.90321096225276
1333;0.13328623958149435;0.030734900353291836;9.820484030544321
1334;0.20982650790441965;0.025320810122776677;9.851619504142278
1335;0.2187189653835006;0.18800722193027788;9.826660267799697
1336;0.14945616549832774;0.31347612973126715;9.842272367275076
1337;0.015938762301641207;0.25112909581238313;10.07778994527343
1338;0.15767092346273232;0.2698205483496233;9.841964404474053
1339;0.02571997858116362;0.3794184295849239;9.798147620162544
1340;0.07835919899481635;0.3715257789982954;10.120060936900815
1341;0.08515000706274552;0.15438635687935348;9.730342634252315
1342;0.2166160849041461;0.14696214339359776;9.9864583687676
1343;0.08907585270418143;0.17884223601211954;9.731633064255105
1344;0.13249788096918114;0.03442445998986908;9.820044039056606
1345;0.23332595500701636;0.20399165147406512;9.95893475271544
1346;-0.029961648338095836;-0.07420012317239419;9.733725780396101
1347;0.09969890772308765;0.1814382577003887;9.79881218160015
1348;0.22785959112118687;0.15580929380401198;9.922719846885048
1349;0.28818520006930093;0.13554566151268216;9.938544157581312
1350;0.020976754233186456;0.1331873287063612;9.812845803144354
1351;0.2159610505737229;0.09843440435294631;9.8430101775741
1352;0.15948445372066467;0.2938164163082195;9.682844454053233
1353;0.13643774850156898;0.2263681643042798;9.798323273223046
1354;0.036260908807144124;0.012788145042573279;9.788477000259922
1355;0.3444505726904741;0.40335852000805295;9.962246844866243
1356;0.17379779664279812;0.1803176876614926;9.776941523356282
1357;0.11303249038005315;0.23589876988153308;9.842807834996478
1358;0.22475126324525105;0.26004530092341305;9.803260010469334
1359;0.17869445676896062;0.10527651173753128;9.748668372822886
1360;0.23508390348134134;0.2292294956041011;9.932502455981583
1361;0.2323442378993985;0.25681460997870753;10.01666235834414
1362;0.14977927193093388;0.13834482550686875;9.736796992286585
1363;0.17422003258172697;0.2086700422986429;9.938244385424852
1364;0.07415238520299977;0.07283105297798427;9.900998024591274
1365;0.3537470935498359;0.19811379495841291;9.896051512805007
1366;0.056210375198861316;0.20173346972901549;9.877301173295642
1367;0.1379672932324332;0.23415361825854336;10.038903445636382
1368;0.15309412733272276;0.23554201955570886;9.890518046437949
1369;0.09281062211043745;0.18857817569489904;10.063783258296077
1370;0.1057134189060725;0.018462051354760728;9.838205435821827
1371;0.18914353934756079;0.24150637053853335;9.799475677988989
1372;0.1735636869196162;0.21596116127372686;9.793904362637313
1373;0.24003599228684433;0.2095025834487335;9.874525578337495
1374;0.13577026965191263;0.24372364777531272;9.778509238130683
1375;0.052838436102390696;0.1850040167166324;9.868747941372337
1376;0.13890327049966433;0.19688545011945913;9.867823516697555
1377;0.29575699142534917;-0.03361801141581053;9.89684942648198
1378;0.13999376898900753;0.2480061986137827;9.879853116484368
1379;0.0879450615818023;0.07614727480095435;9.970545778091273
1380;-0.01615716588136734;0.10446458755930352;9.789483996116326
1381;0.07455542472859376;0.26632374155799066;9.876973169991395
1382;0.07095013107799786;0.14521747198341028;9.919655902941482
1383;0.20453516075727146;0.17957594146248018;10.2089444975609
1384;0.16725139054029908;0.17300491052990485;9.833354206440593
1385;0.04739068690629046;0.2248622021569732;9.803231375958974
1386;0.22634610852778725;0.1466796367847645;9.538173658939028
1387;0.11649543729503517;0.11774730562424027;9.685518907146841
1388;0.24151457391222464;0.13207122484498796;9.9831371792086
1389;0.2805488282644022;0.11518119513998214;9.830309957206047
1390;0.17607471158901103;0.22385741230212075;9.831448188748535
1391;-0.03592844655975713;0.12102150228527817;9.853811209607862
1392;0.0768567809240258;0.11080660707158782;9.75557172756185
1393;0.23506585830826415;0.08917255050449571;9.96337073973885
1394;0.059420494974454174;0.0529234323191759;10.098241812192969
1395;0.004739033062258875;0.24412891822944371;9.947986805277578
1396;-0.12555882867009988;0.07057418140608791;9.762916053822579
1397;0.05743474722064604;0.04690612765990468;9.805480080852254
1398;-0.13777798863964452;0.3874200044558769;10.009047804417607
1399;0.21843376350689409;0.18778246402204637;9.828968326039945
1400;0.1562559688317756;0.09910826952429112;9.795445005863032
1401;0.30988030839881964;0.15798209274178177;9.811912273659232
1402;-0.003005418190526604;0.26004953770023;9.924471234669804
1403;0.1136423072684431;0.262903212274907;9.94675636712473
1404;0.11731584022719954;0.03512245746855984;9.819261656328175
1405;0.2931997104589492;0.10508646888444571;10.161951798868364
1406;0.07870390209701843;0.21195728133328823;10.042633782281124
1407;0.15951932048598189;0.39475752283208504;9.930978576403037
1408;0.132523086259413;0.13970650588673567;9.924757821666901
1409;0.2470729595633409;0.08721540507945577;9.94416845759983
1410;0.2485843492922828;0.2826229332696258;9.655012299137098
1411;0.31587722477702507;0.3566074758875508;9.730804654870605
1412;0.23527337358614642;0.283787961693747;9.511240314008065
1413;0.18092157152897798;0.23474960560844332;10.087236745318753
1414;-0.0017967326476309164;0.15343178527038526;10.15264770287035
1415;0.30992672502839685;0.33122954723277825;9.861084556898376
1416;0.22237518361713302;0.23668927430138006;9.913666494050942
1417;0.17254135262297274;0.1687899161840724;9.80041214884095
1418;0.1657066946734607;0.026516621548863445;9.837299287630504
1419;0.0819197607757513;0.3182320998088767;9.863414898246257
1420;0.20713353399497356;0.24416820560802063;9.979599233132847
1421;0.14457161308268937;0.08851077876160549;9.895475849662139
1422;-0.006306566741943881;0.2146732176416714;9.83960760627726
1423;0.04876325597669093;-0.04729330190844486;9.84141483279325
1424;-0.037399616942738884;0.45159509772307804;9.915179966787568
1425;0.2305910102324702;0.09837159573794166;9.98149210923049
1426;0.2625174811493174;0.25316738879056516;9.795822777808358
1427;0.19673159197568352;0.10306137541349042;9.846648462206456
1428;0.09851113784442189;0.2296493736930089;9.975629627115962
1429;0.08375685281036105;0.2807870975602733;9.735138329352067
1430;0.002330243119408798;0.27472724369340834;9.865912353517786
1431;0.07829464820325918;0.08580441742952853;9.88938745363464
1432;0.11620814847916355;0.012880512634643126;9.905696422810614
1433;0.1435863286024166;0.20705125581096337;9.850096716252349
1434;0.04713678781645955;0.05951598306348215;9.84761303446841
1435;0.12440675009501931;0.3066905442070107;10.174154527843385
1436;0.036180161529390825;0.17110495434426828;9.874150906346172
1437;0.14419697310251986;0.17710469437841944;9.915341256842005
1438;0.15243456199338937;0.08159758934427665;9.841886607612182
1439;0.3666154269382873;0.08200639532691095;9.88009072767827
1440;0.17756670829219712;0.19616357064804008;9.664410048024601
1441;0.10061800380552209;0.21850409208350052;9.758292929345004
1442;0.13065843300122287;0.00618110068560615;9.778766087088773
1443;0.3640786006129402;-0.029470157550356813;9.81540434400332
1444;0.11172777964280063;0.12378331198458298;9.815883774355834
1445;0.16936557741450187;0.30394302817809005;9.899427340724483
1446;0.259421457758255;0.3207930541885804;9.79548495023762
1447;-1.247103441054211;1.9930930812901284;3.5353152610965917
1448;2.4774250253422325;-2.2179167289367268;11.883705554440228
1449;-0.9324062324381845;-0.6346334606074552;17.628579926441432
1450;-0.12391658113052628;0.5613552462279622;8.612434558753007
1451;1.2126623757044244;-0.037327425144119096;6.732870688026866
1452;-0.789422257076923;0.6458763845186956;8.787191525299203
1453;-0.12299546262861527;0.20461128791003338;10.705111967113908
1454;1.2160152100738078;-0.8980299551986228;12.764430136059573
1455;-0.3929299317385916;0.23452793115285472;11.315697226480289
1456;0.09057330171225016;0.43857031169095684;8.832101812378214
1457;0.3681394387482658;0.4150208224931718;8.91686106317665
1458;-0.25534940996151345;0.41794201018281274;9.958363289607137
1459;0.42980517307341126;-0.15501610151245354;11.05894591283497
1460;0.33336467987498364;0.2707400387195855;10.266298289210686
1461;-0.253097316638597;0.21970201906509118;9.450162557681264
1462;-0.3759314628977336;0.4498454066949116;8.388365443326347
1463;0.7739394731757628;0.19312389137073238;8.805942654090156
1464;0.07904789181435212;0.1813936468988605;10.379766874138923
1465;0.2680032179949483;-0.08495654596890997;10.947715571189944
1466;0.36607530033619473;-0.07669967561536128;10.211711281839317
1467;-0.2564624603610201;0.4064737673121096;9.269980052198733
1468;0.3073942666830859;0.5991206940807607;9.302330636478944
