;ay;ax;az
0;0.047884032;0.05746084;9.835381
1;0.047884032;0.06703765;9.959879
2;-0.1340753;0.05746084;9.959879
3;0.06703765;0.019153614;9.940725
4;-0.009576807;0.019153614;9.816227
5;-0.038307227;0.095768064;9.892841
6;0.0;0.047884032;9.969456
7;-0.02873042;0.06703765;9.854534
8;0.019153614;0.095768064;9.911995
9;-0.038307227;0.06703765;9.9790325
10;-0.009576807;0.02873042;9.873688
11;-0.047884032;0.05746084;9.911995
12;-0.047884032;0.05746084;9.911995
13;-0.009576807;0.05746084;9.883265
14;-0.02873042;0.019153614;9.787497
15;-0.038307227;0.038307227;9.931149
16;-0.019153614;0.02873042;9.854534
17;-0.019153614;0.009576807;9.940725
18;0.019153614;0.047884032;9.931149
19;0.02873042;0.06703765;9.883265
20;-0.02873042;0.076614454;9.921572
21;-0.038307227;0.047884032;9.835381
22;0.0;0.02873042;9.911995
23;-0.02873042;0.1436521;9.892841
24;-0.05746084;0.019153614;9.892841
25;-0.038307227;-0.019153614;9.864111
26;-0.05746084;0.038307227;9.921572
27;-0.02873042;0.02873042;9.911995
28;0.0;0.02873042;9.911995
29;0.038307227;0.06703765;9.892841
30;-0.047884032;0.076614454;9.911995
31;-0.02873042;0.009576807;9.844957
32;0.0;0.06703765;9.864111
33;-0.05746084;0.038307227;9.911995
34;-0.02873042;-0.0;9.873688
35;0.05746084;-0.038307227;9.950302
36;-0.06703765;-0.0;9.835381
37;0.038307227;0.06703765;9.902418
38;0.019153614;0.009576807;9.959879
39;-0.047884032;0.047884032;9.797073
40;-0.019153614;0.019153614;9.873688
41;-0.019153614;0.038307227;9.911995
42;0.047884032;0.019153614;9.835381
43;-0.019153614;0.05746084;9.921572
44;0.009576807;0.06703765;9.950302
45;-0.009576807;0.06703765;9.864111
46;-0.019153614;0.02873042;9.921572
47;-0.009576807;0.019153614;9.921572
48;0.0;0.05746084;9.892841
49;-0.05746084;-0.0;9.921572
50;-0.038307227;0.019153614;9.902418
51;-0.02873042;0.08619126;9.883265
52;-0.019153614;-0.019153614;9.921572
53;0.009576807;-0.0;9.816227
54;-0.05746084;0.009576807;9.911995
55;0.047884032;0.06703765;9.940725
56;0.019153614;0.02873042;9.892841
57;-0.047884032;0.076614454;9.902418
58;0.0;0.02873042;9.969456
59;-0.076614454;0.076614454;9.950302
60;-0.019153614;-0.009576807;9.883265
61;-0.06703765;0.08619126;9.902418
62;0.047884032;0.019153614;9.892841
63;-0.02873042;0.06703765;9.844957
64;0.009576807;0.08619126;9.892841
65;0.019153614;0.095768064;10.007763
66;-0.009576807;0.019153614;9.730036
67;0.08619126;0.02873042;9.672575
68;0.1340753;-0.038307227;10.266336
69;-0.009576807;-0.11492168;9.816227
70;0.0;-0.02873042;9.902418
71;0.038307227;0.10534488;10.055647
72;-0.05746084;0.009576807;9.892841
73;-0.02873042;0.06703765;9.921572
74;-0.009576807;0.02873042;9.988609
75;-0.06703765;0.08619126;9.921572
76;-0.047884032;0.047884032;9.873688
77;-0.06703765;-0.038307227;9.864111
78;-0.009576807;0.02873042;9.9790325
79;-0.10534488;0.11492168;9.911995
80;-0.038307227;0.076614454;9.902418
81;-0.047884032;0.009576807;9.873688
82;-0.076614454;0.047884032;9.911995
83;-0.038307227;0.05746084;9.892841
84;-0.038307227;0.076614454;9.873688
85;0.0;0.019153614;9.921572
86;-0.05746084;0.019153614;9.911995
87;0.0;-0.0;9.950302
88;0.0;0.05746084;9.883265
89;0.0;-0.0;9.892841
90;0.02873042;0.009576807;9.911995
91;-0.009576807;0.10534488;9.844957
92;0.047884032;0.019153614;9.969456
93;0.038307227;0.10534488;9.883265
94;0.019153614;0.038307227;9.873688
95;0.009576807;-0.0;9.921572
96;-0.047884032;0.047884032;9.940725
97;-0.02873042;0.019153614;9.892841
98;0.0;-0.0;9.883265
99;-0.11492168;-0.0;9.911995
100;-0.009576807;-0.009576807;9.950302
101;-0.1340753;-0.0;9.854534
102;-0.076614454;0.019153614;9.911995
103;-0.05746084;-0.047884032;9.959879
104;-0.10534488;-0.08619126;9.940725
105;-0.047884032;-0.11492168;9.816227
106;-0.06703765;-0.08619126;9.864111
107;0.0;-0.10534488;9.864111
108;0.009576807;-0.095768064;9.844957
109;0.06703765;-0.1340753;9.816227
110;0.076614454;-0.11492168;9.931149
111;0.21068975;-0.17238252;9.883265
112;0.22984336;-0.22026655;9.998186
113;0.30645782;-0.23942018;9.9790325
114;0.20111294;-0.31603462;9.931149
115;0.30645782;-0.45968673;10.093954
116;0.23942018;-0.51714754;9.9790325
117;0.18195933;-0.49799395;10.28549
118;0.39264908;-0.6703765;10.141838
119;0.2681506;-0.7757214;10.0269165
120;0.25857377;-0.7661445;9.873688
121;-0.019153614;-0.61291564;9.931149
122;0.1340753;-0.7086837;10.036493
123;-0.12449849;-0.8523358;10.409989
124;0.79487497;-0.93852705;10.352529
125;-0.7086837;-1.5897499;9.701305
126;-0.25857377;-0.9864111;9.768343
127;0.10534488;-1.3120226;10.716447
128;-0.7469909;-1.6567876;9.787497
129;-0.19153613;-1.541866;9.442732
130;-0.32561144;-1.6663644;9.854534
131;-0.92895025;-1.685518;10.25676
132;-0.30645782;-1.934515;9.586384
133;-0.22984336;-2.0685902;9.308656
134;-0.641646;-2.1739352;10.218452
135;0.06703765;-2.1930888;9.720459
136;0.11492168;-2.4612393;9.212888
137;-0.18195933;-2.4899697;9.969456
138;0.37349546;-2.5187001;9.864111
139;0.2777274;-2.72939;9.414001
140;0.25857377;-2.6144683;9.940725
141;0.45010993;-2.5953147;9.959879
142;0.4405331;-2.719813;9.500193
143;0.49799395;-2.5474305;10.295067
144;-0.009576807;-2.585738;9.988609
145;0.32561144;-2.6048915;9.452309
146;-0.06703765;-2.3750482;10.151415
147;-0.08619126;-2.27928;10.228029
148;0.25857377;-2.3558946;9.691729
149;-0.1340753;-2.1739352;9.931149
150;-0.06703765;-2.0111294;9.950302
151;-0.15322891;-1.9440918;9.56723
152;-0.2777274;-1.532289;9.672575
153;-0.4213795;-1.4269443;9.768343
154;-0.22026655;-1.3503298;9.270349
155;-0.24899697;-1.2162545;9.595961
156;-0.32561144;-1.1875241;9.404425
157;-0.076614454;-1.1587936;9.279925
158;0.047884032;-0.8331822;9.433155
159;-0.15322891;-0.81402856;9.710882
160;0.2873042;-0.7182605;9.3661175
161;-0.009576807;-0.5650316;9.548077
162;0.35434186;-0.58418524;9.758766
163;0.29688102;-0.4405331;9.749189
164;0.39264908;-0.32561144;10.304645
165;0.7182605;-0.31603462;10.611102
166;0.7565677;-0.37349546;10.620679
167;0.79487497;-0.33518824;10.754754
168;0.29688102;-0.4213795;10.6877165
169;-0.019153614;-0.37349546;10.5919485
170;0.25857377;-0.2777274;10.649409
171;-0.5554548;-0.1340753;10.754754
172;0.4309563;-0.019153614;10.850522
173;-0.34476504;-0.15322891;10.477027
174;0.79487497;-0.10534488;10.5919485
175;-0.10534488;-0.2873042;10.084377
176;0.24899697;-0.41180268;9.720459
177;-0.20111294;-0.33518824;9.270349
178;-0.7278373;-0.39264908;9.14585
179;-0.50757074;-0.4213795;8.762778
180;-0.8619126;-0.41180268;8.724471
181;-0.80445176;-0.31603462;9.078813
182;-0.59376204;-0.11492168;9.634268
183;-0.22984336;0.076614454;9.921572
184;-0.30645782;0.038307227;10.247183
185;-0.095768064;-0.11492168;11.405977
186;0.6512229;-0.19153613;10.371682
187;-1.6089035;-0.5650316;9.682152
188;0.19153613;-0.4309563;10.783484
189;-1.0821792;-0.641646;10.630256
190;-0.45968673;-0.8523358;9.586384
191;-0.16280572;-0.9672575;9.270349
192;-0.8331822;-0.81402856;9.557653
193;0.02873042;-1.043872;9.854534
194;0.22984336;-0.80445176;9.624691
195;0.05746084;-1.0055647;9.615114
196;1.1587936;-0.78529817;9.739613
197;-0.31603462;-0.82360536;9.720459
198;1.4077905;-0.59376204;9.854534
199;-0.22984336;-0.92895025;9.950302
200;0.842759;-0.82360536;9.988609
201;0.22984336;-1.0055647;10.333375
202;0.58418524;-0.9576807;10.429143
203;1.1683705;-1.0055647;10.5919485
204;0.47884035;-1.1109096;10.448297
205;0.6703765;-1.2449849;10.43872
206;0.047884032;-1.340753;9.816227
207;0.17238252;-1.4269443;9.749189
208;-0.25857377;-1.541866;9.461885
209;-0.2873042;-1.4939818;9.030929
210;-0.5267244;-1.5131354;9.337387
211;-0.21068975;-1.541866;9.3182335
212;-0.90021986;-1.6089035;9.174581
213;-0.6799533;-1.4652514;9.825804
214;0.038307227;-1.3790601;10.94629
215;0.1340753;-1.8004397;11.003751
216;-0.12449849;-1.9536686;10.1226845
217;0.16280572;-1.8483237;10.01734
218;-0.89064306;-1.6759412;10.457873
219;-0.842759;-1.3982137;10.093954
220;-0.91937345;-1.6089035;9.883265
221;-0.82360536;-1.7046716;9.720459
222;0.17238252;-1.292869;9.375694
223;0.5650316;-1.13964;9.844957
224;0.5746084;-1.3503298;9.864111
225;0.79487497;-1.7717092;10.065224
226;1.7525556;-1.388637;10.036493
227;-0.82360536;-1.3982137;9.892841
228;0.80445176;-1.3503298;9.605537
229;-0.62249243;-1.13964;9.739613
230;-1.043872;-0.82360536;9.787497
231;-0.047884032;-0.9672575;8.868123
232;-1.1300632;-0.90021986;8.676587
233;-0.25857377;-0.89064306;9.174581
234;0.22026655;-0.5746084;10.1226845
235;1.0534488;-0.06703765;11.990162
236;-0.91937345;-0.1436521;11.310209
237;-0.5746084;-0.6703765;10.199299
238;1.6472107;-0.59376204;10.553641
239;-2.2888567;-0.7182605;10.390836
240;-1.2449849;-1.2641385;8.599973
241;1.043872;-1.1683705;9.174581
242;-1.6376339;-0.94810385;10.151415
243;0.019153614;-0.91937345;9.634268
244;1.4652514;-0.7469909;9.653421
245;-0.6991069;-0.7278373;10.764331
246;1.5993267;-0.81402856;10.371682
247;0.33518824;-1.1971009;8.6095495
248;-0.6607997;-0.30645782;9.787497
249;1.2066777;-0.21068975;11.042058
250;0.6512229;-0.7086837;9.768343
251;-0.58418524;-0.91937345;7.1634517
252;0.29688102;-0.60333884;9.289502
253;-0.41180268;-0.019153614;11.15698
254;0.45010993;-0.10534488;10.323798
255;-0.076614454;-0.06703765;10.323798
256;-1.0534488;-0.30645782;11.903971
257;0.49799395;-0.7565677;11.099519
258;-1.7621324;-1.0055647;9.643845
259;1.3599066;-0.80445176;10.5440645
260;0.62249243;-0.63206923;10.658986
261;-0.39264908;-0.49799395;9.155427
262;1.3311762;-0.46926352;9.356541
263;0.79487497;-0.24899697;11.224017
264;-1.8100165;-0.82360536;9.423578
265;0.8619126;-1.2545617;8.485051
266;-2.2218192;-1.1300632;8.111555
267;0.641646;-1.043872;10.457873
268;1.2258313;-0.641646;10.812215
269;-0.545878;-1.5993267;9.270349
270;1.1683705;-0.8523358;8.073248
271;-1.8674773;-1.043872;9.873688
272;0.91937345;0.08619126;11.3964
273;-1.5227122;-0.30645782;9.959879
274;-0.78529817;-0.21068975;10.888829
275;-0.36391866;-0.545878;10.860099
276;-2.3463178;-0.8714894;9.595961
277;1.13964;-0.7757214;10.390836
278;0.08619126;-0.7278373;11.061212
279;1.436521;-0.8619126;9.557653
280;1.091756;-0.6607997;10.266336
281;0.92895025;-0.58418524;11.434708
282;-2.0494366;-0.89064306;10.582372
283;0.8331822;-1.1587936;9.069236
284;-0.4213795;-0.22984336;10.323798
285;-2.0398598;-1.1587936;10.821792
286;3.9360676;-0.5363012;7.776367
287;-1.7717092;-1.4748282;9.260772
288;2.3942018;0.009576807;10.582372
289;-1.7142484;-0.89064306;9.165004
290;-0.7661445;-0.8619126;8.954314
291;-0.05746084;-0.90979666;11.109096
292;-0.61291564;-1.3694834;9.835381
293;1.2258313;-1.4269443;8.63828
294;1.0630256;-1.8579005;9.32781
295;-0.02873042;-0.80445176;8.350976
296;-0.46926352;-1.541866;9.969456
297;1.7429788;-0.36391866;11.070788
298;0.61291564;-1.5227122;9.825804
299;1.7812861;-1.2162545;9.3182335
300;-2.566584;-1.8962077;10.007763
301;0.6512229;-0.9672575;9.9790325
302;-0.94810385;-1.283292;10.323798
303;0.39264908;-0.45010993;11.118672
304;1.8866309;0.019153614;10.553641
305;-1.9249382;-0.89064306;10.821792
306;-1.13964;-0.21068975;10.055647
307;-1.13964;-0.8331822;9.5385
308;-2.4516625;-0.5650316;11.750742
309;1.5897499;-1.091756;9.078813
310;0.29688102;-1.3599066;8.839393
311;1.3120226;-0.7086837;10.70687
312;1.8100165;-1.2066777;12.449849
313;-0.21068975;-2.585738;8.896853
314;-1.388637;-1.6950948;6.895301
315;-1.2258313;-1.6950948;10.25676
316;0.02873042;-1.7429788;8.580819
317;-1.0630256;-1.4748282;7.489063
318;0.2873042;-0.6991069;8.7053175
319;-0.63206923;0.11492168;12.248735
320;0.076614454;-1.1587936;9.222465
321;-0.5554548;-1.3215994;8.992621
322;0.7757214;-1.1300632;11.051635
323;2.5474305;0.02873042;10.620679
324;-0.6991069;-0.45010993;12.258312
325;3.1028855;-0.24899697;12.0571995
326;0.5267244;-1.4460979;10.726024
327;-1.2258313;-1.9536686;7.575254
328;-0.8523358;-2.27928;7.038953
329;-0.7278373;-1.1300632;8.801085
330;-1.2545617;-1.2545617;10.275913
331;1.6759412;-0.79487497;12.354081
332;0.30645782;-0.8331822;9.931149
333;-2.7868507;-1.283292;9.222465
334;2.183512;-2.0398598;13.158532
335;2.7102363;-0.6607997;11.089942
336;-2.2026656;-1.0726024;12.105083
337;2.6623523;-0.7278373;8.619126
338;-1.484405;-1.733402;8.820239
339;-1.4460979;-3.2848446;9.299079
340;1.934515;-1.340753;9.500193
341;-4.654328;-2.5091233;8.00621
342;3.0262709;-1.2545617;7.5848308
343;-0.6895301;-1.3982137;11.405977
344;0.11492168;-1.6376339;11.492168
345;0.40222588;-1.0247183;9.749189
346;-0.62249243;-1.3694834;11.224017
347;0.24899697;-0.49799395;8.322245
348;-1.6376339;-0.4213795;9.375694
349;1.1875241;-0.45010993;12.172121
350;-0.6703765;-0.20111294;11.415554
351;-0.8810662;-1.2449849;9.174581
352;-0.30645782;-0.79487497;9.059659
353;-0.9768343;-1.5227122;9.011775
354;3.8594532;2.0111294;11.84651
355;-1.685518;-2.2601264;12.5743475
356;2.1739352;-0.80445176;7.747637
357;-4.213795;-1.7812861;8.015787
358;-0.6607997;-2.1164744;8.954314
359;0.45968673;0.076614454;6.129156
360;-4.232949;-2.2984335;9.921572
361;1.4077905;-1.2258313;10.457873
362;1.436521;-0.6512229;9.232041
363;-2.0973208;-1.043872;9.184157
364;2.327164;0.45968673;10.180145
365;1.0726024;0.19153613;11.33894
366;0.21068975;0.39264908;12.555194
367;1.0726024;-0.50757074;10.419566
368;0.2873042;-0.9576807;8.293514
369;-0.22984336;-1.043872;11.358093
370;-1.484405;-0.009576807;11.013328
371;1.8770541;-1.9057846;8.054094
372;2.930503;-0.25857377;8.054094
373;-4.10845;-1.8387469;8.8777
374;3.3423057;-1.1013328;7.795521
375;1.4748282;-0.7182605;9.643845
376;-3.1411927;-0.7661445;12.334928
377;1.5897499;-0.7182605;8.724471
378;0.78529817;-1.5705963;9.107543
379;-1.7717092;-1.2737153;9.624691
380;-0.038307227;-0.06703765;10.907983
381;1.2449849;-1.3503298;9.691729
382;1.9057846;-0.59376204;10.97502
383;-0.8619126;-1.484405;8.916007
384;-1.6184803;-1.5705963;8.599973
385;0.019153614;-0.24899697;8.360553
386;-1.3982137;0.038307227;12.181698
387;-0.08619126;0.076614454;11.568783
388;0.45010993;-0.63206923;9.864111
389;-0.842759;-0.5554548;8.868123
390;-0.15322891;-0.8523358;10.199299
391;-1.292869;0.38307226;10.860099
392;0.61291564;-1.1779473;11.760319
393;1.4748282;-0.2873042;9.662998
394;-2.8443117;-1.8004397;7.2783732
395;0.41180268;-1.2162545;7.872135
396;-0.641646;0.35434186;11.836933
397;-0.038307227;-0.81402856;11.530476
398;0.45968673;-0.10534488;10.524911
399;0.20111294;-0.6703765;8.944737
400;0.93852705;0.32561144;8.264784
401;-1.5131354;0.5267244;8.963891
402;3.169923;0.48841715;12.871228
403;0.10534488;-0.5554548;13.005303
404;1.043872;-1.3120226;6.445191
405;0.48841715;-0.7182605;5.449203
406;-1.7142484;-0.80445176;10.304645
407;0.40222588;0.25857377;10.879252
408;-0.50757074;-0.61291564;6.5505357
409;-1.484405;-0.095768064;10.726024
410;-2.2409728;-1.0342951;8.0924015
411;-0.2873042;-0.31603462;7.431602
412;0.7565677;0.35434186;11.147403
413;3.1316159;0.22984336;15.370775
414;-0.05746084;-0.2873042;11.36767
415;-1.9057846;-0.82360536;6.3781533
416;2.585738;1.1109096;8.724471
417;-3.8019924;1.043872;15.571888
418;0.06703765;0.80445176;8.628703
419;-3.1411927;-0.39264908;6.5601125
420;-2.4133554;-0.1340753;9.969456
421;-0.5554548;0.5554548;13.359646
422;1.9632454;-0.8810662;8.523358
423;1.8579005;0.34476504;10.409989
424;-0.9672575;-0.50757074;11.195287
425;0.7757214;-0.5363012;8.992621
426;-0.78529817;0.10534488;6.349423
427;-1.6567876;0.4213795;12.698846
428;-0.29688102;0.9672575;12.095507
429;-1.4269443;-0.095768064;4.6351743
430;-0.48841715;1.1971009;9.270349
431;-2.0015526;1.5801731;14.192827
432;1.541866;0.40222588;11.971008
433;5.391742;-0.009576807;7.4124484
434;-1.1875241;-0.36391866;9.442732
435;-0.5554548;-0.51714754;10.927136
436;1.3599066;-0.1436521;6.2249246
437;-4.1659107;-1.1300632;3.8594532
438;2.1452048;1.2258313;11.089942
439;-0.45010993;2.0207062;15.840038
440;-3.074155;-1.4269443;2.4037786
441;5.3342814;2.432509;8.2169
442;-6.7133417;0.39264908;16.634912
443;5.410896;1.1779473;10.400413
444;1.8962077;-0.1436521;7.642292
445;-3.2752678;-0.94810385;10.754754
446;2.0207062;2.4037786;10.515334
447;-3.265691;0.10534488;7.2687964
448;1.1971009;1.1875241;10.0269165
449;-0.25857377;1.7621324;14.652514
450;2.3175871;0.82360536;8.6574335
451;-1.3982137;0.34476504;8.925584
452;4.5681367;2.1547816;12.4785795
453;2.7389667;2.5761611;16.836027
454;0.545878;1.3982137;14.5759
455;2.5570073;0.6895301;9.126697
456;-1.6089035;1.1109096;8.1881695
457;-2.2601264;1.8004397;12.287044
458;0.21068975;1.1587936;11.540052
459;-0.33518824;0.89064306;8.159439
460;-1.6950948;0.78529817;10.419566
461;2.585738;0.21068975;10.275913
462;1.0151415;-0.076614454;8.2169
463;0.4213795;-0.2777274;11.233594
464;4.1371803;0.9959879;11.300632
465;-3.1507695;-0.48841715;10.429143
466;1.4748282;-1.1683705;6.0046577
467;-0.45010993;0.6703765;8.379706
468;-2.9975405;0.076614454;10.907983
469;2.1930888;1.0534488;8.207323
470;-2.7102363;0.08619126;7.038953
471;-0.78529817;-0.38307226;10.342952
472;0.51714754;0.19153613;9.643845
473;-2.0685902;-0.8619126;6.83784
474;1.1109096;-0.641646;9.251195
475;2.72939;0.7469909;13.532028
476;1.7525556;0.89064306;10.840945
477;-0.23942018;-0.1436521;6.5026517
478;-0.019153614;0.38307226;9.394848
479;-1.0151415;0.8714894;14.097059
480;-0.9768343;0.36391866;11.051635
481;-0.9768343;0.35434186;7.393295
482;-1.1013328;-0.49799395;9.921572
483;0.1340753;0.047884032;11.482592
484;0.12449849;-0.06703765;9.471462
485;2.882619;1.0342951;10.955867
486;-0.22026655;-0.0;12.919112
487;1.6184803;-0.8331822;7.680599
488;-0.34476504;-0.8331822;4.606444
489;-3.0071173;-0.2777274;10.333375
490;-0.5363012;-0.33518824;10.534488
491;0.5554548;-0.48841715;7.479486
492;-1.9632454;0.08619126;10.237606
493;-0.39264908;-0.48841715;10.658986
494;1.1204864;-0.92895025;9.14585
495;-0.35434186;-1.1013328;7.8625584
496;-0.7182605;-0.25857377;11.712435
497;3.964798;0.49799395;11.15698
498;-0.81402856;-0.5267244;9.212888
499;-0.21068975;-0.08619126;7.603985
500;-0.9576807;0.92895025;8.801085
501;-3.9743748;0.8810662;11.856087
502;-0.62249243;0.63206923;12.287044
503;0.24899697;0.076614454;8.810662
504;-2.9496565;-0.2681506;9.11712
505;0.15322891;0.19153613;10.323798
506;1.4652514;0.6512229;10.658986
507;-1.0342951;1.0055647;12.679692
508;-0.5363012;1.436521;13.053187
509;0.63206923;0.6895301;9.931149
510;0.39264908;1.0630256;10.860099
511;0.34476504;1.8962077;13.934254
512;-1.0151415;1.8579005;14.097059
513;0.1340753;0.80445176;9.337387
514;-0.31603462;0.35434186;9.433155
515;-2.336741;-0.038307227;11.128249
516;0.2777274;0.7086837;10.237606
517;-0.6991069;0.48841715;9.528923
518;-1.1492168;0.50757074;11.233594
519;-0.61291564;0.47884035;8.513782
520;-0.02873042;-0.10534488;6.8761473
521;0.076614454;0.63206923;9.299079
522;0.17238252;0.1436521;9.768343
523;1.9153614;-2.0685902;8.772355
524;3.1794999;-1.541866;6.4164605
525;1.043872;-2.0685902;6.885724
526;1.1971009;-2.0685902;8.676587
527;0.34476504;-1.8962077;8.839393
528;-0.50757074;-1.2162545;8.264784
529;-1.4556746;-0.0;10.113108
530;1.292869;-1.2545617;9.739613
531;2.681506;-0.9959879;9.078813
532;1.1587936;0.82360536;11.032481
533;2.7006595;1.8962077;15.045163
534;1.1587936;1.9057846;13.9917145
535;0.15322891;0.90979666;10.984597
536;3.2561142;1.1109096;11.492168
537;2.7964275;0.6607997;13.426683
538;0.45968673;0.08619126;12.74673
539;0.24899697;0.10534488;8.418014
540;-1.1300632;0.9768343;10.67814
541;-0.6799533;1.484405;14.681245
542;-2.7389667;0.45968673;8.312668
543;-1.5993267;0.17238252;6.3781533
544;-1.7525556;-0.17238252;11.032481
545;-0.545878;0.31603462;12.325351
546;1.5131354;-0.25857377;8.0924015
547;2.7868507;-0.59376204;9.346964
548;1.4652514;-1.3215994;9.5385
549;0.5363012;-1.5705963;6.8761473
550;-1.1204864;-0.9959879;1.9632454
551;-3.2944214;-0.019153614;7.651869
552;-2.5474305;0.34476504;9.203311
553;-2.4708161;-1.1971009;7.1826053
554;-0.5363012;-0.90021986;6.991069
555;-1.9536686;-0.05746084;11.36767
556;1.4077905;-0.02873042;12.727576
557;4.4915223;-0.22026655;10.409989
558;0.94810385;-0.58418524;10.91756
559;1.2162545;-0.41180268;12.124237
560;-0.94810385;-0.41180268;8.121132
561;-2.777274;0.5650316;6.694188
562;-1.9919758;0.90021986;12.880805
563;-1.7812861;-1.4652514;11.87524
564;0.7757214;0.02873042;7.97748
565;-2.7102363;-0.0;10.726024
566;0.4213795;1.1204864;11.664551
567;2.3558946;0.7661445;11.501745
568;4.4915223;0.91937345;12.287044
569;1.292869;1.7812861;14.652514
570;-1.6950948;0.18195933;9.682152
571;0.37349546;-0.0;4.003105
572;-1.9153614;0.545878;10.381259
573;-3.122039;0.17238252;14.834474
574;1.6567876;-0.9768343;6.0621185
575;-0.91937345;-1.0534488;4.156334
576;-1.2449849;-0.15322891;10.907983
577;0.30645782;0.7757214;11.63582
578;0.7661445;-0.49799395;6.8186865
579;0.35434186;-0.18195933;8.101978
580;-0.80445176;-0.8810662;9.825804
581;-0.4309563;-1.3215994;6.9623384
582;-1.4556746;-1.8483237;6.8186865
583;3.514688;-0.05746084;12.191275
584;0.81402856;-0.5650316;12.344504
585;-0.32561144;-0.31603462;7.8050976
586;-0.7565677;-0.05746084;8.0924015
587;-0.6799533;1.1109096;12.53604
588;-2.2026656;0.5554548;14.33648
589;-0.32561144;0.46926352;10.46745
590;1.1109096;1.1587936;11.587936
591;-2.920926;0.49799395;13.857639
592;1.2258313;1.532289;12.545617
593;2.4612393;1.1204864;11.051635
594;-1.4652514;0.7565677;11.57836
595;0.40222588;0.22026655;11.568783
596;1.13964;0.8810662;8.178593
597;-2.6527755;0.4405331;8.149862
598;-2.2505496;0.63206923;9.500193
599;-0.08619126;0.33518824;8.408437
600;1.6089035;0.47884035;10.113108
601;0.1340753;-0.19153613;9.710882
602;1.1875241;-0.62249243;8.504205
603;-0.51714754;-0.48841715;7.2113357
604;0.10534488;-0.2873042;7.8146744
605;1.13964;-0.17238252;9.385271
606;-0.6512229;-0.35434186;9.452309
607;-0.22984336;-1.2641385;6.8282633
608;0.7469909;-0.9864111;5.45878
609;1.2449849;-0.095768064;10.97502
610;0.1340753;-0.019153614;13.704411
611;2.0398598;-0.24899697;10.055647
612;1.7717092;-0.5650316;9.107543
613;-1.3024458;-0.7469909;11.386824
614;-0.2777274;-0.49799395;11.013328
615;-0.05746084;-0.10534488;7.517793
616;-1.5035586;0.60333884;12.966996
617;1.091756;0.62249243;13.043611
618;-1.2354081;0.095768064;8.963891
619;-0.08619126;0.1436521;9.80665
620;3.8498764;1.7525556;15.437813
621;-1.1683705;-0.05746084;15.437813
622;0.9959879;-0.82360536;8.992621
623;1.5801731;-0.45968673;7.5561004
624;-4.865018;-0.7757214;10.486604
625;-0.9672575;-0.59376204;9.461885
626;0.37349546;-0.90979666;7.6614456
627;-2.7006595;0.009576807;9.950302
628;1.8962077;-0.48841715;9.414001
629;-0.90979666;-1.8674773;6.5218053
630;0.17238252;-0.79487497;8.8777
631;2.825158;0.48841715;13.053187
632;-0.05746084;-0.08619126;10.869676
633;1.1779473;0.2777274;7.086837
634;0.34476504;-0.1340753;9.739613
635;-1.292869;-0.12449849;11.243171
636;0.15322891;-0.21068975;9.155427
637;-0.34476504;-0.6512229;7.441179
638;-2.6048915;-0.038307227;10.658986
639;-0.8714894;0.038307227;10.055647
640;0.7469909;-0.06703765;8.341399
641;1.8387469;0.7469909;11.9135475
642;-0.35434186;0.545878;14.5088625
643;0.47884035;0.17238252;11.750742
644;1.6089035;-0.15322891;8.465898
645;0.019153614;-0.33518824;9.528923
646;0.12449849;-0.45010993;11.827356
647;0.11492168;-0.35434186;8.647857
648;-0.50757074;0.05746084;7.2209125
649;-3.7732618;0.2873042;9.816227
650;-2.8060043;-0.78529817;8.015787
651;-0.11492168;0.24899697;7.4124484
652;-1.3599066;0.9576807;12.363658
653;2.327164;0.5363012;13.934254
654;3.6008794;0.5267244;10.093954
655;1.2545617;0.2873042;9.030929
656;5.2289367;1.7717092;12.277467
657;1.340753;0.81402856;14.365211
658;-2.3080103;-0.7182605;7.9008656
659;-1.1971009;-0.1340753;3.1507695
660;-6.339846;-0.78529817;8.896853
661;-1.1779473;0.4309563;10.70687
662;-2.4708161;-1.3311762;8.724471
663;3.7253778;-0.29688102;10.390836
664;2.6910827;1.7429788;12.210428
665;-1.6663644;-1.283292;11.57836
666;6.205771;0.9959879;8.169016
667;-1.091756;0.47884035;11.243171
668;-1.4077905;-0.7469909;11.520899
669;3.0071173;-0.61291564;5.3821654
670;-2.0973208;-0.62249243;4.309563
671;-4.31914;-0.2873042;9.816227
672;-2.7102363;0.5650316;10.457873
673;0.47884035;0.37349546;10.419566
674;2.1068976;1.934515;10.764331
675;-2.825158;-0.1436521;12.823344
676;1.0055647;0.90979666;11.032481
677;2.2505496;2.0207062;11.626244
678;-1.4939818;0.7565677;16.385916
679;-0.076614454;1.2162545;12.143391
680;-4.098873;-0.23942018;6.3111157
681;-0.7757214;0.45968673;7.0485296
682;-0.7469909;1.484405;15.696386
683;-1.532289;-0.842759;11.57836
684;3.4284968;-1.2258313;4.8267107
685;0.7661445;-0.6895301;7.422025
686;-1.0247183;-0.49799395;10.314221
687;0.12449849;-0.61291564;5.353435
688;-0.8619126;-1.1013328;6.6750345
689;-3.1794999;-0.39264908;10.955867
690;-0.1436521;-0.38307226;9.758766
691;-0.24899697;-1.3982137;6.703765
692;1.5227122;-0.019153614;8.149862
693;1.9249382;0.78529817;14.211981
694;3.7253778;0.36391866;10.649409
695;1.532289;-0.641646;7.086837
696;0.0;-0.08619126;7.747637
697;-0.21068975;-0.11492168;10.821792
698;-1.7525556;-0.06703765;8.063671
699;-0.7565677;0.17238252;9.193734
700;-2.1452048;0.29688102;11.319786
701;-2.528277;-0.038307227;9.155427
702;0.095768064;-1.2354081;7.479486
703;1.3982137;-0.7374141;12.29662
704;2.4133554;0.06703765;14.077906
705;2.4612393;-0.81402856;9.797073
706;2.3942018;-0.2777274;7.393295
707;-0.5363012;0.12449849;9.682152
708;-2.1068976;-0.4213795;10.448297
709;-0.5746084;-0.61291564;5.8226986
710;-2.7581203;-0.7757214;6.4260373
711;-2.7006595;-1.2258313;9.461885
712;0.80445176;-1.7525556;8.082825
713;-0.48841715;-2.566584;6.981492
714;-0.61291564;0.18195933;10.01734
715;3.3423057;0.6607997;12.861651
716;-2.0398598;-0.7374141;10.697293
717;5.305551;1.0151415;9.959879
718;-0.94810385;0.35434186;13.43626
719;-3.7253778;0.6512229;9.816227
720;0.038307227;2.528277;6.885724
721;-2.336741;1.5897499;12.421119
722;-3.6296098;1.2258313;12.852075
723;-2.6144683;-0.25857377;6.6750345
724;0.6512229;0.02873042;8.389283
725;0.5363012;1.7525556;15.332468
726;2.1452048;1.2162545;16.874334
727;2.633622;0.18195933;9.059659
728;-3.5051112;1.0534488;7.517793
729;-4.654328;1.2545617;10.70687
730;-2.6527755;2.030283;12.210428
731;-5.401319;0.7469909;11.444284
732;0.009576807;0.9864111;10.524911
733;0.4309563;1.4460979;10.0748005
734;-1.4652514;0.641646;13.656527
735;3.964798;1.13964;12.765883
736;0.8619126;2.2026656;12.229582
737;-3.8115692;0.842759;11.166556
738;2.078167;1.7142484;7.345411
739;-4.098873;1.8387469;6.1866174
740;-3.4476504;2.8538885;12.794614
741;-0.45010993;2.4995465;12.210428
742;2.1260512;1.0630256;7.6231384
743;-0.51714754;1.1109096;7.536947
744;-0.18195933;0.16280572;9.308656
745;3.0262709;-0.4309563;6.339846
746;2.4899697;-0.62249243;7.1347213
747;-3.4763808;-2.0015526;4.759673
748;2.2122424;-1.9153614;5.257667
749;-0.08619126;1.4556746;12.0571995
750;-7.632715;-1.733402;9.662998
751;9.3182335;1.2066777;8.858546
752;-1.436521;-0.11492168;12.105083
753;-0.90021986;-0.038307227;13.2351465
754;6.042965;2.1068976;12.29662
755;1.5705963;0.61291564;13.110648
756;-0.6512229;2.0015526;14.231135
757;-2.1547816;2.4516625;10.91756
758;-2.6144683;2.4229321;10.6877165
759;-3.2369606;2.9975405;13.962984
760;-1.5993267;-0.019153614;14.269443
761;1.685518;1.8291701;9.605537
762;1.7238252;1.9919758;14.518439
763;-0.076614454;1.091756;14.058752
764;2.336741;0.62249243;12.890382
765;0.8810662;-1.292869;6.253655
766;-3.371036;-2.2218192;8.293514
767;4.280833;-0.2681506;8.628703
768;-5.93762;-1.3599066;3.514688
769;-1.7525556;-2.1260512;0.22026655
770;3.3518825;0.6799533;10.97502
771;-6.8091097;-2.2409728;6.789956
772;4.7405195;-1.5801731;2.767697
773;1.4173675;-0.2873042;11.070788
774;-1.2066777;-0.41180268;12.344504
775;4.367024;0.29688102;6.9144545
776;2.4133554;-0.37349546;8.504205
777;-4.4915223;-0.20111294;11.683704
778;1.5801731;-1.5610195;8.6095495
779;2.528277;0.46926352;7.3071036
780;-3.8402996;1.7717092;18.550274
781;-2.327164;1.8962077;14.757859
782;-2.9017725;0.94810385;6.2632318
783;-1.6089035;2.030283;16.596605
784;-1.8674773;3.7828386;19.728222
785;-1.7812861;-0.24899697;12.708423
786;10.323798;-0.90021986;6.646304
787;1.292869;0.5267244;15.648502
788;-1.1013328;-2.0111294;12.392388
789;0.90021986;-3.7062242;-3.3901896
790;3.4859576;-1.685518;8.724471
791;-2.183512;0.90021986;19.34515
792;-6.7324953;-1.3790601;7.5848308
793;3.964798;-1.2545617;-0.10534488
794;-5.1810527;1.4460979;16.903065
795;-7.8146744;-0.2873042;18.962078
796;7.680599;-0.91937345;2.0973208
797;-0.79487497;-2.2122424;7.1251445
798;-1.7142484;-2.0590134;11.415554
799;6.703765;-0.51714754;9.040505
800;-1.5993267;-0.1436521;4.0701427
801;0.7086837;-0.4213795;15.792154
802;-0.63206923;-1.7046716;9.921572
803;-0.7086837;-1.283292;2.4229321
804;0.50757074;0.22026655;9.931149
805;-4.6160207;-0.6512229;8.437167
806;2.4516625;0.33518824;8.034941
807;-2.0973208;-0.7757214;11.750742
808;0.0;-0.21068975;9.634268
809;2.2697031;-1.0151415;5.401319
810;-0.12449849;-1.2354081;10.170568
811;-1.3311762;0.40222588;9.021352
812;-2.327164;0.63206923;10.007763
813;-2.3080103;1.283292;13.771448
814;-0.6991069;0.2873042;10.534488
815;-0.61291564;-0.90021986;8.082825
816;0.9864111;-1.5035586;9.892841
817;-0.58418524;-0.7565677;13.64695
818;3.1603463;-1.4748282;12.660539
819;1.1779473;-0.1340753;12.823344
820;2.9592333;-1.8004397;13.867216
821;0.39264908;0.4405331;9.902418
822;-2.834735;-1.091756;8.350976
823;4.76925;1.2737153;11.176133
824;-4.4915223;0.7278373;14.5567465
825;1.7046716;-0.25857377;12.334928
826;2.9496565;-0.82360536;8.111555
827;-2.6431987;-1.7812861;11.903971
828;5.4683566;-0.39264908;13.311762
829;-1.3024458;-1.5131354;4.213795
830;5.4204726;-0.90021986;8.034941
831;-2.0685902;-0.94810385;13.455414
832;0.7661445;-1.9536686;3.9935284
833;1.3982137;0.8523358;9.461885
834;-7.153875;-0.8331822;11.300632
835;2.96881;0.7469909;8.619126
836;-0.9959879;-0.9672575;9.097966
837;-2.1739352;-0.90979666;7.8050976
838;3.122039;-0.6512229;10.0748005
839;2.2218192;-0.2777274;10.97502
840;5.6886234;-0.51714754;7.144298
841;1.532289;-0.4213795;10.065224
842;0.22026655;0.7757214;13.168109
843;-1.3503298;1.0726024;13.426683
844;-0.50757074;-0.7565677;12.095507
845;2.231396;2.585738;8.2169
846;-7.374141;0.9959879;12.50731
847;2.27928;-0.23942018;7.3071036
848;4.175488;1.2258313;10.25676
849;0.2777274;-1.6950948;16.041151
850;4.453215;-0.38307226;11.769896
851;0.39264908;-1.7717092;6.3111157
852;3.323152;1.1779473;10.448297
853;-3.5338416;-0.047884032;14.796166
854;3.3135753;1.7429788;8.437167
855;1.13964;0.49799395;10.342952
856;-4.1371803;-0.40222588;14.15452
857;1.8866309;0.45010993;11.425131
858;2.0590134;-1.0151415;8.599973
859;4.7884035;-0.7565677;11.722012
860;4.5298295;0.22026655;9.002198
861;1.1013328;-1.8387469;7.1347213
862;3.3423057;0.32561144;7.728483
863;-5.7269306;0.1436521;12.545617
864;-4.8362875;-0.10534488;11.57836
865;-1.4652514;0.5650316;6.483498
866;-0.21068975;-0.15322891;12.440272
867;2.5378537;0.2777274;14.930242
868;2.0111294;1.2737153;8.724471
869;3.9552212;-0.39264908;11.099519
870;2.9017725;0.8523358;9.787497
871;-5.2385135;0.6512229;10.955867
872;0.7374141;1.1492168;8.935161
873;-2.5187001;0.91937345;13.321339
874;-6.1195793;0.05746084;6.9527617
875;0.8523358;0.11492168;4.2904096
876;-2.2505496;-0.18195933;11.358093
877;2.882619;0.6991069;11.051635
878;2.7102363;0.19153613;11.923124
879;0.02873042;-2.3080103;6.5505357
880;5.2289367;-1.0247183;4.7884035
881;0.4213795;-0.076614454;11.176133
882;4.8937483;1.4460979;14.5759
883;-0.41180268;1.13964;6.943185
884;-0.9864111;1.3503298;6.7612257
885;-1.9440918;2.3750482;9.481039
886;-4.855441;0.45010993;8.350976
887;0.7661445;-0.25857377;7.0485296
888;0.05746084;-0.6512229;5.1140146
889;0.59376204;-1.5610195;7.8625584
890;3.5817258;-1.532289;10.70687
891;1.3215994;-3.6008794;3.2561142
892;-0.90979666;-1.4556746;6.445191
893;6.646304;2.3558946;14.221559
894;-6.445191;-0.39264908;15.112201
895;6.3111157;0.22026655;2.3654714
896;6.301539;4.7788267;14.039598
897;-9.289502;1.3982137;22.179884
898;8.274361;0.4405331;14.987702
899;4.999093;1.2545617;14.221559
900;-7.297527;2.585738;11.60709
901;6.5601125;5.793968;22.16073
902;1.5035586;2.6431987;11.942278
903;-1.4269443;1.1875241;15.217546
904;2.9400797;3.0454245;13.244724
905;-1.9632454;0.7661445;12.469003
906;3.2273839;1.5897499;9.136273
907;6.2728086;-1.043872;13.417107
908;4.4436383;-0.009576807;11.980585
909;-1.3599066;-4.5298295;8.801085
910;3.0358477;-3.4093432;-4.5394063
911;3.916914;-1.3024458;6.129156
912;-7.4603324;-1.9057846;7.920019
913;0.545878;-3.3997664;-1.8866309
914;3.0550013;-2.9017725;4.0318356
915;-6.3589997;0.24899697;11.224017
916;4.7884035;-0.545878;9.088389
917;5.48751;1.3982137;7.07726
918;-0.9864111;1.7717092;12.4785795
919;5.1140146;1.7046716;16.041151
920;5.3725886;1.9440918;10.754754
921;-0.17238252;1.4077905;10.658986
922;-0.8331822;3.3518825;16.79772
923;-5.535394;1.3503298;10.860099
924;-2.566584;0.20111294;12.066776
925;-1.4173675;-1.0247183;12.430696
926;2.336741;-0.78529817;11.84651
927;3.2082303;-0.7086837;10.429143
928;1.4077905;-1.091756;11.674128
929;2.135628;-2.2122424;11.865664
930;1.0630256;-2.2218192;8.791509
931;-2.4995465;-3.8881836;4.453215
932;2.8634653;-2.0494366;7.2783732
933;-1.6184803;-0.80445176;17.899052
934;-8.111555;-2.030283;6.895301
935;4.5872903;0.009576807;6.6750345
936;0.11492168;0.5746084;15.44739
937;1.9057846;1.5897499;16.443377
938;3.5434184;-1.283292;5.650316
939;2.2984335;-0.1340753;7.374141
940;-2.528277;1.2737153;16.912642
941;-0.038307227;-0.5363012;15.581465
942;0.45010993;-2.1930888;0.31603462
943;-1.6759412;-0.6512229;5.497087
944;0.36391866;-0.23942018;12.325351
945;-0.32561144;-0.4309563;7.086837
946;1.6759412;-0.2681506;5.391742
947;-0.94810385;-0.7565677;10.783484
948;1.0055647;-1.1683705;9.481039
949;3.0262709;-1.4652514;4.213795
950;1.3982137;0.8523358;10.888829
951;2.9400797;0.20111294;13.283031
952;3.7445314;-0.15322891;10.5440645
953;2.6910827;-0.41180268;7.2304893
954;2.2409728;0.4405331;10.994174
955;-3.217807;0.5363012;13.790602
956;1.1013328;0.33518824;9.375694
957;2.5187001;1.1492168;14.010868
958;0.15322891;1.2162545;12.679692
959;2.3080103;1.5610195;13.273455
960;3.4859576;1.3215994;15.868769
961;5.046977;2.1068976;17.468096
962;0.82360536;1.9440918;13.905523
963;-1.3503298;0.16280572;11.051635
964;0.7469909;0.7565677;7.9870567
965;-5.161899;0.5650316;12.756307
966;-2.585738;-0.15322891;10.01734
967;1.7525556;-0.24899697;7.3549876
968;-3.1986535;-0.5363012;6.0716953
969;1.982399;-0.33518824;10.199299
970;3.4955344;-0.35434186;10.170568
971;-0.9864111;-3.2082303;7.2783732
972;3.3614593;-3.4763808;1.8004397
973;-1.0342951;-1.7429788;5.209783
974;-2.4899697;-0.7757214;9.5385
975;1.0534488;0.25857377;7.73806
976;1.4077905;-0.38307226;7.2209125
977;2.4708161;0.22026655;10.25676
978;3.8786068;-0.22026655;11.329363
979;5.602432;0.545878;10.141838
980;6.981492;2.3654714;14.5088625
981;1.3694834;2.5378537;16.376339
982;4.721366;2.1547816;14.173674
983;4.807557;4.6351743;13.340492
984;1.733402;3.3901896;20.590134
985;3.4572272;3.8881836;19.55584
986;3.0933087;2.8634653;13.168109
987;2.432509;2.135628;16.912642
988;-0.32561144;2.5187001;17.075447
989;-1.3694834;0.9672575;10.25676
990;2.0398598;0.51714754;9.662998
991;-0.22984336;0.90979666;14.393941
992;0.076614454;-1.3120226;10.668563
993;2.0685902;-1.1683705;7.575254
994;3.0454245;0.41180268;10.984597
995;-0.038307227;-0.90021986;9.998186
996;0.2873042;-1.7429788;4.4819455
997;-6.0238113;-2.9975405;4.3382936
998;-1.5801731;-2.3175871;6.493075
999;-0.89064306;-1.1683705;11.769896
1000;-5.9567738;-2.777274;4.9320555
1001;-3.3518825;-4.367024;-8.571242
1002;-6.0716953;-0.31603462;9.059659
1003;6.8665705;2.9592333;17.468096
1004;-6.5696893;-1.5705963;8.331821
1005;4.9416323;-2.777274;-6.339846
1006;0.545878;1.1587936;15.485697
1007;-6.196194;-2.4133554;16.85518
1008;5.104438;0.92895025;6.751649
1009;-0.1436521;-0.89064306;4.4436383
1010;-2.3463178;-0.0;11.358093
1011;0.23942018;-0.11492168;10.170568
1012;-1.0630256;-2.384625;-1.5801731
1013;-1.8674773;-1.1492168;10.429143
1014;-3.8402996;-1.1109096;12.966996
1015;0.9576807;-2.2601264;2.1643584
1016;0.08619126;-0.91937345;6.215348
1017;-1.1683705;-0.10534488;15.428236
1018;-1.1300632;-0.7278373;12.133814
1019;1.8866309;-1.436521;1.9057846
1020;-2.0207062;-1.283292;12.133814
1021;1.0055647;-0.2777274;17.075447
1022;4.865018;-0.21068975;13.962984
1023;-2.0590134;-2.7964275;5.9280434
1024;-1.0821792;-2.1452048;6.8665705
1025;-0.62249243;-2.4229321;14.12579
1026;-2.0207062;-2.030283;11.291056
1027;2.9783869;-2.8060043;6.5696893
1028;0.23942018;-2.480393;12.583924
1029;0.38307226;-2.6623523;14.642938
1030;5.2768207;-1.283292;13.072341
1031;-1.0342951;-1.2066777;10.160992
1032;-2.0685902;-3.5242648;11.827356
1033;1.532289;-4.0797195;8.561666
1034;0.6607997;-1.6280571;9.155427
1035;-2.2697031;-0.32561144;15.524004
1036;1.13964;-1.484405;13.177686
1037;3.9839516;-1.685518;3.122039
1038;-1.7046716;-2.336741;13.8480625
1039;2.1260512;-0.81402856;11.865664
1040;-0.038307227;-1.5035586;3.4476504
1041;-0.16280572;-1.2258313;8.456321
1042;0.641646;0.2777274;11.693281
1043;-0.6512229;-0.31603462;7.374141
1044;1.292869;0.08619126;4.156334
1045;-4.951209;-1.3694834;0.08619126
1046;-2.183512;-2.2697031;3.1028855
1047;3.7349546;0.61291564;7.431602
1048;-1.4748282;-2.0207062;6.0238113
1049;1.6472107;-2.9783869;-3.0550013
1050;3.3039982;-1.5610195;4.759673
1051;-2.2409728;-1.3694834;10.879252
1052;3.265691;-2.030283;4.8841715
1053;0.8331822;-2.719813;1.1013328
1054;-0.5650316;-2.7006595;9.203311
1055;5.554548;-1.1300632;10.515334
1056;1.436521;-0.90021986;8.66701
1057;-0.8810662;-1.3120226;10.266336
1058;-0.36391866;2.384625;9.797073
1059;-4.817134;0.38307226;13.129802
1060;-5.8705826;2.2601264;14.911088
1061;-6.5505357;1.1779473;15.437813
1062;-0.82360536;0.22984336;17.793707
1063;3.7349546;-0.8810662;12.603078
1064;4.1180267;-1.7908629;11.444284
1065;-1.8579005;-2.5091233;13.034034
1066;5.209783;-1.1300632;14.470555
1067;6.6367273;0.41180268;20.005949
1068;1.4173675;-4.548983;18.875887
1069;21.097706;-14.432248;20.321983
1070;-19.737799;-5.1906295;24.669855
1071;-2.920926;-5.1140146;8.896853
1072;19.124884;10.668563;15.610195
1073;-12.660539;-0.62249243;32.953793
1074;4.7979803;-5.985504;-7.326257
1075;6.397307;-7.5082164;4.185065
1076;1.8770541;-2.2601264;11.769896
1077;6.8282633;1.6663644;24.966736
1078;5.5162406;-5.449203;0.92895025
1079;8.513782;-1.3503298;0.91937345
1080;3.6391866;-3.1603463;4.903325
1081;10.228029;-1.8770541;1.4460979
1082;-1.1587936;-2.6048915;5.506664
1083;0.89064306;-1.5705963;6.0525417
1084;-0.15322891;0.842759;5.497087
1085;-3.514688;-1.9153614;-1.3024458
1086;6.157887;0.90021986;8.973468
1087;-3.3997664;-1.1300632;6.4260373
1088;-5.0278234;-2.0590134;-3.0454245
1089;7.7093296;0.80445176;3.2465374
1090;-4.5872903;-0.82360536;10.524911
1091;4.060566;-2.1452048;2.6719291
1092;2.4612393;-1.0151415;-1.3599066
1093;0.8810662;-0.90021986;8.475474
1094;2.4229321;-2.336741;7.249643
1095;6.7803793;-3.41892;-3.064578
1096;3.0358477;-2.920926;4.8937483
1097;-0.23942018;-1.3599066;5.889736
1098;3.323152;-1.6184803;6.579266
1099;4.7405195;-1.1109096;5.4683566
1100;-6.1195793;-2.135628;8.1881695
1101;2.9496565;0.7374141;0.41180268
1102;-2.3558946;0.49799395;7.967903
1103;-16.472107;-2.0590134;1.1971009
1104;-20.954054;-2.6623523;-3.3423057
1105;-15.9262295;-1.3599066;2.681506
1106;-9.988609;-3.9264908;18.32043
1107;9.988609;-5.717354;28.155811
1108;12.765883;-0.17238252;13.417107
1109;-14.729129;-3.9743748;-49.387592
1110;5.315128;1.2641385;-2.1452048
1111;18.828003;10.611102;24.459164
1112;-16.366762;3.5529952;37.742195
1113;-0.31603462;-1.9919758;18.760965
1114;5.9663506;6.540959;23.127989
1115;-8.42759;-1.6663644;20.992361
1116;8.983045;13.081918;35.90345
1117;-6.789956;8.6574335;14.709975
1118;-14.54717;1.1683705;14.863204
1119;8.686164;8.456321;19.04827
1120;5.00867;8.896853;23.93244
1121;-0.6607997;6.1004257;31.842882
1122;10.754754;5.3342814;18.071434
1123;-5.4779334;11.18571;-5.899313
1124;1.5897499;-2.9975405;12.229582
1125;10.630256;5.889736;19.258959
1126;-3.217807;-0.6895301;11.176133
1127;-5.161899;-0.10534488;-23.147142
1128;2.0973208;1.1875241;1.6280571
1129;4.156334;0.6607997;5.6982
1130;-12.449849;0.4213795;14.642938
1131;-2.1930888;-5.142745;0.30645782
1132;9.710882;1.6280571;-11.760319
1133;-9.605537;-3.2082303;5.5641246
1134;-4.2425256;3.821146;7.9008656
1135;7.1347213;3.3614593;12.823344
1136;-1.0534488;4.357447;11.903971
1137;3.4380736;2.0398598;12.880805
1138;7.28795;3.3327289;10.582372
1139;2.873042;3.7828386;9.452309
1140;5.3247046;6.579266;19.153614
1141;5.2002063;4.8841715;22.754494
1142;1.9632454;2.9017725;11.530476
1143;3.6583402;1.3024458;-0.90979666
1144;-0.7086837;2.5761611;7.9008656
1145;0.4213795;1.6280571;11.990162
1146;2.2505496;2.8443117;7.6710224
1147;-0.60333884;1.5514427;4.2425256
1148;3.1794999;2.6527755;9.279925
1149;3.064578;3.074155;12.516887
1150;2.9783869;2.1547816;12.919112
1151;4.7884035;3.86903;10.065224
1152;2.767697;2.384625;9.3182335
1153;5.046977;2.4037786;10.94629
1154;4.5394063;2.4229321;12.08593
1155;2.0494366;1.532289;10.994174
1156;4.405331;2.1164744;9.32781
1157;2.4899697;2.0494366;8.513782
1158;3.0454245;1.8483237;9.710882
1159;1.685518;1.0247183;10.1226845
1160;1.541866;0.7757214;6.579266
1161;1.733402;0.59376204;6.4164605
1162;1.4460979;0.81402856;7.747637
1163;1.9153614;0.29688102;9.77792
1164;2.920926;-0.842759;5.7269306
1165;-0.2681506;-2.4995465;4.9320555
1166;0.16280572;-0.6703765;5.8226986
1167;3.9456444;-0.50757074;8.791509
1168;4.060566;-1.8387469;9.126697
1169;4.060566;-1.3694834;11.291056
1170;4.606444;-1.3215994;11.415554
1171;4.0414124;-0.7182605;9.615114
1172;4.3957543;-0.23942018;8.887277
1173;4.9416323;-1.0151415;10.189722
1174;0.29688102;-2.2218192;6.9240313
1175;-6.0621185;-2.5953147;4.8841715
1176;-5.3342814;-1.5227122;7.97748
1177;-3.9743748;0.24899697;14.164097
1178;-2.9975405;-0.2681506;14.60463
1179;3.7828386;0.5363012;9.279925
1180;-0.1436521;3.1603463;16.950949
1181;3.8786068;1.2258313;23.549368
1182;13.302185;3.2752678;25.22531
1183;-6.38773;2.0015526;27.399244
1184;-2.7485435;1.1971009;8.839393
1185;7.575254;5.48751;11.798626
1186;-13.982138;0.7182605;14.777013
1187;-5.803545;-0.1436521;5.9759274
1188;-2.231396;0.49799395;1.5035586
1189;-6.8569937;-5.0182467;7.3166804
1190;5.7365074;-0.5554548;7.431602
1191;3.5817258;-0.7086837;11.080365
1192;-4.644751;-5.755661;4.0318356
1193;2.7485435;-3.7062242;-1.4173675
1194;0.12449849;-3.4380736;7.1826053
1195;1.7621324;-4.76925;5.2385135
1196;-1.1300632;-3.0262709;5.544971
1197;-0.047884032;-6.205771;-2.1068976
1198;4.050989;2.3750482;15.74427
1199;-6.6175733;-3.083732;12.382812
1200;5.9280434;-2.767697;0.21068975
1201;5.171476;-0.10534488;10.668563
1202;-6.1195793;-1.0055647;16.941372
1203;4.596867;0.545878;14.4130945
1204;7.9391727;0.36391866;10.247183
1205;-2.7868507;-1.8674773;16.041151
1206;2.5187001;0.79487497;15.121778
1207;4.050989;1.7812861;11.089942
1208;-4.865018;-0.5650316;12.315774
1209;2.183512;-2.2505496;16.213533
1210;4.213795;-1.8387469;6.6175733
1211;-7.1155677;-2.6623523;6.1004257
1212;-1.7621324;-4.5298295;7.4507556
1213;7.575254;-1.4939818;6.8091097
1214;0.22026655;-3.5051112;10.132261
1215;3.6774938;-3.667917;9.32781
1216;7.632715;-3.5051112;4.663905
1217;4.060566;-2.0494366;7.441179
1218;-1.2737153;-0.15322891;10.97502
1219;3.1603463;-0.92895025;8.303091
1220;2.7964275;-0.08619126;6.7612257
1221;-7.019799;-1.1683705;10.97502
1222;0.45010993;-0.81402856;9.80665
1223;-0.90979666;-1.1204864;5.5162406
1224;-0.11492168;0.34476504;10.419566
1225;5.2289367;0.8810662;14.920665
1226;4.8841715;0.40222588;11.080365
1227;1.6950948;-0.7661445;10.6877165
1228;0.25857377;2.6719291;13.215993
1229;-2.432509;0.40222588;13.560759
1230;-1.2641385;0.047884032;8.341399
1231;-2.1260512;-0.36391866;10.132261
1232;-0.93852705;-0.7278373;8.236053
1233;1.7812861;-2.4516625;6.7708025
1234;0.47884035;-0.32561144;9.940725
1235;-1.8770541;-0.2873042;12.11466
1236;2.825158;-0.91937345;10.055647
1237;3.371036;-0.11492168;9.356541
1238;-0.9576807;-0.038307227;11.434708
1239;-2.6240451;-0.94810385;10.390836
1240;2.7102363;2.135628;9.672575
1241;-5.48751;1.4269443;14.068329
1242;-0.8714894;-0.08619126;8.772355
1243;5.9567738;0.90979666;6.9527617
1244;0.8810662;2.7581203;10.486604
1245;0.16280572;1.9440918;16.395493
1246;1.1300632;1.6089035;6.0716953
1247;-1.2449849;-0.90979666;5.7843914
1248;-1.6950948;0.9864111;10.783484
1249;1.0055647;0.36391866;11.654974
1250;2.8634653;-0.06703765;3.7541082
1251;0.12449849;-0.7086837;8.686164
1252;1.0630256;-0.038307227;12.53604
1253;3.4476504;-1.2354081;9.442732
1254;3.5817258;1.9057846;7.07726
1255;-7.067683;-0.31603462;9.634268
1256;0.12449849;-1.7908629;7.7093296
1257;4.309563;0.545878;12.401965
1258;-6.6367273;-1.6759412;13.828909
1259;4.807557;-1.043872;10.247183
1260;4.8362875;0.47884035;6.655881
1261;-4.2521024;-0.9576807;12.899959
1262;5.142745;1.541866;15.428236
1263;1.4173675;-0.6512229;9.682152
1264;-2.9400797;-1.0342951;7.1730285
1265;0.9959879;0.10534488;7.393295
1266;-0.8714894;0.93852705;11.386824
1267;1.1587936;-0.31603462;13.120225
1268;4.1946416;0.8331822;12.449849
1269;-0.21068975;-1.3599066;9.605537
1270;-0.78529817;-0.8810662;8.504205
1271;1.1013328;-0.7661445;10.448297
1272;2.5953147;0.25857377;11.894394
1273;-0.7757214;-2.030283;11.971008
1274;2.0973208;-1.733402;4.8458643
1275;-0.91937345;-1.3311762;4.865018
1276;-2.528277;-0.7757214;10.141838
1277;-0.11492168;-0.8331822;9.605537
1278;1.1300632;-1.8579005;7.8625584
1279;1.4077905;-2.1739352;7.565677
1280;0.21068975;-1.4652514;8.111555
1281;1.2737153;-1.3599066;8.312668
1282;2.8538885;0.22984336;11.760319
1283;0.5650316;0.019153614;10.46745
1284;1.1109096;-0.50757074;7.747637
1285;-2.1068976;-0.8714894;8.437167
1286;-1.4173675;0.7661445;9.605537
1287;-0.91937345;0.59376204;11.300632
1288;1.7046716;0.6703765;11.501745
1289;2.384625;0.019153614;11.262324
1290;1.2162545;-0.60333884;11.377247
1291;2.6048915;0.49799395;12.641385
1292;0.93852705;-0.46926352;13.867216
1293;1.8195933;-0.21068975;11.013328
1294;1.9536686;-0.60333884;10.477027
1295;-1.685518;1.4556746;13.101071
1296;-0.29688102;0.49799395;13.081918
1297;0.12449849;-0.45968673;8.293514
1298;0.5746084;-0.7278373;10.199299
1299;2.5761611;0.32561144;12.469003
1300;0.7757214;-0.39264908;9.442732
1301;2.6431987;-0.1340753;9.375694
1302;1.6472107;0.9864111;12.919112
1303;-0.38307226;-0.21068975;13.541605
1304;3.0358477;-0.60333884;6.196194
1305;0.9672575;-0.29688102;8.322245
1306;-1.5705963;0.23942018;10.582372
1307;0.47884035;-0.6512229;4.912902
1308;-0.92895025;-0.39264908;5.659893
1309;0.63206923;0.2681506;12.966996
1310;3.1316159;-0.2873042;10.994174
1311;0.6991069;-0.7565677;2.930503
1312;0.2777274;-1.13964;9.940725
1313;1.8100165;-0.06703765;13.043611
1314;1.1971009;-0.7469909;7.9487495
1315;1.2449849;-0.5554548;7.575254
1316;0.4405331;0.36391866;11.310209
1317;-1.9057846;0.35434186;11.003751
1318;-0.08619126;-0.06703765;9.931149
1319;1.4748282;0.4213795;12.411542
1320;-1.3215994;-0.21068975;10.275913
1321;2.135628;0.47884035;8.7532015
1322;1.2162545;0.5746084;12.258312
1323;1.6089035;1.4269443;15.801731
1324;1.0247183;0.37349546;14.240712
1325;1.0726024;-0.12449849;8.465898
1326;-0.19153613;-0.81402856;8.063671
1327;-0.9576807;-0.08619126;11.520899
1328;-1.0247183;0.7086837;11.60709
1329;-0.095768064;-0.37349546;7.795521
1330;1.7717092;-0.82360536;8.293514
1331;0.25857377;0.08619126;9.682152
1332;-1.0630256;-1.2449849;7.345411
1333;2.5187001;-0.4405331;6.991069
1334;-0.9864111;-0.82360536;10.448297
1335;3.1507695;-1.0534488;10.151415
1336;5.1523223;0.36391866;4.865018
1337;-1.091756;-1.4748282;8.954314
1338;1.5035586;1.0055647;11.482592
1339;1.2641385;-0.20111294;10.524911
1340;1.3599066;-2.327164;7.7189064
1341;1.3311762;-1.2641385;9.069236
1342;-0.7086837;-0.6703765;10.793061
1343;6.445191;-1.4077905;10.831368
1344;0.82360536;-0.17238252;11.300632
1345;-1.4939818;-2.0685902;11.348516
1346;7.153875;1.7525556;11.18571
1347;1.7046716;1.733402;12.679692
1348;-1.8962077;1.3024458;15.246277
1349;-0.6607997;-1.0247183;11.942278
1350;5.21936;-0.34476504;7.795521
1351;-2.1547816;1.6567876;14.279019
1352;-1.3790601;0.47884035;12.583924
1353;1.8962077;-1.5801731;4.817134
1354;-2.3750482;-1.484405;6.38773
1355;-0.10534488;-0.009576807;12.641385
1356;-1.1779473;-0.8619126;7.393295
1357;0.641646;-0.33518824;4.9703627
1358;0.5267244;1.4748282;10.553641
1359;-1.7621324;-0.5363012;12.74673
1360;2.9113493;-1.541866;5.497087
1361;-0.038307227;-1.685518;6.8569937
1362;-0.29688102;-0.61291564;10.141838
1363;1.0630256;-0.7661445;11.597513
1364;1.8674773;-0.61291564;5.1906295
1365;-0.095768064;-0.7278373;10.802638
1366;-1.283292;-0.16280572;10.879252
1367;0.94810385;-0.16280572;8.647857
1368;2.0207062;-0.1340753;11.951855
1369;-0.7757214;0.12449849;13.627796
1370;0.8714894;0.12449849;12.133814
1371;2.9496565;0.16280572;10.457873
1372;1.2737153;-0.08619126;11.750742
1373;0.2681506;-0.29688102;12.737153
1374;0.2681506;-1.5897499;8.025364
1375;-0.7086837;-1.685518;5.401319
1376;-0.4213795;0.7086837;13.9438305
1377;1.0342951;1.3215994;14.355634
1378;0.45010993;-0.6895301;9.212888
1379;0.91937345;-0.0;7.9583263
1380;-0.94810385;0.8810662;12.545617
1381;1.9440918;0.33518824;15.064317
1382;4.003105;1.0726024;9.615114
1383;-0.30645782;-0.545878;9.481039
1384;1.1013328;-0.61291564;9.021352
1385;-0.18195933;-0.60333884;6.6750345
1386;-0.9959879;-0.641646;9.059659
1387;-0.32561144;0.21068975;9.528923
1388;-0.06703765;-1.2354081;7.0485296
1389;1.8004397;-1.1109096;5.5258174
1390;0.37349546;-0.91937345;9.988609
1391;0.33518824;-0.9576807;9.385271
1392;1.5035586;-0.59376204;6.847417
1393;0.25857377;-1.2737153;7.5561004
1394;2.327164;-0.63206923;9.136273
1395;0.11492168;-0.9864111;7.699753
1396;1.4652514;-2.0111294;6.933608
1397;0.30645782;-1.2354081;6.789956
1398;-2.7485435;0.009576807;10.007763
1399;3.572149;-0.37349546;12.066776
1400;2.7485435;0.009576807;9.289502
1401;-1.043872;-1.0630256;10.840945
1402;3.2848446;-0.32561144;13.244724
1403;0.9768343;0.34476504;11.942278
1404;1.13964;0.32561144;13.666103
1405;1.982399;-0.22026655;12.152967
1406;-1.5035586;-1.1683705;8.983045
1407;-0.21068975;-1.5705963;5.841852
1408;-1.4556746;-0.842759;10.477027
1409;-0.1436521;0.009576807;11.492168
1410;3.7253778;-0.58418524;10.065224
1411;1.982399;-1.1779473;8.1402855
1412;-0.45010993;-1.8387469;9.346964
1413;2.231396;0.4213795;10.505757
1414;1.3503298;0.21068975;14.164097
1415;2.585738;0.20111294;11.109096
1416;-0.009576807;-1.8004397;5.707777
1417;-0.24899697;-1.8674773;6.3589997
1418;2.767697;1.0342951;11.951855
1419;-0.29688102;0.4213795;13.215993
1420;-0.36391866;-1.8866309;9.461885
1421;4.4436383;-1.8387469;7.0006456
1422;-0.22984336;-1.7908629;8.801085
1423;1.685518;-0.50757074;10.199299
1424;3.2752678;-0.94810385;9.32781
1425;-0.545878;-1.3982137;7.9870567
1426;2.2409728;-1.1492168;10.563218
1427;1.8483237;-0.24899697;10.812215
1428;1.9249382;-0.0;9.337387
1429;0.08619126;-0.19153613;11.271901
1430;2.7485435;-1.3982137;14.5759
1431;2.585738;0.45010993;8.169016
1432;-3.6104562;-0.23942018;7.6614456
1433;6.5026517;0.9864111;14.81532
1434;-1.6376339;-0.545878;13.330915
1435;-2.231396;-2.2409728;4.098873
1436;3.217807;0.6895301;5.995081
1437;-5.6215854;0.641646;14.12579
1438;-0.8810662;1.0726024;11.358093
1439;4.185065;-1.292869;5.00867
1440;-0.6895301;-2.4037786;7.747637
1441;4.367024;1.6089035;8.628703
1442;1.4460979;0.7182605;13.359646
1443;1.934515;0.51714754;12.612655
1444;1.3982137;-0.038307227;6.6271505
1445;0.6991069;-0.50757074;5.171476
1446;-3.6296098;0.8714894;10.793061
1447;-5.8705826;0.36391866;12.421119
1448;2.0398598;0.1340753;7.374141
1449;0.7374141;-0.8619126;8.523358
1450;1.6089035;-0.2681506;11.63582
1451;4.0701427;0.22026655;12.737153
1452;2.3654714;0.62249243;12.832921
1453;3.074155;0.6799533;14.173674
1454;-0.15322891;0.46926352;12.401965
1455;-2.3080103;-1.1971009;4.76925
1456;0.0;0.019153614;9.069236
1457;-3.4572272;0.39264908;12.995727
1458;1.8579005;-0.40222588;11.089942
1459;2.6623523;-0.31603462;4.405331
1460;-1.091756;-0.095768064;11.520899
1461;2.2218192;0.41180268;13.8480625
1462;3.3614593;-0.047884032;8.0445175
1463;0.6895301;-0.21068975;8.149862
1464;-0.19153613;-0.24899697;10.409989
1465;-0.58418524;-1.5131354;8.054094
1466;1.0055647;-0.29688102;7.038953
1467;-3.0550013;0.7565677;12.488156
1468;-2.6431987;-1.13964;8.303091
1469;1.5897499;-0.51714754;4.663905
1470;0.35434186;0.18195933;12.689269
1471;2.135628;0.61291564;13.713987
1472;0.47884035;-0.10534488;9.557653
1473;1.6280571;-0.02873042;9.471462
1474;-0.34476504;0.5746084;12.976573
1475;-0.92895025;0.29688102;11.894394
1476;0.15322891;0.29688102;6.9144545
1477;-0.9768343;0.78529817;9.854534
1478;-1.5035586;1.091756;12.459426
1479;1.2258313;0.48841715;9.126697
1480;1.2066777;-0.15322891;7.881712
1481;2.0398598;0.29688102;10.91756
1482;3.3423057;0.842759;12.363658
1483;-0.16280572;-0.41180268;11.87524
1484;2.3942018;-1.1875241;7.8912888
1485;1.9728222;-0.2681506;7.7667904
1486;-2.2888567;-0.2681506;10.371682
1487;2.5378537;-0.41180268;10.745177
1488;1.4652514;0.019153614;7.374141
1489;-2.0398598;-0.46926352;9.80665
1490;0.60333884;-0.32561144;10.802638
1491;1.934515;-0.24899697;8.360553
1492;3.122039;0.06703765;11.291056
1493;0.89064306;0.48841715;12.047623
1494;2.7102363;-0.4213795;10.793061
1495;3.169923;-0.38307226;9.203311
1496;-0.24899697;-0.7565677;9.959879
1497;-0.45968673;-0.17238252;11.042058
1498;-1.388637;-0.81402856;7.776367
1499;-0.4213795;-0.36391866;7.3166804
1500;-3.0933087;-0.4309563;10.103531
1501;-0.38307226;-1.2066777;7.536947
1502;1.9057846;-0.545878;8.762778
1503;2.1260512;-0.12449849;11.405977
1504;2.5378537;0.9576807;13.484144
1505;1.7429788;-0.6512229;10.381259
1506;1.8387469;-0.32561144;8.7053175
1507;-0.32561144;-0.18195933;8.504205
1508;1.043872;0.06703765;13.053187
1509;-2.5091233;-0.047884032;10.151415
1510;-2.5187001;-0.076614454;6.8186865
1511;-0.20111294;-0.08619126;9.308656
1512;-2.27928;-0.4309563;10.390836
1513;4.2042184;-0.2873042;8.839393
1514;4.2042184;-0.51714754;9.730036
1515;0.60333884;-1.2641385;12.74673
1516;2.3558946;-1.0726024;10.055647
1517;2.930503;-0.7469909;4.2425256
1518;-1.4173675;0.1340753;11.549629
1519;-0.61291564;0.19153613;12.631808
1520;-1.043872;-0.6607997;5.861006
1521;-1.0247183;-1.1971009;5.9759274
1522;-0.58418524;0.35434186;12.200851
1523;1.5897499;-0.38307226;13.752295
1524;5.8322754;0.5746084;9.883265
1525;0.80445176;-0.80445176;12.516887
1526;1.532289;0.25857377;12.871228
1527;1.5993267;0.6703765;11.425131
1528;-0.58418524;0.59376204;10.572795
1529;-1.0534488;0.9864111;13.388376
1530;-0.7374141;0.5650316;11.042058
1531;-1.4173675;-0.94810385;7.4124484
1532;1.0726024;0.009576807;9.126697
1533;-1.9057846;-0.2777274;11.166556
1534;1.9153614;-0.81402856;7.603985
1535;1.3311762;-0.89064306;7.2592196
1536;0.4405331;-0.48841715;10.773908
1537;0.90979666;-0.81402856;10.323798
1538;1.436521;-1.1013328;6.2345014
1539;-0.41180268;-0.019153614;6.2249246
1540;-3.6008794;-0.009576807;8.494628
1541;-0.21068975;-0.59376204;8.954314
1542;1.292869;-0.38307226;8.00621
1543;-0.89064306;-0.6607997;9.222465
1544;2.4229321;-0.36391866;10.67814
1545;2.8443117;-0.11492168;12.172121
1546;2.5378537;0.30645782;12.890382
1547;2.2505496;0.18195933;11.923124
1548;-0.24899697;0.18195933;8.724471
1549;-1.091756;0.22026655;8.810662
1550;0.9959879;0.6703765;11.731588
1551;-2.231396;0.8523358;11.664551
1552;-2.432509;-0.49799395;9.212888
1553;3.3135753;-0.33518824;8.935161
1554;1.0534488;-0.047884032;11.089942
1555;1.3694834;0.38307226;12.660539
1556;5.363012;0.047884032;12.909535
1557;1.2641385;0.12449849;8.054094
1558;-1.6089035;-0.38307226;10.055647
1559;1.4556746;0.5746084;10.180145
1560;-1.9249382;0.1436521;8.7532015
1561;-2.2697031;0.15322891;8.034941
1562;-1.5035586;-0.1340753;8.66701
1563;-0.6991069;-0.5363012;9.222465
1564;0.31603462;-0.22026655;8.734048
1565;1.3024458;0.33518824;10.304645
1566;4.10845;0.4405331;11.549629
1567;0.82360536;-0.0;11.262324
1568;1.9057846;-0.62249243;9.193734
1569;0.8810662;-0.009576807;8.341399
1570;-3.6966474;-0.2873042;9.251195
1571;-0.82360536;-0.24899697;9.9790325
1572;-2.7964275;-0.4309563;5.6790466
1573;-1.7717092;-0.78529817;10.093954
1574;-0.24899697;-0.50757074;10.189722
1575;0.4405331;-0.49799395;9.126697
1576;4.5681367;-0.6895301;13.599066
1577;4.1180267;0.58418524;14.566323
1578;1.5801731;-1.3503298;10.199299
1579;2.5378537;-0.8331822;4.9895163
1580;-3.1411927;-0.37349546;8.963891
1581;-0.7757214;1.043872;12.899959
1582;-2.815581;-0.19153613;8.925584
1583;-2.9783869;-0.5554548;7.28795
1584;-1.0151415;-0.0;11.530476
1585;0.5746084;0.11492168;11.415554
1586;2.9783869;0.45010993;11.894394
1587;4.9895163;0.40222588;14.4130945
1588;1.7046716;0.7182605;12.976573
1589;0.39264908;-0.5363012;8.226477
1590;-1.0055647;-0.08619126;7.73806
1591;-4.673482;1.340753;12.200851
1592;-3.1890767;0.17238252;13.196839
1593;0.79487497;0.02873042;7.192182
1594;-1.982399;-0.34476504;7.6231384
1595;0.46926352;-0.38307226;12.411542
1596;5.0374002;0.9959879;15.073894
1597;2.3654714;-0.59376204;12.143391
1598;1.3982137;-1.1587936;8.283937
1599;-0.33518824;-1.5514427;8.686164
1600;0.50757074;-0.6607997;10.036493
1601;-1.5514427;0.21068975;8.983045
1602;-2.2601264;-0.842759;9.80665
1603;-0.24899697;-0.7469909;7.785944
1604;-2.0685902;-0.7278373;6.9240313
1605;-0.60333884;-0.12449849;9.921572
1606;4.5202527;0.38307226;11.224017
1607;2.2122424;-0.4405331;12.258312
1608;4.3861775;-1.0055647;9.854534
1609;3.3806129;-0.5554548;9.375694
1610;-0.7182605;-1.0151415;8.992621
1611;0.63206923;-0.92895025;6.9144545
1612;-1.6184803;-0.11492168;7.1155677
1613;-3.1603463;0.009576807;7.3549876
1614;-0.20111294;-0.21068975;9.528923
1615;-0.51714754;-0.2873042;8.781932
1616;0.51714754;-0.12449849;10.6877165
1617;3.6966474;-0.29688102;12.392388
1618;4.4340615;-0.30645782;12.334928
1619;3.1794999;-0.82360536;10.5440645
1620;0.40222588;-1.0630256;9.873688
1621;1.6184803;-0.91937345;8.571242
1622;-0.58418524;-0.4213795;9.021352
1623;-4.3861775;-0.8523358;9.232041
1624;-2.1930888;-0.0;8.954314
1625;-2.3463178;-0.45010993;10.103531
1626;-1.3024458;-0.47884035;10.46745
1627;2.1452048;-0.31603462;11.568783
1628;4.9703627;-0.22026655;14.403518
1629;4.060566;-0.22984336;14.259866
1630;1.7238252;-1.2258313;10.28549
1631;0.19153613;-1.0726024;6.847417
1632;-1.733402;-0.51714754;10.093954
1633;-3.5338416;-0.22984336;9.471462
1634;-2.1739352;-0.8714894;6.751649
1635;-1.388637;0.32561144;8.255207
1636;-2.1260512;-1.1109096;9.902418
1637;3.572149;-0.21068975;9.519346
1638;4.0797195;0.02873042;12.708423
1639;3.5529952;-0.78529817;13.704411
1640;3.5242648;-0.89064306;9.299079
1641;0.23942018;-1.2162545;7.1730285
1642;-1.5610195;-0.5267244;9.212888
1643;-2.6910827;-0.47884035;10.275913
1644;-3.1411927;-0.61291564;7.07726
1645;-1.9153614;-1.532289;7.0485296
1646;-0.38307226;-0.02873042;9.80665
1647;0.076614454;-0.59376204;10.984597
1648;2.815581;-0.31603462;9.816227
1649;4.8841715;0.12449849;12.804191
1650;2.7006595;-0.7661445;13.551182
1651;1.6472107;-0.9672575;8.389283
1652;-0.51714754;-1.5131354;3.9073372
1653;-2.3942018;-0.06703765;9.078813
1654;-3.41892;0.1436521;13.244724
1655;-1.685518;-0.80445176;7.7667904
1656;-0.34476504;-0.63206923;7.795521
1657;-2.480393;-0.7757214;9.576807
1658;2.030283;0.02873042;12.038046
1659;6.1004257;1.2737153;13.388376
1660;2.9879637;0.17238252;16.347609
1661;2.585738;-0.81402856;12.583924
1662;0.5363012;-1.5897499;7.0485296
1663;1.2354081;-1.1779473;4.7405195
1664;-2.7868507;0.6991069;13.64695
1665;-1.7621324;-0.50757074;10.563218
1666;1.5610195;-0.51714754;5.305551
1667;-2.0111294;-0.1340753;10.065224
1668;-1.0630256;1.3694834;15.677233
1669;2.7964275;1.3503298;14.068329
1670;3.6008794;0.49799395;11.9614315
1671;0.25857377;-0.4309563;12.976573
1672;-1.3120226;-0.6703765;9.80665
1673;2.4708161;0.63206923;7.9966335
1674;-0.095768064;0.41180268;10.907983
1675;-2.0685902;-0.8331822;12.220005
1676;0.32561144;-0.08619126;4.855441
1677;-3.4955344;-0.48841715;7.2687964
1678;-1.0342951;0.842759;10.7356
1679;0.6799533;0.46926352;8.992621
1680;-0.59376204;0.095768064;8.485051
1681;1.0534488;0.22026655;10.160992
1682;3.8402996;-0.17238252;7.824251
1683;-1.292869;-0.91937345;6.129156
1684;0.58418524;-0.82360536;5.1235914
1685;-0.7086837;-0.34476504;6.2823853
1686;-4.462792;0.36391866;10.572795
1687;1.7812861;1.043872;10.793061
1688;1.3215994;0.22984336;7.8625584
1689;-0.48841715;-0.21068975;11.501745
1690;5.0374002;0.5746084;15.773001
1691;5.66947;0.18195933;13.790602
1692;1.9728222;-0.63206923;10.01734
1693;2.0685902;-0.90979666;7.872135
1694;-1.0821792;-0.8523358;6.5696893
1695;-0.81402856;-1.3982137;8.331821
1696;0.5746084;-1.0630256;9.3182335
1697;1.0534488;-1.283292;7.1347213
1698;-3.064578;-3.0358477;2.7868507
1699;1.0821792;-0.79487497;8.015787
1700;-2.1739352;0.8331822;12.756307
1701;-1.5514427;-0.92895025;12.727576
1702;2.0590134;1.2162545;8.561666
1703;0.36391866;1.3982137;14.729129
1704;-1.4939818;1.6280571;16.836027
1705;-1.7046716;2.528277;14.671668
1706;0.4405331;2.585738;14.690822
1707;-2.2697031;2.4037786;18.20551
1708;-4.3478703;2.2984335;14.039598
1709;-3.6008794;1.388637;11.051635
1710;-0.37349546;1.1300632;11.33894
1711;-1.2641385;1.5227122;15.9262295
1712;1.091756;-0.36391866;12.976573
1713;3.5529952;0.11492168;5.717354
1714;-0.7374141;-2.1452048;4.855441
1715;-2.6144683;-2.7485435;-2.3654714
1716;0.45968673;-4.3382936;1.9057846
1717;4.309563;0.80445176;9.011775
1718;-3.7253778;-2.2888567;7.3549876
1719;1.3694834;-4.8267107;-5.592855
1720;6.579266;-1.484405;7.9104424
1721;-8.437167;-3.8019924;8.916007
1722;7.565677;-1.7046716;2.4995465
1723;7.07726;1.3120226;6.6654577
1724;-9.864111;-2.0685902;13.934254
1725;3.4380736;2.2697031;8.954314
1726;2.030283;2.3942018;10.745177
1727;-8.130709;-0.4309563;22.093693
1728;0.545878;0.46926352;17.142485
1729;6.531382;2.0494366;8.839393
1730;-3.5625722;1.436521;16.376339
1731;2.1164744;3.572149;18.339584
1732;0.59376204;0.9768343;15.571888
1733;-1.9536686;-1.3790601;13.484144
1734;4.3957543;-0.1436521;12.306197
1735;-0.6512229;-3.715801;6.5026517
1736;-0.6512229;-2.2409728;5.851429
1737;-0.9959879;-1.8674773;4.185065
1738;-4.357447;-2.6048915;6.4164605
1739;2.2218192;0.81402856;7.5944076
1740;-5.2480903;-0.009576807;6.3589997
1741;-6.8091097;-4.185065;2.767697
1742;4.759673;-0.6607997;8.714894
1743;-5.45878;-0.80445176;15.610195
1744;3.1603463;-3.5529952;10.649409
1745;9.165004;-0.93852705;-0.9672575
1746;-1.8004397;-0.7661445;12.756307
1747;0.2873042;1.3311762;16.16565
1748;1.4652514;1.9249382;12.98615
1749;-2.1260512;1.043872;10.936713
1750;-2.9400797;0.7565677;14.528016
1751;-3.323152;1.982399;6.3781533
1752;-0.7374141;2.0015526;10.180145
1753;2.030283;1.3120226;13.599066
1754;4.9320555;0.9959879;10.342952
1755;1.3599066;-1.4652514;9.394848
1756;3.41892;-1.4173675;8.935161
1757;1.3311762;-0.93852705;7.144298
1758;-4.7309427;-1.2449849;6.4260373
1759;-0.51714754;-0.4405331;9.126697
1760;-1.043872;-1.1587936;11.530476
1761;-0.019153614;-2.9017725;5.602432
1762;-1.9919758;-3.4093432;4.5777135
1763;1.1779473;-1.3120226;12.181698
1764;3.964798;-1.1971009;13.359646
1765;2.3080103;-0.7086837;8.523358
1766;5.803545;-0.62249243;10.716447
1767;-0.92895025;-0.30645782;10.295067
1768;-1.3503298;0.9959879;3.9743748
1769;-0.21068975;1.9440918;10.860099
1770;-6.2632318;1.3024458;14.824897
1771;0.36391866;1.0821792;8.236053
1772;1.4939818;0.46926352;6.5601125
1773;-2.1452048;-0.2777274;9.873688
1774;2.3463178;0.05746084;12.50731
1775;5.66947;0.12449849;10.764331
1776;5.0278234;-0.038307227;9.9790325
1777;-0.009576807;1.388637;6.943185
1778;-2.1452048;0.5554548;1.1683705
1779;-6.655881;-3.7349546;12.229582
1780;-0.80445176;0.11492168;11.903971
1781;-1.3024458;-2.528277;12.899959
1782;4.5298295;-3.8019924;4.367024
1783;11.080365;1.934515;6.694188
1784;1.4077905;1.4077905;18.847157
1785;0.8523358;1.6567876;18.617311
1786;6.301539;1.7525556;3.9073372
1787;-4.759673;-0.5746084;6.2345014
1788;-2.0398598;-0.59376204;9.950302
1789;-1.3982137;1.9440918;7.9104424
1790;-4.414908;-0.82360536;15.332468
1791;5.5641246;2.030283;12.631808
1792;0.59376204;0.18195933;4.912902
1793;0.6512229;-3.6966474;7.3071036
1794;5.2768207;2.873042;9.701305
1795;1.6376339;0.8810662;14.211981
1796;3.4763808;-2.1260512;8.619126
1797;1.9249382;-2.719813;3.5625722
1798;-6.742072;-2.7868507;8.063671
1799;-2.9783869;-1.5993267;7.4603324
1800;-1.1779473;-0.6703765;8.762778
1801;2.2601264;-2.4229321;13.532028
1802;2.2888567;0.51714754;12.047623
1803;0.49799395;-1.4269443;11.463438
1804;3.1028855;-1.2162545;13.369223
1805;-0.08619126;1.4173675;11.702858
1806;-5.5641246;-1.091756;12.583924
1807;3.5817258;0.1436521;9.998186
1808;0.2777274;0.29688102;6.9240313
1809;-2.7964275;0.038307227;10.199299
1810;2.4516625;2.3750482;9.701305
1811;-0.10534488;0.5267244;12.0571995
1812;1.8004397;-0.009576807;10.43872
1813;1.292869;-1.1109096;7.5944076
1814;-2.6048915;-1.0247183;5.707777
1815;-1.7429788;-0.6703765;6.799533
1816;-1.2545617;-0.6703765;8.073248
1817;2.4229321;-1.1492168;10.601525
1818;-0.8619126;-2.336741;7.0102224
1819;-3.5817258;-1.4939818;4.223372
1820;1.8866309;-0.22984336;8.1881695
1821;0.009576807;-0.7374141;12.239159
1822;0.038307227;-2.2409728;5.947197
1823;1.3790601;-1.9919758;5.3247046
1824;-0.94810385;-0.20111294;9.787497
1825;-2.0590134;-0.62249243;12.756307
1826;7.52737;1.2545617;13.445837
1827;1.7429788;1.5514427;13.599066
1828;-6.933608;0.61291564;13.503298
1829;4.759673;2.681506;11.731588
1830;1.2641385;2.825158;13.761871
1831;-4.31914;0.45010993;17.899052
1832;6.5218053;2.0973208;13.64695
1833;0.9768343;-0.40222588;10.084377
1834;2.7389667;-0.30645782;13.302185
1835;5.391742;1.2162545;13.9917145
1836;-0.047884032;-0.4213795;10.955867
1837;0.60333884;-1.7908629;1.1300632
1838;-2.7006595;-2.8060043;2.834735
1839;2.9113493;-0.6607997;11.884817
1840;4.271256;1.1779473;11.741165
1841;-6.4643445;-3.9552212;-3.6104562
1842;6.9719152;-1.4556746;7.1347213
1843;4.10845;1.7142484;20.685904
1844;-0.49799395;-2.4899697;6.5122285
1845;8.283937;-2.1452048;-3.3135753
1846;-2.7389667;-0.4213795;12.899959
1847;-2.8060043;0.16280572;16.19438
1848;1.733402;0.545878;3.466804
1849;-3.2465374;-0.12449849;8.590396
1850;-2.920926;-0.1340753;13.168109
1851;2.2984335;0.2681506;9.442732
1852;2.9017725;1.283292;10.697293
1853;1.388637;1.9632454;17.745823
1854;2.231396;1.1492168;15.131354
1855;0.047884032;1.043872;7.383718
1856;1.4939818;0.36391866;11.942278
1857;-0.8619126;0.7757214;14.326903
1858;-0.21068975;-0.62249243;8.686164
1859;0.1436521;-1.7429788;5.085284
1860;-3.5242648;-0.6703765;5.6982
1861;-4.8937483;-2.087744;7.383718
1862;1.0247183;-2.1068976;9.557653
1863;7.326257;-0.08619126;13.445837
1864;-4.9895163;-2.0494366;8.992621
1865;6.14831;-2.0207062;4.7309427
1866;1.8195933;-0.8523358;9.385271
1867;-5.0278234;-1.0151415;13.369223
1868;5.3725886;0.5267244;10.505757
1869;0.79487497;-0.0;7.2304893
1870;-4.5202527;-1.3024458;8.848969
1871;0.8523358;0.7469909;10.505757
1872;-0.19153613;0.81402856;10.04607
1873;-1.5705963;0.7374141;11.310209
1874;2.9879637;1.3982137;11.453861
1875;2.920926;0.06703765;11.587936
1876;0.9864111;-0.2873042;9.385271
1877;2.834735;0.019153614;10.055647
1878;2.6048915;1.0630256;10.726024
1879;-2.0590134;-0.9959879;10.773908
1880;-2.6910827;-0.7278373;6.7229185
1881;-1.0151415;-1.0151415;7.881712
1882;-1.8483237;0.5746084;9.844957
1883;-0.90021986;-0.21068975;10.611102
1884;1.3120226;-0.10534488;8.236053
1885;0.89064306;0.22026655;11.511322
1886;2.3942018;0.4309563;13.062764
1887;5.0374002;-0.46926352;11.3964
1888;0.40222588;-0.8619126;9.883265
1889;-0.1340753;-0.9576807;10.333375
1890;-1.4269443;-0.48841715;6.435614
1891;-4.759673;-0.51714754;8.446744
1892;-2.4037786;-0.22026655;9.165004
1893;-1.2737153;0.30645782;6.4260373
1894;-2.566584;-0.19153613;9.011775
1895;3.4763808;0.61291564;13.129802
1896;6.38773;0.8810662;14.958972
1897;2.5091233;-0.038307227;11.894394
1898;3.371036;0.30645782;11.310209
1899;1.6950948;-0.24899697;9.921572
1900;-1.0726024;-0.78529817;9.394848
1901;0.1340753;0.21068975;11.262324
1902;-1.1779473;-0.94810385;7.249643
1903;-0.12449849;-0.40222588;5.650316
1904;-0.40222588;-0.6991069;12.631808
1905;2.8060043;-0.40222588;12.794614
1906;1.8579005;-0.60333884;8.063671
1907;0.8714894;-0.6895301;9.356541
1908;3.6296098;0.8714894;13.426683
1909;0.8714894;0.45010993;11.3964
1910;1.9153614;0.545878;8.082825
1911;-1.4939818;0.1436521;9.825804
1912;0.9576807;-0.18195933;11.731588
1913;1.7142484;-0.36391866;6.4547677
1914;-1.4939818;-0.9959879;6.6654577
1915;1.7525556;-0.20111294;10.1226845
1916;0.45968673;-0.15322891;9.184157
1917;0.5746084;-0.39264908;7.9008656
1918;0.46926352;0.49799395;9.174581
1919;0.47884035;-0.15322891;13.081918
1920;1.9249382;-0.29688102;10.658986
1921;-0.37349546;-0.7757214;8.00621
1922;0.22026655;-0.4309563;9.883265
1923;2.183512;-0.6607997;11.166556
1924;0.10534488;-1.0630256;8.7053175
1925;1.8100165;-0.90021986;9.394848
1926;-0.9672575;-0.5650316;10.28549
1927;-1.8291701;-0.90021986;9.768343
1928;3.217807;0.095768064;10.429143
1929;-0.40222588;0.19153613;13.101071
1930;-0.29688102;-0.20111294;12.689269
1931;1.3311762;-0.32561144;9.519346
1932;-1.3982137;-0.6991069;7.776367
1933;-0.22984336;-0.15322891;13.656527
1934;0.4309563;0.02873042;10.25676
1935;0.019153614;-1.340753;5.6886234
1936;2.4133554;-0.05746084;8.236053
1937;-3.9073372;-0.36391866;11.87524
1938;1.2258313;-0.93852705;7.690176
1939;3.0454245;-0.60333884;8.226477
1940;-0.34476504;-1.3120226;11.57836
1941;0.9768343;-0.91937345;9.481039
1942;-1.0151415;-1.0055647;5.602432
1943;0.6799533;-0.49799395;8.8777
1944;0.1436521;0.79487497;14.365211
1945;2.2409728;-0.7278373;8.561666
1946;1.9728222;-0.7278373;4.060566
1947;-3.572149;-0.90021986;9.481039
1948;0.29688102;0.39264908;13.024457
1949;2.72939;0.32561144;10.7356
1950;0.8331822;-0.08619126;10.429143
1951;0.80445176;0.076614454;8.6095495
1952;0.31603462;-0.6703765;9.921572
1953;1.532289;0.33518824;9.232041
1954;2.4229321;1.2641385;12.08593
1955;0.48841715;-0.40222588;14.211981
1956;2.8634653;-0.6607997;7.422025
1957;-1.685518;-0.7757214;6.4164605
1958;-0.10534488;0.19153613;11.473015
1959;2.4516625;0.2873042;16.270994
1960;-2.6719291;-0.8714894;10.007763
1961;0.2681506;-1.0630256;5.6215854
1962;0.11492168;-0.19153613;10.630256
1963;0.009576807;-0.25857377;12.325351
1964;2.3942018;0.11492168;10.1226845
1965;2.5570073;-0.58418524;10.486604
1966;0.16280572;-0.7374141;10.773908
1967;-0.9672575;-0.6895301;8.686164
1968;-1.6567876;-0.7182605;7.0485296
1969;-1.3120226;0.2681506;12.737153
1970;-1.4077905;-0.33518824;9.825804
1971;0.06703765;-0.7757214;6.349423
1972;1.1587936;0.076614454;9.672575
1973;0.0;0.45010993;12.823344
1974;1.532289;0.2681506;11.291056
1975;3.1316159;0.29688102;9.787497
1976;0.019153614;0.36391866;10.390836
1977;-0.7086837;0.61291564;10.314221
1978;-2.2888567;0.51714754;7.843405
1979;0.94810385;-0.63206923;9.471462
1980;-2.231396;0.61291564;10.151415
1981;-0.24899697;-0.095768064;11.990162
1982;6.7708025;1.4748282;9.481039
1983;-0.6991069;-0.076614454;11.21444
1984;2.4133554;0.6799533;11.224017
1985;3.9264908;0.89064306;10.907983
1986;-0.90979666;0.4309563;9.5385
1987;0.4309563;0.12449849;10.151415
1988;-1.934515;-0.15322891;6.8091097
1989;-3.3997664;-0.15322891;6.6750345
1990;-1.484405;0.7182605;10.419566
1991;-1.1492168;0.2681506;9.720459
1992;1.8483237;-0.1436521;9.988609
1993;4.414908;0.61291564;10.783484
1994;1.7621324;1.5897499;11.080365
1995;0.30645782;0.90979666;10.314221
1996;2.72939;2.327164;10.381259
1997;0.46926352;1.7429788;12.191275
1998;-1.0342951;1.0247183;8.63828
1999;-1.0055647;1.2545617;6.157887
2000;-3.4572272;1.7621324;9.337387
2001;-3.0262709;2.0685902;10.352529
2002;1.1875241;2.6048915;10.007763
2003;0.9576807;1.8195933;11.473015
2004;3.016694;1.8100165;11.099519
2005;1.8579005;2.030283;11.386824
2006;0.45968673;1.5131354;10.400413
2007;0.8619126;3.3423057;8.973468
2008;-0.34476504;2.3654714;12.928689
2009;0.0;1.733402;11.281479
2010;1.6184803;1.1587936;7.5944076
2011;-1.091756;2.087744;7.422025
2012;-4.098873;1.8004397;10.352529
2013;0.94810385;3.5817258;12.650962
2014;-0.6799533;3.2752678;12.919112
2015;1.5035586;1.9249382;9.950302
2016;5.257667;1.4556746;9.174581
2017;-0.22026655;0.9672575;10.371682
2018;0.10534488;1.9249382;10.477027
2019;1.7429788;2.7868507;7.8625584
2020;-1.9632454;2.9975405;11.18571
2021;-1.4556746;2.3175871;12.6222315
2022;3.3901896;1.436521;7.881712
2023;-1.733402;0.91937345;6.129156
2024;-1.5514427;1.5514427;9.050082
2025;-0.19153613;2.719813;11.511322
2026;-1.3120226;2.4133554;12.143391
2027;2.5570073;2.3080103;9.059659
2028;1.1587936;1.1492168;8.983045
2029;0.1340753;0.8619126;9.5385
2030;2.4899697;1.2162545;9.959879
2031;-1.1779473;1.3503298;8.868123
2032;-2.6431987;0.9864111;9.433155
2033;1.388637;1.8866309;8.973468
2034;-0.9576807;1.7525556;9.662998
2035;0.79487497;1.3024458;11.3964
2036;1.4460979;1.541866;10.429143
2037;-2.0398598;1.1587936;8.820239
2038;-0.36391866;1.3790601;9.241618
2039;-1.1204864;1.5227122;9.423578
2040;-1.4460979;2.3463178;13.01488
2041;1.2354081;1.8100165;13.177686
2042;2.5953147;1.934515;11.971008
2043;2.4612393;1.7717092;11.089942
2044;0.37349546;0.47884035;10.563218
2045;1.2258313;0.2873042;7.8529816
2046;-1.5705963;0.5267244;7.6710224
2047;-2.6048915;0.16280572;9.758766
2048;1.5035586;1.2162545;9.615114
2049;0.47884035;1.1875241;9.730036
2050;1.3694834;0.40222588;11.520899
2051;3.763685;0.32561144;9.758766
2052;0.1436521;-0.10534488;9.385271
2053;0.89064306;-0.11492168;8.599973
2054;-1.4652514;0.641646;6.8665705
2055;-2.8060043;0.37349546;8.963891
2056;-0.12449849;1.2449849;10.457873
2057;-1.5227122;0.8331822;8.762778
2058;1.1971009;1.1971009;10.180145
2059;0.6895301;1.2354081;11.032481
2060;1.3503298;0.2873042;11.434708
2061;3.1316159;0.90979666;8.504205
2062;-1.8962077;-0.20111294;8.312668
2063;1.541866;0.9959879;9.701305
2064;-1.2737153;0.641646;9.232041
2065;-0.94810385;0.82360536;9.308656
2066;-0.41180268;0.90979666;9.701305
2067;0.24899697;0.92895025;10.237606
2068;1.8483237;1.3120226;11.022904
2069;1.3120226;1.4077905;12.172121
2070;0.5267244;0.9576807;11.18571
2071;-0.22984336;0.90021986;9.251195
2072;-2.9879637;0.8619126;9.710882
2073;-3.0071173;1.1492168;10.333375
2074;-0.35434186;1.3790601;9.32781
2075;0.21068975;1.3790601;9.691729
2076;0.94810385;1.4077905;11.300632
2077;3.6104562;1.4269443;11.87524
2078;1.5610195;1.1492168;10.189722
2079;-0.8619126;0.80445176;10.151415
2080;0.6703765;1.2641385;7.920019
2081;-1.6663644;1.3790601;9.80665
2082;-0.90021986;1.283292;9.902418
2083;0.24899697;1.0247183;6.9623384
2084;-0.5746084;1.0821792;8.724471
2085;1.7621324;1.4173675;10.850522
2086;1.340753;1.13964;9.797073
2087;2.5761611;1.292869;9.260772
2088;2.3942018;1.2737153;10.745177
2089;1.292869;1.0055647;10.400413
2090;1.3599066;0.8619126;8.724471
2091;0.545878;1.2162545;9.11712
2092;-1.6089035;1.1109096;9.155427
2093;-0.46926352;1.2545617;9.519346
2094;0.31603462;1.4556746;10.46745
2095;-1.1492168;1.2354081;10.793061
2096;1.9632454;1.6759412;10.314221
2097;1.2162545;1.7142484;11.281479
2098;1.1109096;1.8579005;12.459426
2099;1.541866;1.5801731;12.08593
2100;1.3599066;1.3215994;10.91756
2101;-0.7278373;1.4748282;9.662998
2102;-1.2737153;1.2258313;9.701305
2103;0.40222588;1.7429788;10.141838
2104;-2.2026656;0.9864111;9.5385
2105;1.1587936;1.1683705;8.647857
2106;0.05746084;1.13964;8.743625
2107;-0.29688102;1.4652514;10.093954
2108;0.94810385;1.6376339;10.6398325
2109;0.7278373;1.5993267;9.940725
2110;-0.23942018;1.4748282;9.758766
2111;-0.15322891;1.3120226;9.337387
2112;0.59376204;1.292869;9.193734
2113;-0.047884032;1.3694834;9.77792
2114;0.30645782;1.1492168;9.471462
2115;0.7086837;1.0726024;9.346964
2116;0.5363012;1.2066777;10.390836
2117;0.34476504;1.0055647;10.362105
2118;0.6703765;0.90979666;9.758766
2119;0.29688102;1.0821792;10.0748005
2120;-0.49799395;0.93852705;10.70687
2121;0.6895301;0.89064306;9.423578
2122;-0.18195933;0.9768343;9.442732
2123;0.0;1.1779473;10.314221
2124;-0.038307227;1.2066777;9.892841
2125;0.29688102;1.3024458;10.04607
2126;-0.10534488;1.3215994;10.409989
2127;0.39264908;1.3311762;9.950302
2128;0.62249243;1.5993267;10.1226845
2129;0.076614454;1.5801731;10.888829
2130;1.2737153;1.436521;10.936713
2131;1.2258313;1.2066777;10.477027
2132;0.20111294;0.93852705;9.931149
2133;0.6799533;1.0151415;9.5385
2134;-0.15322891;0.7757214;9.509769
2135;0.45010993;0.6895301;9.950302
2136;0.58418524;0.45968673;9.279925
2137;0.81402856;0.31603462;8.963891
2138;0.24899697;0.39264908;9.356541
2139;1.0342951;0.61291564;9.720459
2140;0.6512229;0.91937345;9.9790325
2141;0.34476504;0.7086837;9.5385
2142;0.9768343;0.89064306;9.595961
2143;0.038307227;1.0151415;9.902418
2144;0.48841715;1.091756;9.911995
2145;0.32561144;1.0821792;9.902418
2146;0.05746084;1.1300632;10.362105
2147;0.31603462;1.1109096;10.247183
2148;0.33518824;0.94810385;9.9790325
2149;0.34476504;0.9576807;10.218452
2150;-0.047884032;0.9864111;10.381259
2151;0.25857377;0.8714894;10.25676
2152;-0.25857377;0.82360536;9.816227
2153;-0.2681506;0.81402856;9.77792
2154;-0.1340753;0.8331822;9.682152
2155;-0.20111294;0.8810662;9.825804
2156;0.08619126;0.9959879;9.883265
2157;-0.12449849;0.842759;9.471462
2158;0.38307226;0.90979666;9.701305
2159;0.0;0.9959879;9.701305
2160;0.40222588;0.9959879;9.624691
2161;0.24899697;1.1109096;9.825804
2162;0.24899697;1.1683705;10.04607
2163;0.51714754;1.2162545;9.787497
2164;0.33518824;1.1875241;9.787497
2165;0.60333884;1.3503298;10.180145
2166;0.6895301;1.4269443;10.314221
2167;0.7661445;1.3790601;10.180145
2168;0.7565677;1.4077905;10.141838
2169;0.5554548;1.3694834;10.141838
2170;0.6895301;1.3790601;10.1226845
2171;0.6799533;1.388637;10.189722
2172;0.60333884;1.3120226;9.931149
2173;0.641646;1.3024458;9.844957
2174;0.49799395;1.3311762;10.055647
2175;0.58418524;1.388637;9.892841
2176;0.5267244;1.2641385;9.931149
2177;0.4309563;1.2066777;9.873688
2178;0.33518824;1.2162545;9.873688
2179;0.30645782;1.1492168;9.825804
2180;0.18195933;1.2066777;9.77792
2181;0.1340753;1.2354081;10.007763
2182;0.10534488;1.2449849;10.141838
2183;0.038307227;1.1492168;10.0748005
2184;0.17238252;1.1587936;10.04607
2185;0.12449849;1.0726024;10.43872
2186;0.095768064;1.0821792;10.5919485
2187;0.076614454;0.8619126;10.572795
2188;0.08619126;0.6895301;10.840945
2189;-0.23942018;0.32561144;10.457873
2190;-0.11492168;0.22026655;9.988609
2191;-0.20111294;0.19153613;10.28549
2192;0.11492168;0.095768064;10.04607
2193;0.12449849;-0.038307227;9.768343
2194;0.36391866;-0.24899697;9.883265
2195;0.46926352;-0.35434186;9.682152
2196;0.6607997;-0.49799395;9.433155
2197;0.8523358;-0.6512229;9.500193
2198;0.842759;-0.7757214;9.481039
2199;0.9959879;-0.7757214;8.973468
2200;0.45968673;-0.8714894;9.050082
2201;1.1492168;-0.6991069;9.222465
2202;0.31603462;-0.80445176;9.423578
2203;0.93852705;-0.45968673;9.509769
2204;0.51714754;-0.41180268;9.653421
2205;0.641646;-0.29688102;9.969456
2206;0.7086837;-0.19153613;9.988609
2207;0.45968673;-0.16280572;10.036493
2208;0.48841715;-0.10534488;10.429143
2209;0.2777274;-0.15322891;10.371682
2210;0.2873042;-0.23942018;10.170568
2211;0.17238252;-0.30645782;10.180145
2212;0.08619126;-0.17238252;10.28549
2213;0.095768064;-0.2777274;10.141838
2214;0.047884032;-0.38307226;9.931149
2215;0.047884032;-0.50757074;9.672575
2216;0.095768064;-0.50757074;9.710882
2217;-0.019153614;-0.50757074;9.77792
2218;0.08619126;-0.5650316;9.797073
2219;0.20111294;-0.5650316;9.653421
2220;0.24899697;-0.59376204;9.883265
2221;0.31603462;-0.7182605;9.931149
2222;0.30645782;-0.641646;9.969456
2223;0.40222588;-0.6799533;10.113108
2224;0.45010993;-0.78529817;9.969456
2225;0.4309563;-0.91937345;10.0269165
2226;0.6703765;-0.9672575;10.1226845
2227;0.4405331;-1.0630256;9.921572
2228;0.63206923;-1.1204864;9.950302
2229;0.5746084;-1.2258313;9.844957
2230;0.61291564;-1.1683705;9.720459
2231;0.6607997;-1.2545617;9.749189
2232;0.48841715;-1.3120226;9.576807
2233;0.5746084;-1.283292;9.634268
2234;0.34476504;-1.3120226;9.701305
2235;0.35434186;-1.3311762;9.576807
2236;0.40222588;-1.2354081;9.605537
2237;0.29688102;-1.1779473;9.854534
2238;0.2681506;-1.0630256;9.883265
2239;0.25857377;-1.0055647;9.768343
2240;0.15322891;-0.8523358;9.998186
2241;0.19153613;-0.7757214;9.969456
2242;0.21068975;-0.7661445;9.844957
2243;0.18195933;-0.6512229;9.9790325
2244;0.22026655;-0.61291564;9.988609
2245;0.2681506;-0.6512229;9.854534
2246;0.24899697;-0.5363012;9.931149
2247;0.2681506;-0.545878;9.892841
2248;0.29688102;-0.45010993;9.749189
2249;0.32561144;-0.4213795;9.854534
2250;0.35434186;-0.45010993;9.844957
2251;0.4213795;-0.34476504;9.797073
2252;0.46926352;-0.2681506;9.854534
2253;0.545878;-0.24899697;9.892841
2254;0.51714754;-0.25857377;9.864111
2255;0.48841715;-0.22026655;10.01734
2256;0.48841715;-0.20111294;9.998186
2257;0.38307226;-0.24899697;9.77792
2258;0.32561144;-0.21068975;10.084377
2259;0.4309563;-0.19153613;9.950302
2260;0.33518824;-0.24899697;9.787497
2261;0.40222588;-0.12449849;9.998186
2262;0.30645782;-0.29688102;9.873688
2263;0.35434186;-0.22984336;9.816227
2264;0.29688102;-0.21068975;9.835381
2265;0.23942018;-0.18195933;9.911995
2266;0.2873042;-0.20111294;9.787497
2267;0.25857377;-0.15322891;9.816227
2268;0.24899697;-0.12449849;9.892841
2269;0.2873042;-0.16280572;9.787497
2270;0.22984336;-0.095768064;9.883265
2271;0.2873042;-0.11492168;9.940725
2272;0.2681506;-0.10534488;9.864111
2273;0.2681506;-0.12449849;9.844957
2274;0.33518824;-0.1436521;9.921572
2275;0.31603462;-0.16280572;9.825804
2276;0.37349546;-0.12449849;9.825804
2277;0.32561144;-0.17238252;9.921572
2278;0.4405331;-0.1436521;9.835381
2279;0.4213795;-0.15322891;9.921572
2280;0.37349546;-0.22026655;9.835381
2281;0.46926352;-0.22026655;9.787497
2282;0.45010993;-0.16280572;9.816227
2283;0.38307226;-0.23942018;9.892841
2284;0.50757074;-0.1340753;9.77792
2285;0.36391866;-0.22026655;9.816227
2286;0.41180268;-0.20111294;9.931149
2287;0.4213795;-0.15322891;9.80665
2288;0.36391866;-0.21068975;9.892841
2289;0.37349546;-0.21068975;9.931149
2290;0.29688102;-0.20111294;9.873688
2291;0.34476504;-0.18195933;9.864111
2292;0.33518824;-0.19153613;9.902418
2293;0.24899697;-0.15322891;9.864111
2294;0.33518824;-0.24899697;9.80665
2295;0.24899697;-0.1436521;9.864111
2296;0.2873042;-0.16280572;9.854534
2297;0.2777274;-0.20111294;9.873688
2298;0.2873042;-0.22984336;9.787497
2299;0.33518824;-0.15322891;9.883265
2300;0.30645782;-0.22984336;9.883265
2301;0.32561144;-0.19153613;9.854534
2302;0.36391866;-0.1436521;9.883265
2303;0.33518824;-0.22026655;9.854534
2304;0.34476504;-0.21068975;9.864111
2305;0.45010993;-0.21068975;9.80665
2306;0.41180268;-0.24899697;9.931149
2307;0.39264908;-0.17238252;9.864111
2308;0.40222588;-0.21068975;9.816227
2309;0.4213795;-0.25857377;9.854534
2310;0.35434186;-0.2873042;9.825804
2311;0.4309563;-0.23942018;9.883265
2312;0.35434186;-0.22026655;9.873688
2313;0.33518824;-0.2873042;9.902418
2314;0.36391866;-0.24899697;9.864111
2315;0.34476504;-0.23942018;9.80665
2316;0.35434186;-0.2873042;9.902418
2317;0.36391866;-0.2777274;9.825804
2318;0.29688102;-0.2777274;9.892841
2319;0.34476504;-0.2681506;9.844957
2320;0.2873042;-0.2681506;9.797073
2321;0.29688102;-0.22984336;9.816227
2322;0.31603462;-0.30645782;9.864111
2323;0.31603462;-0.30645782;9.816227
2324;0.2681506;-0.32561144;9.892841
2325;0.2777274;-0.2681506;9.835381
2326;0.33518824;-0.29688102;9.864111
2327;0.34476504;-0.2777274;9.864111
2328;0.30645782;-0.2873042;9.825804
2329;0.34476504;-0.29688102;9.883265
2330;0.31603462;-0.2777274;9.864111
2331;0.36391866;-0.30645782;9.864111
2332;0.37349546;-0.34476504;9.911995
2333;0.35434186;-0.33518824;9.844957
2334;0.37349546;-0.39264908;9.854534
2335;0.34476504;-0.36391866;9.854534
2336;0.35434186;-0.35434186;9.883265
2337;0.38307226;-0.38307226;9.950302
2338;0.31603462;-0.40222588;9.864111
2339;0.39264908;-0.35434186;9.883265
2340;0.34476504;-0.45010993;9.911995
2341;0.38307226;-0.45010993;9.931149
2342;0.36391866;-0.45968673;9.864111
2343;0.38307226;-0.48841715;9.969456
2344;0.33518824;-0.48841715;9.902418
2345;0.32561144;-0.545878;9.835381
2346;0.35434186;-0.5363012;9.835381
2347;0.34476504;-0.59376204;9.902418
2348;0.29688102;-0.51714754;9.825804
2349;0.35434186;-0.5554548;9.873688
2350;0.31603462;-0.5267244;9.825804
2351;0.29688102;-0.5746084;9.873688
2352;0.30645782;-0.5650316;9.902418
2353;0.35434186;-0.5746084;9.921572
2354;0.36391866;-0.5363012;9.921572
2355;0.29688102;-0.50757074;9.921572
2356;0.33518824;-0.50757074;9.931149
2357;0.33518824;-0.5650316;9.931149
2358;0.32561144;-0.5267244;9.931149
2359;0.38307226;-0.545878;9.844957
2360;0.32561144;-0.49799395;9.892841
2361;0.37349546;-0.545878;9.931149
2362;0.39264908;-0.5363012;9.873688
2363;0.37349546;-0.5554548;9.883265
2364;0.39264908;-0.5363012;9.80665
2365;0.34476504;-0.47884035;9.873688
2366;0.40222588;-0.5363012;9.911995
2367;0.38307226;-0.45010993;9.844957
2368;0.37349546;-0.45010993;9.864111
2369;0.34476504;-0.45010993;9.931149
2370;0.33518824;-0.41180268;9.864111
2371;0.29688102;-0.4405331;9.892841
2372;0.32561144;-0.35434186;9.931149
2373;0.24899697;-0.41180268;9.864111
2374;0.37349546;-0.35434186;9.835381
2375;0.30645782;-0.39264908;9.864111
2376;0.35434186;-0.33518824;9.883265
2377;0.35434186;-0.37349546;9.864111
2378;0.34476504;-0.32561144;9.787497
2379;0.33518824;-0.38307226;9.873688
2380;0.34476504;-0.36391866;9.844957
2381;0.32561144;-0.36391866;9.873688
2382;0.33518824;-0.30645782;9.873688
2383;0.36391866;-0.31603462;9.80665
2384;0.35434186;-0.2777274;9.844957
2385;0.31603462;-0.25857377;9.883265
2386;0.36391866;-0.24899697;9.902418
2387;0.34476504;-0.2777274;9.835381
2388;0.33518824;-0.31603462;9.854534
2389;0.37349546;-0.23942018;9.816227
2390;0.32561144;-0.29688102;9.835381
2391;0.36391866;-0.24899697;9.873688
2392;0.36391866;-0.25857377;9.844957
2393;0.29688102;-0.2681506;9.825804
2394;0.37349546;-0.2777274;9.854534
2395;0.32561144;-0.2873042;9.844957
2396;0.33518824;-0.25857377;9.892841
2397;0.37349546;-0.31603462;9.816227
2398;0.35434186;-0.23942018;9.883265
2399;0.33518824;-0.2681506;9.844957
2400;0.37349546;-0.24899697;9.80665
2401;0.34476504;-0.2681506;9.864111
2402;0.38307226;-0.22984336;9.864111
2403;0.32561144;-0.2777274;9.80665
2404;0.35434186;-0.2681506;9.902418
2405;0.31603462;-0.2873042;9.80665
2406;0.37349546;-0.25857377;9.921572
2407;0.37349546;-0.29688102;9.883265
2408;0.2777274;-0.2873042;9.835381
2409;0.38307226;-0.24899697;9.835381
2410;0.32561144;-0.29688102;9.844957
2411;0.35434186;-0.22026655;9.854534
2412;0.38307226;-0.2681506;9.797073
2413;0.35434186;-0.31603462;9.883265
2414;0.37349546;-0.31603462;9.844957
2415;0.35434186;-0.23942018;9.844957
2416;0.36391866;-0.2873042;9.816227
2417;0.37349546;-0.32561144;9.864111
2418;0.30645782;-0.30645782;9.825804
2419;0.35434186;-0.2681506;9.864111
2420;0.31603462;-0.29688102;9.835381
2421;0.36391866;-0.2873042;9.883265
2422;0.36391866;-0.32561144;9.873688
2423;0.35434186;-0.29688102;9.864111
2424;0.32561144;-0.2777274;9.825804
2425;0.34476504;-0.29688102;9.883265
2426;0.34476504;-0.32561144;9.873688
2427;0.37349546;-0.31603462;9.873688
2428;0.32561144;-0.33518824;9.844957
2429;0.33518824;-0.35434186;9.873688
2430;0.29688102;-0.37349546;9.844957
2431;0.35434186;-0.31603462;9.921572
2432;0.31603462;-0.34476504;9.844957
2433;0.33518824;-0.33518824;9.864111
2434;0.37349546;-0.34476504;9.911995
2435;0.30645782;-0.32561144;9.844957
2436;0.35434186;-0.34476504;9.835381
2437;0.37349546;-0.35434186;9.854534
2438;0.31603462;-0.4405331;9.864111
2439;0.34476504;-0.40222588;9.854534
2440;0.35434186;-0.37349546;9.835381
2441;0.37349546;-0.4405331;9.902418
2442;0.39264908;-0.4405331;9.883265
2443;0.32561144;-0.40222588;9.892841
2444;0.38307226;-0.45968673;9.883265
2445;0.33518824;-0.4309563;9.80665
2446;0.33518824;-0.38307226;9.902418
2447;0.40222588;-0.45968673;9.873688
2448;0.30645782;-0.40222588;9.854534
2449;0.31603462;-0.41180268;9.940725
2450;0.31603462;-0.41180268;9.873688
2451;0.31603462;-0.49799395;9.864111
2452;0.34476504;-0.4213795;9.892841
2453;0.33518824;-0.41180268;9.844957
2454;0.33518824;-0.4213795;9.883265
2455;0.30645782;-0.39264908;9.883265
2456;0.35434186;-0.4405331;9.892841
2457;0.33518824;-0.40222588;9.864111
2458;0.36391866;-0.4213795;9.902418
2459;0.34476504;-0.38307226;9.902418
2460;0.31603462;-0.36391866;9.864111
2461;0.35434186;-0.39264908;9.911995
2462;0.35434186;-0.38307226;9.854534
2463;0.33518824;-0.40222588;9.873688
2464;0.39264908;-0.32561144;9.816227
2465;0.31603462;-0.39264908;9.854534
2466;0.34476504;-0.36391866;9.988609
2467;0.37349546;-0.33518824;9.911995
2468;0.29688102;-0.34476504;9.892841
2469;0.35434186;-0.29688102;9.883265
2470;0.37349546;-0.29688102;9.873688
2471;0.33518824;-0.34476504;9.883265
2472;0.36391866;-0.31603462;9.854534
2473;0.30645782;-0.33518824;9.80665
2474;0.36391866;-0.36391866;9.921572
2475;0.33518824;-0.25857377;9.797073
2476;0.32561144;-0.2873042;9.835381
2477;0.32561144;-0.2777274;9.873688
2478;0.33518824;-0.30645782;9.873688
2479;0.30645782;-0.29688102;9.873688
2480;0.36391866;-0.2873042;9.844957
2481;0.35434186;-0.29688102;9.892841
2482;0.31603462;-0.29688102;9.883265
2483;0.32561144;-0.2777274;9.902418
2484;0.33518824;-0.24899697;9.825804
2485;0.35434186;-0.22026655;9.854534
2486;0.39264908;-0.2681506;9.835381
2487;0.33518824;-0.2873042;9.873688
2488;0.33518824;-0.29688102;9.844957
2489;0.4309563;-0.2777274;9.825804
2490;0.35434186;-0.2873042;9.873688
2491;0.30645782;-0.32561144;9.940725
2492;0.36391866;-0.33518824;9.816227
2493;0.31603462;-0.30645782;9.825804
2494;0.35434186;-0.2873042;9.902418
2495;0.34476504;-0.25857377;9.864111
2496;0.37349546;-0.29688102;9.873688
2497;0.35434186;-0.30645782;9.873688
2498;0.2873042;-0.32561144;9.902418
2499;0.34476504;-0.29688102;9.883265
2500;0.29688102;-0.31603462;9.816227
2501;0.32561144;-0.31603462;9.883265
2502;0.37349546;-0.35434186;9.854534
2503;0.31603462;-0.36391866;9.844957
2504;0.32561144;-0.29688102;9.835381
2505;0.36391866;-0.30645782;9.80665
2506;0.32561144;-0.38307226;9.864111
2507;0.34476504;-0.33518824;9.825804
2508;0.35434186;-0.32561144;9.892841
2509;0.39264908;-0.34476504;9.844957
2510;0.2873042;-0.32561144;9.864111
2511;0.36391866;-0.37349546;9.892841
2512;0.4213795;-0.30645782;9.873688
2513;0.31603462;-0.37349546;9.835381
2514;0.29688102;-0.35434186;9.969456
2515;0.4213795;-0.31603462;9.835381
2516;0.29688102;-0.36391866;9.844957
2517;0.39264908;-0.35434186;9.911995
2518;0.34476504;-0.35434186;9.931149
2519;0.29688102;-0.31603462;9.854534
2520;0.36391866;-0.38307226;9.835381
2521;0.2681506;-0.40222588;9.892841
2522;0.33518824;-0.37349546;9.950302
2523;0.32561144;-0.35434186;9.892841
2524;0.30645782;-0.40222588;9.931149
2525;0.31603462;-0.31603462;9.883265
2526;0.34476504;-0.37349546;9.959879
2527;0.37349546;-0.35434186;9.80665
2528;0.33518824;-0.37349546;9.864111
2529;0.1340753;-0.41180268;9.3661175
2530;1.4173675;-0.6512229;8.264784
2531;-0.11492168;0.009576807;11.683704
2532;-0.63206923;-0.12449849;12.0571995
2533;1.7142484;-0.22026655;8.561666
2534;-0.39264908;-0.6607997;8.90643
2535;0.37349546;-0.4309563;10.381259
2536;0.5554548;-0.10534488;10.611102
2537;0.019153614;-0.33518824;10.160992
2538;0.63206923;-0.37349546;9.069236
2539;0.36391866;-0.45968673;9.433155
2540;0.29688102;-0.25857377;10.630256
2541;0.20111294;-0.2681506;10.314221
2542;0.60333884;-0.35434186;9.423578
2543;0.33518824;-0.38307226;9.662998
2544;0.22026655;-0.25857377;10.170568
2545;0.41180268;-0.34476504;9.873688
2546;0.2681506;-0.36391866;9.768343
2547;0.36391866;-0.38307226;9.80665
2548;0.38307226;-0.29688102;9.80665
2549;0.2681506;-0.32561144;10.084377
2550;0.37349546;-0.2873042;9.77792
