;ay;ax;az
1;0.46926352;-0.18195933;9.931149
2;0.4405331;-0.21068975;9.854534
3;0.46926352;-0.22026655;9.787497
4;0.50757074;-0.22984336;9.758766
5;0.47884035;-0.22984336;9.835381
6;0.4309563;-0.22984336;9.758766
7;0.50757074;-0.23942018;9.864111
8;0.4309563;-0.22984336;9.835381
9;0.4309563;-0.19153613;9.835381
10;0.5746084;-0.16280572;9.902418
11;0.39264908;-0.21068975;9.854534
12;0.63206923;-0.12449849;9.730036
13;0.5650316;-0.19153613;9.940725
14;0.24899697;-0.21068975;10.208876
15;0.62249243;-0.21068975;9.959879
16;0.545878;-0.2873042;9.394848
17;0.40222588;-0.22984336;9.844957
18;0.7757214;0.02873042;10.658986
19;0.18195933;-0.18195933;10.304645
20;0.5650316;-0.31603462;9.605537
21;0.91937345;-0.18195933;9.184157
22;0.15322891;-0.19153613;9.873688
23;0.7757214;0.2777274;10.7356
24;0.641646;-0.2777274;9.911995
25;0.4309563;-0.34476504;8.532935
26;0.4309563;-0.20111294;9.844957
27;0.46926352;-0.23942018;9.835381
28;0.48841715;-0.19153613;9.835381
29;0.49799395;-0.20111294;9.864111
30;0.49799395;-0.23942018;9.854534
31;0.4213795;-0.2873042;9.873688
32;0.49799395;-0.22984336;9.864111
33;0.47884035;-0.20111294;9.816227
34;0.48841715;-0.23942018;9.883265
35;0.46926352;-0.22026655;9.854534
36;0.4309563;-0.21068975;9.80665
37;0.47884035;-0.2681506;9.758766
38;0.4405331;-0.23942018;9.797073
39;0.46926352;-0.22026655;9.854534
40;0.47884035;-0.23942018;9.835381
41;0.51714754;-0.19153613;9.825804
42;0.45968673;-0.22026655;9.873688
43;0.47884035;-0.18195933;9.864111
44;0.51714754;-0.17238252;9.797073
45;0.45010993;-0.23942018;9.873688
46;0.4405331;-0.20111294;9.825804
47;0.48841715;-0.18195933;9.854534
48;0.47884035;-0.17238252;9.825804
49;0.5363012;-0.22026655;9.816227
50;0.4309563;-0.25857377;9.844957
51;0.4309563;-0.22026655;9.844957
52;0.49799395;-0.20111294;9.854534
53;0.49799395;-0.1340753;9.844957
54;0.49799395;-0.17238252;9.873688
55;0.45968673;-0.19153613;9.825804
56;0.4309563;-0.20111294;9.883265
57;0.5363012;-0.15322891;9.854534
58;0.4309563;-0.23942018;9.835381
59;0.46926352;-0.22984336;9.864111
60;0.49799395;-0.22984336;9.883265
61;0.4405331;-0.20111294;9.80665
62;0.51714754;-0.16280572;9.873688
63;0.46926352;-0.21068975;9.854534
64;0.50757074;-0.22984336;9.854534
65;0.45010993;-0.22026655;9.873688
66;0.47884035;-0.21068975;9.80665
67;0.45010993;-0.23942018;9.854534
68;0.46926352;-0.22984336;9.825804
69;0.4405331;-0.22026655;9.835381
70;0.45968673;-0.22984336;9.959879
71;0.45968673;-0.25857377;9.835381
72;0.50757074;-0.20111294;9.835381
73;0.46926352;-0.20111294;9.758766
74;0.50757074;-0.19153613;9.844957
75;0.4213795;-0.18195933;9.873688
76;0.45968673;-0.20111294;9.787497
77;0.46926352;-0.22984336;9.864111
78;0.45010993;-0.2873042;9.854534
79;0.47884035;-0.22026655;9.80665
80;0.4405331;-0.25857377;9.854534
81;0.4405331;-0.20111294;9.787497
82;0.47884035;-0.22026655;9.768343
83;0.49799395;-0.19153613;9.864111
84;0.4213795;-0.21068975;9.950302
85;0.46926352;-0.21068975;9.864111
86;0.49799395;-0.22984336;9.844957
87;0.50757074;-0.18195933;9.787497
88;0.50757074;-0.20111294;9.835381
89;0.49799395;-0.22984336;9.80665
90;0.45010993;-0.21068975;9.854534
91;0.48841715;-0.15322891;9.883265
92;0.45010993;-0.17238252;9.825804
93;0.49799395;-0.24899697;9.80665
94;0.49799395;-0.19153613;9.844957
95;0.4309563;-0.23942018;9.911995
96;0.49799395;-0.20111294;9.816227
97;0.50757074;-0.21068975;9.911995
98;0.45968673;-0.18195933;9.835381
99;0.45010993;-0.21068975;9.825804
100;0.45968673;-0.15322891;9.892841
101;0.4309563;-0.24899697;9.787497
102;0.47884035;-0.22984336;9.854534
103;0.45968673;-0.20111294;9.816227
104;0.46926352;-0.21068975;9.80665
105;0.45968673;-0.23942018;9.854534
106;0.4309563;-0.22026655;9.892841
107;0.45010993;-0.20111294;9.825804
108;0.46926352;-0.22026655;9.873688
109;0.4405331;-0.21068975;9.797073
110;0.5267244;-0.20111294;9.816227
111;0.51714754;-0.19153613;9.873688
112;0.5267244;-0.18195933;9.902418
113;0.48841715;-0.22026655;9.816227
114;0.48841715;-0.21068975;9.825804
115;0.50757074;-0.19153613;9.892841
116;0.47884035;-0.19153613;9.80665
117;0.45010993;-0.24899697;9.883265
118;0.4405331;-0.20111294;9.911995
119;0.4213795;-0.24899697;9.883265
120;0.4405331;-0.1436521;9.883265
121;0.48841715;-0.21068975;9.844957
122;0.47884035;-0.20111294;9.873688
123;0.45010993;-0.22026655;9.864111
124;0.49799395;-0.20111294;9.844957
125;0.4309563;-0.22026655;9.844957
126;0.45010993;-0.19153613;9.921572
127;0.46926352;-0.21068975;9.854534
128;0.4405331;-0.21068975;9.844957
129;0.45968673;-0.2873042;9.835381
130;0.45010993;-0.2681506;9.883265
131;0.45968673;-0.22026655;9.80665
132;0.5363012;-0.17238252;9.854534
133;0.45968673;-0.18195933;9.902418
134;0.46926352;-0.18195933;9.854534
135;0.49799395;-0.22026655;9.873688
136;0.46926352;-0.24899697;9.873688
137;0.47884035;-0.25857377;9.864111
138;0.45010993;-0.20111294;9.825804
139;0.50757074;-0.21068975;9.864111
140;0.46926352;-0.25857377;9.911995
141;0.47884035;-0.21068975;9.844957
142;0.46926352;-0.21068975;9.844957
143;0.48841715;-0.18195933;9.873688
144;0.47884035;-0.22984336;9.816227
145;0.48841715;-0.2681506;9.816227
146;0.49799395;-0.19153613;9.825804
147;0.45968673;-0.21068975;9.844957
148;0.4405331;-0.22984336;9.80665
149;0.47884035;-0.21068975;9.77792
150;0.46926352;-0.18195933;9.835381
151;0.45010993;-0.18195933;9.825804
152;0.49799395;-0.22026655;9.844957
153;0.46926352;-0.2681506;9.911995
154;0.47884035;-0.21068975;9.835381
155;0.48841715;-0.24899697;9.883265
156;0.40222588;-0.2873042;9.835381
157;0.50757074;-0.22984336;9.768343
158;0.45968673;-0.18195933;9.873688
159;0.48841715;-0.18195933;9.835381
160;0.49799395;-0.22026655;9.835381
161;0.45968673;-0.22984336;9.825804
162;0.5267244;-0.22026655;9.864111
163;0.5267244;-0.21068975;9.873688
164;0.45010993;-0.22026655;9.864111
165;0.49799395;-0.19153613;9.854534
166;0.45968673;-0.2681506;9.816227
167;0.4405331;-0.24899697;9.854534
168;0.47884035;-0.20111294;9.873688
169;0.48841715;-0.23942018;9.911995
170;0.50757074;-0.17238252;9.844957
171;0.4405331;-0.21068975;9.854534
172;0.45010993;-0.21068975;9.883265
173;0.45968673;-0.16280572;9.816227
174;0.45010993;-0.1436521;9.835381
175;0.45968673;-0.22984336;9.883265
176;0.4405331;-0.22984336;9.835381
177;0.45010993;-0.20111294;9.864111
178;0.4405331;-0.24899697;9.854534
179;0.47884035;-0.16280572;9.797073
180;0.47884035;-0.22026655;9.921572
181;0.41180268;-0.20111294;9.873688
182;0.5363012;-0.18195933;9.854534
183;0.4213795;-0.22984336;9.911995
184;0.48841715;-0.21068975;9.835381
185;0.49799395;-0.15322891;9.864111
186;0.45968673;-0.18195933;9.844957
187;0.51714754;-0.1340753;9.844957
188;0.47884035;-0.16280572;9.864111
189;0.45010993;-0.19153613;9.883265
190;0.51714754;-0.095768064;9.902418
191;0.45968673;-0.21068975;9.787497
192;0.45968673;-0.17238252;9.844957
193;0.46926352;-0.19153613;9.854534
194;0.46926352;-0.19153613;9.835381
195;0.48841715;-0.18195933;9.825804
196;0.45010993;-0.20111294;9.902418
197;0.46926352;-0.19153613;9.892841
198;0.47884035;-0.20111294;9.835381
199;0.50757074;-0.1436521;9.816227
200;0.51714754;-0.18195933;9.931149
201;0.47884035;-0.23942018;9.854534
202;0.5650316;-0.10534488;9.80665
203;0.41180268;-0.23942018;9.844957
204;0.47884035;-0.12449849;9.797073
205;0.48841715;-0.21068975;9.844957
206;0.4213795;-0.19153613;9.844957
207;0.545878;-0.1340753;9.835381
208;0.46926352;-0.18195933;9.835381
209;0.48841715;-0.22026655;9.864111
210;0.5363012;-0.1436521;9.864111
211;0.45010993;-0.2681506;9.844957
212;0.51714754;-0.19153613;9.854534
213;0.46926352;-0.20111294;9.902418
214;0.4213795;-0.24899697;9.921572
215;0.50757074;-0.18195933;9.854534
216;0.46926352;-0.20111294;9.921572
217;0.4309563;-0.20111294;9.835381
218;0.4405331;-0.24899697;9.873688
219;0.47884035;-0.22984336;9.80665
220;0.4309563;-0.23942018;9.80665
221;0.45968673;-0.24899697;9.825804
222;0.47884035;-0.22984336;9.835381
223;0.50757074;-0.20111294;9.854534
224;0.45968673;-0.25857377;9.80665
225;0.46926352;-0.22984336;9.883265
226;0.46926352;-0.20111294;9.80665
227;0.47884035;-0.19153613;9.883265
228;0.48841715;-0.29688102;9.844957
229;0.46926352;-0.23942018;9.835381
230;0.50757074;-0.2681506;9.883265
231;0.4405331;-0.23942018;9.787497
232;0.50757074;-0.2777274;9.787497
233;0.46926352;-0.22026655;9.835381
234;0.49799395;-0.2777274;9.911995
235;0.49799395;-0.23942018;9.911995
236;0.47884035;-0.2777274;9.816227
237;0.45968673;-0.2681506;9.864111
238;0.45968673;-0.23942018;9.902418
239;0.4405331;-0.25857377;9.825804
240;0.545878;-0.22026655;9.825804
241;0.46926352;-0.2777274;9.864111
242;0.47884035;-0.25857377;9.864111
243;0.49799395;-0.30645782;9.80665
244;0.41180268;-0.2777274;9.816227
245;0.47884035;-0.2777274;9.864111
246;0.45968673;-0.2777274;9.864111
247;0.46926352;-0.2681506;9.844957
248;0.47884035;-0.32561144;9.854534
249;0.51714754;-0.15322891;9.825804
250;0.46926352;-0.23942018;9.864111
251;0.45010993;-0.24899697;9.80665
252;0.47884035;-0.2777274;9.892841
253;0.45010993;-0.34476504;9.873688
254;0.45968673;-0.20111294;9.835381
255;0.50757074;-0.22026655;9.825804
256;0.45010993;-0.25857377;9.854534
257;0.5554548;-0.25857377;9.883265
258;0.49799395;-0.23942018;9.883265
259;0.45010993;-0.2873042;9.864111
260;0.545878;-0.22026655;9.768343
261;0.45968673;-0.29688102;9.816227
262;0.51714754;-0.25857377;9.883265
263;0.48841715;-0.22026655;9.911995
264;0.45968673;-0.23942018;9.835381
265;0.5554548;-0.25857377;9.825804
266;0.4405331;-0.2873042;9.883265
267;0.49799395;-0.29688102;9.864111
268;0.45968673;-0.34476504;9.844957
269;0.40222588;-0.2777274;9.883265
270;0.45968673;-0.25857377;9.892841
271;0.48841715;-0.2681506;9.835381
272;0.48841715;-0.2777274;9.844957
273;0.46926352;-0.2873042;9.873688
274;0.47884035;-0.21068975;9.825804
275;0.47884035;-0.22026655;9.844957
276;0.40222588;-0.2873042;9.892841
277;0.5554548;-0.21068975;9.864111
278;0.45968673;-0.23942018;9.864111
279;0.46926352;-0.21068975;9.844957
280;0.49799395;-0.22984336;9.864111
281;0.48841715;-0.2681506;9.835381
282;0.5363012;-0.21068975;9.835381
283;0.49799395;-0.18195933;9.883265
284;0.46926352;-0.22026655;9.864111
285;0.58418524;-0.18195933;9.797073
286;0.4309563;-0.19153613;9.883265
287;0.48841715;-0.20111294;9.835381
288;0.45968673;-0.22984336;9.883265
289;0.45010993;-0.2681506;9.854534
290;0.5650316;-0.22984336;9.787497
291;0.4309563;-0.2777274;9.844957
292;0.4309563;-0.24899697;9.835381
293;0.50757074;-0.20111294;9.844957
294;0.4405331;-0.22984336;9.835381
295;0.45010993;-0.20111294;9.825804
296;0.45968673;-0.22026655;9.80665
297;0.46926352;-0.22026655;9.825804
298;0.48841715;-0.22984336;9.844957
299;0.45968673;-0.15322891;9.80665
300;0.4405331;-0.22026655;9.959879
301;0.4309563;-0.25857377;9.816227
302;0.48841715;-0.23942018;9.80665
303;0.47884035;-0.17238252;9.873688
304;0.45010993;-0.22026655;9.835381
305;0.51714754;-0.1436521;9.864111
306;0.49799395;-0.18195933;9.854534
307;0.51714754;-0.18195933;9.844957
308;0.5267244;-0.17238252;9.883265
309;0.48841715;-0.21068975;9.816227
310;0.5650316;-0.095768064;9.80665
311;0.47884035;-0.20111294;9.883265
312;0.46926352;-0.17238252;9.883265
313;0.48841715;-0.16280572;9.873688
314;0.4213795;-0.19153613;9.825804
315;0.5554548;-0.1436521;9.854534
316;0.47884035;-0.22026655;9.883265
317;0.49799395;-0.1436521;9.797073
318;0.49799395;-0.19153613;9.825804
319;0.4309563;-0.21068975;9.80665
320;0.47884035;-0.19153613;9.844957
321;0.4309563;-0.15322891;9.844957
322;0.45968673;-0.16280572;9.902418
323;0.4213795;-0.21068975;9.835381
324;0.45968673;-0.10534488;9.825804
325;0.4405331;-0.18195933;9.854534
326;0.48841715;-0.15322891;9.835381
327;0.46926352;-0.17238252;9.825804
328;0.49799395;-0.11492168;9.902418
329;0.4213795;-0.10534488;9.835381
330;0.48841715;-0.18195933;9.844957
331;0.50757074;-0.1436521;9.825804
332;0.49799395;-0.16280572;9.873688
333;0.46926352;-0.11492168;9.844957
334;0.45010993;-0.12449849;9.883265
335;0.5267244;-0.06703765;9.844957
336;0.46926352;-0.06703765;9.864111
337;0.46926352;-0.1340753;9.77792
338;0.5267244;-0.11492168;9.787497
339;0.45010993;-0.12449849;9.873688
340;0.50757074;-0.009576807;9.854534
341;0.50757074;-0.12449849;9.873688
342;0.45010993;-0.076614454;9.854534
343;0.50757074;-0.1436521;9.883265
344;0.45010993;-0.1340753;9.883265
345;0.48841715;-0.08619126;9.883265
346;0.38307226;-0.1436521;9.844957
347;0.41180268;-0.15322891;9.854534
348;0.45010993;-0.12449849;9.844957
349;0.40222588;-0.17238252;9.892841
350;0.45968673;-0.18195933;9.844957
351;0.4405331;-0.15322891;9.835381
352;0.40222588;-0.16280572;9.883265
353;0.45010993;-0.1436521;9.864111
354;0.41180268;-0.10534488;9.816227
355;0.45968673;-0.10534488;9.768343
356;0.49799395;-0.10534488;9.864111
357;0.49799395;-0.16280572;9.883265
358;0.5554548;-0.1340753;9.825804
359;0.46926352;-0.1340753;9.883265
360;0.545878;-0.095768064;9.902418
361;0.51714754;-0.12449849;9.873688
362;0.5554548;-0.05746084;9.864111
363;0.59376204;-0.11492168;9.883265
364;0.51714754;-0.095768064;9.864111
365;0.545878;-0.10534488;9.825804
366;0.49799395;-0.1436521;9.931149
367;0.47884035;-0.076614454;9.873688
368;0.5650316;-0.12449849;9.864111
369;0.4309563;-0.08619126;9.797073
370;0.45968673;-0.16280572;9.835381
371;0.48841715;-0.12449849;9.844957
372;0.40222588;-0.17238252;9.797073
373;0.49799395;-0.16280572;9.816227
374;0.35434186;-0.24899697;9.797073
375;0.47884035;-0.17238252;9.854534
376;0.39264908;-0.16280572;9.80665
377;0.35434186;-0.18195933;9.80665
378;0.4309563;-0.12449849;9.902418
379;0.4213795;-0.1340753;9.825804
380;0.38307226;-0.22026655;9.854534
381;0.45010993;-0.19153613;9.844957
382;0.45010993;-0.22026655;9.844957
383;0.50757074;-0.11492168;9.902418
384;0.48841715;-0.21068975;9.950302
385;0.58418524;-0.23942018;9.864111
386;0.61291564;-0.20111294;9.892841
387;0.58418524;-0.2873042;9.873688
388;0.7086837;-0.2777274;9.892841
389;0.59376204;-0.35434186;9.80665
390;0.6512229;-0.30645782;9.797073
391;0.58418524;-0.36391866;9.835381
392;0.5554548;-0.50757074;9.80665
393;0.5363012;-0.48841715;9.854534
394;0.47884035;-0.5650316;9.883265
395;0.45968673;-0.63206923;9.854534
396;0.51714754;-0.62249243;9.825804
397;0.32561144;-0.7182605;9.873688
398;0.41180268;-0.6799533;9.950302
399;0.36391866;-0.7661445;9.883265
400;0.25857377;-0.7086837;9.892841
401;0.32561144;-0.7469909;9.911995
402;0.31603462;-0.78529817;9.873688
403;0.31603462;-0.7661445;9.854534
404;0.40222588;-0.78529817;9.892841
405;0.38307226;-0.80445176;9.77792
406;0.4213795;-0.8810662;9.787497
407;0.4405331;-0.90979666;9.691729
408;0.50757074;-0.842759;9.787497
409;0.4213795;-0.94810385;9.768343
410;0.58418524;-0.8523358;9.710882
411;0.5363012;-0.89064306;9.77792
412;0.50757074;-0.81402856;9.787497
413;0.60333884;-0.6703765;9.892841
414;0.60333884;-0.63206923;10.007763
415;0.7374141;-0.51714754;10.141838
416;0.7374141;-0.46926352;10.084377
417;0.63206923;-0.36391866;9.950302
418;0.6799533;-0.37349546;9.988609
419;0.5363012;-0.2681506;10.04607
420;0.5267244;-0.24899697;9.902418
421;0.5554548;-0.30645782;9.80665
422;0.62249243;-0.2777274;9.787497
423;0.5363012;-0.33518824;9.720459
424;0.5746084;-0.37349546;9.739613
425;0.5267244;-0.29688102;9.787497
426;0.41180268;-0.35434186;9.77792
427;0.34476504;-0.4309563;9.758766
428;0.39264908;-0.25857377;9.844957
429;0.17238252;-0.20111294;9.969456
430;0.32561144;-0.1340753;10.007763
431;0.33518824;-0.05746084;10.228029
432;0.2777274;-0.019153614;10.132261
433;0.48841715;0.019153614;10.0748005
434;0.2777274;-0.0;10.208876
435;0.4309563;-0.009576807;10.218452
436;0.23942018;-0.12449849;9.950302
437;0.16280572;-0.1340753;9.615114
438;0.5363012;-0.29688102;9.461885
439;0.20111294;-0.47884035;9.385271
440;0.641646;-0.48841715;9.500193
441;0.7469909;-0.63206923;9.222465
442;0.62249243;-0.78529817;9.260772
443;0.82360536;-0.82360536;9.337387
444;0.7661445;-0.7757214;9.260772
445;0.6703765;-0.63206923;9.595961
446;0.6895301;-0.51714754;9.595961
447;0.6799533;-0.46926352;9.5385
448;0.46926352;-0.2873042;9.80665
449;0.5650316;-0.1436521;9.797073
450;0.62249243;0.019153614;9.921572
451;0.6895301;0.18195933;10.160992
452;0.5267244;0.16280572;10.333375
453;0.19153613;0.40222588;10.141838
454;0.10534488;0.6703765;10.208876
455;0.2681506;0.80445176;10.170568
456;0.2777274;0.94810385;10.28549
457;0.34476504;1.0247183;10.304645
458;0.29688102;1.0821792;10.25676
459;0.545878;1.1875241;9.998186
460;0.47884035;1.1587936;10.01734
461;0.45010993;1.1971009;10.218452
462;0.6799533;1.2737153;10.141838
463;0.545878;1.2066777;10.189722
464;0.60333884;1.283292;10.132261
465;0.6991069;1.1875241;10.093954
466;0.62249243;1.2641385;10.141838
467;0.641646;1.2354081;9.9790325
468;0.6799533;1.2066777;9.844957
469;0.7661445;1.2354081;9.816227
470;0.5267244;1.1683705;9.720459
471;0.5554548;1.340753;9.682152
472;0.49799395;1.2449849;9.672575
473;0.50757074;1.388637;9.768343
474;0.46926352;1.388637;9.816227
475;0.5363012;1.4269443;9.749189
476;0.39264908;1.4652514;10.1226845
477;0.24899697;1.541866;10.28549
478;0.40222588;1.541866;10.266336
479;0.32561144;1.5035586;10.419566
480;0.20111294;1.4077905;10.419566
481;0.50757074;1.3790601;10.208876
482;0.22984336;1.3120226;10.400413
483;0.2873042;1.292869;10.390836
484;0.63206923;1.3120226;9.816227
485;-0.009576807;1.2641385;9.749189
486;0.4309563;1.340753;9.902418
487;0.23942018;1.3024458;9.308656
488;0.37349546;1.4556746;9.471462
489;0.38307226;1.3982137;9.758766
490;0.30645782;1.340753;9.050082
491;0.61291564;1.2641385;8.935161
492;0.50757074;1.2545617;9.232041
493;0.46926352;1.2545617;9.346964
494;1.0151415;1.340753;9.730036
495;0.23942018;1.2162545;9.414001
496;0.32561144;1.1683705;9.481039
497;0.8331822;1.1971009;10.266336
498;0.08619126;1.1587936;10.582372
499;0.5554548;1.1109096;10.208876
500;0.7661445;1.091756;10.67814
501;0.7182605;1.1300632;11.21444
502;0.7469909;1.1109096;11.099519
503;0.29688102;0.89064306;10.7356
504;0.6512229;1.0630256;10.888829
505;0.33518824;0.9672575;10.601525
506;0.095768064;0.90979666;9.825804
507;0.81402856;0.9864111;9.797073
508;-0.11492168;0.79487497;9.672575
509;0.78529817;1.1492168;9.825804
510;0.45010993;0.80445176;9.528923
511;0.4405331;0.80445176;8.896853
512;1.340753;1.0247183;9.251195
513;0.50757074;0.9864111;9.3661175
514;0.8810662;0.9576807;9.021352
515;0.59376204;0.8619126;9.107543
516;-0.06703765;0.7182605;9.021352
517;1.1492168;0.9576807;8.868123
518;-0.31603462;0.80445176;9.471462
519;0.21068975;1.1587936;10.228029
520;0.9864111;1.1109096;10.208876
521;-0.038307227;1.0726024;10.314221
522;1.2737153;1.3311762;11.051635
523;0.21068975;1.436521;10.91756
524;0.5363012;1.5610195;10.907983
525;0.11492168;1.4077905;10.582372
526;-0.7374141;1.3311762;9.346964
527;0.047884032;1.091756;8.944737
528;-0.19153613;1.1300632;9.576807
529;0.21068975;1.0821792;9.174581
530;0.9768343;1.3790601;9.471462
531;0.10534488;1.4939818;10.783484
532;0.9576807;1.7142484;10.314221
533;0.8619126;1.4939818;9.672575
534;-0.02873042;1.7142484;10.218452
535;1.1875241;1.9632454;10.936713
536;-0.58418524;1.2545617;9.337387
537;0.36391866;1.5993267;9.5385
538;1.4652514;1.685518;11.271901
539;0.2777274;1.388637;9.892841
540;1.7717092;1.7621324;9.203311
541;1.5801731;1.7142484;10.658986
542;1.1300632;1.8291701;10.189722
543;0.8714894;1.6184803;8.772355
544;-0.90021986;1.3694834;8.7053175
545;0.5650316;1.934515;9.864111
546;-1.0821792;1.6663644;9.797073
547;0.41180268;1.934515;10.323798
548;0.5554548;1.982399;10.907983
549;0.24899697;1.7525556;11.070788
550;2.7389667;1.4652514;11.243171
551;1.8004397;1.4939818;10.764331
552;0.076614454;1.2449849;10.649409
553;1.5897499;1.3599066;10.208876
554;0.0;1.0726024;8.341399
555;-2.4133554;1.3024458;9.270349
556;-0.50757074;1.2162545;9.902418
557;0.24899697;1.1587936;8.0445175
558;-0.545878;0.94810385;10.266336
559;2.72939;1.5035586;12.679692
560;3.4093432;1.2066777;11.645397
561;-0.15322891;0.41180268;10.04607
562;2.3750482;1.3599066;10.611102
563;0.50757074;1.2066777;11.051635
564;-2.0973208;1.340753;8.523358
565;-1.8962077;1.283292;9.174581
566;-0.29688102;1.4556746;9.634268
567;0.076614454;1.2641385;10.0269165
568;0.93852705;0.91937345;10.888829
569;1.388637;0.58418524;9.959879
570;2.4516625;0.6799533;9.452309
571;0.36391866;0.45968673;10.649409
572;0.61291564;0.93852705;9.576807
573;-1.7908629;0.08619126;7.201759
574;-1.9249382;0.2681506;7.067683
575;0.23942018;0.641646;9.078813
576;-1.13964;0.7086837;8.350976
577;1.9249382;0.39264908;9.720459
578;1.8100165;0.50757074;10.132261
579;4.0222588;0.46926352;10.007763
580;0.61291564;0.4309563;10.563218
581;1.3311762;1.2258313;11.300632
582;-0.31603462;1.1683705;9.509769
583;-2.7389667;1.3311762;9.299079
584;0.31603462;1.3503298;9.825804
585;0.06703765;0.90021986;8.590396
586;1.7908629;1.0342951;9.691729
587;1.541866;0.90979666;11.568783
588;2.1547816;1.388637;11.386824
589;1.9632454;1.6950948;11.492168
590;-1.3503298;1.283292;10.984597
591;0.49799395;1.1109096;7.651869
592;-1.1109096;0.60333884;7.795521
593;0.1436521;1.2354081;10.381259
594;0.41180268;1.3790601;10.208876
595;1.3694834;1.5897499;8.226477
596;2.767697;1.5035586;12.315774
597;-0.19153613;1.3215994;11.329363
598;1.3120226;1.5993267;7.4986396
599;-0.7565677;1.5705963;10.601525
600;-1.9919758;2.2697031;10.505757
601;1.0630256;1.9919758;8.226477
602;1.2066777;2.0398598;11.827356
603;0.0;2.078167;12.6222315
604;2.432509;2.4516625;10.237606
605;1.982399;2.4899697;11.080365
606;-3.3327289;2.5570073;12.4785795
607;-0.22984336;2.1547816;9.720459
608;0.8331822;1.436521;7.3071036
609;-1.340753;1.3215994;11.291056
610;2.528277;2.6719291;9.500193
611;2.9400797;2.1643584;10.275913
612;0.7757214;3.2561142;11.87524
613;-1.1109096;3.1316159;11.645397
614;-0.60333884;2.8538885;7.2687964
615;-0.4405331;2.336741;7.5944076
616;0.31603462;2.566584;11.750742
617;2.2505496;2.9879637;10.266336
618;1.2066777;2.566584;8.379706
619;0.35434186;2.1164744;8.992621
620;0.8714894;2.6527755;10.295067
621;-0.34476504;2.5474305;9.77792
622;-0.37349546;2.5187001;8.695741
623;-0.32561144;1.5705963;8.963891
624;3.1507695;2.2697031;10.371682
625;1.5993267;2.3080103;11.329363
626;-2.336741;2.4420857;9.959879
627;1.340753;2.9592333;10.314221
628;1.0821792;2.4229321;12.603078
629;0.7374141;2.078167;12.095507
630;2.5570073;1.1971009;9.959879
631;1.3694834;1.7142484;10.898406
632;-1.2737153;1.5514427;12.679692
633;-0.7278373;2.2409728;11.951855
634;-1.1204864;1.3790601;10.218452
635;0.6991069;0.60333884;8.580819
636;2.4612393;0.641646;9.662998
637;1.6759412;1.484405;11.530476
638;0.9672575;1.9249382;10.505757
639;-1.4556746;0.9672575;10.409989
640;0.076614454;1.0821792;8.197746
641;0.009576807;0.91937345;8.714894
642;-0.51714754;1.0342951;10.91756
643;-0.545878;1.13964;8.762778
644;-0.5746084;0.641646;9.165004
645;-0.93852705;0.9864111;9.835381
646;0.59376204;0.2777274;7.4028716
647;0.0;-0.48841715;8.101978
648;1.7908629;0.02873042;10.46745
649;0.6512229;0.38307226;11.118672
650;1.3215994;0.5650316;9.883265
651;-0.095768064;0.047884032;10.218452
652;1.3215994;0.45010993;7.8529816
653;0.37349546;-0.2681506;8.916007
654;-1.4269443;0.22026655;10.649409
655;-0.32561144;-0.10534488;9.615114
656;0.5363012;-0.9864111;7.8146744
657;1.2066777;-0.31603462;8.724471
658;-1.0342951;-0.37349546;10.563218
659;3.0071173;-0.076614454;10.70687
660;2.4037786;-0.10534488;10.151415
661;-2.7006595;0.35434186;11.750742
662;0.78529817;1.1587936;10.218452
663;1.6567876;-0.4405331;8.983045
664;0.34476504;-0.38307226;11.779472
665;0.90021986;0.34476504;12.334928
666;1.1587936;-0.38307226;9.050082
667;0.89064306;-0.45010993;7.345411
668;-0.45968673;-0.25857377;11.884817
669;2.1068976;0.15322891;12.995727
670;0.12449849;-1.0821792;8.7053175
671;-2.0398598;-0.5650316;8.772355
672;-0.019153614;-0.6703765;9.14585
673;1.7142484;-0.92895025;7.52737
674;2.0015526;-1.4652514;8.896853
675;0.06703765;-0.842759;11.377247
676;-0.019153614;-0.48841715;8.628703
677;-2.0685902;-1.388637;5.6215854
678;2.5091233;-0.0;7.5465236
679;-2.1068976;-0.19153613;11.492168
680;-1.7429788;0.8619126;9.758766
681;2.7102363;0.63206923;8.504205
682;-1.6950948;-0.8619126;8.178593
683;2.815581;0.63206923;9.931149
684;1.685518;-0.0;12.593501
685;0.6799533;0.06703765;10.658986
686;1.5514427;0.8331822;10.208876
687;-1.6759412;-0.2873042;9.184157
688;1.6472107;1.1875241;7.97748
689;1.8291701;1.1779473;12.239159
690;-0.6991069;1.4077905;13.206416
691;-1.3024458;0.60333884;10.084377
692;0.38307226;-0.49799395;8.42759
693;2.6623523;-0.29688102;10.448297
694;1.9632454;0.22984336;12.516887
695;1.5131354;0.36391866;10.927136
696;0.38307226;-0.7278373;10.745177
697;1.0534488;0.48841715;9.385271
698;-2.834735;-0.6895301;8.379706
699;1.0342951;0.78529817;8.552089
700;1.7142484;0.37349546;13.350069
701;-2.72939;0.05746084;10.745177
702;1.5514427;0.7086837;7.632715
703;-0.24899697;-0.5746084;9.768343
704;0.2681506;0.30645782;13.206416
705;5.6982;0.9576807;12.306197
706;-1.6376339;-1.4077905;10.295067
707;3.083732;0.36391866;8.810662
708;1.0151415;-0.32561144;9.9790325
709;-3.7732618;-0.2681506;7.6710224
710;-0.1340753;0.49799395;8.695741
711;0.10534488;-0.6991069;8.619126
712;-1.1109096;-1.5801731;9.691729
713;2.1930888;-0.7086837;8.714894
714;0.019153614;-2.4612393;7.7189064
715;2.7964275;-0.81402856;8.791509
716;1.3790601;-0.46926352;14.068329
717;-2.6910827;-0.038307227;9.471462
718;1.9153614;-0.12449849;7.603985
719;-0.038307227;-0.15322891;10.563218
720;0.2873042;0.1436521;13.072341
721;3.2465374;0.038307227;13.809755
722;1.7525556;-0.06703765;11.990162
723;-1.2258313;-0.17238252;10.869676
724;1.1013328;-0.08619126;9.844957
725;2.4420857;-0.15322891;10.314221
726;0.24899697;-0.11492168;13.062764
727;0.4213795;0.019153614;11.81778
728;-1.6950948;-1.6184803;7.067683
729;2.2697031;-0.58418524;5.1906295
730;-0.24899697;-1.4269443;12.679692
731;1.5131354;0.34476504;12.823344
732;1.9728222;-1.6567876;8.197746
733;-1.9057846;-2.5378537;5.2385135
734;2.3654714;-0.9864111;7.0485296
735;1.2737153;-2.1739352;9.404425
736;0.63206923;-1.2162545;7.8529816
737;1.4556746;-0.94810385;10.773908
738;-3.6391866;-2.480393;10.67814
739;1.1492168;-1.0630256;2.2697031
740;0.80445176;-0.90021986;9.720459
741;-2.719813;-0.17238252;15.456966
742;1.7812861;0.047884032;12.813767
743;0.7374141;-0.61291564;5.6790466
744;-2.2218192;-0.9864111;10.1226845
745;2.528277;0.6895301;12.0571995
746;3.217807;0.22984336;13.148955
747;0.6799533;-0.36391866;12.77546
748;0.05746084;0.49799395;13.953407
749;0.47884035;-0.1340753;9.32781
750;-0.58418524;-0.842759;3.6296098
751;2.8921957;0.02873042;12.583924
752;2.27928;-0.0;16.069881
753;-3.2561142;-1.2737153;8.485051
754;1.7525556;-1.0151415;6.531382
755;1.7429788;-1.2641385;8.743625
756;0.11492168;-0.25857377;12.459426
757;3.7349546;0.36391866;11.147403
758;-0.9864111;-1.3694834;10.630256
759;-0.91937345;-0.15322891;7.5944076
760;0.9576807;-1.3120226;9.902418
761;0.7374141;-0.80445176;7.833828
762;1.7908629;0.095768064;11.137826
763;-0.6799533;0.32561144;13.742718
764;-1.0247183;0.15322891;7.2209125
765;-0.19153613;-1.2641385;4.414908
766;-0.7086837;-0.9576807;7.785944
767;1.6759412;1.2162545;12.26789
768;1.6567876;0.5267244;12.210428
769;0.22026655;-0.0;8.532935
770;2.6144683;0.62249243;9.078813
771;0.46926352;-0.36391866;9.80665
772;2.2218192;0.6799533;10.515334
773;1.685518;1.4269443;11.894394
774;-4.414908;0.82360536;10.46745
775;-1.4748282;0.40222588;7.833828
776;1.3599066;-0.32561144;7.690176
777;-0.60333884;0.9959879;9.739613
778;0.51714754;0.48841715;12.938266
779;4.10845;0.91937345;12.172121
780;-0.02873042;0.2777274;11.032481
781;0.36391866;-0.06703765;8.437167
782;1.5131354;-0.6799533;7.603985
783;-1.043872;-0.45010993;8.734048
784;-1.2737153;0.38307226;11.60709
785;-2.1068976;1.1492168;11.769896
786;-1.6376339;0.7757214;8.322245
787;2.566584;-0.05746084;9.356541
788;2.4133554;0.80445176;11.63582
789;1.5131354;1.3599066;14.470555
790;0.095768064;0.9959879;12.277467
791;0.24899697;0.7374141;7.3645644
792;1.541866;0.18195933;9.691729
793;-1.9728222;0.61291564;11.511322
794;-0.45010993;0.4309563;8.437167
795;0.30645782;0.12449849;7.2113357
796;-2.3750482;0.15322891;8.896853
797;1.1204864;0.24899697;7.3166804
798;3.0454245;0.5554548;8.619126
799;-1.1875241;0.39264908;9.854534
800;1.2162545;0.22984336;8.925584
801;4.7309427;0.22984336;6.1866174
802;-1.5035586;0.29688102;8.485051
803;0.08619126;1.7046716;10.821792
804;1.8483237;1.5610195;9.730036
805;-2.5378537;0.49799395;8.465898
806;-1.1109096;0.89064306;11.18571
807;4.146757;1.4556746;10.409989
808;0.4309563;-0.5746084;9.5385
809;3.7732618;0.36391866;12.095507
810;2.0111294;0.12449849;14.824897
811;0.2681506;-0.30645782;10.821792
812;-0.11492168;-1.340753;9.346964
813;2.3558946;0.18195933;12.306197
814;-0.842759;0.05746084;13.67568
815;-1.7046716;0.48841715;10.994174
816;2.7389667;0.7565677;10.113108
817;-0.11492168;-0.038307227;11.722012
818;-0.90979666;0.4309563;12.229582
819;3.667917;0.89064306;11.444284
820;-0.91937345;-0.545878;8.42759
821;-2.27928;-0.20111294;9.787497
822;2.3463178;1.436521;11.281479
823;0.1340753;0.25857377;10.582372
824;-1.6950948;-0.34476504;8.935161
825;1.9728222;0.7278373;8.839393
826;-1.7812861;-0.17238252;7.489063
827;0.90021986;-0.25857377;9.011775
828;4.3382936;0.91937345;11.147403
829;-2.6240451;-0.90021986;8.034941
830;1.5514427;-1.091756;5.0661306
831;1.0726024;-2.231396;5.6790466
832;-6.3206925;-0.7182605;6.0525417
833;-0.34476504;0.18195933;6.5026517
834;-0.05746084;-0.60333884;9.165004
835;-3.8019924;-1.388637;8.571242
836;1.091756;-1.5897499;5.257667
837;3.5434184;-1.685518;7.881712
838;1.2449849;-0.62249243;13.292608
839;2.3080103;0.7086837;18.195932
840;1.9632454;-0.92895025;15.26543
841;0.80445176;-2.719813;8.829816
842;2.4995465;-4.050989;7.297527
843;-1.8579005;-1.1683705;17.640478
844;1.9153614;0.4213795;21.41374
845;0.7565677;-4.309563;11.310209
846;-2.7581203;-3.916914;7.6710224
847;0.91937345;-5.3821654;8.379706
848;4.912902;-4.8267107;10.860099
849;4.55856;-4.10845;7.7667904
850;-4.0222588;-5.4300494;11.923124
851;0.46926352;-3.4284968;7.8146744
852;2.5091233;-8.37013;3.3518825
853;1.9153614;-6.7612257;2.9017725
854;2.834735;-1.8770541;5.363012
855;-2.4612393;-4.213795;2.5953147
856;-0.46926352;-4.9416323;1.8100165
857;0.5746084;-0.9768343;4.7979803
858;3.5434184;-2.1452048;7.383718
859;0.7278373;-1.13964;5.133168
860;0.7757214;0.50757074;1.6759412
861;3.6966474;-0.93852705;14.001291
862;0.9864111;1.9919758;14.384364
863;3.3997664;2.825158;10.668563
864;2.5570073;3.2082303;16.309301
865;-0.18195933;1.8770541;17.822437
866;4.8937483;3.083732;12.26789
867;-2.767697;1.4939818;13.742718
868;-1.934515;3.6391866;18.157625
869;2.4708161;0.80445176;12.564771
870;-4.663905;-5.133168;0.7661445
871;0.7565677;-0.24899697;16.539145
872;-1.3120226;0.46926352;21.164743
873;-5.6886234;-5.90889;5.2289367
874;5.3821654;-6.253655;9.624691
875;-0.05746084;-6.0525417;12.028469
876;-1.7429788;-5.9759274;18.416199
877;10.91756;-4.5777135;6.7708025
878;-2.078167;-7.479486;-1.436521
879;-12.4785795;-2.7485435;13.733141
880;0.7182605;-4.3766007;3.1794999
881;-4.5394063;-5.803545;-4.261679
882;-6.081272;-3.8307228;7.52737
883;5.544971;1.0726024;15.160085
884;6.291962;1.1875241;10.01734
885;1.1779473;-0.21068975;10.0269165
886;1.8195933;2.135628;13.168109
887;2.1452048;1.2737153;8.255207
888;2.72939;1.6089035;7.728483
889;-1.2162545;2.930503;8.169016
890;-2.4229321;3.064578;15.811308
891;-1.292869;3.5051112;11.568783
892;1.2545617;4.9799395;8.149862
893;0.18195933;2.6144683;10.994174
894;2.681506;2.3463178;10.28549
895;5.803545;3.5242648;7.3645644
896;4.0797195;3.9743748;11.741165
897;0.23942018;4.1659107;14.585477
898;-0.17238252;4.510676;8.130709
899;-0.6991069;4.223372;0.7278373
900;-0.23942018;4.213795;3.572149
901;0.5650316;4.654328;12.325351
902;-2.825158;3.8019924;12.354081
903;0.06703765;4.817134;3.4284968
904;-0.18195933;4.606444;0.90021986
905;-1.6376339;4.2521024;6.6367273
906;0.2777274;6.1387334;11.702858
907;1.1875241;7.603985;17.286137
908;-2.3080103;6.943185;11.779472
909;-0.90979666;5.439626;8.255207
910;3.4284968;5.2768207;12.26789
911;-0.6512229;6.6367273;19.929335
912;0.25857377;10.658986;20.590134
913;2.4420857;9.251195;16.749836
914;0.6607997;7.441179;10.113108
915;1.5897499;7.28795;13.8480625
916;-2.0590134;5.449203;18.042704
917;-2.3558946;6.742072;20.025103
918;0.9768343;5.161899;10.266336
919;3.3997664;5.947197;8.561666
920;0.1340753;4.1946416;9.050082
921;-1.6089035;2.4995465;5.899313
922;8.360553;3.763685;2.72939
923;1.340753;2.6144683;6.799533
924;-2.5378537;2.3654714;5.133168
925;4.510676;-0.05746084;-6.3589997
926;-1.0151415;-1.4748282;-3.466804
927;-0.9672575;0.1436521;4.9895163
928;0.79487497;-0.31603462;2.633622
929;-2.4420857;0.50757074;-5.4300494
930;-3.1986535;-0.30645782;-6.3589997
931;0.8619126;0.7757214;5.1906295
932;4.357447;3.4955344;13.43626
933;-2.2697031;2.4229321;14.920665
934;2.8060043;4.405331;7.5465236
935;3.8594532;2.9113493;3.0071173
936;-6.5696893;5.3438582;23.060951
937;-3.217807;8.504205;19.335573
938;-2.327164;6.033388;14.18325
939;-0.49799395;5.583278;28.720844
940;2.3080103;8.264784;25.129541
941;7.3071036;7.192182;24.487894
942;5.5737014;5.602432;23.03222
943;0.17238252;3.8498764;26.18299
944;-2.719813;5.1906295;22.716187
945;-2.030283;6.2345014;15.887922
946;-4.0797195;2.183512;12.392388
947;-0.019153614;0.80445176;19.364304
948;1.8195933;0.79487497;15.361198
949;2.8443117;-1.4077905;11.712435
950;6.9144545;-1.1779473;10.620679
951;3.265691;-0.5746084;12.382812
952;1.532289;-0.39264908;13.819332
953;4.213795;-0.7469909;8.24563
954;-0.1436521;-2.777274;6.445191
955;-1.3982137;-3.064578;7.153875
956;2.4420857;-3.4763808;6.081272
957;-2.633622;-4.8841715;9.662998
958;1.4652514;-3.4284968;5.8322754
959;0.4405331;-6.339846;3.9456444
960;0.5746084;-3.7349546;7.422025
961;1.5035586;-4.232949;9.050082
962;0.45010993;-4.903325;5.8322754
963;-2.2601264;-4.405331;3.4859576
964;2.5378537;-3.7924154;3.4572272
965;0.0;-4.8745947;7.1347213
966;-1.2641385;-3.8594532;8.762778
967;0.2873042;-5.3821654;4.8841715
968;-2.030283;-5.142745;0.79487497
969;-3.5625722;-6.483498;2.4708161
970;-2.96881;-6.291962;3.2082303
971;-2.7868507;-4.7500963;7.0006456
972;3.9456444;-3.514688;8.063671
973;0.46926352;-5.257667;5.3247046
974;4.4723687;-3.7253778;8.90643
975;4.9703627;-3.6870706;11.971008
976;0.49799395;-3.6583402;14.279019
977;1.2641385;-3.0071173;7.776367
978;-0.6991069;-4.673482;9.078813
979;1.484405;-3.8594532;8.829816
980;2.0207062;-4.548983;5.2385135
981;1.4173675;-4.060566;7.7093296
982;-0.7374141;-5.3438582;8.331821
983;-1.4748282;-6.0525417;3.0071173
984;2.384625;-5.171476;3.8498764
985;0.41180268;-6.5122285;8.887277
986;0.9959879;-4.3766007;5.2289367
987;1.685518;-4.606444;6.943185
988;-3.371036;-4.31914;6.991069
989;-2.5953147;-3.5242648;6.799533
990;4.5681367;-4.5681367;8.647857
991;-0.35434186;-6.14831;7.517793
992;2.815581;-3.9360676;3.7253778
993;1.541866;-4.759673;7.3071036
994;-3.9264908;-3.6391866;10.927136
995;-2.327164;-1.8195933;8.686164
996;-2.5187001;-3.9935284;6.5601125
997;0.31603462;-2.9113493;6.751649
998;-1.1779473;-3.6966474;8.66701
999;0.545878;-3.6391866;9.548077
1000;1.7238252;-1.2258313;11.013328
1001;-3.1986535;-3.514688;9.385271
1002;2.6431987;-2.4899697;5.401319
1003;2.0590134;-2.7389667;7.73806
1004;-1.1109096;-2.3654714;8.24563
1005;0.7757214;-2.8921957;6.2823853
1006;1.3024458;-1.934515;5.631162
1007;-2.1930888;-1.7717092;9.931149
1008;-2.2026656;-2.2409728;6.8091097
1009;3.1603463;-1.3982137;4.357447
1010;-1.340753;-2.1164744;8.963891
1011;-3.3614593;-2.2697031;9.988609
1012;9.959879;0.8331822;6.646304
1013;0.7469909;-1.8962077;10.745177
1014;-4.0414124;-1.6089035;8.580819
1015;12.909535;1.3982137;3.5242648
1016;-7.153875;-3.6870706;8.791509
1017;-1.13964;-0.0;8.121132
1018;12.670115;3.3901896;7.3549876
1019;-6.540959;-0.545878;13.053187
1020;-0.60333884;0.90979666;5.3438582
1021;15.667656;2.0015526;-3.715801
1022;-8.379706;-1.9919758;13.493721
1023;3.0454245;4.5394063;24.162283
1024;16.749836;2.5378537;1.13964
1025;-10.524911;-3.620033;-1.5897499
1026;7.1155677;2.9400797;9.624691
1027;6.033388;3.0358477;8.341399
1028;-6.2823853;-0.641646;1.8100165
1029;0.17238252;2.633622;7.489063
1030;2.4708161;1.2545617;10.649409
1031;-0.21068975;1.4556746;9.77792
1032;2.7485435;4.146757;16.232687
1033;1.4939818;5.391742;22.064962
1034;-2.7868507;4.8362875;18.962078
1035;2.4133554;5.6120086;13.081918
1036;-1.7717092;2.480393;13.88637
1037;-1.340753;2.882619;16.481684
1038;5.0278234;3.6583402;14.269443
1039;-1.4460979;3.5434184;16.567875
1040;-2.2122424;2.2122424;14.729129
1041;4.0701427;1.1971009;11.300632
1042;2.7389667;0.641646;12.469003
1043;-0.37349546;1.9153614;16.941372
1044;-2.9975405;2.327164;17.257406
1045;-2.7581203;1.685518;10.697293
1046;-0.7278373;0.62249243;11.061212
1047;-1.4077905;0.20111294;11.013328
1048;1.4173675;0.076614454;10.04607
1049;2.2122424;0.2873042;11.808203
1050;-2.135628;0.1340753;12.277467
1051;1.5035586;0.58418524;9.854534
1052;1.1204864;-1.3311762;7.651869
1053;-0.21068975;-0.9864111;8.456321
1054;0.45968673;-0.25857377;11.147403
1055;-0.9576807;-0.34476504;8.437167
1056;-2.566584;-0.9768343;5.813122
1057;0.60333884;-0.9672575;7.1251445
1058;-0.79487497;-1.982399;9.136273
1059;2.528277;0.009576807;8.274361
1060;-1.4939818;-0.02873042;11.176133
1061;2.3463178;0.6991069;11.415554
1062;0.35434186;-0.78529817;8.1402855
1063;0.5650316;0.24899697;8.571242
1064;3.7062242;0.5554548;13.302185
1065;-0.6895301;0.7086837;14.116213
1066;-2.231396;-0.38307226;8.015787
1067;1.982399;-0.15322891;7.067683
1068;-2.3080103;-1.3024458;10.831368
1069;3.667917;0.7086837;12.382812
1070;-1.6089035;-1.5131354;12.325351
1071;-0.23942018;-0.5267244;9.030929
1072;2.8060043;-0.076614454;11.884817
1073;-2.3750482;-0.51714754;10.716447
1074;2.0207062;0.7565677;10.553641
1075;2.633622;-0.22026655;12.354081
1076;-1.6950948;0.49799395;11.444284
1077;0.16280572;0.08619126;8.523358
1078;1.6280571;-0.90021986;7.5465236
1079;-0.047884032;-0.2777274;9.232041
1080;-1.7621324;0.02873042;11.9135475
1081;-0.5650316;-0.4405331;8.676587
1082;-0.02873042;-1.2354081;6.5122285
1083;0.02873042;-0.6991069;8.130709
1084;2.2984335;0.009576807;11.032481
1085;3.3614593;0.23942018;11.281479
1086;-0.47884035;0.038307227;11.645397
1087;-1.733402;-0.36391866;8.532935
1088;2.1068976;-1.7908629;4.663905
1089;-0.4213795;-1.6663644;7.1730285
1090;-1.9536686;0.047884032;12.516887
1091;1.0151415;0.10534488;11.626244
1092;-3.371036;-0.9768343;4.6926355
1093;0.7278373;0.18195933;8.255207
1094;5.717354;1.1109096;13.101071
1095;-0.37349546;1.340753;14.020445
1096;4.3766007;0.7278373;11.836933
1097;-0.81402856;-0.39264908;6.83784
1098;-2.0398598;0.1340753;9.385271
1099;4.0414124;0.46926352;13.005303
1100;2.0015526;1.3503298;12.852075
1101;-1.4269443;0.2681506;9.844957
1102;1.2737153;-0.038307227;9.509769
1103;0.1340753;-0.095768064;9.14585
1104;1.5801731;0.08619126;10.46745
1105;0.30645782;-0.51714754;13.034034
1106;-0.16280572;-0.48841715;10.132261
1107;1.1013328;-1.3790601;8.00621
1108;0.8619126;-1.0247183;7.824251
1109;0.7469909;-1.0534488;10.28549
1110;2.9879637;0.41180268;10.141838
1111;0.9864111;0.1436521;11.061212
1112;-0.842759;0.076614454;9.902418
1113;-0.48841715;-0.038307227;7.2113357
1114;0.91937345;-0.12449849;6.646304
1115;0.11492168;0.7469909;12.698846
1116;0.009576807;0.82360536;11.722012
1117;0.1340753;-0.02873042;7.824251
1118;0.8714894;-0.79487497;7.5082164
1119;0.24899697;-0.1340753;9.672575
1120;2.633622;0.37349546;10.773908
1121;1.8579005;0.6991069;11.779472
1122;-1.388637;0.45968673;10.400413
1123;-1.1109096;0.29688102;8.197746
1124;-0.19153613;-1.1300632;7.785944
1125;0.9864111;0.5267244;8.7532015
1126;0.48841715;0.78529817;13.819332
1127;-1.340753;-0.019153614;12.095507
1128;0.2681506;0.18195933;6.8282633
1129;0.31603462;-0.7374141;8.1402855
1130;2.566584;-0.06703765;11.999739
1131;3.4859576;1.1587936;14.384364
1132;-1.0055647;0.33518824;11.798626
1133;-1.2162545;0.095768064;8.389283
1134;0.5554548;-0.9864111;9.787497
1135;-0.2681506;-0.38307226;9.442732
1136;1.8962077;-0.6512229;11.061212
1137;2.3750482;-0.08619126;11.798626
1138;-2.2026656;-0.076614454;8.896853
1139;-0.5363012;-0.32561144;6.933608
1140;3.5434184;-1.1109096;6.7803793
1141;1.4269443;0.25857377;10.400413
1142;-0.7374141;-0.10534488;11.951855
1143;1.436521;-0.5650316;8.24563
1144;0.78529817;-0.9672575;6.301539
1145;-1.8291701;-1.2449849;10.419566
1146;3.466804;0.30645782;9.739613
1147;2.2505496;0.038307227;9.442732
1148;-1.541866;-0.038307227;12.411542
1149;-1.8100165;-0.9672575;7.9870567
1150;0.92895025;-1.1300632;3.916914
1151;1.733402;-0.7757214;11.559206
1152;0.50757074;0.59376204;16.97968
1153;-0.34476504;-0.37349546;8.178593
1154;0.1436521;-0.92895025;4.7884035
1155;0.60333884;-0.25857377;14.097059
1156;-0.30645782;0.33518824;14.796166
1157;3.5529952;0.31603462;10.25676
1158;-1.7812861;-1.2641385;10.888829
1159;-2.5091233;0.641646;12.880805
1160;2.0590134;0.4309563;8.858546
1161;-1.3215994;-1.8100165;8.149862
1162;0.1436521;0.38307226;12.698846
1163;-1.5897499;-0.0;11.329363
1164;-1.1300632;-0.90021986;4.7405195
1165;4.721366;0.16280572;9.56723
1166;-3.8019924;-0.51714754;13.158532
1167;2.2409728;0.48841715;10.879252
1168;5.8226986;-0.06703765;7.2592196
1169;-4.5298295;-1.8387469;8.734048
1170;4.453215;0.23942018;6.291962
1171;0.59376204;0.17238252;7.1347213
1172;-0.7086837;0.61291564;11.530476
1173;-0.30645782;-1.4077905;9.3182335
1174;2.336741;-0.019153614;2.078167
1175;-0.11492168;-1.4269443;11.051635
1176;2.6144683;0.842759;14.614207
1177;2.480393;-0.34476504;12.325351
1178;1.8195933;-1.6089035;9.279925
1179;0.10534488;-0.12449849;8.418014
1180;0.5363012;1.8195933;13.110648
1181;0.8331822;1.9153614;12.200851
1182;-0.59376204;1.4939818;9.998186
1183;-0.5267244;1.043872;11.779472
1184;1.5227122;1.1013328;9.069236
1185;3.3901896;0.45968673;12.5743475
1186;4.1659107;0.23942018;15.418659
1187;1.0055647;-0.4309563;14.633361
1188;1.6950948;-1.13964;5.7269306
1189;-1.13964;-0.91937345;6.6750345
1190;0.60333884;0.7182605;9.797073
1191;0.019153614;-0.2681506;11.089942
1192;-1.2545617;-1.3694834;6.7133417
1193;0.31603462;-0.8331822;9.136273
1194;1.5227122;-0.62249243;8.619126
1195;2.1930888;-1.4652514;8.255207
1196;4.6351743;0.10534488;11.128249
1197;0.545878;-0.06703765;13.40753
1198;-1.5705963;-0.25857377;9.730036
1199;0.1340753;-0.90979666;6.3111157
1200;0.45968673;-1.2354081;7.5848308
1201;-1.3694834;-0.7565677;9.356541
1202;1.0342951;-0.0;10.180145
1203;-0.62249243;-0.51714754;10.199299
1204;-2.8538885;-0.5650316;7.489063
1205;4.261679;-0.0;7.4603324
1206;1.1875241;-0.90021986;12.344504
1207;2.3175871;0.91937345;13.445837
1208;3.8977604;0.019153614;12.698846
1209;-2.6719291;0.06703765;9.251195
1210;-0.22026655;0.05746084;8.121132
1211;1.8004397;0.5267244;9.14585
1212;0.06703765;1.1109096;12.018892
1213;-2.1547816;0.23942018;11.348516
1214;0.7469909;-0.58418524;6.129156
1215;1.4173675;-0.45010993;9.222465
1216;0.79487497;-0.22984336;12.421119
1217;4.6255975;1.4077905;13.024457
1218;2.7102363;-0.1340753;12.5264635
1219;-1.9440918;-0.2873042;10.94629
1220;-0.4213795;-0.5746084;7.9104424
1221;-0.33518824;-0.7469909;8.494628
1222;-0.49799395;-0.38307226;10.620679
1223;-0.05746084;0.1340753;11.789049
1224;-1.4939818;-1.3790601;8.954314
1225;2.1068976;-1.3215994;3.5529952
1226;1.043872;-0.60333884;10.007763
1227;0.80445176;0.08619126;13.158532
1228;1.733402;0.22026655;12.038046
1229;-0.78529817;-0.8619126;8.743625
1230;0.4213795;0.63206923;10.036493
1231;1.3311762;-0.05746084;9.308656
1232;0.6991069;-0.076614454;9.011775
1233;0.4213795;0.019153614;9.471462
1234;-4.5394063;-0.45010993;11.492168
1235;-1.13964;-0.59376204;6.3589997
1236;3.7732618;-1.1779473;5.9663506
1237;-2.030283;-0.51714754;10.821792
1238;3.9935284;1.3694834;13.579912
1239;3.9360676;-0.50757074;13.397953
1240;-1.4077905;-0.7469909;8.829816
1241;0.22026655;-0.46926352;7.029376
1242;0.6895301;-0.80445176;9.710882
1243;1.292869;0.15322891;10.065224
1244;-0.41180268;0.10534488;12.650962
1245;-3.8307228;-0.7086837;9.950302
1246;2.0111294;-0.25857377;6.9048777
1247;0.60333884;-0.2681506;11.032481
1248;2.384625;1.0247183;15.1696615
1249;2.1643584;0.50757074;13.953407
1250;0.095768064;-0.38307226;7.651869
1251;0.17238252;-0.06703765;9.346964
1252;-0.48841715;1.0726024;10.649409
1253;0.34476504;0.62249243;9.605537
1254;0.81402856;-0.2681506;10.007763
1255;-0.6991069;0.842759;11.549629
1256;-2.9017725;-0.6607997;7.785944
1257;3.9456444;-0.0;7.3549876
1258;1.6089035;0.48841715;13.560759
1259;-0.10534488;1.388637;13.905523
1260;4.261679;-0.20111294;8.1402855
1261;-1.5993267;-0.8714894;6.493075
1262;-0.91937345;-0.8619126;7.383718
1263;3.5529952;-0.46926352;8.695741
1264;-0.8714894;-0.9576807;9.911995
1265;-0.19153613;-1.0534488;10.419566
1266;0.6991069;-0.5363012;5.085284
1267;-1.7238252;-0.641646;6.789956
1268;3.3997664;-0.22984336;12.976573
1269;4.098873;0.18195933;12.583924
1270;-1.484405;-0.81402856;8.714894
1271;1.2162545;-1.7046716;8.676587
1272;3.1316159;-0.19153613;11.233594
1273;-0.8810662;-1.0055647;11.674128
1274;-0.8331822;-0.33518824;9.56723
1275;-0.17238252;-0.0;11.81778
1276;-0.22026655;0.842759;11.137826
1277;-1.9249382;-0.60333884;9.14585
1278;4.1371803;0.32561144;8.848969
1279;4.280833;0.08619126;15.543158
1280;-0.48841715;0.62249243;13.493721
1281;1.4077905;0.22984336;5.717354
1282;-1.685518;-1.4556746;8.848969
1283;1.2641385;-0.047884032;12.181698
1284;3.2273839;-0.58418524;10.400413
1285;-3.1028855;-1.1971009;6.435614
1286;1.541866;0.1340753;8.446744
1287;0.7661445;-0.4309563;10.812215
1288;-2.3654714;-0.6991069;6.7803793
1289;2.1930888;-0.18195933;8.264784
1290;1.8962077;-0.36391866;11.722012
1291;-0.6512229;-0.10534488;12.411542
1292;1.388637;-1.2066777;6.588843
1293;-0.9576807;-2.0590134;9.011775
1294;3.0550013;1.0534488;12.287044
1295;-0.095768064;-0.25857377;11.099519
1296;-0.89064306;-0.41180268;6.244078
1297;-0.33518824;-0.5554548;8.63828
1298;-3.5338416;-1.3120226;11.60709
1299;4.2521024;1.3694834;10.984597
1300;2.9113493;-0.6799533;13.8959465
1301;-2.078167;-0.076614454;12.6222315
1302;2.5474305;-0.05746084;8.839393
1303;0.7086837;-0.79487497;9.835381
1304;0.91937345;-0.2681506;14.192827
1305;1.4077905;0.1436521;12.315774
1306;-2.633622;-0.5267244;6.3781533
1307;0.36391866;-0.58418524;8.274361
1308;2.3750482;-0.33518824;10.716447
1309;-0.90979666;-0.038307227;10.773908
1310;2.0111294;0.4405331;10.5440645
1311;2.2984335;-0.095768064;10.419566
1312;-2.231396;-0.5267244;7.297527
1313;2.7485435;0.22026655;7.690176
1314;-0.10534488;-1.2258313;10.70687
1315;0.8714894;-0.05746084;8.8777
1316;0.15322891;-0.6799533;8.389283
1317;-1.3599066;-0.51714754;9.710882
1318;1.1013328;-0.94810385;6.799533
1319;0.60333884;-0.21068975;8.015787
1320;2.0494366;0.545878;11.798626
1321;0.82360536;-0.25857377;10.821792
1322;0.31603462;0.36391866;5.851429
1323;0.095768064;0.48841715;10.515334
1324;-1.8962077;-0.047884032;13.177686
1325;2.681506;0.51714754;8.791509
1326;-0.8523358;1.0534488;14.700398
1327;-0.7374141;2.6048915;12.5743475
1328;0.8714894;0.79487497;9.040505
1329;1.7238252;1.1204864;10.419566
1330;1.8579005;1.2641385;15.658079
1331;1.7142484;1.2641385;14.60463
1332;0.31603462;0.34476504;8.772355
1333;1.7046716;1.3694834;10.113108
1334;0.94810385;1.1779473;10.275913
1335;-1.0630256;-0.9672575;10.6877165
1336;1.5705963;0.009576807;9.232041
1337;-5.592855;-0.19153613;6.7803793
1338;0.39264908;-0.37349546;4.0797195
1339;4.6255975;-1.0247183;7.086837
1340;-1.7717092;-1.2545617;12.124237
1341;4.10845;0.40222588;10.0269165
1342;1.6184803;-1.7621324;6.5122285
1343;0.5746084;-0.545878;7.7572136
1344;2.1452048;-0.6512229;9.14585
1345;-0.545878;-0.5554548;8.628703
1346;0.24899697;-0.22026655;10.505757
1347;-1.9536686;-0.20111294;8.762778
1348;-0.40222588;0.19153613;7.632715
1349;2.27928;0.45968673;11.568783
1350;0.2681506;0.7374141;14.144943
1351;4.050989;1.1013328;12.488156
1352;0.60333884;0.038307227;11.63582
1353;0.7661445;0.45010993;9.950302
1354;3.5434184;0.51714754;12.5264635
1355;-1.0534488;0.5363012;12.947843
1356;-1.2066777;0.29688102;10.400413
1357;-2.5091233;-0.641646;7.4986396
1358;0.5554548;0.7182605;9.911995
1359;-1.340753;-0.009576807;11.923124
1360;1.5610195;-0.31603462;9.3182335
1361;5.650316;0.22984336;10.94629
1362;-1.7717092;-0.5363012;12.018892
1363;0.62249243;0.39264908;7.785944
1364;2.2218192;-0.33518824;8.255207
1365;-2.4899697;-0.38307226;11.932701
1366;-0.61291564;0.49799395;10.093954
1367;-1.4077905;-1.4460979;4.3957543
1368;-2.9400797;-0.41180268;5.9663506
1369;0.20111294;-0.50757074;11.942278
1370;1.6089035;-0.33518824;9.988609
1371;1.7717092;-1.1779473;9.14585
1372;2.2984335;-0.61291564;11.463438
1373;2.1739352;-0.62249243;10.611102
1374;1.8866309;-0.45010993;9.749189
1375;0.7182605;-0.7565677;8.7532015
1376;-2.5187001;-1.292869;11.15698
1377;-0.30645782;-0.80445176;9.509769
1378;-0.62249243;-1.6376339;5.449203
1379;-1.4077905;-1.0821792;7.967903
1380;1.5993267;-0.25857377;13.043611
1381;1.4460979;-1.0630256;11.951855
1382;3.6104562;-0.842759;10.266336
1383;1.8100165;-1.7238252;9.002198
1384;-0.25857377;-0.8810662;10.716447
1385;4.156334;0.21068975;12.191275
1386;-0.009576807;-1.8866309;13.081918
1387;-1.685518;-1.0342951;8.590396
1388;-1.2737153;-1.8195933;7.201759
1389;0.79487497;-1.340753;6.9144545
1390;1.2449849;-0.2681506;10.907983
1391;0.9959879;0.18195933;14.777013
1392;1.3215994;-0.45010993;11.980585
1393;2.4708161;-0.7565677;8.820239
1394;1.0151415;-0.7661445;9.758766
1395;-0.8619126;-1.0726024;10.850522
1396;1.0151415;-1.541866;9.414001
1397;-0.94810385;-1.541866;8.111555
1398;-2.930503;-0.79487497;9.672575
1399;0.31603462;-1.6280571;9.346964
1400;1.8579005;-1.7908629;5.851429
1401;0.4405331;-1.8483237;9.950302
1402;-0.6799533;-1.4748282;14.853627
1403;2.882619;0.095768064;9.950302
1404;0.6607997;-1.2737153;8.858546
1405;1.0151415;-1.283292;9.260772
1406;1.6280571;-1.292869;11.166556
1407;1.7429788;-0.92895025;9.165004
1408;-2.5953147;-1.484405;8.762778
1409;-0.9672575;-0.2777274;10.170568
1410;2.183512;-0.92895025;9.030929
1411;-0.9959879;-2.6719291;5.6120086
1412;3.083732;-0.6607997;8.810662
1413;2.5474305;-0.34476504;15.389929
1414;-1.9249382;0.25857377;11.070788
1415;0.5650316;-0.047884032;6.1004257
1416;-0.4309563;-2.3080103;12.344504
1417;3.265691;0.4405331;8.303091
1418;4.309563;-1.532289;10.266336
1419;-0.90979666;-0.5363012;12.5743475
1420;-0.06703765;-0.20111294;10.860099
1421;0.40222588;-0.7565677;8.513782
1422;-2.3558946;-1.6472107;9.816227
1423;-0.29688102;-0.7374141;10.390836
1424;0.61291564;-1.1204864;12.287044
1425;0.047884032;-0.7182605;12.603078
1426;-2.566584;0.20111294;10.036493
1427;3.6774938;-1.8866309;8.7532015
1428;0.25857377;-2.3463178;12.785037
1429;4.060566;-0.80445176;12.143391
1430;0.47884035;-2.873042;10.199299
1431;-0.90979666;-1.4077905;7.374141
1432;1.532289;-0.5267244;9.069236
1433;-0.842759;-0.6991069;10.323798
1434;1.0342951;-0.45968673;10.515334
1435;-1.3215994;-2.480393;7.9391727
1436;-3.4093432;-2.566584;6.0621185
1437;2.3463178;-0.9672575;9.394848
1438;-1.9632454;-1.436521;11.702858
1439;0.6703765;-0.34476504;7.374141
1440;2.4899697;-1.6280571;11.204864
1441;1.685518;-1.043872;11.951855
1442;3.1507695;-1.2545617;12.191275
1443;0.076614454;-1.1875241;10.888829
1444;0.5650316;-1.091756;8.619126
1445;0.1340753;-1.2162545;8.207323
1446;1.1204864;-0.842759;9.346964
1447;0.25857377;-1.1971009;11.233594
1448;-1.4460979;-2.1164744;9.452309
1449;1.1875241;-1.7717092;7.680599
1450;0.2681506;-1.733402;10.065224
1451;1.4077905;-1.0055647;10.25676
1452;1.2641385;-1.436521;8.647857
1453;0.545878;-1.4269443;9.595961
1454;0.21068975;-1.1204864;11.262324
1455;0.49799395;-1.532289;9.509769
1456;0.24899697;-1.7525556;10.170568
1457;1.4460979;-0.90021986;9.5385
1458;0.842759;-0.9768343;9.844957
1459;2.7389667;-0.34476504;10.955867
1460;0.23942018;-0.47884035;12.258312
1461;-0.7757214;-1.3599066;10.907983
1462;0.6512229;-1.3120226;8.963891
1463;-0.80445176;-1.283292;9.471462
1464;0.05746084;-0.4309563;9.433155
1465;1.3120226;-0.61291564;10.668563
1466;0.6991069;-0.61291564;10.97502
1467;0.41180268;-1.2162545;10.773908
1468;0.8714894;-1.7429788;10.084377
1469;-0.45968673;-1.7717092;10.170568
1470;1.6280571;-1.4173675;10.572795
1471;-0.89064306;-1.3982137;9.959879
1472;1.9728222;-1.2258313;7.7572136
1473;0.7182605;-2.2888567;8.418014
1474;1.5227122;-1.1875241;10.381259
1475;0.17238252;-1.1779473;10.94629
1476;0.06703765;-0.9768343;9.548077
1477;0.4213795;-1.388637;8.963891
1478;-1.0151415;-1.7908629;7.795521
1479;1.2066777;-1.0055647;8.973468
1480;1.4077905;-0.6607997;11.281479
1481;1.2545617;-0.4213795;11.81778
1482;2.0590134;-0.9768343;11.243171
1483;-0.46926352;-1.2545617;10.25676
1484;1.1683705;-1.2737153;9.414001
1485;-1.5705963;-1.9153614;9.691729
1486;0.2873042;-0.59376204;9.969456
1487;-0.9672575;-0.8714894;10.199299
1488;2.27928;-0.6991069;9.356541
1489;1.1683705;-1.8387469;8.973468
1490;2.4899697;-1.0342951;9.883265
1491;2.5378537;-0.78529817;12.603078
1492;-0.545878;-1.1683705;9.222465
1493;-0.2777274;-1.6089035;6.7708025
1494;-0.25857377;-1.2258313;9.701305
1495;-1.2641385;-1.2449849;8.8777
1496;3.572149;-1.1971009;7.5082164
1497;2.930503;-1.1971009;12.401965
1498;1.3694834;-0.9959879;13.024457
1499;3.9456444;-1.2449849;10.649409
1500;0.12449849;-1.3790601;8.571242
1501;-3.8881836;-1.7908629;9.701305
1502;-0.36391866;-0.20111294;10.582372
1503;-2.3750482;-0.9672575;10.0748005
1504;-1.7525556;-1.043872;9.222465
1505;4.3478703;-1.1492168;10.601525
1506;0.62249243;-1.4939818;12.401965
1507;3.9456444;-0.009576807;12.74673
1508;1.388637;-0.81402856;12.928689
1509;-3.4093432;-1.388637;8.00621
1510;-1.7621324;-1.9249382;7.422025
1511;-0.89064306;-0.9576807;7.4507556
1512;-1.541866;-0.82360536;9.576807
1513;0.40222588;-0.6512229;11.137826
1514;0.37349546;-0.92895025;9.337387
1515;1.292869;-1.5610195;8.973468
1516;2.4899697;-1.3503298;10.812215
1517;3.1028855;-0.4213795;10.084377
1518;0.41180268;-1.6950948;10.093954
1519;-0.80445176;-1.2545617;8.130709
1520;-1.3694834;-1.6567876;7.785944
1521;-2.2409728;-1.7238252;7.73806
1522;-0.31603462;-1.1779473;8.0445175
1523;0.4213795;-1.0821792;9.126697
1524;1.3694834;-1.1971009;10.323798
1525;2.8921957;-1.1779473;10.362105
1526;1.6663644;-1.1875241;10.25676
1527;2.834735;-0.91937345;11.33894
1528;1.2545617;-0.5746084;11.511322
1529;-0.16280572;-0.6607997;9.720459
1530;-1.091756;-0.8714894;9.346964
1531;-0.9864111;-0.30645782;8.676587
1532;-0.038307227;-0.4405331;10.275913
1533;-0.10534488;-0.32561144;11.080365
1534;1.685518;-0.2777274;11.511322
1535;0.9864111;-0.5363012;12.095507
1536;1.8291701;-0.8714894;10.821792
1537;2.0111294;-1.7621324;10.132261
1538;1.1971009;-1.091756;11.386824
1539;-0.11492168;-0.4213795;11.358093
1540;-1.2449849;-1.0247183;8.781932
1541;-0.61291564;-1.0726024;8.8777
1542;-1.1013328;-0.8714894;9.490616
1543;0.1436521;-1.2545617;8.676587
1544;0.25857377;-1.2737153;8.935161
1545;-0.62249243;-1.292869;10.323798
1546;1.3694834;-1.6376339;9.56723
1547;1.1109096;-2.1164744;8.2169
1548;1.283292;-1.7525556;9.739613
1549;2.231396;-1.5610195;11.195287
1550;0.78529817;-1.2258313;9.414001
1551;0.81402856;-1.2258313;9.337387
1552;0.6895301;-1.2354081;9.557653
1553;0.7278373;-1.1300632;9.203311
1554;0.10534488;-0.8714894;9.787497
1555;-0.06703765;-0.7469909;10.553641
1556;0.4405331;-0.7182605;10.371682
1557;0.29688102;-1.091756;10.448297
1558;1.4269443;-1.0055647;10.371682
1559;0.78529817;-1.4556746;10.649409
1560;0.79487497;-1.7046716;10.6877165
1561;1.2354081;-1.6663644;9.988609
1562;-0.22984336;-1.7717092;9.232041
1563;-0.24899697;-1.3599066;9.260772
1564;-0.047884032;-1.1109096;9.682152
1565;-1.2066777;-1.0630256;9.940725
1566;-0.095768064;-0.8331822;10.390836
1567;0.7374141;-0.6512229;10.084377
1568;0.4309563;-0.92895025;10.43872
1569;0.89064306;-0.9768343;10.601525
1570;0.0;-1.1109096;10.342952
1571;-0.038307227;-1.0342951;10.5440645
1572;-0.18195933;-1.2354081;10.477027
1573;0.49799395;-1.6089035;9.481039
1574;1.1779473;-2.0590134;8.887277
1575;1.0534488;-1.7429788;9.375694
1576;1.292869;-1.484405;9.691729
1577;1.5035586;-1.5514427;9.011775
1578;0.5650316;-1.5801731;8.935161
1579;0.78529817;-1.2641385;8.954314
1580;0.63206923;-1.1300632;9.433155
1581;0.7374141;-0.8523358;10.04607
1582;0.40222588;-0.93852705;10.43872
1583;0.39264908;-0.8810662;10.218452
1584;0.6607997;-0.545878;10.773908
1585;0.5650316;-0.48841715;11.271901
1586;0.89064306;-0.38307226;11.702858
1587;-0.019153614;-0.545878;11.549629
1588;0.58418524;-0.8331822;10.97502
1589;0.62249243;-1.2737153;10.036493
1590;0.38307226;-1.4748282;9.519346
1591;1.3215994;-1.1779473;9.931149
1592;0.1436521;-1.0151415;9.988609
1593;0.6895301;-0.94810385;9.356541
1594;-0.17238252;-1.1971009;8.532935
1595;0.4213795;-0.9864111;8.868123
1596;0.095768064;-0.9576807;9.040505
1597;0.24899697;-0.9864111;8.743625
1598;0.076614454;-0.7086837;9.002198
1599;0.2681506;-0.7182605;9.279925
1600;0.5267244;-0.5746084;9.509769
1601;0.15322891;-0.49799395;9.921572
1602;0.79487497;-0.4309563;10.199299
1603;0.79487497;-0.45010993;10.419566
1604;0.50757074;-0.5650316;10.46745
1605;0.59376204;-0.7086837;10.218452
1606;0.24899697;-0.82360536;10.247183
1607;-0.047884032;-0.6512229;10.611102
1608;0.009576807;-0.641646;10.515334
1609;-0.05746084;-1.0151415;10.132261
1610;0.6703765;-1.0630256;9.950302
1611;0.40222588;-1.2066777;10.055647
1612;0.93852705;-1.1779473;9.595961
1613;0.82360536;-1.2737153;9.758766
1614;0.38307226;-1.1971009;9.797073
1615;0.32561144;-1.2162545;9.519346
1616;0.63206923;-1.091756;9.3661175
1617;0.34476504;-1.2066777;9.672575
1618;0.62249243;-1.2162545;9.442732
1619;0.61291564;-1.1779473;9.605537
1620;0.5650316;-1.2449849;10.0748005
1621;0.7086837;-1.3024458;9.710882
1622;0.92895025;-1.4269443;9.643845
1623;0.89064306;-1.4748282;10.304645
1624;0.9576807;-1.541866;10.160992
1625;1.0055647;-1.733402;9.883265
1626;0.7278373;-1.685518;10.170568
1627;0.78529817;-1.9057846;10.103531
1628;0.61291564;-2.1068976;9.710882
1629;0.21068975;-2.336741;9.816227
1630;1.0630256;-2.1930888;9.902418
1631;0.2873042;-2.3942018;10.0269165
1632;0.6607997;-2.1452048;10.113108
1633;0.89064306;-2.3558946;10.084377
1634;0.7757214;-2.3463178;10.036493
1635;0.78529817;-2.2026656;10.486604
1636;0.6895301;-2.27928;10.189722
1637;0.62249243;-2.2888567;9.931149
1638;0.37349546;-2.2026656;10.007763
1639;0.33518824;-2.336741;9.768343
1640;0.47884035;-2.2409728;9.308656
1641;0.32561144;-2.1739352;9.490616
1642;0.29688102;-2.2601264;9.911995
1643;0.545878;-2.0494366;9.500193
1644;0.545878;-1.9249382;9.299079
1645;0.19153613;-1.9728222;9.844957
1646;0.7757214;-1.6472107;10.065224
1647;0.22026655;-1.541866;9.481039
1648;-0.10534488;-1.6089035;9.528923
1649;0.51714754;-1.3982137;10.199299
1650;-0.06703765;-0.62249243;9.691729
1651;-0.61291564;-1.3024458;9.385271
1652;0.81402856;-1.13964;9.825804
1653;0.2873042;-1.0821792;10.304645
1654;0.49799395;-0.90021986;10.141838
1655;0.62249243;-0.81402856;9.940725
1656;0.6512229;-0.91937345;9.969456
1657;0.6991069;-0.842759;10.007763
1658;0.7278373;-0.80445176;9.921572
1659;0.78529817;-0.78529817;9.931149
1660;0.7278373;-0.7182605;9.710882
1661;0.82360536;-0.7086837;9.825804
1662;0.58418524;-0.6607997;9.998186
1663;0.6991069;-0.59376204;9.854534
1664;0.6895301;-0.5363012;9.902418
1665;0.5650316;-0.4213795;9.998186
1666;0.82360536;-0.35434186;9.883265
1667;0.45010993;-0.38307226;9.988609
1668;0.49799395;-0.30645782;9.825804
1669;0.545878;-0.24899697;9.969456
1670;0.45010993;-0.25857377;9.892841
1671;0.51714754;-0.21068975;9.768343
1672;0.51714754;-0.19153613;9.931149
1673;0.45968673;-0.20111294;9.892841
1674;0.49799395;-0.16280572;9.873688
1675;0.48841715;-0.17238252;9.883265
1676;0.46926352;-0.1436521;9.816227
1677;0.47884035;-0.20111294;9.835381
1678;0.47884035;-0.1436521;9.854534
1679;0.48841715;-0.18195933;9.911995
1680;0.4405331;-0.1340753;9.873688
1681;0.48841715;-0.16280572;9.883265
1682;0.4309563;-0.1340753;9.873688
1683;0.5363012;-0.1436521;9.825804
1684;0.46926352;-0.15322891;9.873688
1685;0.47884035;-0.11492168;9.844957
1686;0.50757074;-0.15322891;9.864111
1687;0.45010993;-0.16280572;9.854534
1688;0.5267244;-0.12449849;9.825804
1689;0.48841715;-0.17238252;9.864111
1690;0.48841715;-0.15322891;9.864111
1691;0.51714754;-0.10534488;9.864111
1692;0.45010993;-0.12449849;9.902418
1693;0.46926352;-0.15322891;9.768343
1694;0.50757074;-0.1436521;9.911995
1695;0.48841715;-0.19153613;9.864111
1696;0.545878;-0.076614454;9.835381
1697;0.46926352;-0.18195933;9.864111
1698;0.50757074;-0.11492168;9.854534
1699;0.50757074;-0.1436521;9.873688
1700;0.47884035;-0.19153613;9.787497
1701;0.48841715;-0.20111294;9.844957
1702;0.48841715;-0.17238252;9.844957
1703;0.45010993;-0.19153613;9.854534
1704;0.47884035;-0.19153613;9.902418
1705;0.45010993;-0.15322891;9.816227
1706;0.49799395;-0.1436521;9.883265
1707;0.47884035;-0.1436521;9.854534
1708;0.48841715;-0.16280572;9.864111
1709;0.45010993;-0.16280572;9.883265
1710;0.48841715;-0.18195933;9.854534
1711;0.46926352;-0.17238252;9.854534
1712;0.49799395;-0.17238252;9.883265
1713;0.50757074;-0.22026655;9.825804
1714;0.5650316;-0.11492168;9.892841
1715;0.4309563;-0.20111294;9.835381
1716;0.49799395;-0.19153613;9.825804
1717;0.48841715;-0.15322891;9.911995
1718;0.51714754;-0.1436521;9.835381
1719;0.5363012;-0.1436521;9.854534
1720;0.46926352;-0.16280572;9.816227
1721;0.5554548;-0.047884032;9.844957
1722;0.46926352;-0.17238252;9.864111
1723;0.45010993;-0.1436521;9.883265
1724;0.48841715;-0.15322891;9.854534
1725;0.46926352;-0.10534488;9.940725
1726;0.46926352;-0.18195933;9.844957
1727;0.48841715;-0.17238252;9.854534
1728;0.46926352;-0.12449849;9.873688
1729;0.46926352;-0.1436521;9.873688
1730;0.46926352;-0.19153613;9.825804
1731;0.5363012;-0.15322891;9.80665
1732;0.49799395;-0.10534488;9.844957
1733;0.47884035;-0.10534488;9.844957
1734;0.45968673;-0.19153613;9.883265
1735;0.46926352;-0.16280572;9.854534
1736;0.5650316;-0.11492168;9.883265
1737;0.5363012;-0.1436521;9.883265
1738;0.47884035;-0.18195933;9.816227
1739;0.50757074;-0.11492168;9.911995
1740;0.45010993;-0.17238252;9.844957
1741;0.545878;-0.1340753;9.787497
1742;0.50757074;-0.1340753;9.864111
1743;0.5267244;-0.17238252;9.835381
1744;0.5267244;-0.17238252;9.940725
1745;0.48841715;-0.19153613;9.797073
1746;0.45010993;-0.11492168;9.787497
1747;0.545878;-0.16280572;9.854534
1748;0.545878;-0.15322891;9.854534
1749;0.49799395;-0.15322891;9.873688
1750;0.4309563;-0.1436521;9.873688
1751;0.5554548;-0.15322891;9.854534
1752;0.47884035;-0.17238252;9.864111
1753;0.48841715;-0.15322891;9.940725
1754;0.47884035;-0.11492168;9.883265
1755;0.47884035;-0.22026655;9.758766
1756;0.4213795;-0.18195933;10.036493
1757;0.5267244;-0.1340753;9.825804
1758;0.45010993;-0.15322891;9.787497
1759;0.40222588;-0.21068975;9.787497
1760;0.47884035;-0.19153613;9.883265
1761;0.5267244;-0.15322891;9.825804
1762;0.48841715;-0.20111294;9.844957
1763;0.48841715;-0.17238252;9.816227
1764;0.49799395;-0.19153613;9.873688
1765;0.45968673;-0.11492168;9.873688
1766;0.49799395;-0.076614454;9.873688
1767;0.5363012;-0.1436521;9.892841
1768;0.48841715;-0.05746084;9.873688
1769;0.5650316;-0.10534488;9.80665
1770;0.46926352;-0.20111294;9.864111
1771;0.5267244;-0.18195933;9.844957
1772;0.46926352;-0.19153613;9.873688
1773;0.46926352;-0.17238252;9.835381
1774;0.545878;-0.12449849;9.911995
1775;0.45968673;-0.1436521;9.797073
1776;0.5267244;-0.18195933;9.825804
1777;0.47884035;-0.16280572;9.854534
1778;0.46926352;-0.17238252;9.816227
1779;0.50757074;-0.20111294;9.854534
1780;0.49799395;-0.1340753;9.816227
1781;0.51714754;-0.1340753;9.883265
1782;0.5267244;-0.1340753;9.844957
1783;0.49799395;-0.19153613;9.80665
1784;0.46926352;-0.17238252;9.873688
1785;0.47884035;-0.15322891;9.873688
1786;0.47884035;-0.095768064;9.80665
1787;0.45010993;-0.22984336;9.940725
1788;0.5363012;-0.16280572;9.864111
1789;0.47884035;-0.15322891;9.873688
1790;0.47884035;-0.20111294;9.864111
1791;0.50757074;-0.1436521;9.892841
1792;0.4213795;-0.22984336;9.883265
1793;0.48841715;-0.17238252;9.768343
1794;0.50757074;-0.1340753;9.921572
1795;0.45968673;-0.095768064;9.950302
1796;0.4213795;-0.18195933;9.77792
1797;0.545878;-0.16280572;9.883265
1798;0.46926352;-0.15322891;9.854534
1799;0.49799395;-0.22984336;9.892841
1800;0.47884035;-0.1436521;9.844957
1801;0.48841715;-0.16280572;9.825804
1802;0.47884035;-0.11492168;9.892841
1803;0.45010993;-0.16280572;9.797073
1804;0.49799395;-0.19153613;9.854534
1805;0.48841715;-0.15322891;9.959879
1806;0.45968673;-0.17238252;9.816227
1807;0.51714754;-0.15322891;9.77792
1808;0.48841715;-0.11492168;9.835381
1809;0.50757074;-0.1340753;9.864111
1810;0.47884035;-0.17238252;9.835381
1811;0.47884035;-0.12449849;9.80665
1812;0.50757074;-0.1340753;9.911995
1813;0.48841715;-0.16280572;9.835381
1814;0.49799395;-0.12449849;9.825804
1815;0.50757074;-0.1340753;9.854534
1816;0.47884035;-0.15322891;9.864111
1817;0.5267244;-0.1340753;9.892841
1818;0.4405331;-0.1436521;9.80665
1819;0.45010993;-0.1436521;9.844957
1820;0.4405331;-0.11492168;9.873688
1821;0.45010993;-0.17238252;9.835381
1822;0.50757074;-0.18195933;9.892841
1823;0.47884035;-0.18195933;9.854534
1824;0.47884035;-0.12449849;9.864111
1825;0.45010993;-0.1436521;9.835381
1826;0.48841715;-0.1436521;9.844957
1827;0.5267244;-0.15322891;9.825804
1828;0.48841715;-0.1340753;9.835381
1829;0.5363012;-0.12449849;9.80665
1830;0.45968673;-0.1436521;9.873688
1831;0.5363012;-0.1340753;9.892841
1832;0.51714754;-0.17238252;9.854534
1833;0.4405331;-0.17238252;9.873688
1834;0.51714754;-0.1340753;9.825804
1835;0.51714754;-0.1436521;9.844957
1836;0.50757074;-0.1340753;9.902418
1837;0.46926352;-0.19153613;9.864111
1838;0.50757074;-0.11492168;9.883265
1839;0.48841715;-0.19153613;9.844957
1840;0.45968673;-0.1340753;9.940725
1841;0.45968673;-0.19153613;9.950302
1842;0.46926352;-0.17238252;9.892841
1843;0.45968673;-0.1436521;9.787497
1844;0.49799395;-0.15322891;9.892841
1845;0.4405331;-0.16280572;9.873688
1846;0.47884035;-0.15322891;9.825804
1847;0.47884035;-0.19153613;9.864111
1848;0.48841715;-0.1340753;9.844957
1849;0.49799395;-0.1340753;9.844957
1850;0.45010993;-0.1340753;9.902418
1851;0.49799395;-0.1340753;9.835381
1852;0.545878;-0.11492168;9.835381
1853;0.4405331;-0.16280572;9.864111
1854;0.5746084;-0.12449849;9.921572
1855;0.47884035;-0.15322891;9.864111
1856;0.48841715;-0.1340753;9.787497
1857;0.50757074;-0.17238252;9.902418
1858;0.50757074;-0.11492168;9.835381
1859;0.48841715;-0.1436521;9.854534
1860;0.545878;-0.1436521;9.835381
1861;0.45010993;-0.1436521;9.969456
1862;0.50757074;-0.15322891;9.854534
1863;0.5363012;-0.17238252;9.80665
