ax;ay;az
0.12449849;-0.11492168;9.634268
0.10534488;-0.15322891;10.036493
0.095768064;-0.17238252;10.0269165
0.20111294;-0.1340753;9.873688
0.24899697;-0.08619126;9.950302
-0.019153614;-0.15322891;10.170568
0.1340753;-0.15322891;9.883265
0.24899697;-0.02873042;9.873688
-0.095768064;-0.11492168;9.739613
0.2681506;-0.038307227;9.56723
0.18195933;-0.095768064;9.691729
0.23942018;-0.06703765;9.80665
0.21068975;-0.12449849;9.873688
0.18195933;-0.22026655;10.055647
0.22026655;-0.23942018;10.199299
0.1340753;-0.25857377;10.333375
0.20111294;-0.19153613;10.0748005
0.18195933;-0.18195933;9.969456
0.08619126;-0.22026655;10.228029
0.20111294;-0.2777274;10.390836
0.22984336;-0.21068975;10.103531
0.22984336;-0.1340753;9.959879
-0.11492168;-0.1340753;9.80665
0.18195933;-0.10534488;9.892841
0.40222588;-0.17238252;10.04607
-0.22026655;-0.08619126;10.295067
-0.1340753;0.0;9.816227
0.21068975;0.17238252;8.925584
0.22026655;-0.08619126;9.710882
-0.08619126;-0.16280572;9.950302
0.24899697;-0.047884032;10.170568
0.16280572;-0.19153613;9.883265
0.10534488;-0.15322891;9.9790325
0.12449849;-0.10534488;9.940725
0.17238252;-0.17238252;9.883265
0.15322891;-0.1340753;9.892841
0.08619126;-0.15322891;9.931149
0.16280572;-0.15322891;10.007763
0.095768064;-0.18195933;9.950302
0.17238252;-0.1340753;9.892841
0.12449849;-0.1436521;9.959879
0.15322891;-0.15322891;9.950302
0.15322891;-0.16280572;9.988609
0.1340753;-0.12449849;9.892841
0.16280572;-0.06703765;9.873688
0.08619126;-0.19153613;9.931149
0.19153613;-0.20111294;9.940725
0.17238252;-0.1436521;9.825804
0.20111294;-0.095768064;9.854534
0.15322891;-0.12449849;9.902418
0.17238252;-0.15322891;10.007763
0.21068975;-0.12449849;9.883265
0.17238252;-0.16280572;9.902418
0.17238252;-0.12449849;9.9790325
0.17238252;-0.19153613;9.816227
0.047884032;-0.076614454;9.959879
0.10534488;-0.1340753;9.940725
0.1340753;-0.08619126;9.940725
0.08619126;-0.15322891;9.921572
0.10534488;-0.12449849;9.950302
0.19153613;-0.10534488;9.768343
0.06703765;-0.12449849;9.844957
0.095768064;-0.12449849;10.084377
0.095768064;-0.16280572;9.9790325
0.12449849;-0.12449849;9.883265
0.1340753;-0.095768064;9.902418
0.12449849;-0.18195933;9.969456
0.1340753;-0.10534488;9.835381
0.21068975;-0.11492168;9.892841
0.02873042;-0.06703765;9.902418
0.1340753;-0.1340753;9.873688
0.17238252;-0.095768064;9.892841
0.12449849;-0.11492168;9.902418
0.095768064;-0.18195933;9.931149
0.0;-0.05746084;9.959879
0.2873042;-0.1340753;9.902418
0.15322891;-0.15322891;9.854534
0.11492168;-0.1340753;9.883265
0.22026655;-0.15322891;10.0269165
0.06703765;-0.12449849;9.950302
0.10534488;-0.11492168;10.0269165
0.1436521;-0.20111294;9.835381
0.1436521;-0.095768064;9.902418
0.11492168;-0.1340753;10.04607
0.12449849;-0.15322891;9.902418
0.10534488;-0.08619126;9.921572
0.076614454;-0.17238252;9.931149
0.12449849;-0.095768064;9.911995
0.10534488;-0.1436521;9.940725
0.12449849;-0.19153613;9.950302
0.08619126;-0.15322891;9.940725
0.11492168;-0.1340753;9.921572
0.1340753;-0.18195933;9.9790325
0.095768064;-0.18195933;9.959879
0.1340753;-0.23942018;9.911995
0.12449849;-0.16280572;9.902418
0.17238252;-0.1436521;9.950302
0.22026655;-0.12449849;10.0269165
-0.038307227;-0.18195933;9.921572
0.36391866;-0.11492168;9.902418
0.076614454;-0.12449849;10.093954
-0.009576807;-0.06703765;9.892841
0.15322891;-0.05746084;9.844957
0.095768064;-0.06703765;10.036493
0.22026655;-0.16280572;9.959879
0.038307227;-0.1436521;9.835381
0.17238252;-0.1436521;9.854534
0.047884032;-0.1340753;9.940725
0.15322891;-0.18195933;9.921572
0.1436521;-0.1340753;9.950302
0.1340753;-0.1340753;9.940725
0.1340753;-0.11492168;9.883265
0.1436521;-0.1436521;9.911995
0.1340753;-0.095768064;9.9790325
0.095768064;-0.18195933;9.921572
0.16280572;-0.11492168;9.816227
0.22026655;-0.047884032;9.797073
0.11492168;-0.12449849;9.950302
0.10534488;-0.15322891;10.0748005
0.12449849;-0.11492168;9.825804
0.22984336;-0.038307227;9.816227
0.21068975;-0.08619126;9.940725
0.10534488;-0.17238252;9.892841
0.24899697;-0.1436521;9.969456
0.095768064;-0.1436521;9.988609
0.0;-0.11492168;9.615114
0.58418524;-0.22984336;9.854534
-0.47884035;-0.15322891;10.371682
0.18195933;-0.19153613;9.902418
0.6991069;-0.11492168;9.911995
-0.18195933;-0.10534488;9.873688
0.019153614;-0.19153613;9.969456
0.11492168;-0.22984336;9.864111
0.2777274;-0.047884032;9.80665
-0.095768064;-0.10534488;9.931149
0.2873042;-0.12449849;9.998186
0.08619126;-0.095768064;9.844957
0.095768064;-0.23942018;9.854534
0.15322891;-0.11492168;9.921572
0.15322891;-0.11492168;9.959879
0.1436521;-0.18195933;9.931149
0.1340753;-0.20111294;9.950302
0.15322891;-0.12449849;9.950302
0.1436521;-0.08619126;9.921572
0.1436521;-0.12449849;9.864111
0.1436521;-0.15322891;9.988609
0.1340753;-0.15322891;9.911995
0.18195933;-0.16280572;9.883265
0.15322891;-0.06703765;9.940725
0.11492168;-0.19153613;9.864111
0.15322891;-0.1436521;9.921572
0.11492168;-0.10534488;9.902418
0.06703765;-0.18195933;9.921572
0.16280572;-0.1436521;9.940725
0.10534488;-0.1436521;9.854534
0.1436521;-0.10534488;9.911995
0.1436521;-0.15322891;9.959879
0.06703765;-0.15322891;9.921572
0.16280572;-0.1436521;9.911995
0.12449849;-0.1340753;9.940725
0.17238252;-0.1340753;9.921572
0.11492168;-0.08619126;9.873688
0.1436521;-0.16280572;9.931149
0.15322891;-0.10534488;9.950302
0.11492168;-0.17238252;9.902418
0.18195933;-0.10534488;9.969456
0.095768064;-0.1340753;9.969456
0.19153613;-0.10534488;9.902418
0.1340753;-0.08619126;9.950302
0.12449849;-0.18195933;9.883265
0.17238252;-0.1436521;9.940725
0.1436521;-0.1436521;9.931149
0.1340753;-0.11492168;9.931149
0.10534488;-0.10534488;9.950302
0.1340753;-0.22984336;9.940725
0.17238252;-0.10534488;9.873688
0.1436521;-0.17238252;9.835381
0.06703765;-0.095768064;10.007763
0.18195933;-0.1340753;9.892841
0.076614454;-0.12449849;9.864111
0.1436521;-0.10534488;9.940725
0.1436521;-0.17238252;9.892841
0.11492168;-0.16280572;9.883265
0.15322891;-0.08619126;9.911995
0.095768064;-0.1340753;9.911995
0.1340753;-0.11492168;10.007763
0.095768064;-0.11492168;9.883265
0.10534488;-0.15322891;9.911995
0.18195933;-0.12449849;9.959879
0.1436521;-0.11492168;9.911995
0.12449849;-0.18195933;9.931149
0.16280572;-0.12449849;9.921572
0.16280572;-0.12449849;9.816227
0.20111294;-0.05746084;9.931149
0.095768064;-0.21068975;9.902418
0.17238252;-0.06703765;9.844957
0.1340753;-0.1340753;9.921572
0.095768064;-0.16280572;9.854534
0.16280572;-0.1436521;9.9790325
0.16280572;-0.1436521;9.9790325
0.12449849;-0.1436521;9.854534
0.1340753;-0.19153613;9.931149
0.11492168;-0.18195933;10.007763
0.10534488;-0.08619126;9.787497
0.08619126;-0.12449849;9.921572
0.24899697;0.0;9.854534
0.10534488;-0.20111294;9.854534
0.095768064;-0.06703765;10.0269165
0.1340753;-0.1436521;9.931149
0.12449849;-0.11492168;9.921572
0.15322891;-0.08619126;9.883265
0.12449849;-0.11492168;9.931149
0.11492168;-0.18195933;9.892841
0.1436521;-0.095768064;9.988609
0.11492168;-0.22026655;9.873688
0.16280572;-0.15322891;9.969456
0.10534488;-0.21068975;9.931149
0.15322891;-0.12449849;9.911995
0.12449849;-0.08619126;9.969456
0.12449849;-0.21068975;9.931149
0.17238252;-0.15322891;9.911995
0.10534488;-0.17238252;9.940725
0.11492168;-0.15322891;9.940725
0.16280572;-0.10534488;9.988609
0.1340753;-0.17238252;9.864111
0.16280572;-0.076614454;9.902418
0.047884032;-0.22026655;9.969456
0.11492168;-0.17238252;9.864111
0.1340753;-0.17238252;9.931149
0.11492168;-0.12449849;9.931149
0.17238252;-0.22984336;9.902418
0.10534488;-0.1340753;9.902418
0.1436521;-0.12449849;9.892841
0.17238252;-0.08619126;9.911995
0.11492168;-0.19153613;9.931149
0.1340753;-0.21068975;9.940725
0.15322891;-0.21068975;9.931149
0.1436521;-0.10534488;9.902418
0.10534488;-0.12449849;9.998186
0.17238252;-0.08619126;9.873688
0.076614454;-0.1436521;9.902418
0.12449849;-0.1340753;9.931149
0.12449849;-0.10534488;9.902418
0.15322891;-0.038307227;9.931149
0.11492168;-0.11492168;9.80665
0.19153613;-0.06703765;9.959879
0.12449849;-0.1436521;10.01734
0.10534488;-0.11492168;9.892841
0.1436521;-0.17238252;9.864111
0.10534488;-0.17238252;9.864111
0.11492168;-0.12449849;9.9790325
0.1340753;-0.05746084;9.988609
0.18195933;-0.12449849;9.844957
0.17238252;-0.11492168;9.921572
0.038307227;-0.18195933;9.950302
0.17238252;-0.08619126;9.883265
0.1340753;-0.10534488;9.931149
0.095768064;-0.17238252;9.931149
0.12449849;-0.1340753;9.940725
0.08619126;-0.10534488;9.911995
0.10534488;-0.16280572;9.883265
0.11492168;-0.12449849;9.931149
0.10534488;-0.1436521;9.883265
0.1436521;-0.1340753;9.988609
0.10534488;-0.15322891;9.873688
0.15322891;-0.12449849;9.931149
0.1340753;-0.12449849;9.902418
0.1436521;-0.15322891;9.892841
0.16280572;-0.1340753;9.911995
0.17238252;-0.12449849;9.854534
0.18195933;-0.1436521;9.959879
0.095768064;-0.17238252;9.959879
0.17238252;-0.12449849;9.921572
0.15322891;-0.1436521;9.911995
0.10534488;-0.17238252;9.969456
0.10534488;-0.22984336;9.921572
0.12449849;-0.19153613;9.959879
0.08619126;-0.19153613;9.883265
0.16280572;-0.22984336;10.0269165
0.05746084;-0.17238252;9.931149
0.17238252;-0.19153613;9.902418
0.1436521;-0.1340753;9.931149
0.08619126;-0.24899697;9.892841
0.1340753;-0.16280572;9.902418
0.1436521;-0.22026655;9.911995
0.10534488;-0.1436521;9.988609
0.1340753;-0.1436521;9.873688
0.095768064;-0.1436521;9.950302
0.12449849;-0.12449849;10.01734
0.095768064;-0.15322891;9.940725
0.1436521;-0.10534488;9.931149
0.10534488;-0.15322891;9.950302
0.08619126;-0.1340753;9.902418
0.16280572;-0.11492168;9.911995
0.1340753;-0.02873042;9.902418
0.15322891;-0.10534488;9.9790325
0.11492168;-0.1340753;9.969456
0.15322891;-0.076614454;9.902418
0.17238252;-0.11492168;9.959879
0.095768064;-0.10534488;9.931149
0.17238252;-0.038307227;9.864111
0.1436521;-0.16280572;9.911995
0.1340753;-0.05746084;9.883265
0.12449849;-0.08619126;10.01734
0.15322891;-0.08619126;9.911995
0.20111294;-0.15322891;9.950302
0.08619126;-0.12449849;9.902418
0.076614454;-0.076614454;9.892841
0.18195933;-0.10534488;9.921572
0.076614454;-0.1436521;9.844957
0.10534488;-0.16280572;9.950302
0.15322891;-0.038307227;9.892841
0.08619126;-0.17238252;9.873688
0.1340753;-0.15322891;9.873688
0.12449849;-0.06703765;9.921572
0.10534488;-0.12449849;9.940725
0.1436521;-0.11492168;9.950302
0.06703765;-0.095768064;9.844957
0.1436521;-0.08619126;9.911995
0.1436521;-0.11492168;9.959879
0.1436521;-0.11492168;9.864111
0.19153613;-0.05746084;9.883265
0.1340753;-0.11492168;9.864111
0.1436521;-0.1340753;9.940725
0.16280572;-0.17238252;9.892841
0.20111294;-0.08619126;9.844957
0.1436521;-0.17238252;9.998186
0.095768064;-0.20111294;9.940725
0.19153613;-0.1436521;9.9790325
0.06703765;-0.25857377;9.902418
0.15322891;-0.21068975;9.950302
0.12449849;-0.20111294;9.950302
0.08619126;-0.23942018;9.931149
0.12449849;-0.21068975;9.940725
0.1436521;-0.24899697;10.036493
0.095768064;-0.22026655;9.911995
0.16280572;-0.2681506;9.969456
0.095768064;-0.22984336;9.892841
0.05746084;-0.25857377;9.969456
0.12449849;-0.16280572;10.007763
0.11492168;-0.17238252;9.931149
0.1436521;-0.22026655;9.950302
0.16280572;-0.22026655;9.998186
0.16280572;-0.19153613;9.940725
0.1340753;-0.16280572;9.998186
0.1436521;-0.21068975;9.892841
0.15322891;-0.1340753;9.998186
0.12449849;-0.17238252;9.940725
0.22026655;-0.1436521;9.892841
0.16280572;-0.06703765;9.902418
0.17238252;-0.17238252;9.902418
0.16280572;-0.1340753;9.998186
0.095768064;-0.10534488;9.931149
0.18195933;-0.095768064;9.902418
0.19153613;-0.10534488;9.969456
0.1340753;-0.11492168;9.864111
0.20111294;-0.019153614;9.969456
0.095768064;-0.12449849;9.864111
0.16280572;-0.10534488;9.902418
0.1340753;-0.12449849;9.940725
0.05746084;-0.11492168;9.931149
0.10534488;-0.047884032;9.959879
0.095768064;-0.08619126;9.950302
0.16280572;-0.08619126;9.921572
0.12449849;-0.02873042;9.931149
0.08619126;-0.06703765;9.892841
0.15322891;-0.047884032;9.844957
0.06703765;-0.076614454;9.835381
0.12449849;-0.06703765;9.940725
0.095768064;-0.095768064;9.940725
0.1436521;-0.038307227;9.892841
0.17238252;-0.047884032;9.873688
0.1340753;-0.06703765;9.931149
0.17238252;-0.019153614;9.959879
0.22026655;-0.02873042;9.854534
0.16280572;-0.05746084;9.892841
0.16280572;-0.009576807;9.998186
0.1436521;-0.06703765;9.80665
0.18195933;-0.05746084;9.950302
0.10534488;-0.038307227;9.931149
0.12449849;-0.076614454;9.911995
0.12449849;-0.076614454;9.921572
0.11492168;-0.18195933;9.883265
0.19153613;-0.038307227;9.873688
0.1340753;-0.1436521;9.902418
0.11492168;-0.18195933;9.883265
0.12449849;-0.18195933;9.931149
0.095768064;-0.11492168;9.892841
0.1436521;-0.18195933;9.902418
0.1340753;-0.16280572;9.940725
0.05746084;-0.21068975;9.950302
0.12449849;-0.2873042;9.988609
0.095768064;-0.21068975;9.883265
0.095768064;-0.2681506;9.921572
0.12449849;-0.18195933;9.892841
0.08619126;-0.25857377;9.921572
0.19153613;-0.22026655;9.959879
0.10534488;-0.2873042;9.9790325
0.19153613;-0.2873042;9.921572
0.12449849;-0.29688102;9.950302
0.16280572;-0.30645782;9.911995
0.1436521;-0.22026655;10.084377
0.12449849;-0.25857377;9.892841
0.19153613;-0.2681506;9.931149
0.1340753;-0.22984336;10.007763
0.16280572;-0.23942018;9.931149
0.15322891;-0.25857377;9.921572
0.08619126;-0.23942018;9.911995
0.15322891;-0.25857377;9.940725
0.10534488;-0.2873042;9.9790325
0.10534488;-0.20111294;9.911995
0.1436521;-0.17238252;9.854534
0.076614454;-0.20111294;9.902418
0.1340753;-0.22026655;9.892841
0.12449849;-0.15322891;9.892841
0.12449849;-0.08619126;9.873688
0.1340753;-0.06703765;9.892841
0.06703765;-0.095768064;9.911995
0.10534488;-0.08619126;9.931149
0.16280572;-0.076614454;9.873688
0.1340753;-0.10534488;9.911995
0.12449849;-0.038307227;9.911995
0.08619126;-0.047884032;9.864111
0.18195933;-0.038307227;9.80665
0.095768064;-0.05746084;9.921572
0.12449849;0.0;9.950302
0.16280572;0.019153614;9.950302
0.12449849;-0.02873042;9.854534
0.11492168;-0.047884032;9.940725
0.15322891;-0.076614454;9.988609
0.11492168;-0.05746084;9.864111
0.1340753;-0.019153614;9.969456
0.10534488;-0.06703765;9.844957
0.095768064;-0.06703765;9.931149
0.1436521;-0.06703765;9.931149
0.095768064;0.0;9.931149
0.12449849;-0.05746084;9.950302
0.009576807;-0.047884032;9.883265
0.11492168;-0.047884032;9.902418
0.11492168;0.0;9.959879
0.02873042;-0.038307227;9.883265
0.17238252;-0.02873042;9.883265
0.10534488;0.0;9.911995
0.10534488;-0.02873042;9.883265
0.16280572;0.02873042;9.864111
0.1436521;-0.047884032;9.873688
0.095768064;-0.019153614;9.864111
0.1340753;-0.05746084;9.873688
0.10534488;-0.05746084;9.873688
0.18195933;0.019153614;9.854534
0.1436521;-0.05746084;9.921572
0.12449849;-0.06703765;9.902418
0.15322891;-0.10534488;9.873688
0.20111294;-0.10534488;9.9790325
0.16280572;-0.17238252;9.959879
0.17238252;-0.17238252;9.864111
0.15322891;-0.2873042;9.988609
0.095768064;-0.29688102;9.9790325
0.1340753;-0.2777274;9.988609
0.1340753;-0.30645782;10.007763
0.10534488;-0.36391866;9.873688
0.18195933;-0.34476504;9.959879
0.08619126;-0.37349546;9.998186
0.1436521;-0.4309563;9.911995
0.11492168;-0.36391866;9.959879
0.076614454;-0.33518824;9.883265
0.20111294;-0.37349546;9.950302
0.10534488;-0.36391866;9.940725
0.1340753;-0.40222588;9.969456
0.15322891;-0.40222588;9.969456
0.076614454;-0.4213795;9.998186
0.16280572;-0.4405331;10.0748005
0.1436521;-0.4309563;9.940725
0.095768064;-0.38307226;9.959879
0.11492168;-0.36391866;10.01734
0.095768064;-0.32561144;9.883265
0.19153613;-0.25857377;9.844957
0.06703765;-0.2873042;9.844957
0.06703765;-0.2777274;9.921572
0.08619126;-0.20111294;9.835381
0.02873042;-0.21068975;9.835381
0.076614454;-0.2777274;9.864111
0.038307227;-0.23942018;9.883265
0.047884032;-0.25857377;10.055647
0.18195933;-0.2777274;9.9790325
0.11492168;-0.2777274;10.007763
0.22984336;-0.2777274;10.0269165
0.10534488;-0.18195933;10.103531
0.22984336;-0.22984336;10.007763
0.22984336;-0.095768064;10.04607
0.18195933;-0.1340753;9.9790325
0.2777274;0.009576807;9.797073
0.22026655;0.076614454;9.797073
0.22026655;0.06703765;9.787497
0.25857377;0.1436521;9.80665
0.17238252;0.16280572;9.739613
0.20111294;0.22984336;9.730036
0.22026655;0.19153613;9.662998
0.12449849;0.047884032;9.892841
0.095768064;0.10534488;10.007763
0.076614454;0.0;9.902418
0.076614454;0.0;9.864111
0.11492168;0.02873042;10.084377
0.0;-0.038307227;10.01734
0.076614454;-0.019153614;10.0269165
0.009576807;0.009576807;10.0269165
-0.05746084;0.05746084;9.883265
-0.019153614;0.11492168;9.739613
-0.095768064;0.10534488;9.80665
-0.009576807;0.10534488;9.825804
0.009576807;0.076614454;9.749189
-0.095768064;0.08619126;9.787497
0.009576807;0.11492168;9.653421
0.02873042;0.019153614;9.576807
-0.009576807;-0.019153614;10.208876
0.08619126;-0.22026655;10.333375
-0.038307227;-0.1436521;9.9790325
0.12449849;-0.23942018;10.007763
0.2777274;-0.22026655;10.323798
0.10534488;-0.35434186;10.534488
0.40222588;-0.23942018;10.563218
0.076614454;-0.18195933;10.314221
0.18195933;0.06703765;9.835381
0.4309563;0.11492168;9.787497
-0.16280572;0.22026655;9.768343
0.80445176;0.18195933;9.864111
0.37349546;0.6512229;9.433155
0.6703765;0.6607997;9.241618
0.5363012;0.7374141;9.337387
0.35434186;0.8714894;8.820239
0.5650316;0.79487497;9.14585
0.047884032;0.545878;9.260772
0.22984336;0.59376204;9.069236
-0.009576807;0.34476504;9.184157
-0.37349546;0.009576807;9.500193
0.39264908;-0.05746084;9.873688
0.02873042;-0.40222588;10.01734
-0.37349546;-0.45968673;10.457873
0.0;-0.82360536;10.505757
-0.5650316;-1.2737153;10.745177
-0.2681506;-1.436521;11.051635
-0.39264908;-1.6663644;11.089942
-0.51714754;-1.8579005;10.879252
-0.2681506;-1.8579005;10.630256
0.06703765;-1.934515;10.304645
0.20111294;-1.733402;9.931149
0.12449849;-1.733402;10.1226845
0.2681506;-1.7046716;10.04607
0.21068975;-1.6472107;9.844957
0.36391866;-1.4939818;9.787497
0.35434186;-1.6089035;9.701305
0.36391866;-1.532289;9.77792
0.39264908;-1.7142484;9.739613
0.2873042;-1.7142484;9.816227
0.4309563;-1.8004397;9.940725
0.48841715;-1.7908629;9.921572
0.37349546;-1.7812861;9.998186
0.59376204;-1.8770541;10.1226845
0.34476504;-1.7238252;10.342952
0.2873042;-1.6472107;10.314221
0.2873042;-1.5993267;10.170568
0.20111294;-1.484405;10.113108
0.16280572;-1.532289;10.25676
-0.10534488;-1.5035586;10.199299
-0.038307227;-1.3311762;9.998186
-0.20111294;-1.3503298;9.720459
-0.24899697;-1.2641385;9.825804
-0.19153613;-1.3982137;9.844957
-0.4309563;-1.4173675;9.701305
-0.40222588;-1.541866;9.643845
-0.46926352;-1.484405;9.605537
-0.62249243;-1.541866;9.433155
-0.47884035;-1.6376339;9.528923
-0.40222588;-1.5993267;9.768343
-0.24899697;-1.5514427;9.624691
-0.18195933;-1.6089035;9.730036
-0.36391866;-1.5610195;9.902418
0.1436521;-1.436521;9.797073
-0.02873042;-1.4460979;9.720459
0.10534488;-1.5897499;10.534488
-0.16280572;-1.3503298;10.323798
0.29688102;-1.2737153;9.921572
0.18195933;-1.1492168;10.218452
0.6703765;-1.2641385;10.505757
1.0726024;-1.2354081;10.7356
0.47884035;-1.1779473;10.620679
0.7757214;-1.13964;10.1226845
0.94810385;-1.1492168;9.797073
0.37349546;-1.1013328;9.902418
0.5554548;-1.2354081;10.304645
0.31603462;-1.0247183;9.643845
0.47884035;-1.1204864;9.404425
0.5363012;-1.2449849;9.787497
0.47884035;-1.292869;9.77792
0.22026655;-1.3024458;9.500193
-0.05746084;-1.5035586;9.653421
-0.12449849;-1.3694834;9.643845
-0.33518824;-1.3311762;9.404425
-0.15322891;-1.4556746;9.404425
-0.47884035;-1.3311762;9.739613
-0.009576807;-1.532289;9.634268
-0.047884032;-1.7142484;9.921572
-0.2681506;-1.733402;9.931149
-0.02873042;-1.8291701;9.595961
-0.38307226;-2.2218192;9.701305
-0.7182605;-2.3080103;10.400413
-1.1587936;-2.4420857;9.80665
-0.92895025;-2.2505496;9.155427
-0.17238252;-2.3463178;10.160992
-0.6607997;-2.432509;10.91756
0.25857377;-2.3463178;10.448297
0.93852705;-2.3750482;10.46745
-0.18195933;-2.4420857;11.36767
1.4173675;-2.4612393;10.409989
0.06703765;-2.0494366;9.682152
0.038307227;-2.4995465;9.950302
-0.36391866;-2.3463178;10.007763
-0.4309563;-2.336741;8.858546
-0.08619126;-2.5091233;9.260772
-0.7661445;-2.2122424;9.758766
0.49799395;-1.982399;9.251195
1.3982137;-2.0494366;9.212888
-0.15322891;-2.27928;10.572795
1.3790601;-2.4420857;10.793061
0.63206923;-1.8100165;8.695741
0.93852705;-1.9632454;9.5385
-0.22026655;-2.0207062;10.6877165
0.25857377;-2.5953147;10.611102
-1.4556746;-2.5570073;10.1226845
-2.6623523;-2.4899697;10.869676
-1.0247183;-2.3080103;9.749189
-0.31603462;-2.087744;9.3661175
-1.1204864;-2.0015526;10.927136
2.2888567;-2.3175871;11.587936
0.9768343;-1.3982137;10.180145
2.7485435;-1.6280571;11.21444
0.6895301;-1.1683705;11.243171
-1.733402;-1.3024458;8.111555
-0.49799395;-1.733402;8.082825
-3.916914;-1.0630256;9.787497
-1.7621324;-1.0821792;9.3661175
2.327164;-0.92895025;7.97748
-1.3311762;-0.1436521;10.170568
2.3175871;-1.0630256;10.180145
4.721366;-0.49799395;10.888829
0.62249243;-0.095768064;9.988609
1.3694834;-0.82360536;9.892841
-1.6950948;-0.47884035;9.32781
-2.1260512;-0.81402856;8.887277
-1.9249382;-0.9959879;9.998186
-2.078167;-0.94810385;9.902418
-1.0726024;-0.47884035;9.662998
0.91937345;-0.39264908;10.754754
0.9768343;-0.1436521;11.425131
3.4572272;-0.22984336;11.15698
2.480393;-0.038307227;12.162544
0.6991069;-0.41180268;10.793061
-0.5650316;-0.22984336;7.833828
-1.6663644;-0.4309563;8.034941
-3.3997664;-0.2681506;10.812215
-2.432509;-0.1340753;8.236053
0.91937345;-0.038307227;7.383718
0.24899697;0.5554548;9.9790325
2.327164;0.0;11.080365
5.7843914;0.0;10.984597
0.90021986;0.25857377;11.099519
0.92895025;-0.05746084;9.940725
-1.2354081;0.10534488;8.868123
-4.5298295;0.076614454;8.360553
-1.8674773;-0.5554548;10.160992
-1.9632454;-0.17238252;10.266336
-1.8387469;-0.2777274;9.3661175
2.1452048;-0.22026655;10.611102
1.4269443;0.019153614;12.210428
2.681506;-0.019153614;11.511322
2.4037786;-0.009576807;11.84651
0.30645782;0.2681506;10.323798
-0.2873042;0.05746084;8.303091
-2.4612393;0.1436521;8.207323
-3.0550013;-0.12449849;10.812215
-1.532289;0.038307227;8.082825
0.545878;0.24899697;7.517793
1.5801731;0.35434186;10.965444
3.3806129;0.019153614;12.650962
4.2521024;0.40222588;11.281479
1.6089035;0.842759;9.758766
0.02873042;0.2681506;9.634268
-2.0973208;0.7086837;9.461885
-2.3750482;0.32561144;7.9487495
-3.064578;0.18195933;9.299079
-2.9113493;0.19153613;9.940725
0.9864111;0.1340753;8.7053175
0.22984336;0.6607997;9.519346
1.13964;0.29688102;11.080365
3.7445314;-0.08619126;12.239159
2.0111294;-0.15322891;11.693281
0.59376204;0.1340753;10.6877165
0.23942018;0.1436521;9.739613
-1.283292;-0.18195933;8.628703
-2.8060043;0.17238252;10.266336
-1.3024458;-0.37349546;9.595961
-0.24899697;0.39264908;7.9391727
1.0726024;0.51714754;9.404425
1.8962077;0.6991069;10.5440645
2.3942018;0.47884035;10.869676
2.5091233;0.641646;10.515334
0.009576807;0.6607997;9.634268
-0.6895301;0.50757074;9.356541
-1.091756;0.60333884;8.858546
-2.2697031;0.20111294;9.481039
-1.5610195;-0.16280572;10.323798
-1.8195933;-0.038307227;9.452309
-1.0247183;0.047884032;8.887277
0.5746084;0.15322891;10.429143
1.4939818;0.05746084;11.319786
1.5705963;0.22984336;11.654974
2.183512;0.16280572;11.836933
0.7757214;0.1340753;11.166556
-0.2777274;-0.19153613;9.80665
-0.94810385;-0.18195933;9.864111
-1.0534488;-0.31603462;10.505757
-0.047884032;-0.34476504;10.314221
-0.7374141;0.095768064;8.360553
1.1875241;0.2777274;8.686164
1.2545617;0.33518824;10.658986
1.388637;-0.1436521;10.7356
2.1068976;-0.22026655;9.873688
-0.45010993;0.009576807;9.461885
1.7525556;-0.39264908;9.461885
-1.043872;0.10534488;8.90643
-2.0207062;-0.5267244;9.270349
0.31603462;-0.36391866;10.448297
-2.0973208;-0.019153614;8.494628
-0.6799533;-0.1340753;8.24563
0.7182605;0.047884032;9.883265
0.61291564;0.038307227;9.260772
1.9536686;-0.39264908;10.093954
1.8962077;-0.33518824;11.645397
-0.35434186;-0.22026655;10.5440645
1.436521;-0.50757074;8.820239
-1.6663644;-0.40222588;9.825804
-2.384625;-0.9672575;10.409989
-0.08619126;-1.6280571;9.787497
-1.2066777;-1.1971009;10.151415
0.40222588;-1.3790601;10.6398325
1.9728222;-1.2737153;11.243171
2.2218192;-1.4556746;11.540052
1.9536686;-1.7812861;11.15698
0.39264908;-1.6089035;10.726024
0.11492168;-1.2641385;9.9790325
-1.9536686;-1.7046716;8.820239
-1.934515;-1.9249382;9.739613
-1.2737153;-1.9440918;10.113108
-2.0973208;-1.2354081;8.274361
-0.35434186;-1.1013328;9.241618
2.7389667;-1.2545617;11.33894
-0.047884032;-1.4939818;10.94629
1.8195933;-1.3982137;10.141838
1.541866;-1.4939818;10.831368
-2.8443117;-1.7238252;9.3661175
-1.1492168;-1.3215994;9.461885
-0.93852705;-1.0247183;8.896853
-1.1971009;-0.6895301;8.207323
3.0262709;-0.9576807;9.040505
2.0590134;-1.1683705;10.582372
0.641646;-1.292869;11.176133
1.4652514;-1.6759412;10.295067
-0.9864111;-1.2545617;8.734048
-2.327164;-1.2449849;9.634268
-1.8674773;-1.2162545;10.46745
-0.31603462;-1.6184803;8.494628
-0.58418524;-1.340753;10.726024
0.9768343;-1.4077905;12.440272
2.183512;-1.3215994;10.477027
-0.02873042;-1.1779473;9.174581
-0.46926352;-1.5227122;10.7356
-0.4405331;-1.6280571;11.348516
-2.6048915;-1.3694834;9.720459
-2.336741;-1.1971009;7.5848308
2.4229321;-0.33518824;7.565677
2.6527755;-1.0821792;9.5385
0.11492168;-1.13964;12.028469
2.183512;-1.8195933;11.109096
0.40222588;-1.7046716;7.345411
-3.2848446;-1.0630256;8.322245
-0.7469909;-1.7238252;8.848969
0.32561144;-1.7238252;7.575254
-0.78529817;-1.9153614;10.486604
1.3694834;-1.934515;12.909535
2.528277;-1.7429788;9.749189
0.7086837;-1.685518;9.097966
-0.842759;-2.0685902;12.832921
-1.8866309;-2.135628;9.950302
-1.6184803;-1.6950948;7.441179
0.8619126;-1.9057846;10.448297
2.566584;-1.4460979;11.118672
2.7485435;-1.7429788;9.414001
1.7046716;-2.336741;10.362105
-2.3080103;-2.681506;10.898406
0.5554548;-2.767697;10.352529
0.62249243;-2.3654714;10.745177
-1.484405;-1.7908629;10.132261
2.5570073;-2.432509;10.409989
1.3790601;-2.3463178;11.492168
-2.2601264;-2.6144683;11.003751
0.20111294;-2.9975405;9.385271
-0.29688102;-2.585738;10.94629
-1.9249382;-2.4037786;10.563218
1.6759412;-2.882619;9.691729
0.47884035;-2.4229321;9.5385
0.24899697;-2.7006595;9.490616
1.3694834;-3.9264908;14.288596
0.9864111;-3.2752678;12.277467
-1.9153614;-1.340753;6.847417
2.0111294;-2.1930888;5.2289367
-0.34476504;-2.633622;11.291056
-2.9783869;-2.3463178;12.564771
0.24899697;-3.1316159;8.2169
-2.4899697;-1.0630256;8.772355
0.79487497;-0.6512229;7.680599
5.3438582;-0.9768343;8.293514
0.61291564;-1.6567876;13.091495
1.0151415;-3.1890767;11.798626
1.2354081;-2.4612393;10.314221
-2.135628;-1.2545617;9.720459
-1.091756;-1.4748282;7.489063
0.50757074;-2.0398598;8.159439
-1.388637;-1.9057846;12.804191
-1.8004397;-3.7541082;14.192827
-0.45968673;-1.685518;11.81778
0.41180268;-0.08619126;4.8841715
1.8770541;-0.36391866;9.193734
2.5091233;-1.3215994;15.2367
1.1683705;-2.27928;14.518439
-0.93852705;-1.5897499;6.493075
-3.7349546;-0.89064306;8.37013
-0.7565677;-1.6184803;10.132261
0.5267244;-1.4460979;11.310209
-0.8714894;-1.4173675;9.682152
-1.3599066;-1.1204864;12.631808
0.009576807;-1.5227122;9.232041
0.8714894;0.32561144;6.646304
3.8498764;-0.5267244;10.01734
1.8483237;-0.6991069;14.4130945
-0.45968673;-0.9672575;9.969456
-2.135628;0.5554548;6.1195793
-3.1411927;0.5363012;7.97748
-0.39264908;-0.18195933;10.266336
-1.2641385;0.05746084;9.615114
0.095768064;-0.02873042;10.927136
2.6719291;0.4309563;9.749189
-1.0151415;0.8331822;7.785944
4.5681367;-0.45968673;10.266336
4.711789;0.038307227;11.520899
-5.3342814;0.7086837;9.5385
-3.5434184;0.5267244;7.795521
-0.15322891;0.5267244;6.9144545
-5.4683566;1.3024458;7.920019
-1.9536686;0.009576807;11.971008
5.8705826;-1.091756;12.74673
-2.8060043;2.1452048;10.793061
5.7843914;-0.29688102;9.969456
3.6870706;0.81402856;10.036493
-1.5514427;0.22984336;12.813767
2.6240451;-0.17238252;12.382812
-2.9400797;1.3215994;8.0924015
-5.142745;1.8770541;5.7365074
-0.6799533;0.31603462;10.314221
0.91937345;0.4213795;11.511322
-2.6431987;-0.20111294;11.836933
0.9864111;-0.9672575;14.4130945
3.9073372;0.4213795;11.358093
1.2449849;1.2641385;6.8282633
6.8091097;0.038307227;11.798626
0.45968673;1.0726024;13.694834
-2.681506;1.4173675;5.267244
1.0630256;-0.02873042;5.9184666
-6.789956;1.2354081;10.180145
-5.085284;2.384625;6.090849
7.383718;0.009576807;2.8634653
-3.715801;1.7908629;12.813767
-2.681506;1.2258313;16.539145
9.921572;-0.1436521;4.654328
-5.0374002;2.9783869;3.7062242
0.047884032;-1.1109096;14.978126
4.8745947;-2.815581;13.187263
-7.6710224;1.9249382;9.710882
-5.45878;1.0342951;0.641646
1.9440918;-0.12449849;9.299079
-2.0494366;-0.24899697;13.8480625
0.90979666;-0.7278373;15.102624
5.1140146;-1.0630256;9.959879
-4.6830587;1.9249382;6.1100025
5.4204726;-1.0151415;9.481039
2.834735;0.0;15.064317
-2.8921957;-0.40222588;11.21444
-2.9879637;-0.31603462;7.153875
-3.41892;0.5746084;4.1180267
-0.41180268;1.2545617;9.615114
-0.90979666;-0.10534488;12.564771
1.9153614;-0.94810385;11.587936
2.4516625;-0.11492168;11.281479
-1.4269443;0.90021986;10.275913
3.9935284;-0.6895301;6.7612257
2.9783869;-0.22026655;11.224017
-4.501099;-0.59376204;11.654974
-2.0111294;-0.5650316;9.662998
-1.8004397;0.6512229;4.548983
-3.8881836;0.8810662;7.153875
0.46926352;0.21068975;12.354081
0.78529817;-0.08619126;11.434708
2.384625;0.0;11.434708
0.39264908;0.90979666;10.103531
-0.6512229;1.7238252;10.496181
3.667917;-0.38307226;10.7356
-1.3120226;0.08619126;13.982138
-2.882619;-0.4213795;10.601525
-1.6950948;0.59376204;5.3438582
-1.9536686;0.79487497;7.431602
1.091756;0.095768064;12.440272
0.89064306;-0.63206923;14.671668
1.6184803;-0.6895301;10.840945
1.934515;-0.20111294;11.702858
-0.047884032;-0.095768064;12.976573
1.3503298;-0.047884032;10.773908
-0.35434186;0.6799533;9.289502
0.7565677;-0.37349546;10.907983
-0.49799395;0.7278373;10.093954
-1.8387469;0.8331822;5.813122
-0.21068975;1.0726024;6.742072
2.4037786;-0.17238252;10.649409
0.90021986;0.5267244;10.831368
1.436521;0.7278373;8.676587
1.436521;1.091756;7.785944
-0.5363012;1.1779473;8.772355
0.095768064;0.8810662;9.050082
-2.5378537;1.1109096;7.2113357
-2.5570073;1.6184803;5.6790466
-1.7142484;1.6089035;7.240066
1.2066777;0.6607997;10.46745
0.18195933;0.91937345;10.429143
1.541866;0.25857377;10.323798
2.9783869;-0.19153613;11.856087
-0.33518824;-0.047884032;13.455414
0.51714754;-0.6703765;11.18571
-2.1452048;-0.10534488;8.264784
-2.4037786;0.15322891;10.390836
-1.2162545;-0.9576807;12.382812
0.79487497;-1.340753;9.193734
-3.217807;-0.05746084;10.91756
0.038307227;-0.79487497;11.15698
3.0071173;-1.340753;13.043611
1.0055647;-1.4269443;12.880805
0.8331822;-1.2545617;12.076353
0.019153614;-1.0342951;12.325351
2.0590134;-1.5131354;11.473015
-0.48841715;-0.2873042;10.342952
-0.45968673;-0.31603462;8.6574335
1.4652514;-0.842759;8.169016
-3.1316159;0.1436521;9.270349
-2.087744;-0.06703765;7.843405
-0.45010993;0.19153613;6.7803793
-1.2737153;-0.05746084;9.088389
1.5131354;-0.79487497;10.860099
0.5554548;-0.48841715;10.994174
0.32561144;0.23942018;9.500193
3.2369606;0.047884032;8.303091
-0.21068975;-0.50757074;10.563218
-1.3024458;-1.043872;9.346964
0.5746084;-0.59376204;6.7803793
-4.223372;0.34476504;7.517793
-2.585738;-0.009576807;9.509769
0.94810385;-0.45010993;8.322245
1.6184803;-1.2545617;9.701305
-0.8331822;-1.0247183;14.259866
0.6799533;-0.82360536;12.670115
0.6895301;-0.58418524;7.9966335
-0.15322891;-0.641646;9.394848
1.7717092;-1.6376339;13.378799
-0.62249243;-1.541866;13.072341
-1.7142484;-1.1875241;6.445191
-1.484405;-1.0821792;8.580819
-0.15322891;-1.1587936;11.9614315
-1.2258313;-1.8866309;12.162544
1.6089035;-2.1547816;12.6222315
0.4405331;-1.5131354;14.777013
0.10534488;-1.5131354;11.463438
2.5570073;-1.0821792;7.8050976
2.4229321;-0.9672575;14.403518
-2.1164744;-1.7142484;14.30775
-2.1452048;-0.90021986;7.642292
-1.3215994;0.32561144;6.9240313
-0.095768064;-0.48841715;11.358093
-1.283292;-0.61291564;11.903971
0.9864111;0.1340753;10.304645
1.0055647;0.32561144;9.3182335
-1.7525556;0.37349546;9.509769
0.80445176;0.80445176;9.375694
2.633622;0.46926352;9.155427
-2.566584;0.49799395;9.184157
-0.34476504;0.79487497;7.1634517
-1.7429788;1.532289;3.3901896
-1.982399;1.0055647;6.5984197
-0.80445176;0.19153613;10.055647
0.7182605;-0.37349546;10.43872
0.6512229;-0.33518824;6.991069
0.93852705;0.59376204;7.632715
0.6799533;0.41180268;9.730036
1.1587936;-0.23942018;10.936713
0.32561144;-0.7182605;11.750742
-0.34476504;-1.1492168;13.129802
0.4213795;-0.4309563;8.331821
0.5554548;0.2681506;6.349423
1.5610195;-0.9576807;13.838486
1.3503298;-1.3215994;18.65562
0.24899697;-0.35434186;11.233594
0.15322891;0.50757074;9.433155
0.51714754;0.62249243;12.794614
2.231396;-0.32561144;12.53604
3.5338416;0.5746084;12.899959
0.32561144;1.6089035;9.3661175
0.4309563;0.94810385;12.98615
-0.8331822;2.336741;10.477027
1.3503298;2.6910827;6.83784
1.9536686;2.9592333;5.717354
-1.2641385;2.3175871;11.942278
-2.336741;0.91937345;6.885724
-0.20111294;1.5993267;4.003105
-2.0398598;1.8100165;6.7708025
0.076614454;0.79487497;5.793968
-0.1436521;2.4899697;5.995081
3.7253778;1.7812861;5.2289367
0.23942018;-0.37349546;11.60709
-1.7525556;-0.92895025;9.232041
-1.043872;-0.4213795;4.10845
2.9400797;-2.825158;6.7803793
-2.0590134;-0.82360536;16.778566
-2.2505496;-1.9057846;10.448297
-2.4708161;-2.1739352;3.2465374
-0.48841715;-2.767697;13.608643
-3.2273839;-2.6623523;16.97968
4.7500963;-1.8674773;9.969456
1.0821792;-0.90979666;9.816227
1.4460979;-0.51714754;21.41374
4.357447;0.047884032;13.148955
5.6790466;1.2545617;7.144298
-0.8714894;3.074155;11.166556
-4.4723687;1.4939818;13.215993
-6.0046577;4.405331;7.728483
-3.6487634;4.003105;0.8523358
0.8523358;3.8786068;9.346964
0.9576807;3.0933087;10.0748005
5.085284;-0.4213795;5.8801594
3.7732618;0.15322891;11.856087
-4.9895163;1.4460979;16.845604
4.367024;-0.32561144;11.530476
0.62249243;2.585738;5.8801594
-2.930503;3.2465374;9.892841
1.6089035;1.091756;12.98615
-1.1204864;2.5187001;10.716447
-2.6048915;2.681506;9.356541
-0.6703765;3.916914;8.896853
1.1204864;4.232949;11.81778
2.183512;2.3942018;12.26789
-0.41180268;1.5514427;12.813767
0.7374141;0.5554548;13.790602
1.4077905;-0.37349546;12.583924
-1.1683705;1.13964;11.386824
1.388637;0.23942018;9.892841
-1.1971009;0.47884035;12.239159
-2.96881;-1.0821792;9.404425
3.2944214;-1.1013328;8.66701
-0.08619126;-0.45968673;10.850522
-4.232949;0.5363012;7.9104424
3.3518825;1.9440918;5.1235914
-5.2768207;2.3175871;3.2369606
-1.6472107;0.15322891;8.274361
2.72939;2.4899697;5.085284
-0.9672575;3.9552212;-1.6759412
5.391742;2.5953147;5.851429
2.5091233;4.3957543;8.647857
1.4173675;2.8060043;5.899313
3.3997664;4.146757;6.042965
-2.6240451;4.903325;10.6398325
-2.5953147;4.5298295;5.0661306
2.078167;3.0358477;0.7661445
-4.0892963;1.7142484;11.520899
-5.3247046;-0.9864111;16.472107
0.36391866;-0.545878;10.486604
-2.3080103;0.50757074;7.4986396
3.763685;-0.4405331;18.406622
4.1180267;0.20111294;17.650055
7.153875;-0.90021986;18.521544
9.433155;-0.47884035;20.915747
0.30645782;-1.9057846;24.53578
-0.79487497;-1.3694834;16.567875
2.6144683;-1.6184803;7.8146744
-4.2042184;-1.0055647;12.976573
-3.964798;-2.8921957;17.085024
2.5187001;-3.0071173;4.8362875
-1.7046716;0.6703765;-1.043872
1.1971009;-2.030283;12.440272
2.9879637;0.38307226;12.0571995
3.7541082;2.1643584;5.9567738
8.283937;3.7062242;-6.2823853
-2.7102363;2.3942018;6.7612257
0.4405331;2.030283;9.787497
4.9416323;3.9552212;-12.861651
-3.5625722;4.4340615;1.685518
-0.22984336;0.842759;15.351622
0.89064306;0.7469909;-5.2768207
-7.6135616;5.9663506;-3.3901896
-3.9456444;0.8331822;4.3382936
-2.0207062;0.63206923;3.0262709
-0.7757214;-2.4133554;3.7349546
0.20111294;-0.545878;17.152061
2.920926;-3.5051112;14.978126
4.357447;-5.889736;17.458519
-2.4420857;-4.9703627;24.133553
0.7374141;-6.4068837;15.361198
-1.9249382;-4.9320555;14.920665
-10.649409;-4.405331;20.819979
-2.2122424;-5.8801594;22.97476
4.951209;-7.690176;27.02575
0.62249243;-2.9400797;19.086576
3.3518825;-5.899313;24.133553
5.861006;-5.995081;16.845604
-0.9672575;-2.2505496;16.500837
0.36391866;-2.480393;11.18571
-0.4405331;-0.019153614;9.825804
-2.7581203;-1.1204864;10.266336
5.1906295;-3.4763808;13.177686
0.81402856;-0.90021986;13.464991
0.39264908;-1.484405;10.314221
7.728483;-2.0685902;12.401965
-3.9935284;-0.1436521;16.041151
-1.0534488;-0.7086837;12.4785795
10.323798;0.5363012;7.5561004
-4.0222588;2.7964275;7.785944
1.6184803;-1.2354081;14.384364
-1.1109096;1.8866309;6.042965
-5.056554;3.4763808;-0.25857377
-1.091756;2.9496565;3.323152
0.5554548;2.4612393;2.1643584
3.0358477;0.17238252;7.4603324
-2.7868507;-0.4213795;8.504205
1.5897499;-0.8714894;8.197746
-1.484405;0.1340753;6.694188
-3.7445314;0.19153613;6.397307
4.3382936;-2.135628;11.865664
-1.5610195;-0.90021986;15.2367
0.20111294;-0.11492168;9.078813
4.261679;1.0342951;7.469909
-4.55856;1.4460979;12.220005
4.0892963;-1.1875241;12.842498
6.253655;-0.82360536;12.6222315
-3.6966474;0.1436521;13.560759
-1.2258313;0.48841715;10.6877165
2.27928;-0.93852705;3.8307228
-4.1180267;1.532289;8.983045
-7.086837;-0.6512229;13.330915
-1.934515;0.8523358;7.393295
0.80445176;1.8483237;4.0892963
0.22026655;0.4213795;10.697293
3.8977604;-1.1204864;15.140931
4.912902;-0.8619126;14.671668
1.6663644;-0.8619126;11.971008
1.1971009;-0.7182605;11.204864
0.46926352;0.7565677;9.691729
2.825158;-0.30645782;8.532935
0.22026655;0.21068975;12.794614
-4.5681367;0.5650316;11.492168
-0.08619126;0.51714754;0.80445176
-3.4380736;1.1683705;4.9703627
-3.1411927;-0.4213795;11.051635
3.1411927;-1.7429788;10.5919485
0.93852705;-0.45968673;9.5385
-0.91937345;-1.340753;12.344504
3.3423057;-1.2737153;12.823344
5.717354;-0.009576807;10.793061
4.0701427;-0.48841715;10.726024
0.038307227;-0.7374141;13.934254
-3.3039982;0.2777274;10.036493
-4.817134;1.934515;2.6527755
-3.4093432;0.16280572;7.4986396
0.2681506;-0.92895025;12.066776
1.4077905;-0.51714754;10.994174
2.9113493;-1.4556746;11.032481
0.50757074;-0.58418524;10.189722
2.7964275;-0.545878;10.6398325
5.4300494;-1.0247183;10.323798
0.38307226;-1.5610195;14.001291
-1.4652514;-1.3694834;14.211981
-1.4939818;0.20111294;7.019799
-1.9057846;0.7661445;4.453215
-2.6144683;0.10534488;11.262324
1.7908629;-1.4269443;12.497733
1.1109096;0.11492168;10.697293
-2.27928;0.90021986;8.446744
4.0701427;-0.02873042;8.437167
2.4708161;0.45010993;10.860099
1.532289;-0.16280572;13.8959465
4.1946416;-1.388637;10.572795
-4.414908;1.3503298;9.595961
-2.231396;0.545878;4.6830587
1.6759412;-0.6607997;8.082825
0.1340753;-0.94810385;14.566323
-1.0726024;-0.7661445;11.616667
0.009576807;0.0;8.992621
1.8195933;-0.842759;11.3964
1.3311762;-0.90979666;14.709975
4.5202527;-1.0055647;12.306197
5.00867;-1.0630256;10.036493
0.5363012;0.076614454;13.024457
0.02873042;-0.22984336;10.43872
-3.2944214;1.7525556;4.156334
-4.510676;2.183512;6.579266
0.63206923;1.0534488;7.5944076
-0.60333884;1.8195933;6.8569937
-3.4093432;1.6089035;3.5817258
2.9592333;1.4269443;5.0374002
3.074155;1.1587936;7.843405
2.2218192;-0.009576807;11.616667
2.815581;-0.58418524;11.731588
-2.2026656;0.37349546;7.297527
0.2873042;-0.31603462;6.0238113
-0.29688102;-1.1300632;11.587936
-2.585738;-1.3120226;10.821792
1.1587936;-1.4556746;12.038046
-1.1875241;-0.2681506;12.430696
-2.0015526;-0.47884035;9.844957
4.8362875;-1.2162545;12.392388
1.4077905;-1.541866;17.24783
-1.685518;-2.384625;15.188815
1.0726024;-0.51714754;9.165004
0.33518824;1.7046716;7.603985
-1.0630256;0.45010993;10.6398325
0.8523358;0.82360536;13.187263
4.8937483;-0.2777274;9.931149
-1.5227122;0.545878;11.281479
-1.6280571;0.8619126;10.936713
2.4037786;0.93852705;6.3111157
-0.36391866;1.5514427;7.067683
-1.8962077;1.0342951;12.277467
-0.58418524;0.58418524;9.375694
1.1779473;1.2641385;4.663905
0.9576807;0.58418524;7.9966335
1.7908629;0.08619126;11.779472
2.633622;-0.6512229;9.56723
1.1587936;-0.6799533;10.0748005
-1.2258313;0.05746084;7.52737
0.92895025;0.7182605;6.5984197
0.05746084;0.21068975;9.375694
-0.17238252;-0.47884035;12.29662
0.4405331;-1.3982137;9.3182335
-0.9576807;-0.21068975;9.107543
0.05746084;-0.48841715;10.170568
2.3080103;-1.3503298;10.860099
1.5705963;-1.6663644;13.340492
-0.20111294;-1.9153614;14.403518
1.532289;-1.4173675;9.911995
1.4652514;1.7429788;7.393295
-1.8962077;1.2354081;8.379706
-0.17238252;0.30645782;11.626244
2.3558946;-0.19153613;11.434708
-3.1603463;0.58418524;9.136273
-1.9632454;1.1587936;5.209783
1.7717092;0.5746084;6.244078
-0.32561144;-0.37349546;11.760319
1.436521;-1.7046716;12.469003
2.0111294;-1.043872;10.0748005
1.2737153;-0.5363012;9.653421
1.8195933;-0.31603462;11.224017
2.5091233;-1.2449849;11.224017
-1.9728222;-0.19153613;8.532935
-3.265691;-1.7429788;9.260772
-0.63206923;-2.1930888;10.91756
-0.6607997;-1.13964;5.707777
0.45968673;-0.46926352;6.38773
3.7445314;-1.388637;11.674128
1.5705963;-1.4556746;14.116213
3.9456444;-1.283292;10.840945
1.7812861;0.90979666;6.5984197
-1.340753;0.009576807;8.236053
-0.41180268;0.46926352;12.947843
-0.2873042;0.11492168;8.1881695
-1.8004397;-0.21068975;7.4603324
-1.3024458;-0.9672575;10.333375
-0.51714754;-0.35434186;7.5561004
3.0550013;-1.0821792;6.7324953
0.12449849;-1.0726024;11.492168
0.047884032;-0.80445176;11.291056
1.7142484;0.4213795;8.954314
1.5897499;-0.30645782;10.505757
-1.9632454;1.0726024;9.404425
2.327164;0.095768064;7.7093296
0.8619126;-0.61291564;12.938266
-4.8745947;-0.92895025;12.5743475
3.3901896;-1.7908629;6.943185
-4.8458643;0.009576807;9.088389
-0.30645782;-0.641646;14.489709
8.379706;-2.1260512;13.570335
-0.17238252;-0.009576807;12.737153
-1.436521;0.076614454;12.6222315
7.0485296;-0.7565677;10.6398325
-1.0821792;1.7621324;6.0046577
-5.3821654;1.7812861;8.571242
0.78529817;0.641646;10.534488
-3.323152;1.6472107;4.0892963
0.8619126;0.20111294;7.728483
3.9264908;-0.038307227;12.861651
-0.80445176;0.7374141;10.601525
6.943185;-1.3790601;10.036493
-1.1971009;1.6663644;10.601525
-4.999093;0.2873042;9.825804
4.357447;-0.62249243;10.907983
-4.9224787;-0.36391866;10.888829
-4.357447;-1.292869;13.40753
2.9975405;-0.29688102;9.9790325
1.2449849;0.6895301;6.253655
2.5378537;-0.19153613;14.279019
-1.2354081;1.4077905;13.177686
4.3861775;0.37349546;5.803545
1.3599066;0.9864111;10.850522
-10.831368;4.3382936;7.4603324
7.335834;0.7661445;2.7485435
0.89064306;3.2752678;10.036493
-13.273455;0.20111294;18.454506
12.717999;-3.3614593;9.576807
-0.8619126;3.763685;5.5258174
-1.8100165;-0.58418524;13.637373
10.860099;-1.5610195;13.129802
-1.0726024;0.08619126;10.218452
-3.8402996;1.5035586;4.817134
0.9959879;-1.0630256;10.25676
-1.7525556;-0.9864111;11.923124
-7.7093296;1.0342951;9.165004
7.603985;-2.6719291;10.1226845
2.72939;-1.7238252;15.428236
-5.4204726;-0.842759;14.958972
12.679692;-0.08619126;2.1739352
-3.8594532;3.6583402;4.462792
-4.5872903;-2.3463178;16.156073
7.1251445;-2.078167;12.287044
-2.9400797;3.9456444;3.5913026
-3.3327289;2.4995465;3.6487634
0.60333884;-0.4213795;11.808203
-0.89064306;-0.63206923;11.405977
-3.1986535;-0.59376204;11.674128
-2.0207062;-0.019153614;10.007763
1.4173675;-0.02873042;10.275913
3.3518825;-0.23942018;11.702858
3.5051112;-1.4269443;15.600618
0.641646;-0.7182605;14.652514
1.3694834;-0.019153614;6.1100025
0.9576807;-0.047884032;6.2249246
-7.795521;-0.019153614;11.836933
-3.083732;0.1340753;15.571888
-0.6799533;-0.641646;3.7445314
0.62249243;-0.5650316;12.181698
-0.10534488;-0.49799395;11.597513
4.501099;-0.79487497;9.557653
6.339846;0.009576807;10.237606
1.1300632;-1.8962077;15.47612
-0.16280572;-2.7964275;11.990162
-3.0358477;0.12449849;8.149862
-2.5761611;0.12449849;3.5817258
0.8619126;0.36391866;7.4986396
-2.681506;0.89064306;9.959879
-1.1109096;0.5554548;9.011775
2.8538885;1.0821792;8.111555
-1.5131354;0.1340753;9.950302
0.92895025;1.6567876;8.236053
4.4915223;1.7142484;7.920019
0.8331822;-0.4309563;12.679692
-1.9440918;0.18195933;12.679692
-1.1587936;0.58418524;6.742072
1.3694834;1.1492168;9.021352
-1.1204864;0.81402856;13.685257
0.7086837;-0.94810385;12.74673
1.685518;-0.4309563;9.825804
-1.7046716;-0.038307227;13.493721
-0.15322891;-0.6991069;12.0093155
2.6144683;0.35434186;7.699753
-0.49799395;0.7374141;8.552089
0.39264908;0.019153614;13.8959465
2.7964275;-1.1300632;12.440272
-1.8674773;1.1492168;6.6750345
-2.27928;2.1643584;7.1634517
1.2258313;0.0;10.295067
-0.37349546;-0.16280572;14.116213
-2.4612393;-0.8714894;12.813767
1.1971009;-0.38307226;6.943185
0.16280572;2.4037786;4.951209
-0.15322891;1.283292;8.552089
4.5202527;-0.35434186;12.459426
0.7565677;0.842759;9.988609
-4.5202527;1.4173675;2.9113493
-0.89064306;1.3120226;3.9073372
-0.36391866;0.78529817;7.4986396
-3.5625722;-0.32561144;10.170568
-0.6895301;-0.90021986;9.490616
-0.63206923;0.36391866;9.720459
1.1587936;0.45968673;7.2687964
5.142745;0.842759;10.199299
0.08619126;-0.39264908;10.323798
-0.8619126;-1.532289;13.01488
3.4284968;-1.6280571;13.733141
-3.0071173;-0.8619126;11.674128
-3.2944214;0.1436521;10.362105
1.7142484;-0.61291564;7.422025
-0.92895025;-0.5746084;11.980585
-2.8634653;-0.91937345;13.67568
-0.81402856;-1.6376339;13.867216
0.20111294;-1.1300632;10.860099
0.24899697;0.51714754;9.030929
2.4037786;0.63206923;10.189722
2.9879637;-0.17238252;12.5743475
1.9728222;-1.7621324;12.229582
-0.7182605;-0.6991069;10.218452
-2.920926;0.4213795;7.536947
-0.2873042;-0.06703765;6.7803793
-2.1739352;-0.24899697;8.24563
-0.15322891;-0.34476504;11.3964
2.1547816;-1.5897499;8.944737
-3.3327289;0.89064306;7.5561004
1.3599066;0.91937345;6.042965
4.817134;0.7086837;8.599973
-0.9576807;-0.2873042;11.884817
0.10534488;-1.4269443;12.641385
0.63206923;-1.3790601;10.879252
-1.5514427;0.10534488;9.471462
0.36391866;-0.7757214;9.710882
0.34476504;-0.61291564;12.152967
1.13964;-0.6607997;12.650962
0.17238252;-0.5650316;12.564771
-1.5227122;-0.18195933;10.141838
1.7812861;0.2777274;7.881712
1.1875241;1.3694834;9.940725
-0.1340753;0.23942018;14.30775
0.10534488;-0.047884032;12.315774
-0.8810662;1.2066777;7.6710224
-0.79487497;0.50757074;8.341399
0.22984336;1.340753;11.21444
-1.685518;0.7182605;8.801085
0.24899697;0.19153613;9.940725
-2.4037786;1.283292;11.616667
1.8483237;0.6895301;7.4603324
-1.7429788;2.0398598;3.5242648
0.05746084;0.60333884;10.400413
4.414908;-1.4939818;11.243171
-3.3135753;-0.45010993;7.6135616
-1.4652514;1.043872;5.6215854
0.34476504;1.1971009;6.090849
-2.231396;1.4556746;5.899313
1.2545617;0.4405331;9.212888
-0.37349546;-1.0726024;11.942278
-0.9672575;0.17238252;11.980585
0.22026655;0.047884032;8.542512
-2.528277;2.1930888;5.9663506
4.5202527;-0.51714754;10.6398325
1.8100165;-0.38307226;14.681245
-5.765238;-0.15322891;11.808203
2.633622;-3.1124623;11.36767
-5.6120086;0.7565677;14.317327
-4.6926355;0.6512229;11.252748
9.136273;-0.93852705;11.520899
-7.326257;1.13964;14.173674
2.1739352;-1.7717092;14.652514
8.743625;1.1013328;3.2273839
-9.356541;3.2752678;4.55856
3.2752678;-1.2737153;13.273455
4.0414124;0.25857377;10.323798
-4.367024;2.3080103;1.7046716
-0.9959879;0.35434186;3.4093432
1.7525556;0.33518824;7.690176
1.292869;-0.51714754;8.236053
-0.39264908;-0.9864111;10.496181
0.29688102;-1.4748282;12.334928
1.292869;-0.8714894;9.050082
0.08619126;-0.8810662;7.575254
2.7389667;-1.9057846;12.220005
-0.6512229;-1.6280571;15.820885
-1.2641385;-1.9440918;10.0269165
1.2066777;-1.043872;7.9966335
-2.920926;1.0534488;10.141838
0.20111294;0.15322891;8.66701
3.3614593;0.20111294;9.720459
-2.5187001;-0.8619126;15.456966
0.58418524;-1.5227122;11.473015
0.46926352;1.4269443;7.9870567
-0.6895301;0.6703765;8.944737
1.8100165;-1.8483237;14.920665
-1.4652514;-1.13964;14.068329
-1.3694834;-0.18195933;6.7229185
-0.41180268;0.6512229;5.93762
-0.61291564;0.02873042;9.710882
2.6527755;-1.1013328;13.781025
0.6991069;-0.9864111;12.497733
-2.4229321;-0.4213795;9.988609
-0.6703765;0.31603462;7.479486
0.7182605;0.7661445;9.892841
0.08619126;0.29688102;11.3964
0.7661445;-0.34476504;12.354081
0.34476504;-0.1340753;9.394848
-0.22026655;1.9728222;5.3342814
2.336741;2.432509;6.2345014
0.047884032;1.283292;9.481039
-2.5187001;1.1492168;10.304645
-2.1260512;1.3120226;6.885724
-1.541866;-0.18195933;7.690176
-0.2873042;1.0726024;8.647857
0.4405331;0.89064306;6.751649
1.1875241;0.22984336;9.873688
0.6895301;-0.58418524;14.298173
1.1300632;-1.1300632;12.612655
0.24899697;0.11492168;8.159439
-1.0055647;0.11492168;9.701305
2.6719291;-0.49799395;12.018892
-0.40222588;-0.5650316;11.319786
-0.6991069;-0.7182605;10.91756
0.1436521;-0.095768064;10.333375
-3.0262709;1.1109096;6.9527617
-1.3120226;0.59376204;5.985504
0.37349546;0.8523358;11.808203
-0.6895301;-0.038307227;12.631808
2.6240451;-0.21068975;10.180145
0.5363012;0.93852705;9.605537
0.61291564;1.340753;10.141838
3.8498764;0.641646;13.196839
-0.9959879;0.47884035;13.2351465
-1.4460979;0.45968673;10.611102
2.9496565;0.47884035;5.497087
-2.9017725;0.23942018;8.39886
-1.4173675;-1.1779473;11.903971
1.4748282;-1.292869;11.348516
-0.5650316;-0.58418524;9.32781
-2.0398598;-1.0821792;9.509769
1.0630256;-0.24899697;8.781932
1.934515;-0.1340753;11.9614315
0.63206923;-0.90021986;12.373235
0.50757074;-0.78529817;9.433155
-0.10534488;0.33518824;8.255207
0.41180268;0.38307226;9.797073
-0.12449849;0.34476504;9.308656
-1.5705963;0.39264908;8.1881695
1.283292;-0.21068975;9.32781
-0.20111294;-0.23942018;10.007763
-2.1643584;-0.6991069;9.691729
0.9959879;-0.17238252;8.858546
-0.08619126;-0.5267244;9.174581
-2.4037786;-0.6895301;12.459426
0.08619126;-1.5993267;12.928689
0.05746084;-0.19153613;9.509769
-0.38307226;0.8619126;6.205771
0.23942018;1.1971009;10.0748005
2.432509;0.15322891;12.670115
3.3518825;-1.2354081;12.679692
0.40222588;-1.0342951;11.903971
-0.80445176;-0.38307226;9.203311
0.8810662;-0.4213795;7.565677
-0.40222588;-0.35434186;11.932701
-0.30645782;-1.5131354;12.650962
0.038307227;-0.7086837;9.768343
-0.48841715;0.21068975;7.3645644
2.2888567;0.4213795;10.496181
3.2082303;-0.7086837;10.936713
0.7757214;-0.93852705;11.137826
1.1492168;-0.62249243;7.9870567
-1.340753;0.047884032;8.341399
-1.8579005;-0.31603462;8.599973
1.1683705;-0.6703765;9.097966
0.02873042;-0.90979666;10.572795
1.5897499;-0.8619126;12.459426
0.23942018;-0.41180268;10.601525
-1.7238252;0.22984336;7.7572136
1.13964;-0.80445176;10.630256
0.63206923;-1.3694834;14.623784
-2.3750482;-0.02873042;11.3964
0.63206923;0.19153613;3.6966474
-1.8483237;1.2162545;7.2783732
-2.9783869;-0.08619126;13.263878
2.6623523;-0.40222588;11.951855
0.009576807;1.1300632;10.28549
-1.1971009;1.2354081;11.003751
3.6583402;1.1300632;7.6710224
0.37349546;1.4748282;7.5848308
0.25857377;0.7469909;9.078813
0.45010993;0.5650316;12.344504
-3.3614593;2.4516625;8.619126
-0.08619126;1.6663644;3.8498764
1.8483237;1.9728222;7.374141
-0.8714894;1.5035586;13.321339
2.767697;0.61291564;9.030929
0.7374141;2.4995465;12.430696
1.8387469;0.545878;12.344504
1.0342951;1.388637;11.329363
2.231396;1.3982137;7.97748
4.1180267;-0.9576807;12.593501
-4.2904096;-0.17238252;18.962078
-2.3654714;1.5705963;11.597513
3.2561142;2.2505496;-1.6280571
-6.0621185;2.1452048;11.18571
0.24899697;-0.82360536;16.692375
7.2113357;-0.11492168;5.90889
-8.39886;5.0757074;5.45878
-3.7349546;-0.2777274;15.849615
7.795521;1.2641385;8.839393
-1.6089035;3.7924154;4.2904096
-0.81402856;2.0685902;6.3781533
1.532289;0.7757214;12.095507
-3.4284968;0.8523358;11.444284
-0.7374141;-0.40222588;11.482592
0.11492168;1.1492168;10.601525
1.5131354;1.0821792;10.228029
-0.4405331;1.6950948;11.549629
-0.4309563;0.641646;11.769896
-0.24899697;0.50757074;12.26789
-3.7253778;0.7182605;10.352529
2.0494366;1.1779473;5.391742
2.3463178;2.3463178;7.690176
2.2218192;1.1204864;11.377247
1.9153614;1.2066777;7.3166804
-0.79487497;2.815581;7.690176
-2.183512;2.1452048;6.4739213
0.49799395;2.078167;4.865018
-0.80445176;2.3175871;9.672575
-2.920926;0.6991069;11.224017
3.7445314;-0.5746084;9.672575
-0.47884035;1.3311762;9.940725
1.1683705;-0.2777274;9.528923
3.9073372;0.7086837;12.392388
0.63206923;0.1436521;11.520899
0.08619126;-0.17238252;10.323798
0.19153613;0.8714894;9.720459
-1.685518;0.30645782;11.042058
-1.8100165;0.0;12.11466
-1.8866309;1.1587936;7.479486
0.19153613;0.7661445;6.9527617
-0.5650316;0.18195933;12.258312
-1.6280571;-0.41180268;12.756307
2.7006595;-0.1340753;9.787497
-2.183512;0.7086837;10.697293
0.94810385;0.08619126;11.741165
5.267244;0.29688102;10.496181
-2.96881;1.5897499;10.151415
-1.3599066;0.17238252;8.848969
1.340753;1.6280571;9.11712
-1.7046716;0.8810662;8.8777
-1.2258313;1.0726024;10.295067
4.060566;0.6703765;9.3182335
-1.388637;1.7429788;7.9966335
-0.90979666;0.8619126;9.3661175
1.1683705;0.05746084;10.218452
-2.8443117;-0.038307227;10.936713
0.24899697;-0.16280572;10.505757
1.6184803;0.30645782;10.314221
1.4077905;-0.12449849;9.739613
1.0151415;0.79487497;11.281479
0.16280572;1.1971009;10.879252
-1.541866;0.91937345;8.063671
0.58418524;0.61291564;10.362105
2.0111294;0.076614454;11.693281
0.8331822;0.94810385;9.931149
2.1930888;1.5035586;8.896853
-1.0630256;2.2122424;9.414001
-1.4939818;1.5131354;9.548077
0.4309563;1.1013328;10.572795
-1.0534488;0.7182605;11.013328
2.1164744;0.8619126;9.442732
0.8714894;1.9057846;7.4507556
0.61291564;2.0207062;9.500193
0.08619126;2.4420857;8.858546
-0.90021986;1.3215994;8.925584
-2.4899697;0.9576807;9.710882
-1.5705963;1.7525556;9.14585
3.5625722;1.7238252;7.5082164
1.1779473;2.1739352;11.070788
3.667917;1.0342951;12.679692
1.0821792;0.842759;11.473015
-0.019153614;0.81402856;9.749189
-1.2162545;0.31603462;11.386824
-3.0071173;0.82360536;10.812215
1.043872;0.39264908;9.394848
-2.231396;1.2449849;11.616667
1.9728222;0.90021986;10.151415
1.934515;2.4612393;8.781932
-1.8387469;2.4995465;9.203311
0.89064306;1.9632454;11.674128
-0.5554548;1.7046716;10.266336
-2.7006595;1.3503298;8.992621
0.6991069;1.2737153;9.184157
2.1164744;1.6376339;10.371682
0.32561144;1.8100165;9.452309
2.078167;1.4556746;9.672575
-0.6799533;1.4939818;8.628703
-0.39264908;0.79487497;8.781932
0.49799395;0.2681506;10.228029
-2.5474305;0.90979666;9.758766
-1.8004397;1.0630256;8.178593
1.9919758;1.340753;8.714894
-1.532289;2.3558946;9.126697
3.6296098;1.1971009;9.80665
2.9017725;1.4077905;11.405977
-0.32561144;0.9672575;11.310209
2.4995465;0.6799533;9.165004
-1.8387469;1.3311762;8.542512
-1.6663644;0.31603462;10.582372
0.31603462;0.21068975;10.390836
-1.6184803;0.94810385;8.236053
1.2258313;0.81402856;9.174581
2.7102363;0.9672575;12.038046
1.0821792;0.6895301;12.392388
2.930503;0.076614454;12.545617
1.091756;0.30645782;12.966996
-0.94810385;0.08619126;10.477027
-1.4556746;0.18195933;9.758766
-0.5650316;0.31603462;10.237606
-1.2354081;0.22984336;9.739613
-0.9959879;0.9672575;8.101978
2.2122424;1.2545617;9.289502
2.2697031;1.4269443;10.429143
1.5993267;1.3024458;9.969456
1.8674773;1.292869;9.241618
-1.0630256;1.2545617;8.695741
-0.7565677;0.6991069;8.791509
-2.585738;0.82360536;8.848969
-0.7086837;0.4309563;8.983045
-0.8810662;1.733402;8.121132
0.89064306;0.8714894;7.5465236
1.7142484;1.2737153;10.323798
2.3463178;0.45010993;12.449849
0.7182605;0.12449849;11.741165
2.0207062;-0.23942018;12.258312
0.095768064;0.047884032;11.33894
-3.41892;0.545878;9.423578
0.24899697;-0.11492168;10.668563
-3.7253778;0.61291564;11.358093
-1.1587936;0.7565677;8.513782
1.6089035;1.4460979;8.619126
-0.047884032;1.3694834;10.764331
1.6567876;1.1779473;10.46745
1.3215994;1.4077905;9.050082
0.45968673;1.6567876;8.169016
0.24899697;0.8619126;9.586384
1.8866309;0.79487497;10.007763
-0.06703765;1.2737153;8.973468
-0.1436521;1.5897499;8.494628
1.2066777;2.3175871;7.603985
-0.5554548;2.1452048;7.747637
2.087744;1.4556746;9.634268
-0.1436521;1.6089035;11.18571
0.15322891;1.292869;9.509769
1.6950948;1.0055647;9.892841
1.4460979;0.7565677;11.971008
2.2505496;0.62249243;12.26789
1.4460979;0.7661445;10.840945
-0.2777274;1.1683705;10.208876
1.2162545;1.13964;10.477027
-1.7908629;1.6663644;9.270349
0.61291564;1.091756;9.969456
-2.7102363;1.8004397;9.911995
-1.7621324;1.6089035;7.0964136
-1.0342951;1.9249382;9.394848
-2.2697031;1.5610195;10.6398325
-0.009576807;1.3120226;9.509769
-0.1436521;1.2545617;9.136273
0.58418524;0.7757214;10.927136
1.4460979;0.641646;11.33894
-0.22026655;0.78529817;10.381259
0.40222588;0.58418524;9.959879
-1.1492168;1.0247183;9.854534
0.5554548;0.59376204;10.6398325
-0.32561144;1.0055647;9.854534
0.61291564;1.1492168;9.136273
1.541866;1.3599066;9.624691
0.2873042;1.5705963;9.643845
0.6607997;1.4173675;9.452309
-0.038307227;1.388637;8.695741
0.23942018;1.2354081;9.385271
0.47884035;0.9576807;10.180145
0.12449849;0.8619126;9.557653
1.1683705;0.6512229;9.097966
0.5746084;0.6991069;9.892841
1.0342951;0.39264908;10.25676
1.091756;0.33518824;10.25676
0.6512229;0.31603462;10.43872
0.8331822;0.22026655;10.247183
0.545878;0.16280572;10.055647
-0.49799395;0.22026655;10.25676
-0.22984336;0.22026655;10.007763
-0.32561144;0.22984336;9.854534
-0.12449849;0.18195933;10.390836
0.15322891;0.23942018;10.611102
0.08619126;0.35434186;10.228029
0.40222588;0.33518824;10.70687
0.038307227;0.31603462;10.907983
0.47884035;0.2777274;10.802638
0.047884032;0.33518824;10.658986
-0.39264908;0.4405331;10.199299
0.2777274;0.41180268;9.758766
-0.8810662;0.7565677;9.816227
0.39264908;0.5554548;9.643845
-0.019153614;0.7661445;9.184157
0.1436521;0.5267244;9.605537
0.81402856;0.32561144;10.486604
-0.25857377;0.30645782;9.854534
0.18195933;0.2873042;9.519346
-0.2777274;0.4405331;9.730036
-0.038307227;0.41180268;9.77792
0.16280572;0.545878;9.758766
0.21068975;0.6607997;9.768343
0.33518824;0.8714894;9.80665
0.095768064;0.8714894;9.500193
-0.20111294;1.1204864;9.605537
0.5363012;0.9768343;9.739613
-0.58418524;1.0821792;9.691729
0.78529817;0.7469909;9.787497
-0.10534488;1.13964;9.739613
0.35434186;1.1683705;9.519346
0.81402856;1.2258313;10.342952
0.37349546;1.4460979;10.160992
0.8619126;1.4939818;9.643845
0.5267244;1.6376339;9.844957
0.37349546;1.5993267;9.969456
0.17238252;1.6184803;9.787497
0.047884032;1.6663644;9.691729
-0.17238252;1.7238252;9.720459
-0.009576807;1.7908629;9.825804
0.095768064;1.8483237;9.77792
-0.009576807;1.934515;9.825804
0.46926352;1.9632454;9.9790325
0.19153613;2.1164744;9.959879
0.545878;2.1547816;9.902418
0.38307226;2.1739352;9.768343
0.39264908;2.27928;9.797073
0.47884035;2.2122424;9.892841
0.33518824;2.2218192;9.931149
0.46926352;2.2218192;9.825804
0.6991069;2.1930888;9.701305
0.61291564;2.1452048;9.816227
0.6607997;2.0207062;10.01734
0.4213795;2.0398598;9.883265
0.32561144;1.9440918;9.80665
0.08619126;1.7717092;9.911995
0.11492168;1.7525556;9.672575
0.17238252;1.6567876;9.787497
-0.12449849;1.5035586;9.883265
-0.047884032;1.3311762;9.835381
-0.02873042;1.3215994;9.720459
0.06703765;1.3120226;9.825804
-0.095768064;1.1204864;9.864111
0.047884032;1.0630256;9.9790325
-0.05746084;0.8331822;10.055647
-0.16280572;0.8331822;9.854534
-0.019153614;0.9576807;9.940725
-0.038307227;0.7757214;10.055647
0.16280572;0.6799533;9.998186
0.06703765;0.79487497;9.9790325
-0.038307227;0.6512229;10.007763
0.1340753;0.61291564;10.065224
0.10534488;0.50757074;9.969456
0.19153613;0.40222588;9.998186
0.22984336;0.25857377;10.0269165
0.16280572;0.2681506;9.883265
0.29688102;0.24899697;10.170568
0.17238252;0.19153613;9.998186
0.25857377;0.12449849;9.9790325
0.18195933;0.019153614;9.969456
0.24899697;0.047884032;10.01734
0.22984336;0.10534488;9.854534
0.17238252;0.08619126;9.940725
0.22026655;0.02873042;9.940725
0.17238252;0.019153614;9.892841
0.18195933;-0.019153614;9.902418
0.18195933;0.019153614;9.902418
0.19153613;-0.02873042;9.844957
0.22026655;0.0;9.883265
0.16280572;0.009576807;9.873688
0.17238252;0.019153614;9.854534
0.22984336;0.06703765;9.931149
0.20111294;-0.009576807;9.911995
0.22984336;0.0;9.931149
0.1436521;-0.009576807;9.959879
0.20111294;0.038307227;9.883265
0.20111294;0.02873042;9.931149
0.18195933;0.0;9.854534
0.22026655;0.009576807;9.950302
0.21068975;-0.02873042;9.921572
0.19153613;0.02873042;9.864111
0.20111294;0.02873042;9.950302
0.17238252;-0.019153614;9.854534
0.18195933;0.0;9.873688
0.24899697;0.047884032;9.873688
0.19153613;0.019153614;9.921572
0.21068975;0.047884032;9.864111
0.18195933;0.019153614;9.835381
0.20111294;0.0;9.844957
0.21068975;0.047884032;9.911995
0.21068975;-0.009576807;9.873688
0.19153613;0.0;9.931149
0.17238252;0.019153614;9.892841
0.23942018;-0.009576807;9.931149
0.16280572;-0.009576807;9.940725
0.22984336;0.0;9.892841
0.21068975;0.009576807;9.921572
0.16280572;-0.038307227;9.844957
0.23942018;0.038307227;9.902418
0.20111294;0.038307227;9.864111
0.18195933;0.0;9.844957
0.23942018;0.038307227;9.883265
0.18195933;0.0;9.844957
0.19153613;-0.05746084;9.911995
0.22984336;0.047884032;9.825804
0.19153613;0.0;9.911995
0.20111294;-0.038307227;9.940725
0.19153613;-0.02873042;9.931149
0.22984336;0.019153614;9.854534
0.18195933;-0.038307227;9.9790325
0.19153613;0.009576807;9.911995
0.17238252;-0.038307227;9.940725
0.22026655;0.038307227;9.864111
0.20111294;-0.019153614;9.864111
0.16280572;-0.038307227;9.864111
0.17238252;0.009576807;9.902418
0.19153613;0.0;9.921572
0.15322891;-0.009576807;9.825804
0.18195933;0.019153614;9.873688
0.16280572;-0.009576807;9.902418
0.20111294;0.05746084;9.854534
0.21068975;-0.019153614;9.950302
0.1436521;-0.05746084;9.950302
0.2681506;0.0;9.988609
0.20111294;-0.047884032;9.950302
0.1436521;0.0;9.864111
0.30645782;0.06703765;9.940725
0.1340753;-0.038307227;9.864111
0.21068975;0.06703765;9.835381
0.22984336;0.0;9.816227
0.19153613;0.1436521;9.902418
0.24899697;0.0;9.873688
0.009576807;0.10534488;9.787497
0.4309563;0.0;10.132261
0.12449849;-0.047884032;9.950302
0.24899697;0.16280572;10.065224
0.24899697;-0.038307227;9.605537
0.22984336;0.02873042;10.055647
0.22026655;-0.02873042;10.007763
0.20111294;0.019153614;9.883265
0.1436521;-0.06703765;9.911995
0.20111294;-0.02873042;9.931149
0.10534488;-0.02873042;9.969456
0.18195933;0.0;9.873688
0.17238252;0.019153614;9.844957
0.18195933;-0.009576807;9.902418
0.23942018;0.06703765;9.959879
0.20111294;-0.019153614;9.873688
0.23942018;0.0;9.921572
0.21068975;0.02873042;9.959879
0.1436521;0.0;9.873688
0.25857377;0.019153614;9.931149
0.076614454;0.009576807;9.816227
0.2873042;0.02873042;9.969456
0.22984336;-0.038307227;10.160992
-0.10534488;0.02873042;9.768343
0.6512229;-0.019153614;9.864111
-0.29688102;0.06703765;9.80665
0.05746084;0.019153614;10.170568
0.22984336;0.009576807;9.9790325
0.12449849;0.047884032;9.710882
0.2681506;-0.019153614;9.892841
0.12449849;-0.02873042;9.864111
0.21068975;-0.019153614;9.921572
0.21068975;0.038307227;9.9790325
0.15322891;0.019153614;9.864111
0.22026655;-0.009576807;9.921572
0.16280572;-0.076614454;9.950302
0.21068975;-0.009576807;9.921572
0.24899697;0.05746084;9.835381
0.15322891;-0.019153614;9.825804
0.17238252;-0.009576807;10.0748005
0.24899697;0.06703765;9.883265
0.12449849;0.0;9.749189
0.33518824;0.095768064;9.9790325
0.08619126;-0.02873042;9.9790325
0.22026655;0.009576807;9.931149
0.24899697;0.038307227;9.825804
0.19153613;0.02873042;9.797073
0.2681506;0.047884032;9.854534
0.095768064;0.019153614;9.940725
0.22026655;-0.05746084;9.892841
0.19153613;0.019153614;9.892841
0.06703765;-0.06703765;9.749189
0.33518824;-0.009576807;9.969456
-0.08619126;-0.10534488;10.199299
0.33518824;-0.076614454;9.768343
0.24899697;-0.1340753;9.77792
0.18195933;0.0;9.835381
0.22026655;-0.019153614;10.01734
0.08619126;-0.009576807;9.892841
0.21068975;-0.019153614;10.01734
0.12449849;-0.009576807;9.835381
0.17238252;-0.019153614;9.864111
0.24899697;0.0;9.959879
0.11492168;-0.038307227;9.80665
0.20111294;-0.019153614;9.931149
0.22026655;-0.02873042;9.797073
0.16280572;0.019153614;9.969456
0.18195933;-0.009576807;10.103531
0.20111294;0.009576807;9.835381
0.2681506;0.0;9.835381
0.19153613;0.02873042;10.275913
0.2873042;0.0;10.01734
