;ay;ax;az
1;0.10534488;-0.009576807;9.80665
2;0.22026655;-0.0;9.835381
3;0.019153614;0.038307227;10.0269165
4;0.11492168;-0.0;9.988609
5;0.15322891;-0.0;9.691729
6;0.1436521;-0.0;9.720459
7;-0.019153614;0.095768064;10.01734
8;0.12449849;0.05746084;9.988609
9;0.047884032;-0.0;9.988609
10;0.22026655;0.06703765;9.844957
11;0.22026655;-0.0;9.730036
12;0.076614454;0.095768064;10.218452
13;0.1436521;0.06703765;10.228029
14;0.18195933;-0.02873042;9.5385
15;0.2681506;-0.095768064;9.385271
16;0.047884032;0.076614454;10.103531
17;0.05746084;0.1340753;10.745177
18;0.20111294;-0.0;10.170568
19;-0.22026655;-0.12449849;9.414001
20;0.35434186;-0.02873042;8.925584
21;-0.16280572;0.17238252;10.668563
22;-0.22984336;0.17238252;11.070788
23;0.7757214;-0.25857377;8.781932
24;0.019153614;-0.047884032;9.615114
25;0.15322891;-0.02873042;9.835381
26;0.12449849;0.06703765;9.902418
27;0.08619126;0.06703765;9.911995
28;0.12449849;0.019153614;9.902418
29;0.1340753;0.02873042;9.844957
30;0.1436521;0.038307227;9.873688
31;0.1436521;0.009576807;9.911995
32;0.1340753;-0.0;9.969456
33;0.1436521;-0.0;9.797073
34;0.12449849;-0.0;9.911995
35;0.047884032;0.06703765;9.940725
36;0.10534488;0.009576807;9.931149
37;0.1436521;0.009576807;9.9790325
38;0.095768064;-0.0;9.883265
39;0.1340753;0.02873042;9.892841
40;0.076614454;-0.009576807;9.921572
41;0.11492168;0.009576807;9.854534
42;0.11492168;-0.05746084;9.844957
43;0.08619126;0.02873042;9.873688
44;0.11492168;-0.0;9.911995
45;0.12449849;0.019153614;9.921572
46;0.17238252;-0.019153614;9.873688
47;0.076614454;-0.019153614;9.892841
48;0.16280572;-0.0;9.892841
49;0.12449849;-0.02873042;9.892841
50;0.095768064;-0.05746084;9.892841
51;0.1436521;-0.0;9.864111
52;0.12449849;-0.0;9.921572
53;0.12449849;-0.0;9.940725
54;0.095768064;-0.009576807;9.883265
55;0.11492168;-0.0;9.825804
56;0.11492168;-0.0;9.864111
57;0.10534488;-0.047884032;9.950302
58;0.15322891;-0.019153614;9.816227
59;0.076614454;-0.009576807;9.921572
60;0.15322891;-0.0;9.883265
61;0.1340753;0.019153614;9.921572
62;0.1436521;-0.009576807;9.864111
63;0.095768064;-0.019153614;9.921572
64;0.1340753;0.009576807;9.969456
65;0.038307227;-0.0;9.883265
66;0.1436521;-0.0;9.902418
67;0.08619126;-0.038307227;9.931149
68;0.15322891;-0.019153614;9.80665
69;0.1340753;-0.02873042;9.883265
70;0.12449849;0.009576807;9.80665
71;0.10534488;-0.019153614;9.892841
72;0.1436521;-0.0;9.873688
73;0.12449849;-0.009576807;9.825804
74;0.10534488;-0.0;9.931149
75;0.10534488;0.05746084;9.950302
76;0.16280572;-0.009576807;9.854534
77;0.08619126;-0.0;9.873688
78;0.08619126;0.038307227;9.864111
79;0.11492168;-0.0;9.902418
80;0.12449849;0.019153614;9.883265
81;0.076614454;0.095768064;9.873688
82;0.1340753;0.02873042;9.911995
83;0.1340753;0.009576807;9.883265
84;0.08619126;0.038307227;9.864111
85;0.08619126;0.019153614;9.864111
86;0.1436521;0.076614454;9.883265
87;0.05746084;0.009576807;9.931149
88;0.1340753;0.038307227;9.873688
89;0.11492168;0.019153614;9.892841
90;0.08619126;0.047884032;9.854534
91;0.1340753;0.038307227;9.854534
92;0.11492168;-0.0;9.950302
93;0.10534488;0.08619126;9.883265
94;0.1436521;0.009576807;9.921572
95;0.038307227;0.02873042;9.873688
96;0.076614454;0.038307227;9.931149
97;0.1340753;0.019153614;9.825804
98;0.10534488;0.009576807;9.883265
99;0.11492168;0.05746084;9.883265
100;0.1340753;0.038307227;10.01734
101;0.11492168;-0.009576807;9.892841
102;0.11492168;0.06703765;9.921572
103;0.11492168;-0.0;9.854534
104;0.1436521;-0.0;9.940725
105;0.11492168;-0.009576807;9.902418
106;0.15322891;-0.0;9.902418
107;0.076614454;0.038307227;9.892841
108;0.1340753;0.038307227;9.902418
109;0.076614454;0.02873042;9.940725
110;0.05746084;0.019153614;9.902418
111;0.1340753;0.08619126;9.902418
112;0.076614454;0.019153614;9.9790325
113;0.08619126;0.095768064;9.940725
114;0.1340753;0.047884032;9.940725
115;0.06703765;0.009576807;9.873688
116;0.1340753;0.038307227;9.892841
117;0.076614454;0.05746084;9.931149
118;0.05746084;0.038307227;9.835381
119;0.16280572;-0.0;9.844957
120;0.08619126;0.038307227;9.921572
121;0.047884032;0.095768064;9.921572
122;0.1436521;-0.0;9.883265
123;0.16280572;-0.0;9.931149
124;0.15322891;-0.009576807;9.892841
125;0.095768064;0.047884032;9.902418
126;0.10534488;0.08619126;9.950302
127;0.1436521;-0.009576807;9.902418
128;0.05746084;-0.0;9.931149
129;0.08619126;0.038307227;9.892841
130;0.095768064;0.009576807;9.873688
131;0.12449849;0.05746084;9.854534
132;0.10534488;0.02873042;9.950302
133;0.095768064;0.009576807;9.883265
134;0.1340753;-0.047884032;9.902418
135;0.1340753;-0.0;9.825804
136;0.18195933;-0.038307227;9.854534
137;0.10534488;-0.019153614;9.950302
138;0.12449849;-0.0;9.854534
139;0.15322891;-0.0;9.825804
140;0.095768064;0.009576807;9.873688
141;0.15322891;-0.019153614;9.892841
142;0.16280572;0.009576807;9.911995
143;0.08619126;-0.02873042;9.844957
144;0.10534488;-0.019153614;9.911995
145;0.06703765;-0.009576807;9.921572
146;0.095768064;0.019153614;9.892841
147;0.11492168;0.038307227;9.883265
148;0.10534488;0.009576807;9.883265
149;0.12449849;-0.019153614;9.864111
150;0.10534488;-0.009576807;9.998186
151;0.10534488;-0.009576807;9.902418
152;0.11492168;-0.009576807;9.873688
153;0.095768064;-0.0;9.844957
154;0.1340753;-0.009576807;9.864111
155;0.10534488;-0.019153614;9.921572
156;0.1340753;0.019153614;9.864111
157;0.10534488;-0.0;9.959879
158;0.08619126;-0.0;9.969456
159;0.095768064;-0.038307227;9.892841
160;0.08619126;0.009576807;9.816227
161;0.10534488;-0.0;9.921572
162;0.02873042;-0.0;9.969456
163;0.047884032;-0.0;9.864111
164;0.08619126;0.009576807;9.921572
165;0.05746084;0.038307227;9.969456
166;0.1340753;0.009576807;9.902418
167;0.08619126;-0.0;9.940725
168;0.076614454;-0.0;9.854534
169;0.15322891;0.009576807;9.921572
170;0.08619126;0.02873042;9.864111
171;0.08619126;0.019153614;9.844957
172;0.12449849;0.047884032;9.940725
173;0.095768064;-0.019153614;9.892841
174;0.1340753;0.095768064;9.873688
175;0.1340753;-0.038307227;9.892841
176;0.10534488;0.038307227;9.969456
177;0.11492168;-0.009576807;9.873688
178;0.1436521;-0.038307227;9.835381
179;0.076614454;0.038307227;9.825804
180;0.15322891;0.019153614;9.921572
181;0.095768064;0.02873042;9.931149
182;0.18195933;-0.0;9.787497
183;0.1436521;0.038307227;9.911995
184;0.047884032;0.076614454;10.01734
185;0.17238252;-0.0;9.931149
186;0.1436521;-0.0;9.921572
187;0.1340753;0.047884032;9.883265
188;0.10534488;0.02873042;9.864111
189;0.12449849;0.06703765;9.892841
190;0.05746084;0.047884032;10.036493
191;0.12449849;0.095768064;9.911995
192;0.1436521;0.05746084;9.873688
193;0.038307227;0.076614454;9.902418
194;0.1436521;0.095768064;9.921572
195;0.095768064;0.08619126;9.950302
196;0.10534488;0.12449849;9.873688
197;0.16280572;0.1340753;9.969456
198;0.038307227;0.06703765;9.883265
199;0.15322891;0.12449849;9.9790325
200;0.076614454;0.076614454;9.9790325
201;0.05746084;0.047884032;9.921572
202;0.1436521;0.08619126;9.911995
203;0.05746084;0.095768064;9.950302
204;0.11492168;0.06703765;9.950302
205;0.11492168;0.11492168;9.883265
206;0.08619126;0.1436521;9.854534
207;0.11492168;0.1436521;9.931149
208;0.076614454;0.095768064;9.911995
209;0.08619126;0.076614454;9.911995
210;0.076614454;0.05746084;9.969456
211;0.08619126;0.038307227;9.902418
212;0.1340753;0.047884032;9.921572
213;0.11492168;0.02873042;9.883265
214;0.11492168;0.08619126;9.940725
215;0.10534488;0.08619126;9.959879
216;0.12449849;0.095768064;9.902418
217;0.11492168;0.05746084;9.864111
218;0.009576807;0.05746084;9.950302
219;0.1436521;0.009576807;9.902418
220;0.095768064;0.05746084;9.931149
221;0.076614454;0.05746084;9.873688
222;0.11492168;0.08619126;9.931149
223;0.10534488;0.009576807;9.864111
224;0.08619126;0.038307227;9.931149
225;0.047884032;-0.0;9.864111
226;0.038307227;0.047884032;9.883265
227;0.08619126;-0.0;9.998186
228;0.11492168;0.009576807;9.892841
229;0.1340753;0.047884032;9.883265
230;0.10534488;-0.038307227;9.873688
231;0.095768064;0.019153614;9.950302
232;0.08619126;0.019153614;9.873688
233;0.11492168;-0.038307227;9.873688
234;0.076614454;0.02873042;9.911995
235;0.1340753;-0.038307227;9.921572
236;0.11492168;-0.06703765;9.902418
237;0.12449849;-0.0;9.883265
238;0.05746084;-0.0;9.873688
239;0.12449849;0.009576807;9.902418
240;0.10534488;-0.009576807;9.854534
241;0.1340753;-0.047884032;9.892841
242;0.12449849;-0.038307227;9.883265
243;0.095768064;-0.019153614;9.911995
244;0.15322891;-0.019153614;9.873688
245;0.12449849;-0.019153614;9.921572
246;0.076614454;-0.047884032;9.844957
247;0.16280572;-0.095768064;9.864111
248;0.08619126;-0.038307227;9.931149
249;0.12449849;-0.0;9.959879
250;0.095768064;-0.05746084;9.988609
251;0.10534488;-0.047884032;9.835381
252;0.1436521;-0.02873042;9.892841
253;0.05746084;-0.05746084;9.864111
254;0.10534488;-0.047884032;9.835381
255;0.10534488;-0.047884032;9.921572
256;0.038307227;-0.06703765;9.911995
257;0.1436521;-0.019153614;9.816227
258;0.076614454;-0.038307227;9.911995
259;0.12449849;-0.076614454;9.931149
260;0.11492168;-0.019153614;9.931149
261;0.08619126;-0.047884032;9.835381
262;0.10534488;-0.038307227;9.892841
263;0.095768064;-0.08619126;9.902418
264;0.095768064;-0.009576807;9.844957
265;0.11492168;-0.009576807;9.950302
266;0.06703765;-0.08619126;9.844957
267;0.19153613;-0.0;9.873688
268;0.095768064;-0.10534488;9.844957
269;0.15322891;-0.05746084;9.835381
270;0.12449849;-0.0;9.969456
271;0.047884032;-0.019153614;9.816227
272;0.1436521;-0.10534488;9.844957
273;0.047884032;-0.05746084;9.854534
274;0.12449849;-0.076614454;9.854534
275;0.12449849;-0.076614454;9.864111
276;0.076614454;-0.05746084;9.883265
277;0.16280572;-0.08619126;9.921572
278;0.10534488;0.038307227;9.873688
279;0.095768064;-0.076614454;9.883265
280;0.12449849;-0.009576807;9.950302
281;0.02873042;0.009576807;9.873688
282;0.08619126;0.06703765;9.950302
283;0.06703765;0.019153614;9.940725
284;0.12449849;0.009576807;9.892841
285;0.05746084;0.06703765;9.892841
286;0.11492168;-0.0;9.864111
287;0.1340753;-0.009576807;9.931149
288;0.06703765;0.02873042;9.864111
289;0.08619126;0.009576807;9.835381
290;0.17238252;-0.076614454;9.825804
291;0.10534488;0.019153614;9.854534
292;0.12449849;0.12449849;9.950302
293;0.047884032;0.02873042;9.835381
294;0.12449849;0.06703765;9.911995
295;0.11492168;-0.02873042;9.921572
296;0.095768064;0.06703765;9.864111
297;0.15322891;0.06703765;9.931149
298;0.095768064;0.11492168;9.854534
299;0.17238252;0.06703765;9.911995
300;0.12449849;0.1436521;9.969456
301;0.12449849;0.095768064;9.940725
302;0.1436521;0.15322891;9.921572
303;0.17238252;0.18195933;9.873688
304;0.1436521;0.16280572;9.892841
305;0.11492168;0.16280572;9.969456
306;0.08619126;0.19153613;9.940725
307;0.17238252;0.22026655;9.80665
308;0.1340753;0.22026655;9.998186
309;0.1340753;0.20111294;9.9790325
310;0.19153613;0.18195933;9.950302
311;0.1436521;0.22984336;9.988609
312;0.1340753;0.29688102;9.892841
313;0.08619126;0.22984336;9.959879
314;0.10534488;0.2873042;9.911995
315;0.095768064;0.21068975;9.959879
316;0.12449849;0.21068975;9.959879
317;0.11492168;0.25857377;9.854534
318;0.095768064;0.2681506;9.931149
319;0.10534488;0.20111294;9.902418
320;0.10534488;0.22984336;9.864111
321;0.10534488;0.17238252;9.892841
322;0.095768064;0.18195933;9.864111
323;0.08619126;0.17238252;9.892841
324;0.11492168;0.19153613;9.921572
325;0.12449849;0.16280572;9.931149
326;0.08619126;0.095768064;9.883265
327;0.16280572;0.038307227;9.864111
328;0.11492168;0.19153613;9.873688
329;0.12449849;0.11492168;9.854534
330;0.11492168;0.16280572;9.911995
331;0.08619126;0.038307227;9.892841
332;0.11492168;0.16280572;9.911995
333;0.10534488;0.06703765;9.969456
334;0.095768064;0.076614454;9.873688
335;0.16280572;0.10534488;9.844957
336;0.06703765;0.02873042;9.921572
337;0.12449849;0.095768064;9.921572
338;0.15322891;0.11492168;9.931149
339;0.12449849;0.05746084;9.883265
340;0.06703765;0.06703765;9.950302
341;0.05746084;0.038307227;9.864111
342;0.08619126;0.019153614;9.921572
343;0.06703765;0.009576807;9.864111
344;0.076614454;-0.009576807;9.902418
345;0.06703765;0.038307227;9.873688
346;0.038307227;0.10534488;9.969456
347;0.06703765;0.06703765;9.864111
348;0.019153614;0.076614454;9.892841
349;0.019153614;0.06703765;9.873688
350;0.10534488;0.095768064;9.988609
351;0.076614454;0.06703765;9.9790325
352;0.16280572;0.047884032;9.940725
353;0.095768064;0.047884032;9.873688
354;0.076614454;0.009576807;9.950302
355;0.12449849;-0.0;9.911995
356;0.10534488;-0.0;9.797073
357;0.1340753;-0.0;9.844957
358;0.17238252;-0.10534488;9.864111
359;0.19153613;-0.06703765;9.80665
360;0.22984336;-0.06703765;9.835381
361;0.17238252;-0.038307227;9.844957
362;0.21068975;-0.095768064;9.864111
363;0.17238252;-0.05746084;9.854534
364;0.15322891;-0.076614454;9.873688
365;0.21068975;-0.02873042;9.931149
366;0.12449849;0.019153614;9.9790325
367;0.21068975;-0.095768064;9.911995
368;0.17238252;-0.0;9.940725
369;0.10534488;-0.08619126;9.950302
370;0.10534488;-0.05746084;9.921572
371;0.047884032;-0.038307227;9.80665
372;0.02873042;-0.047884032;9.825804
373;-0.019153614;-0.02873042;9.825804
374;-0.009576807;-0.009576807;9.816227
375;-0.05746084;-0.08619126;9.844957
376;-0.05746084;-0.038307227;9.80665
377;0.009576807;-0.095768064;9.825804
378;-0.076614454;-0.08619126;9.911995
379;-0.095768064;-0.02873042;9.883265
380;0.0;-0.05746084;9.940725
381;-0.10534488;-0.11492168;9.931149
382;0.038307227;-0.06703765;9.931149
383;0.02873042;-0.076614454;9.988609
384;0.076614454;-0.16280572;9.902418
385;0.1436521;-0.20111294;9.911995
386;0.1340753;-0.22026655;9.902418
387;0.11492168;-0.22984336;9.844957
388;0.19153613;-0.30645782;9.739613
389;0.15322891;-0.31603462;9.758766
390;0.18195933;-0.34476504;9.835381
391;0.24899697;-0.38307226;9.701305
392;0.24899697;-0.37349546;9.816227
393;0.31603462;-0.40222588;9.825804
394;0.2873042;-0.39264908;9.768343
395;0.29688102;-0.4309563;9.921572
396;0.25857377;-0.30645782;9.873688
397;0.29688102;-0.35434186;9.940725
398;0.24899697;-0.31603462;9.950302
399;0.31603462;-0.37349546;9.988609
400;0.34476504;-0.35434186;10.01734
401;0.31603462;-0.31603462;10.007763
402;0.31603462;-0.2873042;9.873688
403;0.20111294;-0.2681506;9.940725
404;0.05746084;-0.16280572;9.816227
405;0.038307227;-0.16280572;9.701305
406;-0.1436521;-0.22984336;9.739613
407;-0.12449849;-0.08619126;9.892841
408;-0.08619126;-0.15322891;9.739613
409;-0.18195933;-0.11492168;9.701305
410;-0.17238252;-0.11492168;9.864111
411;-0.24899697;-0.06703765;9.768343
412;-0.29688102;-0.08619126;9.959879
413;-0.33518824;-0.06703765;10.007763
414;-0.33518824;-0.076614454;9.911995
415;-0.22026655;-0.019153614;9.998186
416;-0.11492168;-0.0;10.25676
417;-0.02873042;-0.0;10.247183
418;0.15322891;0.02873042;10.218452
419;0.095768064;0.019153614;10.342952
420;0.1436521;-0.009576807;9.9790325
421;0.25857377;-0.05746084;9.969456
422;0.009576807;0.019153614;10.084377
423;0.25857377;-0.047884032;9.931149
424;0.2873042;-0.21068975;9.653421
425;0.22984336;-0.2681506;9.720459
426;0.4405331;-0.40222588;9.653421
427;0.45010993;-0.5267244;9.241618
428;0.34476504;-0.6512229;9.32781
429;0.545878;-0.62249243;9.500193
430;0.39264908;-0.6512229;9.222465
431;0.4405331;-0.7278373;9.3182335
432;0.49799395;-0.641646;9.56723
433;0.545878;-0.4309563;9.730036
434;0.36391866;-0.46926352;9.5385
435;0.36391866;-0.36391866;9.797073
436;0.38307226;0.02873042;9.835381
437;0.20111294;-0.12449849;9.873688
438;-0.047884032;0.038307227;9.988609
439;0.076614454;0.17238252;10.151415
440;-0.08619126;0.39264908;10.170568
441;-0.24899697;0.49799395;10.323798
442;-0.37349546;0.58418524;10.400413
443;-0.21068975;0.8331822;10.28549
444;-0.2873042;1.1109096;10.25676
445;-0.24899697;1.1683705;10.208876
446;-0.10534488;1.2737153;9.9790325
447;-0.095768064;1.3215994;10.007763
448;-0.08619126;1.436521;9.959879
449;-0.06703765;1.4748282;9.921572
450;0.009576807;1.5131354;9.988609
451;-0.1436521;1.5227122;10.103531
452;0.10534488;1.6567876;9.911995
453;-0.08619126;1.7046716;10.04607
454;0.076614454;1.733402;10.065224
455;0.038307227;1.6950948;9.911995
456;0.1436521;1.7429788;9.883265
457;0.1340753;1.8100165;10.0748005
458;0.22984336;1.8291701;9.931149
459;0.30645782;1.733402;9.77792
460;0.18195933;1.7908629;9.921572
461;0.2681506;1.7142484;9.844957
462;0.24899697;1.7142484;9.682152
463;0.24899697;1.8291701;9.80665
464;0.22984336;1.6663644;9.739613
465;0.15322891;1.6472107;9.586384
466;0.2681506;1.6376339;9.940725
467;0.009576807;1.7717092;10.0269165
468;0.33518824;1.7142484;9.873688
469;-0.08619126;1.7908629;10.151415
470;-0.2777274;1.8770541;9.9790325
471;-0.019153614;1.8962077;9.998186
472;-0.35434186;1.9536686;10.381259
473;-0.63206923;1.9536686;10.515334
474;-0.21068975;1.8291701;10.228029
475;-0.39264908;1.7429788;10.486604
476;-0.19153613;1.7908629;10.812215
477;-0.05746084;1.8004397;10.314221
478;-0.20111294;1.6759412;10.28549
479;-0.16280572;1.5897499;10.429143
480;-0.2873042;1.3215994;10.036493
481;-0.35434186;1.1300632;9.481039
482;-0.25857377;1.0247183;9.433155
483;0.25857377;0.94810385;9.423578
484;0.39264908;0.7565677;9.299079
485;0.45010993;0.6991069;8.973468
486;0.7757214;0.60333884;8.561666
487;0.7086837;0.82360536;9.021352
488;0.58418524;0.90979666;9.643845
489;0.62249243;0.91937345;9.069236
490;0.7278373;1.043872;9.375694
491;0.40222588;1.1013328;10.103531
492;0.37349546;1.1779473;10.055647
493;0.47884035;1.340753;10.371682
494;0.45010993;1.5897499;11.291056
495;1.1779473;1.6472107;11.520899
496;0.79487497;1.4556746;11.204864
497;0.02873042;1.484405;11.128249
498;0.81402856;1.292869;10.582372
499;-1.2258313;0.94810385;9.375694
500;-0.24899697;1.0342951;10.065224
501;-0.7086837;0.5554548;9.337387
502;-0.79487497;0.32561144;7.9104424
503;-0.33518824;0.24899697;8.858546
504;-0.34476504;0.1436521;9.251195
505;-0.11492168;0.39264908;8.714894
506;-0.51714754;0.6607997;8.7532015
507;-0.25857377;1.0821792;9.615114
508;-0.1340753;1.4556746;10.036493
509;-0.9959879;1.7717092;10.486604
510;-0.9864111;2.0015526;10.668563
511;-0.22984336;2.1930888;10.601525
512;-0.2777274;2.3080103;11.990162
513;0.94810385;2.4037786;12.564771
514;0.4309563;2.1452048;11.348516
515;1.1587936;1.8387469;10.649409
516;0.90021986;1.532289;10.333375
517;0.21068975;1.340753;9.557653
518;-0.33518824;1.0726024;8.39886
519;0.35434186;1.0630256;7.7667904
520;-0.58418524;1.13964;7.920019
521;1.5801731;1.436521;8.054094
522;0.41180268;1.5131354;8.772355
523;0.047884032;1.8291701;9.873688
524;1.13964;2.2218192;9.854534
525;-0.37349546;2.432509;10.228029
526;0.89064306;3.016694;11.693281
527;0.30645782;3.1794999;12.392388
528;0.1436521;3.2465374;11.434708
529;0.18195933;3.016694;11.990162
530;-1.0055647;2.9975405;11.329363
531;-1.2545617;2.4037786;8.992621
532;-1.1013328;1.7717092;7.872135
533;-1.2737153;1.8387469;8.647857
534;-1.4269443;1.9153614;9.059659
535;0.038307227;2.3750482;9.548077
536;-0.45010993;2.4229321;10.113108
537;0.62249243;2.480393;10.534488
538;1.4748282;2.5091233;10.860099
539;0.90021986;2.5474305;11.654974
540;0.7374141;2.336741;11.233594
541;-1.436521;1.3694834;8.868123
542;0.62249243;2.1068976;9.931149
543;-2.231396;0.92895025;10.103531
544;-2.3175871;0.93852705;7.4603324
545;1.4652514;1.1683705;8.839393
546;0.5267244;1.2641385;10.620679
547;0.06703765;1.5131354;10.093954
548;2.882619;1.5993267;10.400413
549;0.45010993;1.7238252;11.022904
550;-0.6607997;1.8770541;11.032481
551;1.3215994;1.5227122;11.511322
552;-1.6376339;0.46926352;8.552089
553;-1.3120226;0.06703765;8.034941
554;1.13964;-0.22026655;9.174581
555;1.3599066;-0.22026655;7.9008656
556;0.4213795;0.009576807;9.232041
557;1.8579005;0.4309563;10.189722
558;2.1260512;0.94810385;10.927136
559;-0.24899697;0.842759;10.994174
560;0.4309563;0.81402856;10.524911
561;0.076614454;-0.019153614;9.548077
562;-0.06703765;-0.06703765;9.3661175
563;0.5650316;-0.02873042;10.160992
564;0.63206923;-0.019153614;9.902418
565;-0.48841715;0.4213795;9.854534
566;-0.641646;0.9768343;10.151415
567;0.11492168;1.0247183;11.176133
568;-1.9536686;0.89064306;9.653421
569;-0.1436521;1.1875241;10.0748005
570;0.019153614;0.60333884;11.453861
571;-0.22026655;-0.22026655;9.394848
572;-0.24899697;-0.50757074;8.0445175
573;0.0;-0.39264908;8.37013
574;-1.4652514;-0.20111294;8.973468
575;-0.51714754;0.49799395;9.950302
576;-0.89064306;0.41180268;9.5385
577;-1.4748282;0.36391866;8.743625
578;0.545878;0.08619126;8.24563
579;0.2681506;-0.22984336;9.32781
580;0.1340753;-0.02873042;9.682152
581;-0.4213795;0.25857377;7.201759
582;0.1340753;0.30645782;7.52737
583;-0.16280572;1.5993267;10.793061
584;-1.0630256;2.3175871;11.291056
585;-1.091756;2.2697031;10.160992
586;-0.62249243;2.7581203;11.262324
587;1.2449849;2.566584;12.957419
588;3.2848446;2.384625;12.210428
589;1.8387469;2.6048915;10.151415
590;0.30645782;1.9249382;9.375694
591;1.2354081;2.384625;9.892841
592;0.4405331;2.7581203;10.505757
593;-1.1971009;3.4572272;9.385271
594;1.1683705;3.1794999;9.931149
595;1.934515;3.6583402;10.371682
596;0.7086837;3.1986535;9.548077
597;-0.33518824;2.7581203;7.6710224
598;1.8291701;3.5817258;8.532935
599;-2.0590134;3.8115692;10.879252
600;-3.4093432;5.401319;13.273455
601;1.5897499;4.951209;12.813767
602;-0.49799395;4.003105;8.628703
603;-2.7964275;3.2273839;9.739613
604;2.4899697;4.4244847;9.452309
605;-0.94810385;4.4723687;12.239159
606;-2.078167;5.1810527;12.392388
607;1.8770541;5.947197;12.880805
608;-1.4748282;3.4284968;12.277467
609;1.0821792;3.9552212;8.274361
610;1.2066777;3.5913026;9.854534
611;-3.9073372;3.4763808;11.559206
612;-0.89064306;4.2425256;10.860099
613;1.9153614;3.4859576;9.730036
614;-2.0207062;1.5610195;10.314221
615;1.6184803;2.384625;6.6367273
616;1.3790601;1.8962077;8.331821
617;0.33518824;2.2218192;10.802638
618;1.1683705;2.3080103;9.174581
619;-1.4652514;0.4213795;6.38773
620;-1.0151415;0.33518824;7.07726
621;-0.6799533;0.4405331;5.765238
622;-1.6663644;0.8523358;8.063671
623;1.1204864;2.1164744;11.60709
624;0.24899697;0.7086837;11.051635
625;0.61291564;-0.0;8.24563
626;1.8579005;0.5746084;10.67814
627;1.13964;1.2449849;12.229582
628;1.4748282;0.90979666;11.444284
629;-2.2984335;0.9672575;10.553641
630;-1.0247183;1.8866309;9.346964
631;-1.3599066;0.32561144;8.159439
632;-0.8331822;0.2873042;9.500193
633;0.89064306;0.90021986;12.995727
634;0.19153613;0.51714754;11.57836
635;1.0151415;-0.39264908;9.232041
636;0.24899697;-0.30645782;10.716447
637;2.9879637;1.0630256;13.043611
638;0.41180268;0.48841715;9.739613
639;-3.5051112;-0.02873042;9.9790325
640;-0.095768064;-0.19153613;10.295067
641;0.4309563;-0.6512229;8.149862
642;-3.5913026;-1.6472107;8.465898
643;0.8810662;-0.37349546;11.089942
644;1.3790601;-0.80445176;9.816227
645;-2.384625;-1.6089035;9.471462
646;2.4133554;-0.89064306;9.3182335
647;-0.47884035;-1.5993267;11.405977
648;0.91937345;-0.81402856;9.835381
649;0.78529817;-1.13964;9.3661175
650;-2.183512;-1.7621324;7.872135
651;0.45010993;-3.0454245;9.289502
652;1.5610195;-3.3039982;7.843405
653;-2.4420857;-2.815581;8.322245
654;0.36391866;-1.1779473;9.672575
655;0.45968673;-0.59376204;11.252748
656;0.92895025;-1.091756;10.381259
657;-1.1109096;-2.0685902;10.342952
658;1.7046716;-3.1794999;8.054094
659;1.5035586;-1.7142484;10.898406
660;0.89064306;0.1340753;14.767436
661;-0.5554548;-1.3024458;8.015787
662;-1.436521;-3.7062242;6.445191
663;1.091756;-1.0342951;11.894394
664;0.25857377;-2.3080103;11.87524
665;-0.16280572;-1.2162545;5.6982
666;1.091756;0.10534488;13.129802
667;-1.3215994;-1.1013328;14.690822
668;2.4995465;-0.9864111;9.260772
669;-1.7238252;-2.480393;10.1226845
670;0.89064306;-0.9959879;9.270349
671;3.1124623;-1.5514427;11.18571
672;-1.1013328;-1.1492168;11.683704
673;-2.2697031;-0.59376204;8.983045
674;0.62249243;-2.920926;8.418014
675;0.6991069;-2.3558946;8.791509
676;-3.323152;-2.0685902;8.025364
677;2.7868507;-1.0055647;9.270349
678;0.076614454;-1.0342951;11.932701
679;-2.135628;-0.59376204;11.089942
680;0.7278373;-1.1779473;8.743625
681;0.24899697;-1.0342951;9.844957
682;0.23942018;-0.7757214;11.070788
683;1.0630256;-0.11492168;9.184157
684;-0.10534488;-0.2777274;10.208876
685;-0.90979666;-0.46926352;12.698846
686;-0.22984336;-0.30645782;9.892841
687;0.5363012;-1.13964;8.149862
688;3.2082303;-0.50757074;9.069236
689;0.2681506;-1.4652514;9.32781
690;1.6950948;-0.08619126;9.634268
691;-1.7621324;0.05746084;11.003751
692;-4.759673;-0.2681506;10.994174
693;0.6607997;-0.40222588;7.699753
694;0.32561144;-1.340753;7.632715
695;0.641646;-0.545878;10.084377
696;3.5051112;0.4213795;11.195287
697;1.13964;0.63206923;12.26789
698;-0.81402856;0.45010993;11.473015
699;-0.62249243;-0.46926352;9.730036
700;-1.7908629;-1.6567876;7.0964136
701;0.92895025;-0.59376204;7.690176
702;0.15322891;-0.30645782;10.716447
703;0.91937345;0.92895025;11.798626
704;-0.90979666;1.1971009;12.028469
705;-0.7757214;0.6799533;10.601525
706;1.1587936;-0.18195933;9.528923
707;-0.1436521;-0.545878;9.461885
708;2.5953147;0.36391866;9.787497
709;1.6280571;0.46926352;12.172121
710;-1.6184803;0.41180268;11.262324
711;1.3120226;1.1971009;9.088389
712;-1.4939818;-0.24899697;9.3182335
713;-0.35434186;-0.31603462;9.864111
714;-0.90979666;-1.043872;7.7667904
715;0.24899697;-0.18195933;7.699753
716;-0.90021986;0.32561144;11.501745
717;1.7717092;1.4939818;11.36767
718;-0.05746084;0.076614454;9.509769
719;-0.23942018;-0.047884032;10.7356
720;1.3599066;-0.19153613;11.176133
721;0.0;-0.7565677;9.337387
722;0.5363012;-0.641646;9.710882
723;-0.23942018;-0.15322891;10.879252
724;1.3599066;-0.047884032;10.199299
725;-1.0247183;-1.2449849;10.199299
726;-0.90979666;-0.8714894;8.1402855
727;1.5227122;-2.3750482;8.7532015
728;0.5746084;-2.4516625;9.021352
729;0.10534488;-1.3311762;9.528923
730;0.6799533;-1.1300632;9.126697
731;1.3503298;-1.0630256;11.319786
732;-0.62249243;-0.6703765;10.879252
733;-0.7661445;-1.6280571;11.022904
734;0.31603462;-2.5570073;11.377247
735;-3.074155;-3.4955344;8.599973
736;3.2369606;-3.122039;8.762778
737;-0.39264908;-3.7062242;12.172121
738;0.08619126;-1.4556746;10.97502
739;0.24899697;-2.1068976;10.927136
740;-1.4460979;-2.8634653;9.3182335
741;0.19153613;-3.1124623;8.456321
742;-0.90021986;-4.721366;8.418014
743;-1.3599066;-4.4436383;8.379706
744;-0.58418524;-3.5051112;9.423578
745;-0.9959879;-3.5817258;9.308656
746;-0.16280572;-3.8115692;8.734048
747;-0.7182605;-3.5242648;8.63828
748;-0.47884035;-3.4093432;10.228029
749;0.5746084;-2.4995465;10.850522
750;-0.24899697;-3.3327289;9.471462
751;-0.8523358;-4.414908;9.069236
752;2.4516625;-4.2042184;8.714894
753;0.33518824;-3.6296098;9.519346
754;-0.58418524;-2.6144683;10.007763
755;0.90021986;-2.2409728;9.576807
756;0.33518824;-2.3175871;11.080365
757;0.81402856;-1.3503298;12.028469
758;0.8331822;-1.7621324;8.025364
759;1.2066777;-2.9783869;8.599973
760;0.095768064;-2.3558946;10.601525
761;-0.7469909;-1.4939818;10.831368
762;-0.51714754;-0.8810662;9.701305
763;-0.15322891;-0.81402856;9.356541
764;0.40222588;-0.6991069;10.28549
765;1.6280571;-0.4309563;11.252748
766;0.24899697;0.05746084;11.33894
767;-0.7565677;0.05746084;10.802638
768;1.436521;0.095768064;9.959879
769;-0.5746084;-0.47884035;9.452309
770;-0.6799533;-0.23942018;10.984597
771;0.22984336;-0.2681506;10.0748005
772;-2.2409728;-0.82360536;8.63828
773;-0.9959879;-0.7469909;8.465898
774;-0.2777274;-0.8810662;8.418014
775;0.92895025;-0.29688102;8.858546
776;0.4309563;-0.038307227;10.208876
777;0.842759;0.02873042;9.959879
778;0.46926352;0.15322891;10.496181
779;0.25857377;0.6991069;10.860099
780;0.39264908;1.091756;10.5919485
781;-0.78529817;0.79487497;8.916007
782;-0.20111294;0.47884035;8.925584
783;-0.1340753;0.60333884;9.3182335
784;-0.5267244;0.90979666;9.931149
785;0.7469909;1.0726024;10.342952
786;0.7086837;1.2641385;10.70687
787;1.0342951;1.4269443;11.21444
788;0.8714894;1.7812861;11.176133
789;0.22984336;2.327164;12.018892
790;0.019153614;3.016694;12.698846
791;0.038307227;2.72939;11.999739
792;-1.1204864;2.0111294;9.739613
793;-0.31603462;1.7621324;9.605537
794;-0.80445176;1.5705963;9.500193
795;-1.1109096;1.2354081;8.647857
796;-0.08619126;0.9864111;9.069236
797;0.31603462;1.1971009;9.720459
798;0.24899697;1.2737153;9.911995
799;1.1875241;1.4173675;10.065224
800;0.33518824;1.8962077;11.166556
801;-0.6799533;2.030283;10.25676
802;0.5554548;2.030283;10.515334
803;-0.51714754;1.2737153;10.486604
804;-0.2777274;0.81402856;7.690176
805;0.9959879;0.22026655;8.532935
806;1.6089035;0.9672575;10.295067
807;-0.7374141;1.2641385;10.793061
808;0.18195933;2.087744;9.797073
809;-0.6799533;2.5091233;10.94629
810;-1.7908629;2.1068976;11.051635
811;0.17238252;1.8291701;10.888829
812;-1.388637;1.5705963;10.534488
813;0.5746084;1.1587936;9.270349
814;0.8331822;0.39264908;8.810662
815;0.33518824;0.32561144;8.66701
816;1.2354081;0.62249243;9.911995
817;-0.2681506;0.8714894;8.848969
818;-1.0726024;1.1683705;9.155427
819;0.08619126;1.5514427;11.597513
820;-1.685518;0.9672575;9.030929
821;-0.8714894;0.2681506;6.8282633
822;1.934515;0.20111294;9.126697
823;-0.076614454;0.842759;9.720459
824;1.7238252;1.436521;10.572795
825;1.6663644;1.5514427;11.377247
826;-1.6376339;2.27928;10.840945
827;-1.685518;1.9440918;11.568783
828;-0.45968673;1.9057846;11.109096
829;-1.7621324;1.2354081;11.137826
830;0.1340753;1.0534488;9.32781
831;1.4748282;0.47884035;8.494628
832;0.4405331;0.39264908;9.107543
833;1.6376339;1.1971009;9.844957
834;1.4939818;1.6472107;10.821792
835;-0.90021986;2.0685902;11.089942
836;-0.46926352;1.7621324;8.446744
837;0.79487497;0.7374141;7.326257
838;-1.1013328;0.8619126;8.724471
839;1.3599066;1.2258313;9.232041
840;0.23942018;1.0247183;8.676587
841;-1.5801731;2.087744;10.151415
842;1.2545617;3.122039;11.712435
843;-1.3120226;2.4899697;10.141838
844;0.4213795;2.6144683;10.984597
845;0.076614454;1.7908629;10.553641
846;-1.0726024;0.92895025;9.337387
847;1.934515;1.388637;10.448297
848;-0.16280572;1.7238252;11.21444
849;-0.41180268;2.9783869;10.371682
850;0.9864111;3.2561142;12.191275
851;-0.37349546;2.7102363;12.641385
852;-1.7812861;1.6089035;8.274361
853;0.63206923;1.3024458;5.171476
854;-0.1436521;1.4269443;9.3182335
855;-1.3024458;2.873042;13.608643
856;1.9153614;3.821146;12.392388
857;-1.9440918;1.6567876;10.036493
858;-0.2681506;0.1436521;7.9008656
859;2.834735;1.2737153;5.4779334
860;-0.18195933;1.1204864;10.831368
861;0.45968673;3.0454245;11.224017
862;0.8523358;2.8538885;10.01734
863;-0.50757074;2.0685902;8.848969
864;0.2873042;1.5993267;8.2169
865;-0.5267244;1.2449849;7.651869
866;-0.8523358;1.7621324;9.165004
867;0.08619126;3.3327289;11.932701
868;0.9768343;3.0262709;13.838486
869;1.1971009;1.8004397;9.595961
870;-0.36391866;0.59376204;8.197746
871;1.8483237;1.2066777;10.113108
872;0.24899697;1.5227122;12.200851
873;-1.0534488;2.1739352;11.319786
874;-0.8714894;1.6567876;10.237606
875;-0.6799533;0.90021986;7.52737
876;2.3080103;1.5801731;6.8761473
877;0.047884032;1.2641385;11.702858
878;0.19153613;2.5091233;12.0093155
879;1.1971009;1.7908629;10.333375
880;-1.6184803;0.80445176;10.764331
881;0.47884035;0.6512229;8.762778
882;1.8962077;0.1340753;9.241618
883;0.5554548;0.94810385;12.277467
884;1.1300632;1.6472107;12.737153
885;-0.8331822;0.90979666;7.9487495
886;0.40222588;1.4173675;7.565677
887;-1.4748282;0.34476504;9.672575
888;-1.5705963;0.4405331;8.226477
889;0.45010993;1.5227122;8.724471
890;-2.8634653;0.7374141;11.540052
891;2.5761611;0.7374141;8.082825
892;-0.4405331;-0.61291564;6.9240313
893;0.11492168;0.2681506;10.860099
894;2.2218192;0.7374141;12.852075
895;0.4405331;0.89064306;8.810662
896;-2.1739352;0.45010993;9.653421
897;-0.40222588;0.49799395;9.720459
898;-0.48841715;-0.7182605;5.889736
899;1.3024458;0.80445176;9.3182335
900;1.5897499;2.135628;15.227123
901;-1.5993267;0.5650316;9.672575
902;3.6966474;0.20111294;4.644751
903;-0.47884035;0.5554548;12.440272
904;-1.4269443;1.2258313;13.40753
905;2.5378537;1.4939818;9.3182335
906;-2.4612393;0.24899697;9.461885
907;-2.0398598;1.1683705;9.835381
908;2.5570073;-0.019153614;9.260772
909;1.6759412;0.1436521;9.490616
910;0.90979666;1.4652514;12.785037
911;-1.4460979;1.2354081;11.990162
912;0.4405331;0.15322891;7.0581064
913;-0.35434186;0.06703765;8.37013
914;-1.283292;0.5650316;10.927136
915;0.92895025;0.047884032;12.162544
916;-0.49799395;-0.009576807;7.833828
917;-1.1204864;-0.23942018;7.4603324
918;1.1875241;-0.6512229;8.494628
919;1.8674773;-0.7565677;8.734048
920;-1.0055647;-1.1300632;10.007763
921;2.882619;1.8100165;11.032481
922;-3.4859576;-0.6512229;10.247183
923;0.047884032;0.22984336;7.9391727
924;2.1547816;0.51714754;9.873688
925;-2.078167;0.7757214;13.694834
926;1.7908629;1.043872;11.425131
927;0.63206923;-0.5554548;7.249643
928;0.58418524;0.047884032;9.787497
929;1.5610195;0.48841715;12.411542
930;2.4612393;1.1587936;11.377247
931;-2.4133554;0.50757074;10.812215
932;-2.1068976;0.7086837;9.940725
933;0.94810385;-0.095768064;9.911995
934;-0.9959879;-0.24899697;10.658986
935;0.89064306;0.40222588;12.411542
936;0.90021986;0.90021986;10.611102
937;-2.336741;-0.91937345;8.24563
938;1.1109096;-0.095768064;8.178593
939;3.763685;-0.095768064;11.003751
940;-0.94810385;-0.038307227;11.779472
941;-0.29688102;-0.076614454;7.5465236
942;-0.46926352;-0.6799533;5.851429
943;-2.9975405;-0.80445176;8.992621
944;-1.043872;-0.7278373;10.314221
945;2.384625;0.095768064;10.5919485
946;-1.5227122;-0.5554548;9.375694
947;0.90021986;-0.038307227;7.7667904
948;1.292869;-1.1587936;9.251195
949;0.32561144;-0.641646;9.701305
950;1.2354081;0.2681506;9.653421
951;-3.4093432;-0.20111294;9.902418
952;0.58418524;0.32561144;11.597513
953;0.19153613;-0.48841715;9.5385
954;-2.767697;-0.9959879;8.485051
955;2.1260512;0.11492168;11.760319
956;1.9153614;-0.08619126;14.614207
957;-1.1683705;0.29688102;10.802638
958;0.38307226;-0.8523358;8.791509
959;-0.7086837;-1.4556746;8.963891
960;1.982399;-0.8331822;9.433155
961;-0.17238252;0.08619126;13.129802
962;-2.1643584;0.7565677;11.741165
963;-0.21068975;0.1340753;7.0485296
964;-0.9768343;-1.1971009;8.054094
965;1.3311762;-0.23942018;12.248735
966;0.7374141;0.06703765;11.827356
967;-0.21068975;0.49799395;11.042058
968;1.4077905;-0.20111294;9.481039
969;-0.7757214;-0.8714894;7.153875
970;0.6607997;-1.1300632;8.130709
971;1.8962077;0.38307226;10.0748005
972;-3.9935284;-0.46926352;10.189722
973;-1.733402;-0.7757214;8.829816
974;1.7812861;-1.1779473;6.8186865
975;-3.4572272;-2.183512;7.517793
976;3.122039;0.2777274;12.08593
977;3.2465374;-0.63206923;13.206416
978;-3.9935284;-0.8714894;7.086837
979;3.6008794;0.23942018;7.1347213
980;-1.7046716;-1.541866;9.921572
981;-0.8810662;-0.38307226;7.393295
982;2.7485435;0.6991069;10.295067
983;-3.371036;0.4405331;12.50731
984;0.63206923;0.31603462;8.523358
985;2.566584;-1.3790601;9.136273
986;-0.9672575;-0.8810662;10.879252
987;0.90021986;0.7565677;13.541605
988;0.46926352;0.2777274;12.382812
989;0.30645782;0.37349546;9.519346
990;-1.8962077;0.019153614;9.260772
991;2.4037786;0.6799533;10.036493
992;0.1436521;-0.5746084;11.463438
993;-0.6703765;1.2545617;12.363658
994;1.4173675;0.59376204;11.980585
995;-0.22984336;-0.7278373;8.983045
996;-0.2777274;-0.6703765;8.073248
997;3.6487634;0.19153613;11.923124
998;-0.48841715;-0.009576807;12.737153
999;-3.4284968;0.50757074;9.155427
1000;-0.1436521;-0.30645782;5.9663506
1001;-0.19153613;-0.49799395;6.895301
1002;-2.6144683;-0.7469909;10.515334
1003;2.7102363;0.5650316;10.342952
1004;-0.095768064;-0.2873042;8.446744
1005;-2.4516625;-0.39264908;9.758766
1006;4.501099;0.10534488;8.437167
1007;-1.4077905;-1.3790601;9.9790325
1008;1.8579005;1.0630256;12.047623
1009;1.3790601;0.6607997;12.4785795
1010;-5.439626;-1.1300632;5.861006
1011;2.2984335;0.5554548;4.0414124
1012;-0.5267244;0.10534488;12.459426
1013;-3.0358477;0.2681506;10.381259
1014;2.3175871;0.58418524;6.9623384
1015;0.48841715;0.36391866;12.334928
1016;-0.6991069;-0.12449849;10.97502
1017;3.3997664;0.06703765;10.065224
1018;0.92895025;-0.22984336;11.827356
1019;-1.7621324;0.5650316;12.08593
1020;1.1013328;0.63206923;8.24563
1021;-2.0685902;-0.23942018;7.0006456
1022;-0.4213795;1.2162545;10.371682
1023;-0.076614454;1.3503298;11.089942
1024;-2.882619;0.34476504;9.490616
1025;0.91937345;1.6280571;11.224017
1026;1.484405;1.2641385;11.291056
1027;0.1340753;1.0630256;11.731588
1028;3.6583402;2.3654714;12.823344
1029;-0.15322891;2.1739352;13.302185
1030;-0.38307226;2.72939;10.333375
1031;-1.2641385;1.9440918;9.32781
1032;-1.9249382;1.3120226;8.571242
1033;-0.06703765;0.91937345;7.3071036
1034;-1.1971009;0.35434186;7.680599
1035;-1.6089035;0.19153613;10.754754
1036;3.7541082;1.5514427;8.714894
1037;-1.1013328;-0.92895025;7.240066
1038;2.7485435;1.1300632;10.170568
1039;1.340753;0.39264908;13.445837
1040;-1.9440918;0.06703765;7.536947
1041;0.29688102;-0.02873042;6.5984197
1042;-0.79487497;-0.24899697;9.883265
1043;-1.1204864;0.34476504;8.848969
1044;3.7445314;1.0151415;9.56723
1045;-1.7717092;0.11492168;11.702858
1046;-2.030283;1.0534488;9.892841
1047;2.4612393;1.13964;10.007763
1048;1.5993267;1.0726024;13.828909
1049;-1.1109096;1.9632454;13.962984
1050;0.11492168;0.90979666;9.241618
1051;0.7661445;0.4309563;8.619126
1052;0.6607997;1.9728222;13.493721
1053;-1.3120226;0.92895025;13.215993
1054;1.4939818;1.283292;7.3645644
1055;0.51714754;1.0726024;11.453861
1056;-0.47884035;1.6184803;13.273455
1057;1.5514427;1.0821792;9.80665
1058;0.92895025;-0.019153614;9.768343
1059;-1.4652514;-0.35434186;10.457873
1060;-1.7717092;-0.48841715;6.7229185
1061;-0.80445176;-0.9864111;7.5465236
1062;1.6567876;-0.2873042;9.56723
1063;0.30645782;-0.18195933;9.32781
1064;-0.91937345;-1.5705963;6.3206925
1065;1.3215994;-2.231396;6.646304
1066;0.7565677;-0.23942018;8.801085
1067;0.12449849;-0.6991069;12.545617
1068;0.79487497;-1.7142484;11.032481
1069;0.45010993;-0.0;3.9839516
1070;-1.0821792;-2.4133554;9.126697
1071;-0.21068975;-0.019153614;11.21444
1072;1.7238252;-0.94810385;11.281479
1073;-0.93852705;-0.93852705;11.760319
1074;-2.6431987;-0.15322891;11.836933
1075;2.0015526;-0.92895025;11.492168
1076;1.3215994;-1.982399;13.560759
1077;-1.685518;-1.1492168;15.533581
1078;4.644751;-2.4612393;13.215993
1079;0.18195933;-1.9632454;11.233594
1080;-6.3111157;-3.2848446;11.300632
1081;5.2959743;-1.6472107;9.222465
1082;-1.292869;-4.0414124;9.433155
1083;-8.571242;-5.985504;8.082825
1084;4.4915223;-2.327164;2.5187001
1085;-0.58418524;-7.3071036;2.815581
1086;-4.55856;-6.991069;12.325351
1087;7.469909;-4.3766007;3.4284968
1088;-8.082825;-6.3781533;3.821146
1089;-1.13964;-1.8866309;12.98615
1090;6.4068837;-1.7621324;7.9487495
1091;-5.056554;-4.0414124;4.9320555
1092;0.9864111;-2.4516625;5.631162
1093;-0.842759;-2.183512;10.927136
1094;-4.10845;-2.231396;10.381259
1095;2.2601264;1.2449849;11.865664
1096;-4.012682;-1.7812861;12.660539
1097;-3.3327289;-1.6280571;8.686164
1098;6.090849;-1.1204864;13.618219
1099;-3.3901896;0.46926352;16.424223
1100;-1.0247183;1.3982137;11.894394
1101;5.1235914;0.9959879;8.101978
1102;-4.3382936;-1.7429788;10.67814
1103;-2.327164;-1.5227122;12.459426
1104;3.667917;-2.5953147;11.128249
1105;-3.083732;-3.7445314;10.486604
1106;-0.9768343;-2.0590134;9.021352
1107;6.253655;-2.6048915;6.0525417
1108;0.16280572;-4.855441;8.24563
1109;0.7086837;-4.1276035;9.490616
1110;2.3175871;-2.5570073;9.490616
1111;-1.9536686;-3.4476504;8.226477
1112;-0.6607997;-2.6431987;6.655881
1113;5.659893;-1.1492168;9.959879
1114;0.7182605;-2.633622;6.196194
1115;3.016694;-2.2984335;11.712435
1116;6.5601125;-1.1587936;13.455414
1117;1.9536686;1.0151415;15.217546
1118;0.25857377;2.183512;14.039598
1119;1.4077905;2.327164;8.801085
1120;-0.37349546;2.5474305;8.66701
1121;0.5746084;4.2042184;13.867216
1122;-3.8594532;3.4093432;10.965444
1123;1.7238252;4.3957543;6.789956
1124;0.20111294;2.882619;8.820239
1125;-2.1260512;3.8498764;13.666103
1126;2.2984335;4.0414124;9.481039
1127;0.39264908;4.7884035;8.791509
1128;-2.087744;3.323152;8.034941
1129;1.1587936;4.213795;8.619126
1130;-1.0151415;2.2409728;3.7828386
1131;-0.019153614;3.8881836;8.724471
1132;0.9768343;3.572149;7.1251445
1133;-6.655881;1.292869;2.3942018
1134;2.6910827;3.8977604;2.231396
1135;2.4899697;6.694188;14.279019
1136;-3.7541082;4.951209;15.20797
1137;3.5242648;7.7093296;10.94629
1138;0.2681506;5.2863975;6.5696893
1139;-5.793968;7.335834;16.481684
1140;2.8443117;8.973468;19.393034
1141;3.0454245;6.3206925;15.801731
1142;-3.074155;6.4739213;8.791509
1143;-3.1890767;7.8050976;15.638926
1144;4.3957543;7.4124484;18.358738
1145;4.8841715;6.991069;11.779472
1146;-0.36391866;5.544971;11.453861
1147;4.999093;5.4779334;13.579912
1148;3.466804;3.514688;12.047623
1149;-3.7924154;2.9496565;4.9224787
1150;5.592855;3.8019924;5.1235914
1151;2.7868507;1.4556746;4.0701427
1152;-4.5202527;1.8866309;-0.545878
1153;0.22984336;0.78529817;4.8267107
1154;-4.3382936;1.1971009;3.4955344
1155;-4.1180267;-0.33518824;-1.6759412
1156;1.9919758;-0.6703765;-1.4652514
1157;4.261679;0.9864111;7.9583263
1158;0.15322891;2.6240451;10.984597
1159;0.7469909;0.02873042;11.386824
1160;2.0207062;1.7525556;5.554548
1161;-2.2122424;0.93852705;4.261679
1162;-1.6376339;2.4037786;8.063671
1163;10.180145;6.5696893;21.490355
1164;-6.9527617;4.8458643;25.110388
1165;-0.34476504;4.8267107;11.128249
1166;8.896853;5.9280434;12.392388
1167;-14.4609785;5.497087;14.690822
1168;-8.66701;8.312668;23.03222
1169;8.350976;8.772355;18.109741
1170;-3.9264908;5.267244;6.196194
1171;-5.631162;5.7269306;21.375433
1172;9.557653;3.8977604;29.975405
1173;6.933608;0.49799395;20.733788
1174;-0.19153613;-1.1109096;9.969456
1175;-3.6487634;1.6089035;10.400413
1176;-4.8937483;3.572149;12.028469
1177;-7.153875;-0.7374141;7.6614456
1178;-8.149862;-0.7469909;5.90889
1179;0.842759;-0.61291564;8.810662
1180;-1.3694834;-1.934515;6.9048777
1181;3.5242648;-1.1587936;6.5696893
1182;2.0015526;-2.825158;9.337387
1183;1.8962077;-1.9440918;7.144298
1184;-1.1013328;-3.7445314;11.990162
1185;-4.0414124;-2.5953147;9.825804
1186;-1.4556746;-2.5570073;7.9104424
1187;-4.4819455;-3.1986535;9.701305
1188;-1.0055647;-2.183512;8.628703
1189;3.4380736;-1.6950948;8.590396
1190;0.15322891;-1.5035586;14.384364
1191;3.1316159;-2.1260512;12.670115
1192;2.2984335;-3.0933087;8.724471
1193;3.8594532;-1.6280571;9.9790325
1194;-2.681506;-1.6663644;12.105083
1195;2.777274;0.10534488;10.524911
1196;0.90979666;-1.2354081;14.623784
1197;0.1436521;0.16280572;8.791509
1198;1.7429788;-1.3503298;7.833828
1199;1.0534488;-3.1986535;6.167464
1200;-0.6895301;-1.7621324;6.4643445
1201;0.41180268;-1.7429788;10.189722
1202;1.7238252;-2.777274;14.5759
1203;-3.7541082;-3.4380736;3.016694
1204;2.8443117;-4.0414124;5.535394
1205;1.9440918;-3.86903;8.8777
1206;-0.51714754;-4.261679;6.2632318
1207;5.5737014;-3.2082303;5.583278
1208;-1.5227122;-3.763685;9.586384
1209;-3.2752678;-3.6008794;3.3614593
1210;3.5913026;-5.0374002;0.7086837
1211;-0.7661445;-3.7924154;6.6654577
1212;-3.4572272;-3.016694;13.733141
1213;0.25857377;-1.8483237;5.707777
1214;-3.064578;-4.4723687;6.0046577
1215;-5.056554;-5.1140146;6.4164605
1216;8.935161;-3.169923;7.7093296
1217;-4.55856;-5.90889;11.769896
1218;-1.1683705;-1.0726024;16.213533
1219;5.2480903;-4.0892963;2.27928
1220;-4.1371803;-7.920019;0.29688102
1221;2.7102363;-3.6583402;9.739613
1222;3.7732618;-2.1452048;13.512875
1223;-3.4572272;-4.2904096;5.659893
1224;-2.0973208;-4.8362875;5.171476
1225;0.79487497;-3.2082303;7.383718
1226;-0.78529817;-2.72939;7.240066
1227;-2.7102363;-2.4037786;8.724471
1228;-1.0726024;-3.1028855;9.184157
1229;0.24899697;-2.920926;6.5696893
1230;-0.5267244;-3.0550013;7.651869
1231;-0.9864111;-2.4995465;6.301539
1232;3.9552212;-2.6048915;6.4739213
1233;3.6008794;-3.1316159;10.726024
1234;-0.93852705;-1.6184803;9.442732
1235;1.2354081;-2.7006595;6.655881
1236;2.2601264;-3.5338416;6.531382
1237;0.93852705;-2.6048915;10.228029
1238;1.8195933;-2.9496565;12.440272
1239;2.7102363;-1.9153614;7.1251445
1240;-3.5529952;-3.2082303;6.885724
1241;-1.0342951;-1.685518;6.3781533
1242;2.2697031;-2.2218192;8.810662
1243;-1.3694834;-1.3024458;12.871228
1244;-3.514688;-2.5091233;5.401319
1245;-0.30645782;-3.6296098;1.436521
1246;2.0494366;-2.2218192;8.542512
1247;-1.9440918;-1.934515;8.1881695
1248;2.585738;-0.18195933;4.9320555
1249;-1.9632454;-0.5554548;13.666103
1250;-5.9567738;0.80445176;9.873688
1251;2.5570073;-0.7086837;3.371036
1252;-4.10845;-1.2258313;3.8115692
1253;-9.11712;-0.12449849;12.957419
1254;-1.0247183;2.4037786;11.693281
1255;-0.79487497;1.3982137;6.5122285
1256;-11.099519;-0.20111294;7.1634517
1257;1.484405;3.0933087;13.953407
1258;1.7429788;1.7908629;12.325351
1259;-7.0581064;3.86903;10.103531
1260;-0.7086837;2.6910827;9.299079
1261;-4.8362875;0.9576807;8.350976
1262;-1.3599066;0.08619126;9.662998
1263;-0.12449849;1.4939818;7.6614456
1264;-5.889736;-1.0726024;10.582372
1265;-0.47884035;3.466804;5.6407394
1266;1.3215994;1.1971009;11.616667
1267;-4.855441;1.3599066;10.994174
1268;0.93852705;1.9536686;8.868123
1269;6.8282633;0.31603462;12.133814
1270;-2.3463178;0.46926352;11.597513
1271;4.711789;1.8195933;10.208876
1272;1.7812861;1.2162545;12.334928
1273;-3.0933087;3.9360676;11.224017
1274;0.45010993;3.8977604;16.625336
1275;2.7868507;1.484405;16.558298
1276;4.8458643;4.807557;12.641385
1277;2.9592333;1.2449849;19.115307
1278;3.7349546;1.9536686;21.988348
1279;4.309563;4.951209;14.901511
1280;1.283292;2.5091233;16.175226
1281;0.02873042;1.3503298;13.713987
1282;-1.733402;-0.29688102;8.456321
1283;-0.92895025;-0.49799395;6.7324953
1284;0.90979666;0.05746084;11.923124
1285;-0.047884032;0.8619126;12.938266
1286;-0.48841715;-0.23942018;11.415554
1287;1.8866309;-0.7374141;7.776367
1288;1.4077905;-0.4309563;9.988609
1289;1.6663644;0.59376204;13.426683
1290;-1.0821792;0.095768064;11.702858
1291;-1.5514427;-0.8810662;6.6846113
1292;-1.5514427;-0.81402856;8.24563
1293;0.4213795;-0.45968673;9.279925
1294;0.6607997;-0.1436521;10.333375
1295;0.6991069;0.79487497;12.469003
1296;0.79487497;1.043872;11.348516
1297;-0.2777274;-1.283292;7.5561004
1298;2.2984335;-1.043872;7.795521
1299;1.292869;-0.038307227;10.840945
1300;-0.45010993;0.1436521;11.21444
1301;0.8523358;-0.2777274;8.0924015
1302;-0.6607997;-1.1109096;6.7708025
1303;-1.1683705;-0.17238252;7.5465236
1304;0.63206923;-0.038307227;10.496181
1305;0.92895025;1.091756;12.354081
1306;-0.5363012;0.92895025;12.497733
1307;0.7182605;0.545878;9.136273
1308;0.78529817;-0.90021986;9.260772
1309;2.3654714;0.6512229;11.971008
1310;0.79487497;1.1779473;14.930242
1311;-2.2984335;0.6991069;9.404425
1312;0.15322891;0.19153613;7.8625584
1313;-0.9768343;-0.6512229;9.375694
1314;-0.8331822;0.41180268;8.571242
1315;-0.06703765;0.6607997;12.488156
1316;0.8331822;1.2641385;13.369223
1317;-0.37349546;0.45010993;10.055647
1318;-0.8619126;-0.5650316;8.207323
1319;2.0685902;0.34476504;10.697293
1320;1.982399;0.92895025;13.694834
1321;0.41180268;0.90979666;11.224017
1322;-2.0973208;0.038307227;8.734048
1323;-1.091756;-0.17238252;7.8146744
1324;-0.009576807;-0.545878;8.073248
1325;-1.4556746;0.61291564;8.63828
1326;0.39264908;1.3215994;13.091495
1327;1.9536686;0.40222588;10.304645
1328;0.047884032;-0.641646;6.4643445
1329;0.82360536;-0.8331822;9.251195
1330;1.1204864;-0.39264908;12.028469
1331;1.4269443;0.80445176;9.9790325
1332;-1.8579005;-0.23942018;9.203311
1333;-1.5131354;-0.009576807;9.184157
1334;0.22984336;-0.06703765;7.192182
1335;-0.7757214;-0.9672575;7.7667904
1336;2.5091233;1.4748282;11.089942
1337;-2.1164744;0.33518824;12.488156
1338;0.48841715;-0.37349546;9.481039
1339;2.8921957;0.2681506;8.082825
1340;-3.2369606;-0.79487497;9.394848
1341;0.8714894;0.6703765;11.099519
1342;3.7253778;0.50757074;11.176133
1343;-4.807557;-0.61291564;10.534488
1344;-0.6607997;-0.05746084;7.8146744
1345;1.7908629;-0.7374141;8.743625
1346;-1.1300632;-0.2777274;9.873688
1347;1.2258313;2.0398598;14.33648
1348;0.0;-0.047884032;11.204864
1349;-1.2162545;-0.8714894;7.28795
1350;0.9864111;-0.842759;8.599973
1351;-0.31603462;-0.7086837;12.832921
1352;1.4939818;0.12449849;9.883265
1353;0.23942018;-0.50757074;9.969456
1354;-2.585738;-1.0821792;7.3166804
1355;-0.6799533;-1.5705963;5.544971
1356;2.4899697;-0.6799533;7.651869
1357;-1.1109096;-0.5746084;13.503298
1358;-0.7374141;0.20111294;10.151415
1359;1.3311762;-1.1204864;7.3549876
1360;-0.08619126;-1.8100165;8.37013
1361;1.5610195;-0.05746084;9.624691
1362;2.8921957;0.8714894;15.456966
1363;-1.3790601;0.4309563;12.11466
1364;-0.21068975;-0.02873042;8.935161
1365;1.2641385;0.17238252;7.3645644
1366;-2.1452048;-0.58418524;9.768343
1367;1.1779473;0.91937345;10.5440645
1368;1.6089035;1.484405;14.748282
1369;-2.2888567;0.5554548;13.608643
1370;0.39264908;-0.81402856;7.8529816
1371;1.3120226;-1.3120226;8.178593
1372;1.2641385;0.1340753;13.761871
1373;1.292869;0.48841715;14.030022
1374;-1.091756;-0.49799395;8.274361
1375;-1.4556746;-1.0247183;7.8146744
1376;0.0;-0.7469909;7.1634517
1377;-0.41180268;-1.1971009;8.561666
1378;0.49799395;0.05746084;10.888829
1379;-1.0151415;0.545878;12.306197
1380;-0.47884035;-0.1340753;7.824251
1381;0.48841715;-0.91937345;7.029376
1382;2.5187001;0.22026655;11.463438
1383;0.9672575;1.2641385;12.172121
1384;-1.4077905;0.08619126;10.390836
1385;0.02873042;-0.095768064;8.590396
1386;-0.51714754;-0.6895301;8.00621
1387;-0.25857377;-0.30645782;8.034941
1388;0.5554548;0.36391866;10.371682
1389;0.5650316;1.1109096;11.109096
1390;0.91937345;1.0821792;11.741165
1391;-1.8579005;-0.6799533;9.251195
1392;1.3599066;-0.18195933;7.029376
1393;1.8387469;0.4213795;11.798626
1394;0.38307226;1.685518;13.034034
1395;-2.0015526;0.5363012;9.576807
1396;-0.12449849;0.038307227;7.0964136
1397;-1.2641385;-1.0151415;7.7093296
1398;0.45010993;-0.08619126;9.758766
1399;1.9440918;1.292869;13.187263
1400;0.009576807;1.1683705;11.683704
1401;-1.1300632;0.5267244;9.088389
1402;-0.18195933;0.37349546;9.193734
1403;-0.33518824;0.82360536;11.042058
1404;2.2026656;1.7429788;11.84651
1405;-1.8674773;0.90021986;10.850522
1406;-0.7565677;0.62249243;9.14585
1407;0.89064306;0.02873042;7.699753
1408;-1.8100165;-0.047884032;10.534488
1409;1.5610195;1.9249382;12.421119
1410;0.48841715;0.5746084;11.626244
1411;-2.1739352;-0.50757074;8.063671
1412;2.480393;0.22026655;9.030929
1413;0.7278373;0.19153613;10.907983
1414;-0.40222588;0.91937345;10.429143
1415;-1.043872;1.2258313;8.954314
1416;-2.183512;0.48841715;7.9008656
1417;0.18195933;-0.038307227;7.201759
1418;-0.51714754;-0.36391866;7.536947
1419;2.4899697;0.80445176;10.898406
1420;-0.641646;0.45968673;11.473015
1421;-1.2641385;-0.7661445;8.743625
1422;2.1068976;-0.89064306;7.565677
1423;-0.1340753;-0.2873042;10.43872
1424;1.1875241;-0.23942018;12.325351
1425;-0.31603462;0.08619126;9.519346
1426;-2.0590134;0.32561144;8.111555
1427;-0.06703765;0.7565677;8.791509
1428;-2.3654714;-0.21068975;10.1226845
1429;2.0015526;1.3215994;12.287044
1430;2.1260512;1.2449849;14.077906
1431;-1.8387469;0.11492168;9.375694
1432;2.2601264;-0.009576807;10.170568
1433;4.3287168;0.7469909;12.08593
1434;-1.0726024;0.842759;12.593501
1435;-0.641646;1.1779473;10.91756
1436;-2.8538885;0.36391866;8.8777
1437;-0.48841715;-0.05746084;6.8569937
1438;-1.3215994;-0.58418524;8.801085
1439;-0.32561144;0.36391866;11.971008
1440;3.1986535;1.1109096;10.840945
1441;-0.46926352;-0.62249243;9.002198
1442;0.1340753;-0.4309563;10.658986
1443;3.5242648;-0.019153614;9.605537
1444;0.7565677;0.47884035;10.898406
1445;-3.8977604;0.34476504;9.969456
1446;-2.920926;-0.18195933;7.517793
1447;1.4460979;-0.5746084;5.401319
1448;-1.9728222;-0.58418524;6.4260373
1449;-1.7908629;-1.13964;10.879252
1450;3.7062242;0.9959879;12.162544
1451;1.13964;-0.12449849;10.5919485
1452;-1.484405;-1.7812861;9.126697
1453;4.0318356;-0.93852705;9.624691
1454;1.2162545;-0.6703765;12.382812
1455;-1.5610195;0.46926352;12.287044
1456;-0.29688102;0.60333884;12.258312
1457;-1.8674773;-0.4405331;8.283937
1458;-2.1739352;-1.5801731;6.397307
1459;0.6703765;-0.4309563;8.868123
1460;2.2026656;0.7374141;16.290148
1461;-0.93852705;0.24899697;13.838486
1462;1.8387469;-1.4269443;7.393295
1463;2.4133554;-1.5514427;6.6079965
1464;-2.384625;-1.2545617;11.137826
1465;3.7924154;0.7086837;12.756307
1466;-0.81402856;-1.8962077;9.77792
1467;-3.6008794;-1.2354081;8.791509
1468;1.9919758;-2.1260512;5.133168
1469;0.5363012;-3.064578;6.789956
1470;-2.834735;-0.641646;11.099519
1471;1.2449849;0.90979666;13.024457
1472;1.388637;-0.82360536;9.490616
1473;0.90021986;-0.9864111;7.651869
1474;2.2026656;-1.8770541;8.178593
1475;0.48841715;-1.3311762;11.57836
1476;1.2354081;0.45010993;12.095507
1477;-2.0398598;0.25857377;11.233594
1478;-3.5242648;-2.327164;8.935161
1479;1.043872;-2.336741;4.7884035
1480;1.0630256;-1.934515;9.346964
1481;-0.21068975;0.6895301;12.08593
1482;0.82360536;0.4213795;13.67568
1483;0.46926352;-0.18195933;10.802638
1484;-1.8866309;-2.0494366;9.758766
1485;4.3766007;-1.340753;8.810662
1486;-0.11492168;-1.484405;11.310209
1487;-2.5570073;-0.19153613;11.291056
1488;1.5801731;0.11492168;9.940725
1489;-3.2465374;-1.484405;8.494628
1490;-1.8770541;-2.135628;6.9144545
1491;3.1316159;-1.4460979;7.038953
1492;-0.60333884;-1.6950948;8.695741
1493;-0.38307226;-0.2873042;11.482592
1494;2.0207062;0.81402856;11.540052
1495;-2.9400797;-1.3790601;10.295067
1496;3.3997664;-1.6280571;9.203311
1497;1.4269443;-1.3024458;8.829816
1498;-2.1739352;-0.9672575;10.390836
1499;2.4995465;0.7278373;12.08593
1500;-2.0015526;-1.0055647;10.007763
1501;-2.7964275;-1.3599066;8.571242
1502;1.7429788;-1.3503298;7.776367
1503;0.545878;-1.3024458;8.791509
1504;-0.78529817;-0.82360536;10.898406
1505;1.9249382;0.33518824;12.928689
1506;-1.13964;-0.5650316;11.224017
1507;0.7661445;-0.78529817;10.793061
1508;1.9249382;-1.7525556;9.56723
1509;1.4939818;-0.6703765;9.394848
1510;0.59376204;-0.30645782;10.6398325
1511;-1.0151415;-0.019153614;11.243171
1512;0.23942018;-0.29688102;10.180145
1513;-1.3694834;-1.7812861;8.456321
1514;0.31603462;-2.3654714;6.6846113
1515;1.091756;-2.6527755;7.690176
1516;1.5610195;-1.1971009;11.310209
1517;0.10534488;-0.6799533;11.204864
1518;0.02873042;0.31603462;10.189722
1519;-1.2066777;-1.0821792;11.3964
1520;-0.5650316;-2.030283;8.839393
1521;2.2697031;-1.3503298;7.1730285
1522;1.0726024;-0.7182605;11.540052
1523;-0.6607997;-0.076614454;13.9151
1524;2.2218192;0.21068975;10.237606
1525;-2.9783869;-2.1260512;8.916007
1526;-0.33518824;-0.5650316;10.371682
1527;-0.20111294;-1.2545617;9.892841
1528;-1.0630256;-0.6607997;7.422025
1529;-0.41180268;-0.05746084;10.965444
1530;-0.6991069;0.16280572;12.066776
1531;1.9536686;-0.15322891;10.582372
1532;-1.541866;-1.3311762;9.931149
1533;1.436521;-1.7046716;9.797073
1534;0.6512229;-2.1547816;9.749189
1535;-1.0151415;-1.292869;8.2169
1536;-0.80445176;-1.484405;10.390836
1537;0.29688102;-0.8331822;8.983045
1538;-1.1779473;-1.3024458;7.5944076
1539;0.92895025;-1.6184803;10.70687
1540;1.6567876;-1.4748282;8.66701
1541;0.24899697;-1.8674773;6.3302693
1542;0.31603462;-1.3982137;9.892841
1543;2.0685902;-0.06703765;10.0748005
1544;-2.5187001;-0.82360536;9.662998
1545;-0.23942018;-0.38307226;10.275913
1546;0.34476504;-1.2354081;11.789049
1547;-0.59376204;-1.8674773;9.184157
1548;2.384625;-1.0342951;9.289502
1549;0.019153614;-1.1875241;10.907983
1550;0.7182605;-0.38307226;11.377247
1551;1.1300632;0.5267244;12.603078
1552;-2.231396;0.17238252;11.33894
1553;0.29688102;-0.8619126;9.988609
1554;-0.5363012;-1.4173675;9.56723
1555;-0.7469909;-1.5131354;8.973468
1556;1.0726024;-1.292869;9.892841
1557;1.2641385;-0.8331822;11.425131
1558;0.009576807;-0.5267244;10.754754
1559;-1.1971009;-0.6512229;9.80665
1560;0.19153613;-0.5746084;10.04607
1561;-3.2465374;-1.2737153;10.831368
1562;-0.60333884;-1.043872;9.624691
1563;1.1492168;-2.5378537;8.025364
1564;0.15322891;-1.8770541;8.159439
1565;2.9975405;-0.82360536;11.291056
1566;-0.38307226;-1.3790601;9.193734
1567;0.24899697;-1.091756;8.130709
1568;-0.9864111;-1.3311762;10.840945
1569;-0.08619126;-1.5227122;9.528923
1570;0.641646;-2.384625;7.9487495
1571;-0.076614454;-2.0590134;7.833828
1572;2.135628;-1.0534488;9.710882
1573;0.92895025;-0.59376204;11.597513
1574;-0.8619126;-0.30645782;10.649409
1575;-0.45968673;0.32561144;11.128249
1576;-1.3694834;0.15322891;11.980585
1577;-1.043872;-0.37349546;11.654974
1578;1.3120226;-1.0151415;11.147403
1579;-0.46926352;-1.2354081;10.314221
1580;1.6472107;-1.043872;9.950302
1581;1.8100165;-1.091756;11.271901
1582;-0.9576807;-0.7278373;10.620679
1583;-0.08619126;-0.6991069;9.136273
1584;-0.08619126;-1.043872;9.050082
1585;-2.2984335;-1.1492168;9.509769
1586;-0.12449849;-1.3982137;8.676587
1587;-0.9959879;-2.3175871;7.565677
1588;-1.1109096;-1.532289;7.9008656
1589;1.292869;-1.3311762;8.868123
1590;1.9249382;-1.0534488;9.624691
1591;-0.19153613;-0.6703765;9.883265
1592;0.63206923;-0.5554548;9.902418
1593;2.4420857;-0.12449849;9.864111
1594;-2.087744;-0.39264908;11.329363
1595;1.3694834;0.4213795;12.469003
1596;-1.6472107;-0.8810662;9.911995
1597;-1.2545617;-1.1587936;8.925584
1598;0.8619126;-0.7469909;11.271901
1599;-1.5514427;-1.091756;10.113108
1600;2.2122424;-0.33518824;11.195287
1601;1.541866;-0.6895301;12.344504
1602;0.62249243;-0.40222588;9.883265
1603;2.5378537;-0.36391866;10.419566
1604;0.0;-0.7278373;11.080365
1605;-1.9440918;-0.90021986;9.749189
1606;0.20111294;-1.5035586;8.820239
1607;-2.5953147;-1.9632454;6.9144545
1608;1.0630256;-1.2258313;8.686164
1609;1.5801731;-1.4077905;10.113108
1610;0.35434186;-0.9576807;9.816227
1611;0.9959879;-0.5554548;9.375694
1612;1.6663644;-0.5650316;9.940725
1613;0.12449849;-0.5267244;10.180145
1614;0.2873042;-0.5650316;10.113108
1615;0.35434186;-0.6512229;10.745177
1616;-0.51714754;-0.62249243;11.051635
1617;-1.0342951;-1.3311762;9.682152
1618;0.4309563;-1.6567876;8.599973
1619;-1.9919758;-1.5514427;10.132261
1620;0.81402856;-1.0821792;10.371682
1621;0.11492168;-1.0630256;10.563218
1622;0.17238252;-0.5363012;11.664551
1623;2.0015526;-0.5554548;12.670115
1624;-0.49799395;-1.0055647;10.802638
1625;1.1492168;-1.0151415;9.3661175
1626;-0.6991069;-1.5705963;10.43872
1627;-1.2545617;-1.541866;10.218452
1628;-0.4309563;-1.7621324;9.069236
1629;-2.6527755;-2.183512;7.929596
1630;1.3694834;-1.6376339;9.279925
1631;0.641646;-1.2737153;9.998186
1632;0.45010993;-1.0534488;9.892841
1633;1.2737153;-1.0630256;9.921572
1634;1.5131354;-1.1587936;9.816227
1635;0.7374141;-1.1971009;9.911995
1636;0.35434186;-1.388637;9.222465
1637;-0.20111294;-1.5227122;8.6095495
1638;-0.59376204;-1.2066777;9.433155
1639;-0.36391866;-1.3024458;9.787497
1640;0.2873042;-1.7525556;9.222465
1641;-0.08619126;-2.0590134;9.184157
1642;0.80445176;-1.8100165;9.174581
1643;-0.08619126;-1.7142484;9.184157
1644;0.37349546;-1.1875241;10.084377
1645;-0.18195933;-0.7182605;11.022904
1646;-0.842759;-0.51714754;10.5919485
1647;-0.21068975;-0.5363012;10.25676
1648;0.05746084;-0.20111294;10.97502
1649;-0.22026655;-0.22984336;12.430696
1650;0.94810385;0.019153614;12.066776
1651;-1.0342951;-0.48841715;11.128249
1652;0.25857377;-0.58418524;11.118672
1653;-0.41180268;-0.9576807;9.892841
1654;0.095768064;-1.1109096;9.030929
1655;-0.9576807;-1.3024458;9.586384
1656;-0.25857377;-1.340753;9.404425
1657;0.46926352;-1.5514427;8.207323
1658;-0.7278373;-1.6280571;7.843405
1659;1.541866;-1.1204864;9.394848
1660;0.34476504;-1.1779473;9.797073
1661;-0.35434186;-0.6799533;8.513782
1662;-0.48841715;-0.47884035;8.963891
1663;0.038307227;-0.24899697;9.222465
1664;0.31603462;-0.19153613;10.055647
1665;0.4309563;-0.0;10.927136
1666;0.6895301;-0.009576807;10.658986
1667;0.842759;-0.0;10.67814
1668;0.7757214;0.15322891;11.099519
1669;0.9672575;0.4213795;11.626244
1670;0.32561144;0.22026655;11.501745
1671;-0.20111294;0.17238252;11.109096
1672;-0.05746084;-0.05746084;10.084377
1673;-0.20111294;-0.2777274;9.797073
1674;0.30645782;-0.38307226;9.854534
1675;-0.02873042;-0.58418524;9.643845
1676;0.1436521;-0.80445176;9.557653
1677;0.11492168;-0.9576807;9.030929
1678;0.6607997;-0.9672575;9.078813
1679;0.36391866;-0.8331822;9.442732
1680;0.50757074;-0.45968673;9.346964
1681;0.095768064;-0.45010993;9.433155
1682;-0.16280572;-0.22984336;9.414001
1683;-0.25857377;-0.32561144;9.308656
1684;-0.19153613;-0.24899697;9.653421
1685;-0.17238252;-0.2777274;10.295067
1686;0.08619126;-0.4405331;10.01734
1687;0.48841715;-0.49799395;10.409989
1688;0.22026655;-0.48841715;11.224017
1689;0.12449849;-0.60333884;10.821792
1690;0.11492168;-0.93852705;9.998186
1691;-0.31603462;-1.1109096;10.199299
1692;-0.16280572;-1.292869;10.314221
1693;-0.45010993;-1.4269443;9.864111
1694;-0.31603462;-1.8100165;9.624691
1695;-0.21068975;-1.9919758;9.682152
1696;-0.2681506;-2.1164744;9.864111
1697;0.22026655;-2.4037786;9.710882
1698;0.24899697;-2.4612393;9.414001
1699;0.36391866;-2.4229321;9.80665
1700;0.6703765;-2.2601264;10.0269165
1701;0.37349546;-2.384625;9.672575
1702;0.545878;-2.0973208;9.816227
1703;0.31603462;-2.183512;9.988609
1704;0.2777274;-2.2984335;9.5385
1705;0.29688102;-2.2888567;9.624691
1706;0.019153614;-2.3654714;9.816227
1707;0.7565677;-2.384625;9.385271
1708;0.11492168;-2.3750482;9.710882
1709;0.36391866;-2.336741;9.998186
1710;0.545878;-2.4612393;9.442732
1711;0.22984336;-2.3942018;9.519346
1712;0.08619126;-2.1068976;10.151415
1713;-0.019153614;-2.135628;9.835381
1714;0.019153614;-2.0111294;9.624691
1715;-0.47884035;-1.8195933;10.04607
1716;-0.076614454;-1.7429788;10.266336
1717;-0.29688102;-1.7525556;9.768343
1718;-0.8523358;-1.6950948;9.883265
1719;-0.10534488;-1.5227122;10.151415
1720;0.15322891;-1.5514427;10.189722
1721;0.18195933;-1.2162545;9.921572
1722;0.05746084;-1.1587936;10.0748005
1723;0.22984336;-1.0534488;10.103531
1724;0.49799395;-1.0151415;9.892841
1725;0.076614454;-1.0247183;9.931149
1726;0.22984336;-0.90021986;10.295067
1727;-0.18195933;-0.82360536;9.691729
1728;0.2873042;-0.545878;9.844957
1729;0.1436521;-0.51714754;10.218452
1730;0.17238252;-0.51714754;9.825804
1731;0.4405331;-0.4213795;10.04607
1732;0.2777274;-0.33518824;10.093954
1733;0.32561144;-0.22026655;9.931149
1734;0.35434186;-0.2777274;10.084377
1735;0.2681506;-0.24899697;10.065224
1736;0.37349546;-0.24899697;10.0269165
1737;0.12449849;-0.06703765;10.01734
1738;0.18195933;-0.019153614;9.835381
1739;0.15322891;0.047884032;9.873688
1740;0.05746084;-0.0;9.854534
1741;0.1340753;-0.0;9.835381
1742;0.05746084;-0.0;9.864111
1743;0.10534488;0.038307227;9.911995
1744;0.095768064;-0.02873042;9.921572
1745;0.076614454;0.009576807;9.873688
1746;0.05746084;-0.0;9.998186
1747;0.08619126;0.009576807;9.883265
1748;0.10534488;0.08619126;9.921572
1749;0.12449849;0.038307227;9.940725
1750;0.095768064;0.10534488;9.931149
1751;0.047884032;0.12449849;9.873688
1752;0.10534488;0.05746084;9.864111
1753;0.17238252;0.05746084;9.921572
1754;0.12449849;0.02873042;9.921572
1755;0.076614454;0.11492168;9.940725
1756;0.1436521;0.02873042;9.883265
1757;0.12449849;0.08619126;9.911995
1758;0.12449849;0.12449849;9.883265
1759;0.10534488;0.11492168;9.9790325
1760;0.08619126;0.06703765;9.902418
1761;0.1436521;0.095768064;9.902418
1762;0.047884032;0.11492168;9.911995
1763;0.16280572;0.08619126;9.873688
1764;0.10534488;0.05746084;9.873688
1765;0.095768064;0.10534488;9.931149
1766;0.1340753;0.095768064;9.911995
1767;0.095768064;0.019153614;9.854534
1768;0.05746084;0.05746084;9.940725
1769;0.20111294;0.02873042;9.911995
1770;0.12449849;0.06703765;9.911995
1771;0.1340753;0.05746084;9.902418
1772;0.12449849;0.038307227;9.931149
1773;0.12449849;0.047884032;9.883265
1774;0.12449849;0.08619126;9.940725
1775;0.06703765;0.076614454;9.940725
1776;0.12449849;0.05746084;9.873688
1777;0.076614454;0.06703765;9.873688
1778;0.15322891;0.076614454;9.921572
1779;0.076614454;0.06703765;9.883265
1780;0.10534488;0.05746084;9.902418
1781;0.12449849;0.11492168;9.835381
1782;0.076614454;0.076614454;9.921572
1783;0.12449849;0.076614454;9.883265
1784;0.08619126;0.02873042;9.921572
1785;0.06703765;0.047884032;9.854534
1786;0.16280572;0.02873042;9.911995
1787;0.05746084;0.05746084;9.921572
1788;0.16280572;0.076614454;9.950302
1789;0.10534488;-0.0;9.892841
1790;0.095768064;0.038307227;9.854534
1791;0.1436521;0.10534488;9.902418
1792;0.076614454;0.095768064;9.959879
1793;0.10534488;0.08619126;9.892841
1794;0.1340753;0.05746084;9.950302
1795;0.06703765;-0.0;9.864111
1796;0.1340753;-0.0;9.892841
1797;0.095768064;0.095768064;9.844957
1798;0.11492168;0.1340753;9.911995
1799;0.12449849;0.06703765;9.873688
1800;0.047884032;0.009576807;9.883265
1801;0.1436521;0.05746084;9.835381
1802;0.11492168;0.05746084;9.864111
1803;0.12449849;0.10534488;9.883265
1804;0.11492168;0.047884032;9.959879
1805;0.095768064;0.076614454;9.892841
1806;0.10534488;0.047884032;9.940725
1807;0.076614454;0.11492168;9.844957
1808;0.12449849;0.06703765;9.940725
1809;0.11492168;0.047884032;9.911995
1810;0.06703765;0.038307227;9.844957
1811;0.15322891;-0.0;9.950302
1812;0.1340753;0.05746084;9.950302
1813;0.12449849;0.047884032;9.902418
1814;0.10534488;-0.0;9.911995
1815;0.10534488;0.1340753;9.873688
1816;0.1340753;-0.0;9.892841
1817;0.11492168;0.11492168;9.892841
1818;0.10534488;0.05746084;9.950302
1819;0.095768064;0.06703765;9.931149
1820;0.05746084;0.05746084;9.902418
1821;0.1340753;0.10534488;9.873688
1822;0.11492168;0.06703765;9.959879
1823;0.10534488;0.02873042;9.864111
1824;0.1436521;0.06703765;9.921572
1825;0.08619126;0.06703765;9.988609
1826;0.1340753;0.11492168;9.864111
1827;0.076614454;0.05746084;9.883265
1828;0.08619126;0.05746084;9.969456
1829;0.11492168;0.038307227;9.911995
1830;0.12449849;0.05746084;9.864111
1831;0.15322891;0.15322891;9.921572
1832;0.047884032;0.06703765;9.873688
1833;0.05746084;0.047884032;9.854534
1834;0.10534488;0.019153614;9.883265
1835;0.038307227;0.095768064;9.902418
1836;0.15322891;0.06703765;9.921572
1837;0.095768064;0.095768064;9.911995
1838;0.10534488;0.095768064;9.883265
1839;0.12449849;0.10534488;9.950302
1840;0.095768064;0.06703765;9.854534
1841;0.10534488;0.08619126;9.911995
1842;0.095768064;0.047884032;9.892841
1843;0.11492168;0.095768064;9.940725
1844;0.1436521;0.05746084;9.892841
1845;0.05746084;0.076614454;9.911995
1846;0.1340753;0.019153614;9.854534
1847;0.16280572;0.06703765;9.911995
1848;0.10534488;0.10534488;9.883265
1849;0.10534488;0.076614454;9.988609
1850;0.06703765;0.02873042;9.892841
1851;0.1340753;0.1436521;9.864111
1852;0.076614454;0.047884032;9.911995
1853;0.10534488;0.095768064;9.950302
1854;0.1340753;0.019153614;9.931149
1855;0.12449849;0.02873042;9.844957
1856;0.06703765;0.06703765;10.01734
1857;0.076614454;0.076614454;9.940725
1858;0.10534488;0.047884032;9.844957
1859;0.076614454;0.06703765;9.940725
1860;0.06703765;0.095768064;9.864111
1861;0.1436521;0.06703765;9.911995
1862;0.076614454;0.08619126;9.921572
1863;0.076614454;0.06703765;9.883265
1864;0.08619126;0.019153614;9.969456
1865;0.08619126;0.095768064;9.911995
1866;0.15322891;0.047884032;9.854534
1867;0.1340753;0.038307227;9.959879
1868;0.05746084;0.047884032;9.844957
1869;0.17238252;0.019153614;9.959879
1870;0.095768064;0.10534488;9.931149
1871;0.095768064;-0.0;9.816227
1872;0.08619126;0.047884032;9.911995
1873;0.17238252;0.08619126;9.883265
1874;0.10534488;0.009576807;9.864111
1875;0.06703765;0.038307227;9.911995
1876;0.076614454;0.05746084;9.892841
1877;0.10534488;0.038307227;9.969456
1878;0.095768064;0.019153614;9.873688
1879;0.12449849;0.095768064;9.959879
1880;0.076614454;0.08619126;9.9790325
1881;0.12449849;0.038307227;9.892841
1882;0.10534488;0.06703765;9.911995
1883;0.076614454;0.08619126;9.864111
1884;0.019153614;0.019153614;9.9790325
1885;0.06703765;0.076614454;9.80665
1886;0.1340753;0.05746084;9.902418
1887;0.08619126;0.076614454;9.950302
1888;0.095768064;-0.0;9.864111
1889;0.10534488;0.06703765;9.950302
1890;0.009576807;0.06703765;9.835381
1891;0.17238252;0.02873042;9.844957
1892;0.05746084;0.08619126;9.969456
1893;0.095768064;0.009576807;9.921572
1894;0.12449849;0.019153614;9.921572
1895;0.047884032;0.019153614;9.873688
1896;0.16280572;0.076614454;9.883265
1897;0.10534488;0.06703765;9.902418
1898;0.076614454;0.10534488;9.940725
1899;0.11492168;0.019153614;9.864111
1900;0.11492168;0.05746084;9.892841
1901;0.17238252;0.019153614;9.988609
1902;0.076614454;0.076614454;9.931149
1903;0.18195933;0.076614454;9.844957
1904;0.06703765;-0.0;9.825804
1905;0.16280572;0.047884032;9.844957
1906;0.10534488;0.08619126;9.931149
1907;0.10534488;0.10534488;9.931149
1908;0.10534488;0.06703765;9.921572
1909;0.10534488;0.076614454;9.902418
1910;0.08619126;0.038307227;9.892841
1911;0.095768064;0.05746084;9.902418
1912;0.12449849;0.08619126;9.921572
1913;0.095768064;0.076614454;9.921572
1914;0.15322891;0.08619126;9.911995
1915;0.06703765;0.08619126;9.835381
1916;0.16280572;0.05746084;9.873688
1917;0.15322891;-0.0;9.911995
1918;0.076614454;0.038307227;9.883265
1919;0.1340753;0.019153614;9.902418
1920;0.095768064;0.06703765;9.844957
1921;0.11492168;0.11492168;9.959879
1922;0.11492168;0.10534488;9.940725
1923;0.10534488;0.08619126;9.940725
1924;0.12449849;0.05746084;9.844957
1925;0.076614454;0.009576807;9.883265
1926;0.08619126;0.047884032;9.9790325
1927;0.11492168;0.019153614;9.931149
1928;0.095768064;0.047884032;9.883265
1929;0.076614454;0.047884032;9.835381
1930;0.11492168;0.047884032;9.854534
1931;0.076614454;0.019153614;9.883265
1932;0.10534488;0.11492168;9.931149
1933;0.095768064;0.038307227;9.854534
1934;0.095768064;0.095768064;9.883265
1935;0.095768064;0.05746084;9.873688
1936;0.11492168;0.06703765;9.902418
1937;0.076614454;0.06703765;9.921572
1938;0.095768064;0.047884032;9.873688
1939;0.076614454;0.02873042;9.959879
1940;0.12449849;0.05746084;9.883265
1941;0.1340753;0.02873042;9.844957
1942;0.08619126;0.05746084;10.007763
1943;0.15322891;0.019153614;9.873688
1944;0.08619126;0.02873042;9.844957
1945;0.095768064;0.11492168;9.959879
1946;0.095768064;0.05746084;9.892841
1947;0.095768064;0.12449849;9.959879
1948;0.17238252;0.05746084;9.902418
1949;0.12449849;-0.0;9.854534
1950;0.06703765;0.038307227;9.864111
1951;0.21068975;-0.0;9.873688
1952;0.11492168;0.05746084;9.931149
1953;0.11492168;0.05746084;10.01734
1954;0.06703765;0.02873042;9.854534
1955;0.1436521;-0.0;9.854534
