;ay;ax;az
0;0.49799395;-0.22984336;9.835381
1;0.4213795;-0.21068975;9.835381
2;0.49799395;-0.20111294;9.844957
3;0.46926352;-0.22984336;9.873688
4;0.45968673;-0.24899697;9.835381
5;0.49799395;-0.21068975;9.911995
6;0.51714754;-0.18195933;9.883265
7;0.50757074;-0.20111294;9.892841
8;0.50757074;-0.23942018;9.854534
9;0.45968673;-0.22984336;9.854534
10;0.48841715;-0.16280572;9.864111
11;0.50757074;-0.19153613;9.844957
12;0.47884035;-0.19153613;9.864111
13;0.45968673;-0.19153613;9.825804
14;0.50757074;-0.22984336;9.883265
15;0.47884035;-0.21068975;9.883265
16;0.4309563;-0.2777274;9.835381
17;0.5650316;-0.19153613;9.825804
18;0.49799395;-0.18195933;9.883265
19;0.51714754;-0.22984336;9.902418
20;0.5267244;-0.16280572;9.854534
21;0.46926352;-0.22026655;9.854534
22;0.5267244;-0.12449849;9.864111
23;0.46926352;-0.22984336;9.835381
24;0.46926352;-0.25857377;9.883265
25;0.49799395;-0.19153613;9.825804
26;0.46926352;-0.22984336;9.854534
27;0.46926352;-0.20111294;9.873688
28;0.50757074;-0.19153613;9.844957
29;0.46926352;-0.22026655;9.816227
30;0.4405331;-0.2777274;9.902418
31;0.45968673;-0.23942018;9.854534
32;0.46926352;-0.15322891;9.825804
33;0.47884035;-0.22026655;9.844957
34;0.45010993;-0.22984336;9.825804
35;0.51714754;-0.16280572;9.864111
36;0.50757074;-0.22984336;9.864111
37;0.49799395;-0.18195933;9.864111
38;0.45010993;-0.12449849;9.873688
39;0.51714754;-0.21068975;9.825804
40;0.51714754;-0.17238252;9.864111
41;0.45010993;-0.22026655;9.816227
42;0.51714754;-0.1340753;9.816227
43;0.45968673;-0.17238252;9.854534
44;0.46926352;-0.23942018;9.854534
45;0.545878;-0.22984336;9.825804
46;0.45968673;-0.19153613;9.816227
47;0.5267244;-0.18195933;9.835381
48;0.45968673;-0.25857377;9.864111
49;0.5267244;-0.24899697;9.883265
50;0.51714754;-0.22984336;9.844957
51;0.4309563;-0.24899697;9.883265
52;0.5267244;-0.16280572;9.902418
53;0.47884035;-0.21068975;9.864111
54;0.48841715;-0.22984336;9.864111
55;0.49799395;-0.16280572;9.931149
56;0.4213795;-0.23942018;9.835381
57;0.5363012;-0.19153613;9.825804
58;0.45010993;-0.21068975;9.77792
59;0.49799395;-0.25857377;9.911995
60;0.51714754;-0.19153613;9.816227
61;0.47884035;-0.19153613;9.825804
62;0.49799395;-0.20111294;9.835381
63;0.45010993;-0.2777274;9.911995
64;0.47884035;-0.21068975;9.844957
65;0.47884035;-0.17238252;9.873688
66;0.46926352;-0.24899697;9.864111
67;0.5363012;-0.17238252;9.864111
68;0.4405331;-0.25857377;9.825804
69;0.49799395;-0.18195933;9.940725
70;0.51714754;-0.1436521;9.797073
71;0.4405331;-0.22984336;9.844957
72;0.47884035;-0.23942018;9.835381
73;0.40222588;-0.22026655;9.864111
74;0.45010993;-0.23942018;9.80665
75;0.5267244;-0.19153613;9.854534
76;0.4405331;-0.22026655;9.892841
77;0.545878;-0.19153613;9.873688
78;0.50757074;-0.23942018;9.730036
79;0.4309563;-0.19153613;9.816227
80;0.50757074;-0.21068975;9.864111
81;0.45968673;-0.22984336;9.835381
82;0.50757074;-0.18195933;9.883265
83;0.46926352;-0.20111294;9.854534
84;0.4309563;-0.22026655;9.902418
85;0.48841715;-0.21068975;9.77792
86;0.45010993;-0.22026655;9.825804
87;0.51714754;-0.19153613;9.854534
88;0.45010993;-0.19153613;9.864111
89;0.48841715;-0.20111294;9.864111
90;0.47884035;-0.19153613;9.854534
91;0.50757074;-0.16280572;9.854534
92;0.5650316;-0.19153613;9.854534
93;0.47884035;-0.1340753;9.883265
94;0.45010993;-0.19153613;9.854534
95;0.5363012;-0.18195933;9.844957
96;0.47884035;-0.18195933;9.864111
97;0.51714754;-0.18195933;9.911995
98;0.5363012;-0.22026655;9.892841
99;0.50757074;-0.22026655;9.844957
100;0.5363012;-0.1340753;9.892841
101;0.4309563;-0.19153613;9.854534
102;0.51714754;-0.23942018;9.921572
103;0.51714754;-0.19153613;9.864111
104;0.38307226;-0.21068975;9.950302
105;0.5554548;-0.20111294;9.892841
106;0.48841715;-0.22026655;9.816227
107;0.47884035;-0.21068975;9.873688
108;0.45968673;-0.22984336;9.844957
109;0.4309563;-0.22026655;9.854534
110;0.5363012;-0.16280572;9.816227
111;0.41180268;-0.17238252;9.864111
112;0.5267244;-0.25857377;9.902418
113;0.32561144;-0.24899697;9.921572
114;0.4405331;-0.18195933;9.835381
115;0.45968673;-0.22984336;9.835381
116;0.51714754;-0.17238252;9.959879
117;0.47884035;-0.20111294;9.825804
118;0.4309563;-0.22984336;9.883265
119;0.61291564;-0.095768064;9.892841
120;0.45968673;-0.24899697;9.835381
121;0.47884035;-0.19153613;9.902418
122;0.58418524;-0.15322891;9.873688
123;0.48841715;-0.20111294;9.825804
124;0.51714754;-0.1436521;9.864111
125;0.50757074;-0.21068975;9.835381
126;0.46926352;-0.20111294;9.825804
127;0.5267244;-0.19153613;9.902418
128;0.45010993;-0.20111294;9.873688
129;0.47884035;-0.15322891;9.864111
130;0.51714754;-0.1340753;9.892841
131;0.45010993;-0.24899697;9.835381
132;0.4405331;-0.19153613;9.921572
133;0.4309563;-0.21068975;9.902418
134;0.45968673;-0.22984336;9.835381
135;0.46926352;-0.22984336;9.80665
136;0.41180268;-0.2681506;9.816227
137;0.45010993;-0.21068975;9.864111
138;0.46926352;-0.22026655;9.864111
139;0.45010993;-0.22026655;9.844957
140;0.47884035;-0.21068975;9.825804
141;0.50757074;-0.18195933;9.844957
142;0.50757074;-0.18195933;9.844957
143;0.5363012;-0.22984336;9.854534
144;0.51714754;-0.22026655;9.816227
145;0.51714754;-0.21068975;9.844957
146;0.48841715;-0.20111294;9.854534
147;0.49799395;-0.21068975;9.864111
148;0.49799395;-0.19153613;9.844957
149;0.45010993;-0.21068975;9.854534
150;0.5363012;-0.18195933;9.844957
151;0.4309563;-0.21068975;9.787497
152;0.48841715;-0.21068975;9.844957
153;0.46926352;-0.21068975;9.911995
154;0.4405331;-0.22026655;9.902418
155;0.5363012;-0.19153613;9.835381
156;0.4213795;-0.20111294;9.921572
157;0.45010993;-0.18195933;9.931149
158;0.49799395;-0.20111294;9.825804
159;0.45010993;-0.22026655;9.873688
160;0.47884035;-0.20111294;9.844957
161;0.46926352;-0.18195933;9.835381
162;0.45968673;-0.21068975;9.911995
163;0.5363012;-0.25857377;9.864111
164;0.45010993;-0.22026655;9.816227
165;0.45968673;-0.22984336;9.911995
166;0.45010993;-0.15322891;9.854534
167;0.51714754;-0.22026655;9.902418
168;0.51714754;-0.22026655;9.844957
169;0.49799395;-0.22984336;9.873688
170;0.45968673;-0.21068975;9.864111
171;0.46926352;-0.22026655;9.80665
172;0.51714754;-0.21068975;9.816227
173;0.45010993;-0.21068975;9.892841
174;0.4213795;-0.23942018;9.883265
175;0.49799395;-0.20111294;9.864111
176;0.4213795;-0.25857377;9.816227
177;0.48841715;-0.22026655;9.844957
178;0.48841715;-0.15322891;9.911995
179;0.4309563;-0.18195933;9.873688
180;0.48841715;-0.20111294;9.854534
181;0.51714754;-0.19153613;9.835381
182;0.45010993;-0.22984336;9.864111
183;0.47884035;-0.21068975;9.825804
184;0.40222588;-0.30645782;9.854534
185;0.51714754;-0.21068975;9.854534
186;0.46926352;-0.25857377;9.835381
187;0.45010993;-0.23942018;9.902418
188;0.51714754;-0.20111294;9.835381
189;0.45010993;-0.22984336;9.787497
190;0.51714754;-0.22026655;9.854534
191;0.5267244;-0.16280572;9.864111
192;0.45968673;-0.22984336;9.835381
193;0.47884035;-0.21068975;9.902418
194;0.48841715;-0.20111294;9.825804
195;0.51714754;-0.18195933;9.873688
196;0.46926352;-0.19153613;9.835381
197;0.5267244;-0.20111294;9.911995
198;0.45010993;-0.22984336;9.902418
199;0.48841715;-0.22984336;9.854534
200;0.49799395;-0.21068975;9.940725
201;0.45968673;-0.2681506;9.892841
202;0.5267244;-0.29688102;10.055647
203;0.50757074;-0.32561144;9.959879
204;0.4405331;-0.46926352;9.998186
205;0.5554548;-0.4309563;10.036493
206;0.5267244;-0.5267244;10.141838
207;0.5746084;-0.61291564;10.04607
208;0.5363012;-0.7086837;9.959879
209;0.45010993;-0.842759;9.940725
210;0.45968673;-0.9864111;10.007763
211;0.39264908;-1.1204864;9.998186
212;0.40222588;-1.1971009;9.921572
213;0.4213795;-1.2258313;9.911995
214;0.35434186;-1.283292;10.055647
215;0.25857377;-1.4077905;10.065224
216;0.5363012;-1.3599066;10.01734
217;0.39264908;-1.5227122;10.055647
218;0.38307226;-1.541866;9.864111
219;0.62249243;-1.5610195;9.892841
220;0.48841715;-1.6280571;9.931149
221;0.81402856;-1.8195933;9.998186
222;0.79487497;-1.9440918;9.720459
223;0.24899697;-1.8770541;9.605537
224;0.5650316;-1.5993267;9.710882
225;0.6703765;-1.8100165;9.9790325
226;0.47884035;-1.8770541;9.80665
227;0.38307226;-1.8962077;9.77792
228;0.6895301;-1.9440918;9.950302
229;0.5650316;-1.9440918;9.768343
230;0.5363012;-1.8004397;9.605537
231;0.60333884;-1.8195933;9.844957
232;0.32561144;-1.8291701;9.950302
233;0.6703765;-1.6950948;9.586384
234;0.62249243;-1.8387469;9.835381
235;0.4405331;-1.8770541;10.113108
236;0.7469909;-1.9153614;9.653421
237;0.48841715;-1.9440918;9.816227
238;0.39264908;-1.7717092;10.199299
239;0.62249243;-1.8100165;9.634268
240;0.58418524;-1.7046716;9.873688
241;0.5554548;-1.6472107;10.228029
242;0.79487497;-1.5897499;9.77792
243;0.39264908;-1.7238252;9.854534
244;0.89064306;-1.3982137;10.237606
245;0.23942018;-1.5227122;9.844957
246;0.7757214;-1.4748282;9.720459
247;0.31603462;-1.532289;9.883265
248;0.36391866;-1.4173675;9.662998
249;0.62249243;-1.3120226;9.758766
250;0.2777274;-1.3694834;10.151415
251;0.62249243;-1.3503298;9.672575
252;0.19153613;-1.4077905;9.682152
253;0.038307227;-1.283292;10.132261
254;0.41180268;-1.3503298;10.065224
255;0.1340753;-1.4460979;9.749189
256;0.46926352;-1.3215994;9.883265
257;0.5746084;-1.2162545;9.998186
258;0.35434186;-1.3311762;9.787497
259;0.7086837;-1.1492168;10.1226845
260;0.6607997;-1.2162545;9.931149
261;0.60333884;-1.1492168;9.586384
262;0.63206923;-1.1587936;9.452309
263;0.35434186;-1.2258313;9.500193
264;0.6607997;-1.0342951;9.3661175
265;0.24899697;-1.0534488;9.653421
266;0.34476504;-1.0247183;9.5385
267;0.5650316;-0.8619126;9.471462
268;0.7182605;-0.7757214;9.825804
269;1.1587936;-0.6895301;10.247183
270;1.3311762;-0.6895301;9.950302
271;1.2641385;-0.6991069;10.132261
272;1.3024458;-0.58418524;10.093954
273;0.36391866;-0.7278373;9.797073
274;0.6607997;-0.545878;10.275913
275;0.24899697;-0.6512229;10.649409
276;0.39264908;-0.6703765;10.304645
277;0.6895301;-0.41180268;10.46745
278;0.20111294;-0.59376204;11.310209
279;0.78529817;-0.41180268;11.21444
280;0.7278373;-0.46926352;10.496181
281;-0.08619126;-0.80445176;10.103531
282;0.30645782;-0.9864111;10.01734
283;0.45968673;-1.0342951;9.825804
284;-0.29688102;-1.2737153;9.5385
285;0.7374141;-1.283292;9.14585
286;-0.40222588;-1.283292;9.14585
287;-0.2681506;-1.2354081;9.557653
288;0.48841715;-1.1683705;9.32781
289;-0.20111294;-0.9959879;9.289502
290;0.1340753;-0.8331822;10.065224
291;0.095768064;-0.9768343;9.77792
292;0.18195933;-0.842759;9.787497
293;0.24899697;-0.6703765;10.697293
294;0.33518824;-0.79487497;10.333375
295;0.641646;-0.89064306;10.160992
296;0.7469909;-1.13964;10.477027
297;0.62249243;-1.340753;9.921572
298;0.9959879;-1.5610195;9.509769
299;1.2641385;-1.6472107;9.77792
300;1.3694834;-1.7429788;9.77792
301;1.8291701;-1.8674773;9.481039
302;1.6184803;-1.7621324;8.274361
303;-0.15322891;-2.1739352;8.676587
304;2.7868507;-1.7429788;9.461885
305;-1.283292;-1.733402;9.222465
306;1.7429788;-1.4077905;9.595961
307;0.60333884;-1.7142484;9.308656
308;-0.5554548;-1.6950948;9.797073
309;0.94810385;-1.3694834;10.419566
310;-0.12449849;-1.3982137;10.984597
311;1.7812861;-1.2258313;11.501745
312;1.7621324;-1.2737153;10.850522
313;0.9576807;-1.5035586;10.237606
314;1.4556746;-1.2737153;10.563218
315;-0.38307226;-1.2545617;10.160992
316;0.047884032;-1.388637;9.107543
317;-1.1875241;-1.388637;8.599973
318;-1.5514427;-1.3024458;9.270349
319;0.0;-1.13964;9.452309
320;-1.0726024;-1.1492168;9.394848
321;-0.8523358;-1.1779473;9.662998
322;0.009576807;-1.0342951;10.1226845
323;0.60333884;-1.2545617;11.281479
324;2.3942018;-1.2354081;10.477027
325;1.2641385;-1.7717092;9.346964
326;2.078167;-1.3694834;9.730036
327;0.10534488;-1.388637;9.902418
328;1.4556746;-1.4077905;8.916007
329;-0.7469909;-1.6376339;8.283937
330;-0.47884035;-1.1300632;9.14585
331;-0.10534488;-1.2641385;9.940725
332;0.8331822;-1.0247183;10.065224
333;1.5610195;-0.58418524;11.386824
334;1.1587936;-0.47884035;10.97502
335;0.6512229;-0.8331822;11.013328
336;3.9264908;-0.7182605;12.440272
337;1.9728222;-1.3215994;10.342952
338;0.7565677;-1.934515;7.785944
339;1.8674773;-0.90021986;10.25676
340;-2.7006595;-0.81402856;11.252748
341;-1.4652514;-0.8619126;9.299079
342;-1.3120226;-0.8619126;8.542512
343;-3.1316159;-0.90021986;9.749189
344;0.45010993;-0.51714754;10.036493
345;1.6184803;-1.1013328;11.310209
346;2.5570073;-1.0726024;11.243171
347;1.4460979;-1.436521;8.963891
348;2.7964275;-1.436521;9.892841
349;-0.47884035;-1.2354081;8.676587
350;-1.3120226;-1.1779473;9.136273
351;0.38307226;-0.60333884;9.77792
352;-1.8770541;-0.5650316;9.998186
353;-2.2888567;-0.79487497;8.456321
354;0.7182605;-0.45010993;9.720459
355;0.48841715;-0.6703765;12.382812
356;3.4284968;-0.9768343;11.884817
357;2.72939;-1.7142484;9.500193
358;2.930503;-1.9057846;10.390836
359;0.34476504;-1.043872;8.820239
360;-1.6759412;-0.7469909;10.0269165
361;0.8714894;0.076614454;11.089942
362;-3.667917;-1.1204864;8.714894
363;-1.484405;-2.3080103;7.9966335
364;2.2601264;-1.9728222;8.66701
365;-0.93852705;-2.0398598;9.481039
366;1.6759412;-2.1068976;9.672575
367;4.5872903;-1.5610195;10.314221
368;0.10534488;-2.5378537;9.203311
369;0.8523358;-1.7046716;8.159439
370;-0.24899697;-1.2449849;10.381259
371;-0.05746084;-0.4309563;12.593501
372;-0.2777274;-0.7086837;11.291056
373;-0.1340753;-0.50757074;10.04607
374;0.45968673;-0.9768343;12.382812
375;3.1124623;-0.7565677;11.702858
376;1.1013328;-1.6472107;11.176133
377;2.0590134;-0.7469909;9.682152
378;0.15322891;-0.4309563;12.152967
379;-2.0590134;-0.6703765;10.802638
380;-1.6567876;-1.091756;8.714894
381;0.80445176;-1.292869;9.959879
382;-0.5267244;-1.7621324;8.772355
383;1.4652514;-2.2984335;7.067683
384;3.9552212;-1.982399;8.063671
385;-0.5650316;-2.384625;9.77792
386;0.5650316;-1.2162545;7.9008656
387;-1.292869;-1.3599066;9.107543
388;-0.2873042;-0.6895301;11.358093
389;0.51714754;-0.61291564;9.825804
390;2.4229321;-0.90021986;9.931149
391;2.0398598;-0.8714894;10.409989
392;0.05746084;-0.6895301;10.6877165
393;2.633622;-0.4405331;11.549629
394;-1.2066777;-0.4309563;10.907983
395;-2.566584;-0.49799395;9.557653
396;-1.2354081;-0.641646;8.7053175
397;-0.90979666;-1.3311762;11.750742
398;3.0933087;-0.6703765;10.601525
399;1.4269443;-1.9057846;7.6135616
400;2.9879637;-1.1109096;10.563218
401;0.2681506;-0.91937345;11.003751
402;-1.9728222;-0.92895025;9.5385
403;1.8483237;-0.5650316;10.5440645
404;1.3503298;-1.532289;11.779472
405;-0.19153613;-2.1260512;7.97748
406;2.6240451;-2.0207062;6.6175733
407;-0.21068975;-1.3311762;10.055647
408;-1.7908629;-0.63206923;10.965444
409;-0.51714754;-0.94810385;9.500193
410;-1.4269443;-1.1204864;9.481039
411;0.47884035;-1.685518;9.3661175
412;1.934515;-1.8195933;8.063671
413;1.1013328;-2.0015526;8.523358
414;2.4899697;-0.9959879;10.802638
415;-1.2258313;-0.9768343;10.342952
416;0.80445176;-0.63206923;10.141838
417;1.6759412;-0.33518824;9.720459
418;-1.0630256;-1.1683705;10.275913
419;3.3901896;-1.6567876;10.199299
420;2.135628;-0.78529817;9.634268
421;-2.0590134;-0.90979666;10.371682
422;2.5570073;0.19153613;10.907983
423;-1.8483237;-0.545878;9.950302
424;-0.81402856;-0.6895301;11.856087
425;2.7485435;-0.7374141;10.170568
426;-0.11492168;-2.3942018;9.375694
427;2.6527755;-2.2601264;9.14585
428;2.3175871;-1.0630256;9.701305
429;-3.1316159;-1.6280571;10.007763
430;0.79487497;-0.5554548;9.184157
431;0.12449849;-0.7182605;12.813767
432;0.019153614;-2.1547816;11.57836
433;1.9919758;-1.541866;4.4244847
434;-1.5801731;-1.6089035;8.542512
435;0.20111294;-0.46926352;13.378799
436;-1.3982137;-0.4405331;10.007763
437;-1.6376339;-1.484405;7.824251
438;0.842759;-0.8331822;9.414001
439;1.13964;-1.7621324;8.820239
440;2.5474305;-3.122039;8.647857
441;-1.0151415;-0.92895025;7.5082164
442;-0.62249243;-0.61291564;10.515334
443;0.50757074;-1.1971009;12.631808
444;0.94810385;-0.58418524;11.032481
445;2.633622;-1.532289;10.94629
446;2.930503;-0.8331822;10.668563
447;-3.0454245;0.1340753;11.63582
448;-2.336741;-0.6512229;14.346057
449;2.9017725;-0.047884032;12.354081
450;-1.7429788;-0.9576807;10.247183
451;2.2601264;-3.1890767;8.0924015
452;4.31914;-1.0821792;8.274361
453;-3.3039982;-1.3599066;12.105083
454;1.6472107;-0.545878;11.051635
455;0.6799533;-1.685518;8.130709
456;1.436521;-2.767697;8.322245
457;1.388637;-2.2026656;8.00621
458;0.2777274;-1.532289;7.4507556
459;-0.2777274;-1.9728222;9.854534
460;-1.3311762;-0.34476504;8.073248
461;-1.6280571;-1.7525556;7.4028716
462;2.566584;-1.4939818;9.80665
463;3.7253778;-0.58418524;8.42759
464;-2.0973208;-1.3982137;9.452309
465;1.5514427;-1.1300632;10.611102
466;1.541866;-0.61291564;13.005303
467;-2.1547816;-1.8483237;9.730036
468;2.9783869;-1.340753;9.624691
469;0.24899697;-1.4939818;9.758766
470;-1.8770541;-1.292869;10.620679
471;0.2681506;-0.40222588;12.277467
472;-0.30645782;-1.6567876;11.87524
473;0.18195933;-3.41892;6.4164605
474;-1.3120226;-2.5570073;5.2385135
475;-0.7182605;-1.733402;10.821792
476;2.1547816;-0.89064306;14.202404
477;1.340753;-1.6184803;9.691729
478;1.3311762;-2.2505496;7.8912888
479;1.436521;-1.3024458;9.921572
480;-1.9536686;-0.8619126;10.783484
481;-0.91937345;-0.7565677;10.754754
482;0.7469909;-0.29688102;9.682152
483;-0.22984336;-1.5035586;9.308656
484;3.0933087;-2.0015526;5.315128
485;-0.48841715;-1.7238252;7.785944
486;1.3215994;-0.02873042;12.785037
487;1.2737153;0.59376204;11.760319
488;0.45010993;-1.0342951;9.126697
489;4.817134;-0.095768064;11.702858
490;1.6663644;-0.0;12.11466
491;-1.0342951;-1.3120226;10.860099
492;3.9073372;-0.34476504;8.571242
493;-1.6472107;-0.16280572;10.831368
494;-1.5705963;-1.2737153;10.055647
495;2.27928;-0.63206923;5.707777
496;-2.815581;-1.0726024;8.255207
497;-0.21068975;0.24899697;11.300632
498;1.3599066;0.58418524;10.773908
499;1.7046716;0.1340753;12.334928
500;3.964798;0.63206923;11.540052
501;-2.1452048;-0.20111294;10.630256
502;0.10534488;-0.4309563;10.620679
503;4.0414124;1.2258313;11.204864
504;-4.31914;-0.7374141;9.423578
505;-0.59376204;-0.92895025;5.5641246
506;-0.5554548;-0.32561144;6.7803793
507;-4.405331;-0.7086837;11.080365
508;3.1603463;0.23942018;12.421119
509;1.5227122;-0.7182605;9.605537
510;-1.8579005;-0.5650316;6.196194
511;1.1779473;0.4213795;9.385271
512;0.91937345;1.0342951;15.102624
513;0.32561144;-0.47884035;11.089942
514;0.8714894;0.095768064;5.66947
515;-0.095768064;0.29688102;11.195287
516;-0.80445176;0.89064306;11.990162
517;-1.0151415;0.46926352;10.093954
518;3.1316159;1.1204864;12.631808
519;1.1683705;1.1300632;13.541605
520;-0.22984336;0.2681506;8.37013
521;1.2066777;0.63206923;8.676587
522;0.89064306;1.0055647;14.259866
523;1.6663644;1.1683705;13.283031
524;2.7006595;-0.5363012;8.695741
525;1.5897499;-0.11492168;7.1347213
526;-1.2545617;0.48841715;11.3964
527;0.46926352;0.8331822;11.128249
528;-1.1013328;0.019153614;8.619126
529;2.4612393;0.019153614;10.0269165
530;0.41180268;0.20111294;9.653421
531;-2.0207062;-0.8523358;6.579266
532;2.834735;0.82360536;8.331821
533;1.13964;0.39264908;13.627796
534;0.6607997;-0.39264908;9.433155
535;1.3790601;-1.8770541;3.5817258
536;-1.1492168;-0.7278373;7.038953
537;-2.5570073;0.095768064;11.109096
538;1.6567876;0.37349546;11.530476
539;0.51714754;-0.1436521;9.490616
540;0.81402856;-0.47884035;8.810662
541;1.8291701;0.8714894;10.113108
542;-1.1204864;0.842759;12.564771
543;0.9576807;1.6950948;13.034034
544;1.7046716;1.2737153;11.903971
545;0.16280572;-0.34476504;11.099519
546;2.4899697;0.48841715;7.0485296
547;-0.6895301;0.59376204;11.176133
548;1.5897499;1.1587936;15.121778
549;0.31603462;0.5650316;12.162544
550;0.047884032;-0.89064306;8.561666
551;3.86903;0.6991069;9.442732
552;-2.815581;0.2777274;10.084377
553;-0.9768343;-0.5746084;11.271901
554;4.9895163;1.2354081;10.151415
555;-2.719813;-1.1300632;11.013328
556;-1.3215994;-1.3120226;7.1251445
557;3.4284968;-0.19153613;5.104438
558;-2.1739352;-1.091756;11.463438
559;1.7429788;0.5746084;13.101071
560;1.532289;-1.436521;8.781932
561;3.1028855;-1.8770541;8.034941
562;-0.81402856;-0.2681506;8.599973
563;-3.6104562;-1.1587936;9.232041
564;3.0071173;0.17238252;10.170568
565;0.38307226;0.2873042;9.940725
566;-3.169923;-1.1971009;8.360553
567;1.685518;-0.7086837;5.90889
568;3.1890767;1.0151415;11.463438
569;-0.9768343;-0.33518824;14.863204
570;4.357447;-0.038307227;10.266336
571;-0.10534488;-0.7374141;7.7093296
572;0.51714754;-0.05746084;11.310209
573;2.9400797;0.9768343;12.459426
574;-2.3750482;-0.10534488;8.571242
575;0.047884032;-0.047884032;10.716447
576;2.9496565;0.29688102;9.844957
577;-2.8538885;-1.13964;7.8050976
578;-0.5746084;-0.7661445;10.352529
579;1.484405;0.89064306;12.028469
580;-1.4939818;-0.095768064;10.113108
581;2.1547816;-0.90021986;11.15698
582;2.834735;-1.1109096;10.630256
583;-1.7812861;-0.8810662;6.1866174
584;-2.2888567;-0.20111294;8.724471
585;3.4284968;0.5650316;13.656527
586;-0.02873042;-0.40222588;9.921572
587;-1.1300632;-1.7717092;5.2863975
588;3.0071173;-0.5267244;8.724471
589;-1.9632454;-0.20111294;12.794614
590;1.0821792;-0.02873042;11.262324
591;3.4572272;0.36391866;9.701305
592;-2.2218192;-1.3311762;10.927136
593;0.89064306;-0.47884035;8.465898
594;0.16280572;0.019153614;9.662998
595;-1.5227122;0.38307226;15.380352
596;3.1507695;0.095768064;12.344504
597;-0.08619126;-1.0821792;5.947197
598;-0.25857377;-0.80445176;7.642292
599;3.1316159;0.9576807;13.733141
600;-1.4460979;-0.076614454;10.994174
601;1.7525556;0.5554548;9.107543
602;2.3558946;-0.40222588;11.128249
603;-1.5801731;-0.29688102;8.437167
604;-1.733402;-0.7086837;7.067683
605;1.8004397;0.20111294;12.306197
606;0.8810662;-0.019153614;12.354081
607;0.4405331;-1.484405;7.240066
608;2.3175871;-1.4269443;5.171476
609;-0.32561144;-0.89064306;9.615114
610;-0.8619126;-0.16280572;11.60709
611;0.6512229;-0.89064306;9.77792
612;1.8483237;0.047884032;8.724471
613;-1.0247183;-1.5610195;9.691729
614;0.9864111;-0.41180268;8.2169
615;0.33518824;-0.31603462;10.936713
616;0.009576807;0.45010993;12.401965
617;-0.9768343;-0.22026655;10.726024
618;0.076614454;-1.5610195;7.651869
619;1.685518;-0.49799395;7.9487495
620;-1.1971009;-0.4213795;10.812215
621;2.5091233;-0.41180268;13.8959465
622;1.8483237;0.2681506;9.586384
623;-0.93852705;-1.2545617;9.749189
624;2.480393;0.78529817;8.37013
625;-2.633622;-0.94810385;9.346964
626;1.091756;-0.5363012;12.220005
627;3.265691;0.2873042;10.400413
628;-3.8115692;-1.9632454;6.253655
629;1.6759412;-1.1300632;6.531382
630;2.7485435;0.48841715;11.166556
631;0.038307227;-0.08619126;12.842498
632;2.8060043;0.50757074;9.931149
633;-1.2162545;0.047884032;10.668563
634;1.541866;0.02873042;10.94629
635;3.514688;1.1109096;11.683704
636;-3.916914;-0.36391866;12.181698
637;2.135628;-0.36391866;11.070788
638;2.9592333;1.1492168;7.0006456
639;-4.3766007;-1.0726024;9.050082
640;3.3901896;0.46926352;9.825804
641;0.8523358;0.24899697;7.632715
642;-0.02873042;-0.39264908;11.511322
643;3.6774938;0.545878;10.879252
644;-1.283292;-0.93852705;7.1730285
645;1.3024458;0.02873042;7.843405
646;-1.1683705;0.6703765;13.139379
647;-0.90021986;-0.48841715;10.927136
648;2.6910827;-0.79487497;5.6982
649;-0.9576807;-0.7565677;6.196194
650;-0.21068975;-0.6991069;9.624691
651;1.2354081;-0.41180268;9.3182335
652;-0.7182605;-0.46926352;10.754754
653;2.327164;0.50757074;10.323798
654;-0.5554548;-0.6895301;8.686164
655;0.38307226;-0.24899697;9.586384
656;-0.29688102;1.388637;11.980585
657;-1.2162545;0.24899697;13.876793
658;2.777274;0.2681506;10.25676
659;1.13964;-0.6991069;7.517793
660;-0.5554548;0.20111294;10.04607
661;2.6431987;1.1875241;13.685257
662;0.45010993;0.18195933;11.415554
663;-1.0821792;0.08619126;8.772355
664;1.8579005;0.7565677;10.793061
665;0.22984336;0.5650316;10.984597
666;-0.2777274;0.37349546;11.291056
667;2.633622;0.45968673;12.133814
668;0.82360536;-0.4213795;10.228029
669;-2.5474305;-1.4652514;7.642292
670;2.1643584;-0.94810385;6.301539
671;0.545878;0.46926352;8.513782
672;-3.083732;-0.45010993;10.6398325
673;3.4763808;-0.59376204;9.490616
674;0.39264908;-0.842759;7.4986396
675;0.10534488;-1.3694834;9.423578
676;1.9057846;-0.095768064;7.776367
677;-2.5187001;-1.2162545;10.065224
678;2.9975405;0.37349546;11.903971
679;1.4939818;-0.46926352;10.103531
680;-3.4859576;-1.7238252;6.1004257
681;-0.16280572;-0.7182605;8.379706
682;3.0933087;0.6991069;12.4785795
683;-0.92895025;-0.5650316;10.793061
684;2.0398598;-0.1340753;7.067683
685;0.90021986;-0.10534488;9.433155
686;-0.7469909;1.3024458;12.047623
687;0.4405331;0.11492168;12.765883
688;4.6926355;1.1204864;11.971008
689;0.076614454;1.283292;11.942278
690;-0.5363012;-0.92895025;11.741165
691;2.7006595;-0.33518824;6.8186865
692;-1.0726024;-0.24899697;8.264784
693;-2.3463178;0.02873042;14.537593
694;2.5474305;0.6703765;10.457873
695;-0.1436521;-1.2258313;7.9104424
696;2.7389667;-0.17238252;10.362105
697;-0.02873042;0.7086837;11.530476
698;-1.6759412;-1.685518;11.712435
699;3.514688;0.6703765;9.557653
700;-0.90979666;-0.7278373;10.065224
701;-0.4213795;-2.087744;5.631162
702;0.6512229;-1.1492168;6.3685765
703;-1.7142484;-0.6607997;10.160992
704;0.47884035;-0.9672575;11.18571
705;0.80445176;-1.0630256;7.2687964
706;-0.6799533;-1.3599066;7.441179
707;1.9919758;-0.2681506;9.5385
708;1.0151415;0.82360536;11.865664
709;1.7142484;0.02873042;13.311762
710;1.340753;0.21068975;8.485051
711;-1.0534488;-0.019153614;6.588843
712;1.1300632;0.37349546;11.712435
713;0.29688102;0.8714894;12.277467
714;-0.17238252;-0.21068975;8.944737
715;1.5035586;-0.45010993;9.308656
716;-1.3120226;-0.15322891;10.295067
717;1.0055647;-0.1340753;10.352529
718;1.3503298;0.6512229;10.342952
719;-0.6991069;-0.45968673;12.08593
720;0.6607997;-1.3503298;9.682152
721;1.9440918;-0.22026655;6.483498
722;-2.0973208;-1.283292;8.331821
723;1.1492168;-0.076614454;10.907983
724;1.5705963;0.33518824;12.277467
725;0.009576807;0.22984336;10.323798
726;2.0685902;-0.51714754;10.0748005
727;1.8866309;-0.30645782;10.065224
728;-3.0071173;-0.4405331;8.331821
729;0.60333884;-0.0;11.884817
730;2.930503;0.41180268;12.689269
731;-1.4173675;-1.1013328;8.360553
732;-0.40222588;-2.0494366;4.510676
733;2.5091233;0.31603462;9.011775
734;-1.982399;0.4213795;12.919112
735;1.043872;-0.02873042;10.984597
736;0.7278373;0.095768064;8.073248
737;-0.1340753;-0.08619126;10.295067
738;0.2777274;-0.047884032;10.907983
739;-0.18195933;0.51714754;10.1226845
740;0.6895301;0.60333884;14.259866
741;1.292869;0.34476504;11.923124
742;-2.1739352;-1.3311762;6.6271505
743;2.135628;-0.6895301;5.985504
744;1.6567876;0.9864111;13.196839
745;-1.7717092;-0.23942018;10.572795
746;2.3558946;-0.9672575;8.523358
747;1.4173675;-0.641646;7.326257
748;-2.5570073;-2.3080103;9.184157
749;1.8291701;-0.5267244;7.575254
750;0.11492168;0.5554548;11.980585
751;1.2737153;0.24899697;12.813767
752;1.6567876;-0.23942018;9.739613
753;0.05746084;-1.1971009;7.0485296
754;2.2505496;0.40222588;11.769896
755;0.78529817;0.93852705;13.043611
756;-2.0973208;0.15322891;9.605537
757;1.1013328;0.038307227;8.590396
758;1.9057846;0.36391866;9.940725
759;-1.3120226;0.46926352;9.940725
760;-0.5267244;-0.30645782;9.346964
761;3.3901896;1.2545617;10.6877165
762;-1.4652514;-0.047884032;10.496181
763;1.3120226;-1.6663644;7.9583263
764;2.1068976;-1.4748282;5.8226986
765;-0.93852705;-1.5035586;8.418014
766;1.532289;-0.1340753;12.4785795
767;0.33518824;-2.3654714;10.065224
768;0.45968673;-0.25857377;6.253655
769;-1.3503298;0.34476504;10.601525
770;1.2354081;0.35434186;13.579912
771;2.4708161;-0.6799533;11.520899
772;-0.19153613;-0.38307226;8.101978
773;-1.5897499;-1.3694834;7.6614456
774;0.8714894;0.21068975;9.797073
775;0.6895301;-0.12449849;14.12579
776;3.86903;0.40222588;10.113108
777;-0.6703765;0.39264908;9.471462
778;-0.37349546;0.20111294;11.377247
779;2.327164;0.6895301;12.152967
780;0.39264908;0.8810662;11.81778
781;-1.8770541;0.47884035;10.630256
782;0.81402856;-0.4213795;11.664551
783;2.078167;0.047884032;8.848969
784;-0.63206923;-1.3215994;9.030929
785;2.231396;-0.02873042;8.350976
786;-0.7278373;-0.6799533;7.73806
787;1.4748282;-0.38307226;10.524911
788;0.10534488;0.047884032;10.065224
789;-0.61291564;-0.8331822;6.4547677
790;0.11492168;-1.1013328;6.3206925
791;-1.3982137;0.4213795;10.429143
792;-0.6895301;-0.60333884;13.340492
793;3.5817258;-0.58418524;7.8912888
794;-1.1109096;-1.0342951;6.0621185
795;1.3790601;-0.36391866;10.793061
796;5.2768207;1.6089035;12.373235
797;-3.620033;0.20111294;8.916007
798;-0.019153614;0.1436521;9.653421
799;1.6567876;0.641646;11.789049
800;-4.4723687;-0.37349546;9.5385
801;0.15322891;0.25857377;8.90643
802;4.4915223;1.2449849;12.947843
803;-1.1492168;0.60333884;13.072341
804;1.1875241;-1.0247183;8.513782
805;3.074155;-0.9768343;7.469909
806;-0.7086837;0.31603462;12.0093155
807;-0.7278373;0.30645782;11.654974
808;1.8674773;-0.02873042;9.097966
809;-0.1340753;-0.1436521;9.414001
810;-0.08619126;0.009576807;10.97502
811;1.0821792;0.41180268;9.481039
812;2.6623523;1.7142484;11.664551
813;0.15322891;0.18195933;14.135366
814;1.091756;-0.7086837;9.241618
815;1.1971009;-2.0398598;6.1100025
816;1.3982137;-0.33518824;8.255207
817;-2.2888567;-0.06703765;10.486604
818;1.2545617;0.15322891;9.787497
819;0.92895025;-0.35434186;9.232041
820;-2.0015526;-0.30645782;8.24563
821;0.8523358;0.06703765;9.701305
822;1.1779473;-0.047884032;11.386824
823;0.41180268;-0.41180268;11.951855
824;3.9073372;-0.35434186;9.969456
825;-0.2777274;-1.4460979;8.839393
826;-0.39264908;-1.0630256;6.655881
827;-0.61291564;-1.0630256;8.791509
828;-0.5363012;0.095768064;10.70687
829;-0.8810662;-0.9768343;9.528923
830;1.0151415;-0.6703765;7.192182
831;-0.34476504;-0.39264908;9.682152
832;-1.0247183;0.076614454;10.936713
833;2.4133554;0.6607997;12.344504
834;2.1164744;0.2681506;13.062764
835;0.8331822;-0.019153614;11.530476
836;-0.8810662;-0.6991069;7.9870567
837;1.0534488;-0.23942018;9.5385
838;1.2066777;1.0342951;14.221559
839;0.6607997;0.4405331;13.321339
840;-0.038307227;-0.51714754;8.1402855
841;0.7086837;-0.7086837;8.561666
842;1.0534488;0.6799533;9.854534
843;-1.7429788;0.5746084;12.641385
844;3.2082303;0.40222588;11.87524
845;1.5131354;0.15322891;9.337387
846;-2.078167;-1.6280571;6.397307
847;1.8770541;-0.5650316;8.66701
848;-0.15322891;0.41180268;9.969456
849;-0.89064306;-0.1436521;10.70687
850;2.432509;-0.2873042;8.686164
851;0.59376204;-0.34476504;6.8282633
852;-0.7565677;-1.1109096;7.8050976
853;1.934515;-0.8331822;10.91756
854;1.2066777;-0.5267244;10.342952
855;-1.8100165;-1.3790601;7.967903
856;0.92895025;-0.8714894;7.6231384
857;-0.35434186;-0.45010993;8.542512
858;0.038307227;-0.48841715;10.668563
859;3.763685;0.6607997;10.869676
860;0.24899697;-0.2873042;9.883265
861;0.62249243;0.8619126;10.132261
862;1.7621324;0.17238252;12.794614
863;0.59376204;0.7565677;10.716447
864;0.5267244;1.388637;10.697293
865;0.06703765;1.2449849;13.043611
866;1.4173675;0.29688102;10.333375
867;-0.46926352;-1.2066777;6.397307
868;1.4173675;-0.4405331;10.477027
869;-0.62249243;0.06703765;10.994174
870;-0.6799533;-1.13964;9.490616
871;2.0111294;0.37349546;11.549629
872;-0.94810385;-0.94810385;11.176133
873;-0.18195933;-0.93852705;6.588843
874;1.1204864;0.78529817;8.42759
875;-2.480393;0.5650316;15.073894
876;1.5131354;-0.17238252;11.032481
877;1.6663644;-0.90979666;5.506664
878;-1.2066777;-0.19153613;6.742072
879;1.1492168;0.61291564;12.306197
880;-0.24899697;0.842759;10.67814
881;-0.89064306;-0.31603462;9.586384
882;2.9113493;0.5267244;9.461885
883;-0.5746084;-1.0726024;8.887277
884;-0.545878;0.11492168;9.279925
885;1.3503298;1.3215994;14.451402
886;2.1164744;0.91937345;14.566323
887;-0.62249243;-1.0055647;8.513782
888;1.0630256;-1.7621324;6.349423
889;2.1260512;-0.6512229;10.1226845
890;-1.1204864;-0.11492168;11.798626
891;2.27928;0.076614454;11.224017
892;1.388637;-0.33518824;8.542512
893;-0.40222588;-1.1013328;8.341399
894;0.7182605;-0.2681506;9.270349
895;-0.33518824;0.02873042;11.319786
896;-0.6607997;0.15322891;11.224017
897;2.4133554;-0.29688102;10.01734
898;1.3503298;-0.9576807;7.843405
899;-0.6895301;-1.1204864;7.067683
900;2.3463178;0.1436521;9.174581
901;-0.7278373;0.6799533;13.311762
902;-1.7046716;-0.33518824;11.21444
903;2.2026656;-0.30645782;7.4986396
904;-2.0398598;-0.5363012;7.642292
905;-2.1643584;0.019153614;11.224017
906;2.4133554;-0.05746084;13.215993
907;2.0015526;0.18195933;10.716447
908;-1.3982137;-1.4460979;8.925584
909;1.2258313;-1.2737153;6.8091097
910;-1.0342951;-0.6799533;8.101978
911;1.5227122;-0.37349546;12.98615
912;3.3327289;-0.047884032;12.650962
913;-2.1068976;-1.5514427;7.632715
914;-0.38307226;-1.1779473;7.1251445
915;1.0821792;0.32561144;11.329363
916;-0.35434186;0.8331822;14.30775
917;2.767697;-0.18195933;11.032481
918;2.4899697;-0.2777274;7.029376
919;-1.6759412;-1.1683705;7.6231384
920;1.7238252;-0.51714754;10.888829
921;1.1587936;0.34476504;10.448297
922;0.6799533;0.05746084;11.21444
923;0.36391866;-0.41180268;8.331821
924;0.34476504;-0.5650316;7.3549876
925;1.2162545;0.6703765;11.444284
926;0.22026655;1.1109096;13.637373
927;1.7621324;0.05746084;12.842498
928;1.3215994;-0.24899697;8.724471
929;0.047884032;-0.7374141;7.4028716
930;1.2162545;-0.08619126;9.3661175
931;-0.61291564;-0.41180268;11.15698
932;1.8291701;0.37349546;11.281479
933;-0.8619126;-0.6895301;10.0269165
934;1.6663644;-0.25857377;9.299079
935;-0.21068975;-0.8619126;7.776367
936;-0.7661445;0.12449849;9.32781
937;1.484405;1.2162545;14.60463
938;-0.90021986;0.58418524;10.783484
939;-1.0342951;-1.1204864;5.0182467
940;3.1316159;0.25857377;9.040505
941;-1.5035586;0.12449849;11.386824
942;0.9576807;0.24899697;9.021352
943;2.4708161;0.7086837;9.414001
944;-1.388637;0.038307227;11.999739
945;0.8810662;0.47884035;10.477027
946;0.29688102;-0.047884032;7.4603324
947;0.4213795;0.90979666;11.482592
948;1.484405;0.9864111;14.84405
949;-0.11492168;-0.2873042;9.911995
950;4.1276035;1.2641385;9.950302
951;0.48841715;1.1492168;15.581465
952;1.5801731;2.3080103;14.863204
953;1.6950948;1.5514427;10.984597
954;1.7142484;1.8483237;13.484144
955;3.4476504;2.5570073;15.02601
956;0.25857377;1.9440918;15.275007
957;0.1436521;1.283292;11.741165
958;2.767697;3.4093432;13.9151
959;-0.23942018;3.1986535;16.089035
960;2.2601264;2.9017725;13.819332
961;2.0398598;3.6104562;12.363658
962;-0.7086837;3.5913026;17.266983
963;4.098873;3.3327289;19.354727
964;2.1452048;4.0318356;14.824897
965;-2.327164;3.371036;10.1226845
966;0.6991069;3.7541082;11.501745
967;-3.1028855;2.96881;13.503298
968;-2.4420857;2.3750482;12.545617
969;0.9768343;2.4420857;11.693281
970;-2.834735;1.5705963;11.808203
971;-0.12449849;1.2641385;10.649409
972;0.17238252;1.8962077;10.04607
973;-0.9959879;2.087744;13.340492
974;1.6280571;1.2449849;10.199299
975;-1.733402;-0.06703765;4.5298295
976;-1.4077905;-0.22984336;6.129156
977;-2.2888567;-0.21068975;6.8569937
978;-4.5777135;-1.7717092;4.76925
979;-2.030283;-1.436521;3.9743748
980;-2.5570073;-1.292869;3.3039982
981;-3.169923;-1.7717092;3.0358477
982;0.5267244;-1.5705963;5.506664
983;0.40222588;-1.0055647;6.6750345
984;0.6895301;-1.4269443;7.086837
985;0.93852705;-2.3654714;5.861006
986;0.12449849;-2.9017725;4.1659107
987;1.9249382;-2.0494366;6.1004257
988;1.9728222;-2.6719291;10.295067
989;0.78529817;-2.2122424;3.821146
990;-3.5242648;-2.8921957;3.3423057
991;-0.4213795;-2.9113493;7.9870567
992;-1.1300632;-2.9400797;9.720459
993;-1.4269443;-3.41892;9.825804
994;1.8483237;-2.767697;8.925584
995;2.5474305;-2.1547816;10.5919485
996;0.7278373;-3.7732618;12.545617
997;4.3957543;-4.2904096;10.065224
998;1.532289;-3.5051112;10.67814
999;2.7006595;-4.012682;13.828909
1000;4.2042184;-4.232949;11.731588
1001;0.37349546;-5.1810527;6.196194
1002;-6.0238113;-5.0374002;4.280833
1003;-3.41892;-5.4300494;5.2768207
1004;2.9400797;-4.6830587;8.810662
1005;0.05746084;-5.5162406;7.345411
1006;-2.0015526;-6.4164605;1.8674773
1007;2.9113493;-4.8745947;1.7142484
1008;-2.633622;-4.175488;10.103531
1009;3.0550013;-4.8362875;6.8569937
1010;7.431602;-3.8786068;5.305551
1011;-1.4173675;-6.0238113;4.759673
1012;-0.7278373;-3.4955344;3.8594532
1013;-0.10534488;-1.0055647;8.580819
1014;-5.3342814;-0.82360536;10.927136
1015;-3.074155;-0.842759;6.943185
1016;0.58418524;-2.2218192;4.76925
1017;2.4899697;-2.6048915;7.422025
1018;0.29688102;-3.3039982;7.5944076
1019;1.5897499;-3.1124623;5.841852
1020;-1.4556746;-2.6240451;7.9870567
1021;-3.1890767;-3.217807;9.32781
1022;1.043872;-4.050989;9.394848
1023;2.231396;-4.232949;7.469909
1024;0.32561144;-5.046977;6.7803793
1025;-0.5746084;-3.1411927;5.4779334
1026;0.7374141;-3.667917;9.825804
1027;1.1013328;-3.1507695;9.576807
1028;-0.095768064;-3.5817258;9.624691
1029;0.58418524;-3.715801;7.6231384
1030;1.6376339;-3.916914;6.8665705
1031;2.2697031;-2.7581203;9.911995
1032;1.2449849;-3.7062242;12.717999
1033;3.1316159;-3.4955344;8.236053
1034;3.3039982;-2.1547816;6.7708025
1035;-1.2545617;-2.2218192;12.181698
1036;1.5897499;-0.9864111;11.348516
1037;4.7788267;-3.9839516;6.6750345
1038;2.4995465;-4.673482;8.111555
1039;0.30645782;-4.3287168;4.76925
1040;0.40222588;-4.3382936;8.724471
1041;2.6910827;-2.336741;9.998186
1042;1.6759412;-2.5187001;10.726024
1043;1.0342951;-2.681506;6.588843
1044;-1.1109096;-3.4380736;3.964798
1045;-4.453215;-2.9113493;5.161899
1046;-0.2777274;-3.3901896;13.962984
1047;1.6663644;-0.9864111;4.3861775
1048;-5.717354;-5.085284;6.531382
1049;7.374141;-0.39264908;4.9703627
1050;-0.92895025;-1.5610195;12.74673
1051;-6.6846113;-3.2082303;6.129156
1052;7.0485296;0.37349546;8.66701
1053;-4.6255975;-2.0398598;14.796166
1054;0.7469909;-1.7429788;29.09434
1055;8.887277;6.655881;28.500578
1056;-4.912902;4.903325;19.239805
1057;8.0445175;12.124237;29.439104
1058;3.3327289;10.429143;30.68409
1059;-6.205771;4.2999864;25.177425
1060;1.3120226;8.37013;17.60217
1061;-2.5761611;2.96881;12.650962
1062;-8.494628;3.0358477;17.975666
1063;4.7405195;5.7843914;13.666103
1064;0.22026655;3.7541082;12.98615
1065;1.1013328;2.2601264;13.139379
1066;6.1387334;4.414908;12.612655
1067;-4.0318356;-0.51714754;6.751649
1068;4.6351743;-0.15322891;2.3175871
1069;-5.755661;0.50757074;-10.888829
1070;-10.448297;-0.92895025;-1.7046716
1071;10.448297;3.217807;6.397307
1072;5.9567738;1.2641385;6.4068837
1073;-11.224017;-2.336741;-6.8665705
1074;10.342952;0.8619126;-7.872135
1075;3.064578;4.2521024;9.691729
1076;-7.881712;1.5227122;18.358738
1077;11.951855;2.873042;-7.28795
1078;-5.0374002;1.8866309;-5.707777
1079;-8.130709;2.1739352;8.983045
1080;4.5394063;8.025364;15.437813
1081;-2.6048915;5.746084;9.021352
1082;-0.8810662;4.8362875;7.9104424
1083;8.485051;6.2632318;11.425131
1084;-2.4995465;6.081272;17.123331
1085;-2.5091233;8.24563;13.177686
1086;5.3342814;10.716447;16.500837
1087;-3.7349546;8.820239;12.26789
1088;5.4779334;7.326257;15.610195
1089;2.6431987;7.967903;15.093047
1090;-10.46745;4.0222588;12.325351
1091;5.6407394;7.6614456;7.843405
1092;0.58418524;8.954314;14.020445
1093;-4.7979803;4.271256;16.309301
1094;6.4547677;6.4643445;9.193734
1095;-0.8810662;3.8881836;8.810662
1096;-2.4899697;4.596867;9.988609
1097;6.4260373;6.3589997;13.321339
1098;2.2697031;4.4436383;12.5264635
1099;0.9959879;4.55856;8.628703
1100;3.715801;3.7062242;5.449203
1101;1.4748282;4.6926355;7.6231384
1102;0.06703765;4.1276035;10.97502
1103;5.544971;3.8115692;9.078813
1104;0.4213795;2.6527755;6.397307
1105;-1.8004397;2.5761611;6.6654577
1106;-0.45010993;2.6144683;7.603985
1107;-1.5227122;2.6623523;6.6271505
1108;1.5514427;3.0550013;9.069236
1109;-1.3215994;1.2545617;9.184157
1110;-0.50757074;1.6950948;7.249643
1111;1.5993267;2.6910827;8.207323
1112;0.05746084;1.3694834;10.43872
1113;2.27928;-1.2641385;10.888829
1114;7.0102224;-1.292869;6.8091097
1115;3.1603463;-1.541866;7.5561004
1116;6.157887;-4.4819455;22.16073
1117;3.3423057;-4.1659107;7.192182
1118;-0.29688102;-4.817134;1.9249382
1119;-2.2122424;-5.2959743;10.180145
1120;-5.305551;-6.3589997;8.341399
1121;-0.842759;-6.3111157;5.4300494
1122;4.2042184;-3.0933087;12.210428
1123;5.1523223;-4.903325;16.347609
1124;3.7253778;-2.9783869;14.537593
1125;2.0590134;-4.31914;11.358093
1126;3.5434184;-1.685518;12.555194
1127;-2.384625;1.091756;16.108189
1128;-0.16280572;-0.6703765;14.920665
1129;6.493075;-2.1643584;7.776367
1130;-4.185065;-1.4460979;11.377247
1131;-2.1452048;0.35434186;12.469003
1132;1.7238252;0.80445176;11.262324
1133;-4.3478703;0.076614454;12.325351
1134;1.1300632;-0.89064306;12.899959
1135;1.5610195;-2.0015526;6.215348
1136;-3.3327289;-2.2218192;0.94810385
1137;-2.4516625;-2.336741;7.029376
1138;2.882619;-0.82360536;9.825804
1139;-5.6215854;-4.280833;3.1124623
1140;2.27928;-3.7541082;2.4612393
1141;4.003105;-3.3135753;12.77546
1142;-3.1986535;-4.4436383;4.4819455
1143;1.8579005;-5.9280434;0.34476504
1144;2.2888567;-3.9552212;7.489063
1145;-5.1906295;-3.7732618;13.599066
1146;2.920926;-4.8362875;7.7093296
1147;4.6160207;-3.2848446;5.66947
1148;-4.4819455;-3.5625722;12.966996
1149;1.0342951;-3.4476504;12.564771
1150;2.5953147;-1.8483237;11.63582
1151;-3.5338416;-1.6663644;14.84405
1152;2.2409728;0.33518824;14.968549
1153;2.135628;-0.7278373;12.98615
1154;1.0342951;-1.1300632;13.503298
1155;1.1971009;-1.2066777;13.9438305
1156;2.6527755;-0.45968673;13.244724
1157;0.009576807;-1.685518;12.210428
1158;1.1587936;-1.0247183;7.9391727
1159;1.4939818;-1.1971009;9.605537
1160;1.3215994;0.08619126;11.109096
1161;-1.0055647;-1.2545617;8.101978
1162;-0.2873042;-1.0630256;6.215348
1163;-0.51714754;-1.0247183;10.5919485
1164;0.89064306;-0.8523358;7.7572136
1165;1.4077905;-1.5897499;7.2592196
1166;1.7621324;-0.08619126;8.322245
1167;-2.96881;-0.33518824;8.619126
1168;0.62249243;-0.39264908;6.38773
1169;0.45010993;0.30645782;7.795521
1170;-0.8523358;-0.22984336;11.856087
1171;0.82360536;-0.076614454;8.571242
1172;-0.8810662;-0.076614454;6.7708025
1173;0.24899697;0.22984336;13.685257
1174;2.2122424;1.0821792;13.953407
1175;1.0821792;-0.35434186;10.151415
1176;1.7525556;0.2777274;9.768343
1177;-2.4037786;0.9768343;10.70687
1178;-3.7445314;-0.37349546;9.56723
1179;2.2984335;0.25857377;11.147403
1180;1.1492168;0.4405331;12.239159
1181;-1.0055647;-0.22984336;10.486604
1182;2.9592333;0.047884032;8.772355
1183;0.58418524;1.2737153;14.020445
1184;1.4460979;1.3311762;15.2367
1185;4.223372;0.8523358;12.6222315
1186;-0.94810385;0.1340753;7.9008656
1187;-1.9440918;-0.047884032;9.174581
1188;3.821146;1.982399;11.176133
1189;-0.9864111;0.82360536;10.218452
1190;-0.22984336;0.11492168;7.7572136
1191;3.5434184;0.8619126;8.149862
1192;-2.2601264;0.22026655;9.356541
1193;-0.06703765;-0.5267244;10.189722
1194;6.196194;1.091756;8.810662
1195;-2.0685902;0.06703765;9.155427
1196;-2.030283;-0.11492168;9.653421
1197;3.2848446;0.90021986;7.2209125
1198;-2.8634653;-0.91937345;8.0445175
1199;0.545878;-0.05746084;10.745177
1200;3.0358477;-0.019153614;8.839393
1201;-0.641646;-0.78529817;6.2345014
1202;-0.5267244;0.29688102;8.925584
1203;0.23942018;0.29688102;13.43626
1204;1.9440918;0.08619126;10.160992
1205;0.8523358;0.58418524;8.983045
1206;-0.89064306;0.6703765;11.530476
1207;-0.842759;0.90021986;11.310209
1208;1.043872;0.79487497;11.60709
1209;0.7278373;0.842759;11.894394
1210;0.31603462;0.076614454;11.597513
1211;2.3080103;-0.641646;9.394848
1212;1.3311762;1.6472107;9.088389
1213;-2.2026656;1.2066777;13.072341
1214;3.0358477;1.2354081;12.53604
1215;1.9440918;0.60333884;11.291056
1216;1.1013328;0.7278373;10.419566
1217;-1.1971009;0.545878;10.28549
1218;-0.1436521;0.9864111;10.0269165
1219;-0.11492168;1.292869;12.4785795
1220;1.6759412;0.5267244;10.927136
1221;1.6376339;0.49799395;8.111555
1222;-0.17238252;-1.1587936;7.422025
1223;0.7661445;0.82360536;9.097966
1224;-0.32561144;0.12449849;12.947843
1225;2.6910827;0.8331822;11.348516
1226;-1.1875241;-1.0630256;6.8761473
1227;-1.7142484;-1.2737153;6.3685765
1228;2.2409728;0.18195933;9.586384
1229;-2.6144683;0.047884032;9.232041
1230;-0.58418524;-1.5897499;9.490616
1231;4.7500963;-0.36391866;9.212888
1232;-1.5514427;-1.7142484;9.337387
1233;0.6895301;-0.9959879;7.4603324
1234;1.13964;0.49799395;10.180145
1235;-1.0247183;-0.05746084;14.518439
1236;1.2449849;-0.545878;10.036493
1237;0.45010993;-1.283292;6.943185
1238;0.019153614;-0.05746084;9.500193
1239;0.22984336;0.24899697;12.0093155
1240;1.5131354;-0.32561144;11.836933
1241;2.27928;-0.076614454;10.505757
1242;0.2873042;-1.2162545;10.093954
1243;2.6048915;-0.16280572;9.691729
1244;-2.8634653;0.1340753;9.481039
1245;0.82360536;0.33518824;11.654974
1246;2.8060043;0.29688102;13.733141
1247;0.1340753;-0.90979666;10.534488
1248;1.0247183;-1.4173675;8.935161
1249;2.825158;0.5746084;9.097966
1250;-2.2122424;0.40222588;10.802638
1251;1.3311762;-0.60333884;11.693281
1252;2.2601264;-0.24899697;8.6095495
1253;-1.6089035;-1.8387469;8.437167
1254;1.3982137;-0.33518824;7.5561004
1255;-0.545878;-0.58418524;9.691729
1256;-0.91937345;0.545878;11.032481
1257;0.7374141;-0.31603462;11.262324
1258;-0.02873042;-0.8810662;9.481039
1259;1.3311762;-0.4405331;8.973468
1260;0.39264908;-0.641646;9.749189
1261;0.6607997;-1.0630256;9.911995
1262;2.0015526;-0.18195933;9.921572
1263;-0.047884032;-1.2354081;8.485051
1264;1.9536686;-1.8387469;7.699753
1265;-1.283292;-1.532289;6.1195793
1266;-2.4229321;-1.2641385;8.0924015
1267;2.8538885;0.047884032;11.63582
1268;1.4077905;-0.48841715;11.722012
1269;-0.51714754;-0.89064306;10.275913
1270;-0.2681506;-0.8523358;6.2249246
1271;-0.60333884;0.076614454;10.994174
1272;1.484405;0.5267244;16.79772
1273;2.5474305;-0.7757214;11.63582
1274;-0.34476504;-1.6759412;5.4204726
1275;0.79487497;0.21068975;10.70687
1276;-1.982399;0.02873042;13.742718
1277;-1.436521;-0.10534488;10.0269165
1278;3.4955344;-0.40222588;10.869676
1279;2.336741;0.40222588;11.693281
1280;-0.8331822;0.009576807;10.5440645
1281;2.6144683;0.17238252;7.9104424
1282;-0.22026655;0.6703765;11.281479
1283;-1.8579005;-0.89064306;12.469003
1284;2.8921957;-1.4556746;5.3247046
1285;-2.767697;-1.5801731;5.0182467
1286;-0.1340753;-0.78529817;10.237606
1287;3.0550013;0.1436521;11.453861
1288;-0.02873042;-0.7565677;8.791509
1289;2.0111294;-1.1109096;10.323798
1290;2.3942018;-0.6895301;9.069236
1291;-3.9839516;-1.3503298;7.967903
1292;0.92895025;-1.3215994;11.501745
1293;4.0318356;0.047884032;10.649409
1294;-4.2904096;-1.7046716;8.66701
1295;3.3327289;-0.9672575;9.883265
1296;2.384625;0.50757074;9.270349
1297;-4.309563;-0.15322891;10.381259
1298;2.9592333;1.0247183;12.08593
1299;2.9017725;0.33518824;10.247183
1300;-0.82360536;-0.31603462;10.898406
1301;0.40222588;0.7278373;9.768343
1302;-0.5650316;0.009576807;9.461885
1303;0.90979666;0.39264908;11.836933
1304;2.2026656;1.1013328;12.0571995
1305;-1.7429788;-0.62249243;8.42759
1306;1.532289;-0.08619126;7.9104424
1307;-1.7046716;0.7086837;10.515334
1308;0.45010993;0.32561144;12.919112
1309;3.1028855;0.5363012;10.304645
1310;-1.5897499;-1.043872;7.297527
1311;-0.94810385;-0.29688102;8.331821
1312;1.2066777;-0.34476504;11.760319
1313;0.78529817;-0.4213795;10.036493
1314;-1.4460979;-0.6895301;7.699753
1315;1.9728222;-0.7278373;8.24563
1316;-1.6950948;-0.32561144;9.3661175
1317;-0.545878;0.20111294;10.390836
1318;3.1316159;0.1340753;10.5919485
1319;0.7565677;0.5554548;11.013328
1320;-0.8331822;0.038307227;10.237606
1321;1.6663644;0.47884035;8.791509
1322;-0.7565677;1.3311762;10.323798
1323;-2.480393;0.2777274;14.030022
1324;2.6910827;-0.16280572;10.04607
1325;1.5035586;-0.34476504;7.632715
1326;0.33518824;-0.11492168;11.482592
1327;1.13964;-0.0;10.898406
1328;1.283292;0.038307227;10.160992
1329;0.047884032;0.11492168;10.869676
1330;0.23942018;-0.90021986;10.371682
1331;1.3311762;-0.25857377;7.565677
1332;-0.89064306;0.34476504;10.1226845
1333;2.4229321;0.39264908;12.612655
1334;1.8962077;-0.12449849;10.764331
1335;-1.3599066;-1.4460979;7.776367
1336;1.8579005;-0.50757074;7.153875
1337;-0.21068975;-0.4213795;9.452309
1338;-1.0726024;-0.0;10.6398325
1339;2.528277;-0.21068975;9.921572
1340;1.4748282;-0.45010993;8.7053175
1341;-1.292869;-0.6895301;8.7053175
1342;0.80445176;-0.10534488;10.218452
1343;0.63206923;0.4309563;11.310209
1344;0.10534488;-0.50757074;11.434708
1345;-0.8810662;-0.7278373;7.7189064
1346;-0.63206923;-2.135628;7.153875
1347;2.4420857;-0.16280572;8.418014
1348;0.2681506;-1.2737153;13.244724
1349;2.6623523;-0.37349546;9.998186
1350;0.009576807;-1.1875241;7.642292
1351;0.2681506;-1.2258313;9.959879
1352;0.22026655;0.2873042;10.084377
1353;-1.8195933;-0.5746084;11.492168
1354;4.0797195;0.20111294;11.923124
1355;-0.40222588;0.11492168;8.255207
1356;-2.7964275;-1.3311762;8.571242
1357;4.1180267;0.39264908;10.084377
1358;0.4405331;0.5746084;12.124237
1359;-1.0247183;0.37349546;9.940725
1360;2.1164744;-0.06703765;11.022904
1361;2.6048915;0.40222588;11.511322
1362;-0.30645782;0.91937345;10.5440645
1363;1.1779473;1.5227122;10.0269165
1364;-1.2258313;1.7621324;11.109096
1365;-1.9919758;0.7757214;9.56723
1366;2.27928;0.842759;9.232041
1367;0.20111294;0.076614454;9.299079
1368;0.35434186;-0.06703765;7.575254
1369;1.9440918;1.0055647;8.197746
1370;-1.3024458;1.3694834;12.181698
1371;2.2218192;1.2066777;11.444284
1372;2.9975405;0.79487497;8.820239
1373;-2.1164744;0.21068975;8.24563
1374;0.7278373;1.6184803;10.821792
1375;0.5554548;2.1452048;12.919112
1376;-0.7565677;1.1013328;11.616667
1377;2.327164;0.61291564;7.07726
1378;-0.16280572;-0.05746084;5.9759274
1379;-0.19153613;0.8714894;8.63828
1380;0.12449849;2.231396;11.032481
1381;1.3599066;1.8483237;12.143391
1382;2.7485435;1.8579005;11.243171
1383;0.79487497;1.3599066;9.500193
1384;0.11492168;1.6759412;8.647857
1385;1.2641385;2.5474305;11.109096
1386;-2.6240451;3.8115692;12.497733
1387;0.16280572;2.5570073;11.587936
1388;1.5705963;2.7581203;9.088389
1389;-2.4037786;1.1779473;9.682152
1390;2.1452048;2.0590134;7.929596
1391;0.8714894;3.41892;9.921572
1392;-1.0821792;3.3135753;13.369223
1393;0.79487497;2.815581;11.013328
1394;0.89064306;2.5570073;8.207323
1395;0.46926352;2.6144683;11.683704
1396;2.633622;3.2082303;10.936713
1397;0.36391866;2.4708161;9.030929
1398;0.7182605;2.6910827;9.279925
1399;-0.2681506;3.3901896;10.199299
1400;-3.3806129;1.340753;9.270349
1401;0.78529817;2.4995465;9.682152
1402;1.4460979;2.0398598;9.56723
1403;3.1124623;1.1971009;9.414001
1404;2.4995465;1.6184803;8.37013
1405;-0.29688102;1.8483237;10.773908
1406;-1.292869;2.7485435;10.390836
1407;-0.24899697;1.733402;10.726024
1408;1.2354081;1.7525556;10.955867
1409;-0.1340753;1.1013328;9.14585
1410;2.2409728;1.3024458;8.647857
1411;0.47884035;1.9632454;12.459426
1412;-0.8714894;1.8962077;12.028469
1413;0.076614454;2.0207062;9.576807
1414;-1.3024458;0.9959879;10.754754
1415;1.1109096;1.091756;10.199299
1416;0.4213795;0.4405331;8.274361
1417;1.6950948;0.22026655;9.299079
1418;0.63206923;0.1340753;9.193734
1419;-0.641646;0.16280572;8.724471
1420;1.1109096;0.5554548;9.701305
1421;1.9440918;0.81402856;9.797073
1422;-0.4213795;0.62249243;9.385271
1423;1.5705963;0.59376204;9.959879
1424;0.16280572;0.47884035;9.634268
1425;-0.5650316;0.11492168;9.682152
1426;2.4037786;0.9959879;8.916007
1427;1.4748282;0.9576807;9.940725
1428;1.9728222;1.1779473;10.91756
1429;0.545878;1.5035586;11.243171
1430;-0.6703765;1.1013328;10.448297
1431;-1.3024458;0.7757214;8.992621
1432;-0.35434186;0.82360536;11.271901
1433;1.7908629;0.39264908;9.80665
1434;2.5570073;0.4405331;8.676587
1435;2.4612393;0.6799533;11.434708
1436;0.019153614;0.22984336;11.022904
1437;0.20111294;0.51714754;7.9008656
1438;-1.6472107;1.0726024;9.825804
1439;-0.93852705;0.9959879;11.645397
1440;1.6950948;0.9768343;8.647857
1441;-0.59376204;0.6512229;8.360553
1442;0.7278373;0.89064306;12.401965
1443;1.7142484;1.484405;10.295067
1444;-0.45010993;1.2641385;10.25676
1445;1.6663644;2.0398598;11.903971
1446;-0.2681506;2.2218192;10.381259
1447;-1.5131354;1.934515;9.643845
1448;-1.1109096;2.4708161;10.103531
1449;-1.8195933;2.135628;10.582372
1450;0.4405331;1.5035586;9.193734
1451;2.0398598;1.5993267;8.8777
1452;0.94810385;1.0055647;9.088389
1453;3.41892;1.1300632;9.155427
1454;1.0055647;1.541866;9.346964
1455;-0.11492168;1.4077905;9.126697
1456;0.095768064;1.2066777;8.149862
1457;-0.9672575;1.5610195;8.963891
1458;-0.49799395;1.7238252;10.132261
1459;-0.19153613;1.5897499;9.500193
1460;0.6607997;1.6950948;10.477027
1461;1.4556746;1.5227122;12.248735
1462;1.5801731;0.9576807;10.180145
1463;1.2354081;1.1971009;9.701305
1464;-0.6895301;1.2449849;10.649409
1465;0.6607997;1.8770541;11.089942
1466;-0.4309563;2.087744;11.319786
1467;-0.7565677;1.7429788;10.486604
1468;-0.05746084;1.6759412;8.916007
1469;-0.82360536;1.7142484;9.797073
1470;0.39264908;1.7046716;11.568783
1471;0.2777274;1.283292;10.371682
1472;1.8195933;1.1683705;9.452309
1473;1.1875241;0.9864111;9.701305
1474;0.9576807;0.7661445;9.500193
1475;1.2066777;1.0342951;8.858546
1476;-0.38307226;0.78529817;9.624691
1477;0.81402856;0.81402856;8.935161
1478;0.10534488;0.6703765;8.341399
1479;0.7374141;0.91937345;9.375694
1480;1.2449849;1.0726024;10.180145
1481;1.4939818;1.13964;10.065224
1482;1.4077905;1.2737153;10.582372
1483;0.5746084;1.292869;11.003751
1484;1.2641385;1.0821792;10.04607
1485;-0.019153614;0.93852705;10.314221
1486;0.58418524;0.90021986;10.572795
1487;0.81402856;0.7565677;9.528923
1488;-0.02873042;0.8810662;9.864111
1489;0.20111294;0.90021986;10.390836
1490;0.2681506;0.7374141;9.337387
1491;-0.30645782;0.7469909;9.165004
1492;0.24899697;0.90021986;9.9790325
1493;-0.12449849;0.81402856;9.404425
1494;0.12449849;0.7374141;9.097966
1495;0.24899697;1.043872;10.007763
1496;0.22984336;1.1204864;9.80665
1497;0.58418524;1.1779473;9.653421
1498;-0.19153613;1.2258313;9.9790325
1499;-0.009576807;1.1971009;9.77792
1500;-0.31603462;1.1204864;9.481039
1501;-0.7374141;0.9576807;9.864111
1502;0.11492168;0.91937345;9.758766
1503;0.24899697;0.92895025;9.662998
1504;0.8619126;1.1013328;10.716447
1505;1.4748282;1.0726024;11.176133
1506;1.5035586;0.9576807;10.457873
1507;1.2354081;1.0534488;10.04607
1508;0.02873042;1.1587936;10.04607
1509;1.292869;1.4077905;9.9790325
1510;0.22984336;1.1300632;9.902418
1511;0.5267244;1.2258313;9.050082
1512;1.1971009;1.2449849;9.490616
1513;0.5267244;1.1971009;9.720459
1514;1.3215994;1.3503298;9.883265
1515;1.3790601;1.5227122;9.998186
1516;0.92895025;1.6280571;10.218452
1517;0.60333884;1.5705963;9.931149
1518;0.45010993;1.436521;9.902418
1519;0.7565677;1.5131354;10.486604
1520;0.2873042;1.3599066;10.323798
1521;0.6895301;1.3790601;9.940725
1522;0.4309563;1.1492168;10.113108
1523;0.25857377;1.091756;9.988609
1524;0.59376204;1.1492168;10.0269165
1525;0.35434186;1.1109096;10.103531
1526;0.2777274;1.1971009;10.170568
1527;0.24899697;1.1109096;9.787497
1528;0.15322891;1.2066777;9.864111
1529;-0.02873042;1.3215994;9.959879
1530;0.047884032;1.388637;9.854534
1531;0.08619126;1.388637;9.825804
1532;0.10534488;1.4077905;9.969456
1533;0.15322891;1.3120226;9.710882
1534;0.18195933;1.3215994;9.595961
1535;0.11492168;1.4077905;9.816227
1536;0.21068975;1.2737153;9.940725
1537;0.33518824;1.1300632;9.691729
1538;0.38307226;1.13964;9.701305
1539;0.40222588;1.1300632;9.701305
1540;0.59376204;1.1779473;9.854534
1541;0.5363012;1.1492168;10.065224
1542;0.6607997;1.091756;10.103531
1543;0.8619126;1.0151415;9.873688
1544;0.7661445;1.0630256;9.969456
1545;0.7661445;1.0726024;10.036493
1546;0.81402856;1.0534488;9.911995
1547;0.7661445;1.1013328;10.132261
1548;0.7469909;1.1683705;9.998186
1549;0.7757214;1.0055647;9.768343
1550;0.7086837;1.0342951;9.825804
1551;0.63206923;1.0342951;9.931149
1552;0.63206923;0.9959879;9.864111
1553;0.48841715;0.9672575;9.768343
1554;0.4309563;0.89064306;9.844957
1555;0.47884035;0.89064306;9.864111
1556;0.4309563;0.91937345;9.911995
1557;0.37349546;0.82360536;10.103531
1558;0.32561144;0.7374141;10.170568
1559;0.33518824;0.6895301;10.055647
1560;0.30645782;0.62249243;10.01734
1561;0.31603462;0.61291564;10.218452
1562;0.41180268;0.47884035;10.323798
1563;0.38307226;0.39264908;10.093954
1564;0.30645782;0.33518824;10.04607
1565;0.34476504;0.21068975;10.160992
1566;0.35434186;0.11492168;9.825804
1567;0.41180268;0.038307227;9.911995
1568;0.2777274;0.009576807;9.998186
1569;0.45968673;-0.02873042;9.691729
1570;0.45968673;0.038307227;9.710882
1571;0.5746084;-0.08619126;9.710882
1572;0.62249243;-0.095768064;9.643845
1573;0.49799395;-0.25857377;9.634268
1574;0.41180268;-0.29688102;9.56723
1575;0.35434186;-0.46926352;9.251195
1576;0.36391866;-0.4213795;9.375694
1577;0.39264908;-0.39264908;9.5385
1578;0.40222588;-0.41180268;9.576807
1579;0.5554548;-0.37349546;9.682152
1580;0.61291564;-0.37349546;9.80665
1581;0.7565677;-0.30645782;9.797073
1582;0.46926352;-0.23942018;9.959879
1583;0.5267244;-0.19153613;10.036493
1584;0.49799395;-0.30645782;9.998186
1585;0.51714754;-0.2681506;10.036493
1586;0.7661445;-0.2777274;10.151415
1587;0.59376204;-0.4213795;10.0269165
1588;0.7086837;-0.39264908;10.247183
1589;0.7182605;-0.45968673;10.323798
1590;0.5650316;-0.5554548;10.1226845
1591;0.4309563;-0.545878;10.065224
1592;0.6607997;-0.5267244;10.304645
1593;0.41180268;-0.6799533;10.0748005
1594;0.4309563;-0.7374141;9.854534
1595;0.32561144;-0.7757214;9.892841
1596;0.19153613;-0.78529817;10.04607
1597;0.39264908;-0.92895025;9.9790325
1598;0.34476504;-1.0151415;9.816227
1599;0.22984336;-1.0726024;9.739613
1600;0.29688102;-1.2162545;9.643845
1601;0.30645782;-1.2449849;9.519346
1602;0.2681506;-1.2641385;9.653421
1603;0.36391866;-1.3120226;9.682152
1604;0.51714754;-1.2641385;9.586384
1605;0.38307226;-1.3024458;9.701305
1606;0.58418524;-1.2354081;9.730036
1607;0.5363012;-1.2066777;9.854534
1608;0.7469909;-1.1204864;10.084377
1609;0.6512229;-1.13964;9.950302
1610;0.842759;-1.1587936;9.969456
1611;0.78529817;-1.091756;9.950302
1612;0.7661445;-1.043872;9.969456
1613;0.7757214;-1.0055647;9.883265
1614;0.6799533;-0.9672575;9.864111
1615;0.7661445;-0.78529817;9.816227
1616;0.5650316;-0.8619126;9.682152
1617;0.545878;-0.7278373;9.749189
1618;0.50757074;-0.60333884;9.835381
1619;0.36391866;-0.59376204;9.864111
1620;0.36391866;-0.5267244;9.797073
1621;0.21068975;-0.35434186;9.844957
1622;0.2777274;-0.34476504;9.892841
1623;0.2681506;-0.22984336;9.844957
1624;0.24899697;-0.21068975;9.931149
1625;0.32561144;-0.15322891;9.902418
1626;0.2873042;-0.1436521;9.864111
1627;0.4405331;-0.11492168;10.01734
1628;0.33518824;-0.11492168;9.931149
1629;0.45010993;-0.10534488;9.883265
1630;0.50757074;-0.06703765;9.9790325
1631;0.5267244;-0.06703765;9.911995
1632;0.60333884;-0.05746084;9.873688
1633;0.60333884;-0.095768064;9.931149
1634;0.61291564;0.02873042;10.065224
1635;0.641646;-0.076614454;9.931149
1636;0.6512229;-0.095768064;9.854534
1637;0.6703765;-0.12449849;9.902418
1638;0.6512229;-0.1340753;9.950302
1639;0.62249243;-0.095768064;9.797073
1640;0.6799533;-0.047884032;9.816227
1641;0.5650316;-0.095768064;9.825804
1642;0.62249243;-0.08619126;9.835381
1643;0.545878;-0.0;9.816227
1644;0.4405331;-0.076614454;9.80665
1645;0.5363012;-0.0;9.921572
1646;0.4213795;-0.12449849;9.835381
1647;0.40222588;-0.038307227;9.921572
1648;0.40222588;-0.009576807;9.844957
1649;0.36391866;-0.08619126;9.825804
1650;0.41180268;-0.0;9.931149
1651;0.32561144;-0.009576807;9.921572
1652;0.34476504;-0.076614454;9.892841
1653;0.37349546;-0.047884032;9.864111
1654;0.32561144;-0.009576807;9.940725
1655;0.34476504;-0.038307227;9.940725
1656;0.37349546;-0.038307227;9.854534
1657;0.39264908;-0.019153614;9.911995
1658;0.4213795;-0.019153614;9.959879
1659;0.39264908;-0.047884032;9.864111
1660;0.47884035;-0.06703765;9.864111
1661;0.47884035;-0.019153614;9.835381
1662;0.46926352;-0.076614454;9.854534
1663;0.5554548;-0.047884032;9.77792
1664;0.545878;-0.095768064;9.787497
1665;0.60333884;-0.095768064;9.825804
1666;0.5554548;-0.1340753;9.825804
1667;0.58418524;-0.11492168;9.854534
1668;0.6512229;-0.095768064;9.873688
1669;0.5363012;-0.11492168;9.892841
1670;0.6607997;-0.05746084;9.892841
1671;0.545878;-0.11492168;9.844957
1672;0.49799395;-0.06703765;9.864111
1673;0.5746084;-0.076614454;9.844957
1674;0.45010993;-0.12449849;9.911995
1675;0.45010993;-0.1340753;9.902418
1676;0.45010993;-0.1436521;9.864111
1677;0.37349546;-0.21068975;9.797073
1678;0.4405331;-0.17238252;9.892841
1679;0.35434186;-0.19153613;9.892841
1680;0.37349546;-0.21068975;9.844957
1681;0.39264908;-0.19153613;9.825804
1682;0.36391866;-0.20111294;9.844957
1683;0.34476504;-0.20111294;9.80665
1684;0.36391866;-0.29688102;9.854534
1685;0.4309563;-0.2681506;9.873688
1686;0.40222588;-0.25857377;9.892841
1687;0.4405331;-0.33518824;9.902418
1688;0.45968673;-0.2873042;9.816227
1689;0.4309563;-0.39264908;9.854534
1690;0.5554548;-0.35434186;9.959879
1691;0.50757074;-0.38307226;9.825804
1692;0.641646;-0.36391866;9.921572
1693;0.60333884;-0.4405331;9.921572
1694;0.61291564;-0.48841715;9.892841
1695;0.6703765;-0.46926352;9.950302
1696;0.5650316;-0.51714754;9.911995
1697;0.6703765;-0.47884035;9.959879
1698;0.61291564;-0.58418524;9.80665
1699;0.58418524;-0.59376204;9.864111
1700;0.641646;-0.5650316;9.911995
1701;0.50757074;-0.60333884;9.844957
1702;0.51714754;-0.59376204;9.835381
1703;0.47884035;-0.60333884;9.854534
1704;0.36391866;-0.58418524;9.816227
1705;0.46926352;-0.62249243;9.931149
1706;0.34476504;-0.5746084;9.911995
1707;0.34476504;-0.58418524;9.864111
1708;0.36391866;-0.5363012;9.835381
1709;0.34476504;-0.58418524;9.892841
1710;0.36391866;-0.5554548;9.931149
1711;0.37349546;-0.49799395;9.864111
1712;0.37349546;-0.50757074;9.80665
1713;0.4405331;-0.46926352;9.892841
1714;0.40222588;-0.47884035;9.873688
1715;0.51714754;-0.4213795;9.873688
1716;0.49799395;-0.39264908;9.844957
1717;0.49799395;-0.40222588;9.835381
1718;0.5363012;-0.38307226;9.864111
1719;0.51714754;-0.32561144;9.864111
1720;0.60333884;-0.34476504;9.844957
1721;0.5267244;-0.29688102;9.892841
1722;0.545878;-0.30645782;9.902418
1723;0.5746084;-0.22026655;9.854534
1724;0.47884035;-0.2681506;9.844957
1725;0.5746084;-0.12449849;9.883265
1726;0.5746084;-0.19153613;9.825804
1727;0.5650316;-0.1340753;9.854534
1728;0.5554548;-0.1340753;9.902418
1729;0.5363012;-0.1340753;9.816227
1730;0.5554548;-0.10534488;9.940725
1731;0.4405331;-0.17238252;9.883265
1732;0.4309563;-0.17238252;9.873688
1733;0.51714754;-0.1340753;9.883265
1734;0.45968673;-0.1340753;9.77792
1735;0.4405331;-0.16280572;9.883265
1736;0.41180268;-0.1436521;9.844957
1737;0.4405331;-0.1436521;9.768343
1738;0.40222588;-0.10534488;9.835381
1739;0.4309563;-0.11492168;9.80665
1740;0.4213795;-0.1436521;9.854534
1741;0.39264908;-0.15322891;9.873688
1742;0.45968673;-0.1340753;9.768343
1743;0.47884035;-0.095768064;9.835381
1744;0.41180268;-0.095768064;9.988609
1745;0.48841715;-0.12449849;9.940725
1746;0.46926352;-0.10534488;9.864111
1747;0.48841715;-0.1436521;9.864111
1748;0.50757074;-0.12449849;9.883265
1749;0.47884035;-0.15322891;9.768343
1750;0.50757074;-0.1340753;9.844957
1751;0.60333884;-0.095768064;9.864111
1752;0.49799395;-0.1436521;9.921572
1753;0.5746084;-0.095768064;9.864111
1754;0.45968673;-0.19153613;9.797073
1755;0.49799395;-0.20111294;9.911995
1756;0.48841715;-0.19153613;9.883265
1757;0.4405331;-0.19153613;9.854534
1758;0.46926352;-0.20111294;9.873688
1759;0.41180268;-0.24899697;9.854534
1760;0.45010993;-0.18195933;9.873688
1761;0.4309563;-0.2681506;9.864111
1762;0.41180268;-0.25857377;9.835381
1763;0.4213795;-0.24899697;9.883265
1764;0.41180268;-0.21068975;9.844957
1765;0.45968673;-0.22026655;9.854534
1766;0.45968673;-0.2777274;9.825804
1767;0.46926352;-0.22026655;9.892841
1768;0.45968673;-0.25857377;9.864111
1769;0.4213795;-0.2873042;9.844957
1770;0.49799395;-0.25857377;9.864111
1771;0.545878;-0.2873042;9.883265
1772;0.47884035;-0.2777274;9.854534
1773;0.61291564;-0.32561144;9.854534
1774;0.48841715;-0.36391866;9.77792
1775;0.51714754;-0.34476504;9.854534
1776;0.545878;-0.33518824;9.902418
1777;0.48841715;-0.38307226;9.892841
1778;0.5650316;-0.37349546;9.883265
1779;0.50757074;-0.34476504;9.931149
1780;0.47884035;-0.39264908;9.959879
1781;0.5554548;-0.38307226;9.864111
1782;0.46926352;-0.41180268;9.835381
1783;0.46926352;-0.38307226;9.864111
1784;0.47884035;-0.4213795;9.911995
1785;0.45010993;-0.37349546;9.921572
1786;0.46926352;-0.4309563;9.892841
1787;0.45968673;-0.45010993;9.892841
1788;0.46926352;-0.36391866;9.844957
1789;0.4213795;-0.41180268;9.892841
1790;0.45010993;-0.41180268;9.854534
1791;0.45010993;-0.41180268;9.921572
1792;0.50757074;-0.37349546;9.844957
1793;0.45010993;-0.39264908;9.873688
1794;0.4213795;-0.38307226;9.921572
1795;0.48841715;-0.2873042;9.844957
1796;0.48841715;-0.34476504;9.864111
1797;0.47884035;-0.36391866;9.854534
1798;0.50757074;-0.34476504;9.883265
1799;0.49799395;-0.30645782;9.844957
1800;0.46926352;-0.2873042;9.864111
1801;0.51714754;-0.23942018;9.883265
1802;0.45010993;-0.23942018;9.825804
1803;0.51714754;-0.21068975;9.873688
1804;0.51714754;-0.2681506;9.825804
1805;0.46926352;-0.17238252;9.931149
1806;0.48841715;-0.21068975;9.854534
1807;0.47884035;-0.21068975;9.873688
1808;0.49799395;-0.19153613;9.80665
1809;0.5554548;-0.18195933;9.787497
1810;0.45010993;-0.19153613;9.825804
1811;0.50757074;-0.24899697;9.873688
1812;0.45968673;-0.18195933;9.825804
1813;0.47884035;-0.25857377;9.892841
1814;0.45010993;-0.21068975;9.854534
1815;0.47884035;-0.17238252;9.873688
1816;0.48841715;-0.18195933;9.911995
1817;0.45968673;-0.22026655;9.873688
1818;0.4405331;-0.19153613;9.816227
1819;0.4309563;-0.18195933;9.844957
1820;0.50757074;-0.19153613;9.854534
1821;0.49799395;-0.16280572;9.864111
1822;0.4405331;-0.18195933;9.80665
1823;0.45010993;-0.16280572;9.864111
1824;0.41180268;-0.24899697;9.835381
1825;0.4405331;-0.17238252;9.864111
1826;0.49799395;-0.16280572;9.844957
1827;0.4405331;-0.23942018;9.892841
1828;0.4405331;-0.22984336;9.883265
1829;0.49799395;-0.23942018;9.854534
1830;0.4213795;-0.24899697;9.873688
1831;0.49799395;-0.25857377;9.825804
1832;0.48841715;-0.22984336;9.854534
1833;0.46926352;-0.22026655;9.883265
1834;0.49799395;-0.22984336;9.844957
1835;0.5363012;-0.22026655;9.854534
1836;0.45968673;-0.2777274;9.931149
1837;0.45968673;-0.2681506;9.864111
1838;0.46926352;-0.20111294;9.787497
1839;0.45010993;-0.20111294;9.825804
1840;0.4405331;-0.2777274;9.854534
1841;0.46926352;-0.24899697;9.911995
1842;0.45968673;-0.2777274;9.892841
1843;0.45010993;-0.33518824;9.883265
1844;0.5363012;-0.24899697;9.720459
1845;-0.32561144;-0.6991069;8.169016
1846;1.1109096;-0.4213795;11.377247
1847;0.15322891;-0.31603462;11.683704
1848;0.22026655;-0.36391866;9.452309
1849;1.1683705;-0.31603462;9.308656
1850;0.038307227;-0.38307226;9.662998
1851;0.50757074;-0.1340753;10.515334
1852;0.6703765;-0.16280572;10.649409
1853;0.2777274;-0.39264908;9.615114
1854;0.81402856;-0.23942018;9.481039
1855;0.41180268;-0.30645782;10.151415
1856;0.39264908;-0.24899697;10.084377
1857;0.7565677;-0.22984336;9.825804
1858;0.37349546;-0.32561144;9.940725
1859;0.46926352;-0.30645782;9.80665
1860;0.6512229;-0.24899697;9.825804
1861;0.51714754;-0.24899697;9.950302
1862;0.29688102;-0.37349546;9.595961
1863;0.58418524;-0.36391866;9.490616
1864;0.545878;-0.2681506;9.864111
1865;0.37349546;-0.31603462;10.160992
1866;0.59376204;-0.24899697;9.921572
1867;0.50757074;-0.31603462;9.653421
1868;0.4405331;-0.29688102;9.902418
1869;0.47884035;-0.23942018;9.9790325
