ax;ay;az
0.24899697;0.2681506;9.624691
1.3694834;-0.17238252;10.0748005
0.51714754;0.16280572;10.390836
0.15322891;0.11492168;10.266336
1.4269443;0.08619126;9.088389
0.8523358;0.4213795;9.069236
0.31603462;0.17238252;9.069236
0.7565677;0.40222588;9.279925
1.3120226;-0.49799395;11.645397
-0.009576807;-0.17238252;12.066776
0.7374141;0.25857377;9.375694
2.1068976;-0.29688102;8.561666
-1.2449849;1.0821792;8.619126
0.7757214;-0.047884032;10.821792
2.4708161;-1.685518;13.244724
-2.5761611;0.89064306;11.310209
1.8483237;-0.2681506;8.322245
2.815581;0.8331822;3.8786068
-2.336741;0.7469909;9.653421
0.6512229;-1.4652514;19.421764
3.5051112;-1.283292;10.620679
-1.0247183;2.3463178;3.8786068
0.6607997;0.06703765;9.816227
0.63206923;0.11492168;9.825804
0.7469909;0.08619126;9.873688
0.6799533;0.009576807;9.969456
0.7278373;0.1340753;9.787497
0.7086837;0.06703765;9.902418
0.6991069;0.019153614;9.844957
0.6607997;0.10534488;9.883265
0.7565677;0.076614454;9.835381
0.6991069;0.0;9.883265
0.7278373;0.076614454;9.854534
0.7086837;0.038307227;9.883265
0.7086837;0.076614454;9.892841
0.6991069;0.076614454;9.902418
0.6895301;0.038307227;9.816227
0.6895301;0.076614454;9.892841
0.7182605;0.095768064;9.816227
0.6703765;0.047884032;9.854534
0.6799533;0.076614454;9.902418
0.6799533;0.047884032;9.816227
0.7182605;0.10534488;9.80665
0.6512229;0.05746084;9.816227
0.641646;0.076614454;9.873688
0.6991069;0.009576807;9.854534
0.7086837;0.047884032;9.873688
0.62249243;0.08619126;9.844957
0.7182605;0.05746084;9.892841
0.6991069;0.05746084;9.883265
0.6607997;0.019153614;9.911995
0.7661445;0.019153614;9.892841
0.7469909;0.095768064;9.873688
0.6703765;0.076614454;9.854534
0.6703765;0.095768064;9.77792
0.8331822;0.047884032;9.902418
0.7374141;0.019153614;9.959879
0.6895301;0.076614454;9.959879
0.842759;0.0;9.892841
0.62249243;0.12449849;9.77792
0.6991069;0.10534488;9.797073
0.82360536;0.02873042;9.969456
0.5554548;0.16280572;9.911995
0.7661445;-0.019153614;9.998186
0.7565677;0.076614454;9.739613
0.641646;0.1340753;9.691729
0.7278373;-0.038307227;10.084377
0.63206923;0.1340753;9.892841
0.81402856;-0.047884032;10.093954
0.45010993;0.19153613;9.787497
0.63206923;0.29688102;9.490616
1.0342951;-0.11492168;10.093954
0.2681506;0.2873042;10.0748005
0.8523358;0.0;10.151415
0.6512229;0.076614454;9.825804
0.5554548;0.2873042;9.356541
0.8331822;-0.047884032;10.04607
0.30645782;0.02873042;10.084377
1.292869;-0.16280572;10.141838
0.62249243;0.02873042;9.940725
0.4213795;0.08619126;9.864111
0.7565677;0.1340753;9.289502
0.5650316;-0.17238252;10.093954
0.40222588;0.45010993;9.921572
1.3120226;-0.23942018;10.314221
0.25857377;0.095768064;10.065224
0.59376204;0.15322891;9.184157
1.3311762;0.0;9.730036
0.22984336;0.37349546;10.228029
0.80445176;0.038307227;10.840945
0.6799533;0.02873042;9.9790325
0.9959879;0.15322891;9.184157
0.37349546;0.45010993;9.509769
0.5363012;0.019153614;10.448297
0.82360536;-0.17238252;10.6398325
1.0151415;-0.047884032;9.969456
0.7469909;0.16280572;9.509769
0.40222588;0.35434186;9.500193
0.51714754;0.10534488;9.787497
0.51714754;0.12449849;9.9790325
0.7182605;0.009576807;9.931149
0.8810662;0.076614454;9.720459
0.5746084;0.08619126;9.883265
0.46926352;0.16280572;9.892841
0.78529817;0.10534488;9.825804
0.7757214;0.02873042;9.825804
0.6703765;0.06703765;9.873688
0.6991069;0.047884032;9.873688
0.6512229;0.02873042;9.80665
0.641646;0.095768064;9.911995
0.7086837;0.076614454;9.892841
0.7182605;0.06703765;9.787497
0.6799533;0.05746084;9.883265
0.7374141;0.05746084;9.844957
0.6799533;0.11492168;9.902418
0.6703765;0.019153614;9.902418
0.6991069;0.05746084;9.864111
0.6512229;0.08619126;9.931149
0.6895301;0.06703765;9.854534
0.6991069;0.076614454;9.911995
0.6991069;0.02873042;9.825804
0.6895301;0.038307227;9.883265
0.7086837;0.047884032;9.892841
0.6799533;0.038307227;9.892841
0.6895301;0.009576807;9.921572
0.6703765;0.076614454;9.902418
0.6799533;0.05746084;9.931149
0.7182605;0.08619126;9.911995
0.6607997;0.02873042;9.883265
0.6703765;0.009576807;9.911995
0.6991069;0.0;9.883265
0.6607997;0.076614454;9.854534
0.6895301;0.047884032;9.931149
0.6607997;0.02873042;9.864111
0.6703765;0.047884032;9.883265
0.7086837;0.047884032;9.864111
0.7182605;0.0;9.902418
0.6895301;0.08619126;9.883265
0.6895301;0.05746084;9.921572
0.6607997;0.06703765;9.825804
0.6512229;0.02873042;9.931149
0.7086837;0.06703765;9.883265
0.6895301;0.08619126;9.864111
0.6512229;0.047884032;9.816227
0.7086837;0.038307227;9.873688
0.6607997;0.076614454;9.844957
0.6799533;0.08619126;9.902418
0.641646;0.06703765;9.902418
0.6703765;0.076614454;9.854534
0.7086837;0.019153614;9.911995
0.7086837;0.0;9.902418
0.7086837;0.05746084;9.835381
0.6991069;0.076614454;9.911995
0.6703765;0.02873042;9.854534
0.6799533;0.08619126;9.873688
0.7469909;0.06703765;9.844957
0.6607997;0.095768064;9.864111
0.6703765;0.06703765;9.864111
0.7278373;0.10534488;9.864111
0.6895301;0.06703765;9.844957
0.7469909;0.08619126;9.825804
0.7086837;0.019153614;9.873688
0.6607997;0.11492168;9.883265
0.7469909;0.06703765;9.883265
0.7086837;0.10534488;9.854534
0.641646;0.06703765;9.835381
0.7086837;0.047884032;9.892841
0.6607997;0.11492168;9.864111
0.6895301;0.06703765;9.864111
0.6991069;0.095768064;9.854534
0.6512229;0.06703765;9.883265
0.6895301;0.076614454;9.883265
0.6799533;0.05746084;9.883265
0.6512229;0.12449849;9.854534
0.6799533;0.08619126;9.864111
0.7086837;0.076614454;9.873688
0.6703765;0.05746084;9.864111
0.79487497;0.05746084;9.835381
0.7374141;0.02873042;9.835381
0.7086837;0.11492168;9.854534
0.6991069;0.11492168;9.892841
0.6991069;0.08619126;9.931149
0.6991069;0.02873042;9.902418
0.6895301;0.1340753;9.883265
0.7374141;0.11492168;9.873688
0.7182605;0.1340753;9.816227
0.7565677;0.12449849;9.892841
0.6991069;0.1340753;9.864111
0.7182605;0.076614454;9.844957
0.6799533;0.10534488;9.902418
0.7086837;0.10534488;9.854534
0.7182605;0.08619126;9.864111
0.6703765;0.12449849;9.873688
0.641646;0.08619126;9.873688
0.7182605;0.12449849;9.892841
0.6799533;0.095768064;9.787497
0.6607997;0.10534488;9.816227
0.7278373;0.12449849;9.883265
0.6991069;0.06703765;9.825804
0.7278373;0.10534488;9.883265
0.6895301;0.095768064;9.835381
0.6799533;0.05746084;9.844957
0.6895301;0.08619126;9.883265
0.6799533;0.076614454;9.873688
0.6895301;0.17238252;9.873688
0.7182605;0.1436521;9.835381
0.6991069;0.12449849;9.77792
0.6799533;0.11492168;9.998186
0.6991069;0.08619126;9.835381
0.6895301;0.11492168;9.911995
0.7086837;0.06703765;9.873688
0.6512229;0.08619126;9.816227
0.6703765;0.076614454;9.911995
0.6799533;0.06703765;9.873688
0.6991069;0.10534488;9.835381
0.6607997;0.1436521;9.854534
0.7182605;0.11492168;9.883265
0.6991069;0.12449849;9.892841
0.7469909;0.08619126;9.883265
0.6895301;0.11492168;9.902418
0.6895301;0.0;9.873688
0.6991069;0.038307227;9.854534
0.7086837;0.1340753;9.883265
0.641646;0.12449849;9.864111
0.6895301;0.12449849;9.911995
0.6799533;0.047884032;9.864111
0.6991069;0.11492168;9.80665
0.7182605;0.019153614;9.892841
0.6991069;0.10534488;9.911995
0.6703765;0.095768064;9.883265
0.7182605;0.06703765;9.816227
0.6991069;0.05746084;9.854534
0.7086837;0.06703765;9.864111
0.7182605;0.019153614;9.854534
0.6799533;0.095768064;9.844957
0.7086837;0.076614454;9.873688
0.7182605;0.10534488;9.892841
0.6703765;0.08619126;9.873688
0.7278373;0.10534488;9.864111
0.6895301;0.1340753;9.883265
0.6607997;0.11492168;9.844957
0.6607997;0.076614454;9.892841
0.6895301;0.08619126;9.864111
0.6703765;0.047884032;9.77792
0.7086837;0.12449849;9.873688
0.6607997;0.06703765;9.854534
0.6895301;0.1340753;9.873688
0.6991069;0.076614454;9.835381
0.6607997;0.047884032;9.883265
0.6607997;0.10534488;9.873688
0.6991069;0.08619126;9.844957
0.6512229;0.06703765;9.892841
0.6799533;0.05746084;9.892841
0.6703765;0.047884032;9.835381
0.7086837;0.11492168;9.921572
0.7278373;0.047884032;9.864111
0.7182605;0.12449849;9.825804
0.6512229;0.12449849;9.931149
0.7086837;0.05746084;9.825804
0.6991069;0.10534488;9.911995
0.6991069;0.02873042;9.892841
0.6991069;0.05746084;9.835381
0.6895301;0.095768064;9.883265
0.7278373;0.06703765;9.883265
0.7086837;0.06703765;9.864111
0.6703765;0.095768064;9.854534
0.6991069;0.10534488;9.892841
0.7182605;0.019153614;9.921572
0.63206923;0.038307227;9.816227
0.6895301;0.076614454;9.921572
0.7182605;0.009576807;9.864111
0.7086837;0.095768064;9.921572
0.7374141;0.05746084;9.854534
0.6895301;0.047884032;9.854534
0.6703765;0.02873042;9.883265
0.6799533;0.06703765;9.892841
0.6703765;0.047884032;9.940725
0.6703765;0.02873042;9.883265
0.6607997;0.047884032;9.854534
0.63206923;0.0;9.892841
0.6799533;0.009576807;9.864111
0.6991069;0.02873042;9.883265
0.7086837;0.0;9.883265
0.7278373;-0.009576807;9.959879
0.6895301;0.02873042;9.902418
0.6895301;0.02873042;9.921572
0.7278373;0.0;9.844957
0.6895301;-0.009576807;9.864111
0.7086837;-0.019153614;9.911995
0.63206923;-0.009576807;9.902418
0.6799533;-0.06703765;9.911995
0.7469909;-0.02873042;9.9790325
0.6895301;-0.05746084;9.940725
0.6512229;-0.038307227;9.892841
0.6799533;-0.047884032;9.959879
0.6703765;-0.06703765;9.931149
0.6703765;-0.08619126;9.883265
0.6991069;-0.08619126;9.969456
0.6895301;-0.038307227;9.883265
0.7086837;-0.12449849;9.940725
0.6799533;-0.10534488;9.911995
0.7182605;-0.06703765;9.969456
0.6895301;-0.038307227;9.911995
0.7278373;-0.16280572;9.864111
0.6895301;-0.095768064;9.902418
0.7661445;-0.12449849;9.902418
0.6991069;-0.019153614;9.892841
0.7182605;-0.038307227;9.883265
0.6895301;-0.12449849;9.921572
0.6703765;0.0;9.873688
0.6799533;-0.076614454;9.940725
0.6799533;-0.047884032;9.864111
0.641646;-0.019153614;9.873688
0.6991069;-0.08619126;9.902418
0.6512229;-0.02873042;9.902418
0.61291564;0.0;9.902418
0.63206923;0.0;9.883265
0.6895301;0.009576807;9.911995
0.6991069;-0.019153614;9.883265
0.6895301;-0.06703765;9.950302
0.6799533;-0.009576807;9.854534
0.63206923;-0.02873042;9.883265
0.7278373;0.0;9.825804
0.6512229;-0.02873042;9.921572
0.6607997;0.019153614;9.969456
0.7086837;-0.047884032;9.864111
0.6607997;0.047884032;9.883265
0.7086837;-0.047884032;9.921572
0.7374141;-0.019153614;9.854534
0.6991069;0.0;9.988609
0.79487497;0.0;9.892841
0.6991069;0.019153614;9.911995
0.7374141;0.0;9.911995
0.78529817;0.0;9.902418
0.7278373;0.038307227;9.902418
0.7182605;-0.038307227;9.940725
0.6895301;-0.009576807;9.902418
0.7182605;0.0;9.883265
0.6991069;0.0;9.921572
0.6607997;0.038307227;9.902418
0.6703765;-0.02873042;9.921572
0.6607997;0.019153614;9.940725
0.62249243;-0.019153614;9.9790325
0.61291564;-0.08619126;9.931149
0.6991069;0.009576807;9.844957
0.545878;0.0;9.940725
0.63206923;-0.009576807;9.883265
0.7182605;0.0;9.864111
0.5650316;0.02873042;9.873688
0.6799533;0.076614454;9.825804
0.7565677;0.06703765;9.844957
0.58418524;0.1340753;9.825804
0.7469909;0.02873042;9.892841
0.7661445;0.10534488;9.864111
0.60333884;0.10534488;9.864111
0.6991069;0.0;9.911995
0.7565677;0.0;9.854534
0.7278373;0.0;10.007763
0.79487497;0.0;9.950302
0.80445176;0.05746084;9.969456
0.7565677;-0.019153614;9.988609
0.7565677;0.0;9.9790325
0.7469909;0.0;9.950302
0.7565677;0.02873042;9.969456
0.7182605;0.038307227;9.931149
0.7757214;0.08619126;9.854534
0.6799533;0.11492168;9.902418
0.63206923;0.1436521;9.844957
0.6703765;0.18195933;9.730036
0.62249243;0.24899697;9.835381
0.60333884;0.22026655;9.854534
0.61291564;0.29688102;9.825804
0.5650316;0.2681506;9.883265
0.5267244;0.38307226;9.9790325
0.6703765;0.38307226;9.873688
0.60333884;0.51714754;9.883265
0.5650316;0.5554548;9.873688
0.6991069;0.58418524;9.892841
0.7278373;0.60333884;9.854534
0.6703765;0.6991069;9.864111
0.8523358;0.7374141;9.797073
0.81402856;0.90021986;9.749189
0.7757214;0.89064306;9.77792
0.82360536;0.93852705;9.739613
0.81402856;0.9576807;9.80665
0.82360536;0.8810662;9.844957
0.94810385;0.8714894;9.739613
0.78529817;0.79487497;9.864111
0.7374141;0.78529817;9.883265
0.842759;0.7086837;9.864111
0.78529817;0.6703765;9.911995
0.5746084;0.6991069;10.0269165
0.7374141;0.5267244;9.892841
0.5554548;0.5746084;9.873688
0.48841715;0.61291564;9.873688
0.78529817;0.41180268;9.854534
0.58418524;0.545878;9.844957
0.41180268;0.641646;9.816227
0.78529817;0.4213795;9.797073
0.60333884;0.45010993;9.768343
0.5267244;0.50757074;9.931149
0.82360536;0.35434186;9.739613
0.45968673;0.49799395;9.864111
0.31603462;0.50757074;9.835381
0.80445176;0.20111294;9.864111
0.49799395;0.2777274;10.151415
0.45968673;0.2873042;10.457873
0.9864111;0.038307227;10.448297
0.7565677;0.16280572;10.371682
0.78529817;0.08619126;10.28549
0.90979666;0.15322891;9.864111
0.5363012;0.39264908;9.835381
0.59376204;0.31603462;9.825804
0.9576807;0.31603462;9.299079
0.60333884;0.59376204;9.557653
0.61291564;0.5650316;9.203311
1.091756;0.6991069;9.433155
0.8331822;0.641646;9.490616
0.7469909;0.4405331;9.461885
0.8523358;0.4213795;9.490616
0.4309563;0.5267244;9.452309
0.40222588;0.29688102;9.433155
0.58418524;0.20111294;9.682152
0.5650316;0.17238252;9.835381
0.6895301;-0.06703765;9.873688
0.7086837;-0.095768064;10.0269165
0.60333884;-0.05746084;10.381259
0.7469909;-0.2873042;10.362105
0.7565677;-0.39264908;10.160992
0.6895301;-0.38307226;10.055647
0.7278373;-0.50757074;10.113108
0.49799395;-0.62249243;10.25676
0.58418524;-0.7661445;10.170568
0.8523358;-0.94810385;10.103531
0.6512229;-0.9959879;10.1226845
0.7374141;-1.1300632;10.208876
0.94810385;-1.1587936;10.151415
0.6799533;-1.2449849;10.093954
0.7374141;-1.2641385;10.0748005
0.92895025;-1.292869;9.950302
0.6512229;-1.3790601;10.007763
0.63206923;-1.3311762;10.007763
0.8714894;-1.5227122;9.854534
0.62249243;-1.5035586;10.01734
0.5746084;-1.532289;10.25676
0.7661445;-1.6759412;10.333375
0.38307226;-1.5610195;10.314221
0.33518824;-1.7621324;10.266336
0.5746084;-1.7717092;10.113108
0.29688102;-1.685518;10.141838
0.23942018;-1.7046716;10.0269165
0.4213795;-1.6089035;9.787497
0.4213795;-1.6950948;9.615114
0.33518824;-1.484405;9.605537
0.49799395;-1.5705963;9.5385
0.4309563;-1.5705963;9.653421
0.29688102;-1.4460979;9.595961
0.6895301;-1.685518;9.557653
0.62249243;-1.7429788;9.816227
0.38307226;-1.5897499;10.1226845
1.0821792;-1.8962077;10.304645
0.8810662;-1.7621324;10.362105
0.79487497;-1.685518;10.448297
1.484405;-1.9632454;10.496181
0.82360536;-1.6184803;10.630256
0.82360536;-1.733402;10.764331
1.541866;-1.7717092;10.160992
0.91937345;-1.4077905;10.0748005
0.7374141;-1.4652514;10.065224
1.340753;-1.3982137;9.988609
1.2545617;-1.2737153;9.825804
0.9864111;-1.2066777;9.758766
1.340753;-1.2066777;9.375694
0.8714894;-1.2354081;9.404425
0.38307226;-1.1779473;9.500193
0.7757214;-1.2737153;9.56723
0.7278373;-1.3982137;9.662998
0.22026655;-1.2737153;9.883265
0.79487497;-1.5993267;9.797073
0.39264908;-1.733402;10.04607
-0.23942018;-1.3503298;10.381259
0.9576807;-1.6089035;10.084377
0.7565677;-1.388637;10.180145
0.02873042;-1.1779473;10.362105
1.1109096;-1.3694834;10.448297
0.79487497;-0.94810385;9.835381
0.1340753;-0.5554548;9.595961
0.842759;-0.842759;9.595961
0.4213795;-0.31603462;9.595961
0.6703765;-0.7086837;10.132261
0.7374141;-0.79487497;9.624691
0.6799533;-0.61291564;9.423578
1.043872;-1.091756;10.141838
0.62249243;-0.6991069;9.758766
0.90021986;-1.1971009;10.113108
0.6703765;-1.1875241;9.902418
0.12449849;-0.8523358;9.203311
1.4269443;-1.541866;9.433155
0.60333884;-0.8331822;9.77792
0.50757074;-1.3024458;10.812215
1.4556746;-1.283292;10.28549
0.48841715;-0.61291564;9.011775
0.019153614;-1.1587936;10.199299
0.36391866;-0.5650316;9.758766
0.90021986;-1.0342951;10.97502
0.7278373;-1.043872;10.6877165
0.58418524;-0.58418524;9.059659
1.3503298;-0.45968673;9.270349
0.33518824;-0.4405331;9.030929
0.21068975;-0.79487497;10.25676
1.7717092;-1.9728222;9.80665
-0.1340753;-1.3694834;10.084377
0.32561144;-1.6376339;10.170568
2.767697;-2.0494366;9.404425
0.93852705;-1.532289;10.0748005
0.50757074;-1.9632454;11.750742
2.087744;-1.9057846;10.237606
0.9576807;-1.8674773;9.835381
-1.5801731;-1.1587936;9.337387
-0.46926352;-1.3599066;8.207323
0.6607997;-1.9536686;9.337387
-1.2258313;-1.3982137;10.065224
0.6799533;-2.2026656;10.141838
2.528277;-2.4708161;10.496181
-0.06703765;-1.8195933;11.386824
2.078167;-3.016694;11.204864
2.1643584;-2.873042;10.793061
-1.0534488;-1.7238252;11.291056
0.7182605;-2.8634653;9.739613
0.095768064;-2.4229321;9.605537
-2.2601264;-1.2545617;10.496181
0.90979666;-2.7006595;10.496181
1.2737153;-1.7238252;9.835381
0.91937345;-1.7142484;10.658986
2.930503;-2.4133554;10.304645
1.091756;-1.4939818;9.9790325
1.4460979;-2.0590134;9.739613
2.2601264;-2.4037786;8.801085
-0.51714754;-1.1779473;8.39886
-0.22026655;-1.8004397;9.461885
-0.7278373;-1.532289;9.050082
-1.3694834;-0.91937345;8.686164
1.6472107;-1.5801731;9.14585
0.90979666;-0.78529817;9.691729
0.36391866;-1.283292;12.50731
3.4859576;-2.3558946;12.248735
2.4899697;-1.5705963;11.63582
-0.17238252;-1.1300632;11.319786
0.39264908;-1.532289;9.174581
-0.36391866;-1.2737153;9.241618
-0.9768343;-1.3503298;10.754754
0.9768343;-0.7661445;11.463438
2.1164744;-0.30645782;9.749189
1.685518;0.0;9.77792
1.4939818;-0.46926352;10.486604
1.5705963;-0.31603462;10.553641
0.92895025;-0.6991069;10.553641
-0.7278373;0.2777274;7.872135
-0.9576807;-0.19153613;7.6135616
-2.327164;0.18195933;5.7269306
-1.292869;0.7086837;8.561666
2.0685902;-0.06703765;8.437167
2.1068976;0.62249243;9.586384
1.2162545;-0.46926352;10.572795
1.8483237;-0.58418524;11.051635
1.4269443;-0.93852705;10.965444
-0.81402856;-0.20111294;10.400413
-1.4460979;0.12449849;8.303091
0.31603462;-0.10534488;7.6231384
-0.19153613;0.37349546;9.662998
2.4612393;-0.16280572;11.042058
4.1276035;-1.3215994;12.344504
1.0534488;-0.38307226;12.334928
0.82360536;-0.545878;10.505757
1.1875241;-0.33518824;8.475474
-2.8538885;-0.22026655;9.126697
-1.1779473;0.36391866;9.749189
3.3039982;-0.37349546;7.872135
-0.31603462;0.24899697;9.414001
-1.4652514;0.2873042;11.999739
4.510676;-1.13964;10.314221
2.6144683;-1.1971009;10.409989
-2.6623523;-0.2681506;11.453861
1.043872;-0.8810662;9.030929
-0.06703765;-0.06703765;7.3645644
-1.8100165;0.545878;9.375694
3.7062242;-1.5993267;10.563218
3.7828386;-1.13964;10.524911
-0.48841715;-1.091756;11.511322
2.2026656;-2.030283;8.523358
1.982399;-2.327164;7.517793
-4.261679;-1.8483237;12.066776
2.0590134;-2.336741;7.73806
5.2863975;-3.5338416;8.829816
-3.323152;-1.6184803;11.18571
-0.545878;-3.1986535;11.63582
7.9008656;-6.033388;12.603078
-2.0590134;-1.9632454;12.382812
-2.5474305;-2.5091233;10.0748005
6.9719152;-5.305551;7.1059904
-4.0892963;-0.009576807;7.1155677
0.16280572;-3.6870706;14.288596
7.144298;-5.535394;10.189722
-3.6774938;-2.1547816;12.765883
-3.0262709;-4.7309427;7.8146744
2.8634653;-3.916914;4.721366
-3.169923;-3.8594532;8.130709
-4.0797195;-4.4915223;12.603078
4.7405195;-6.301539;12.909535
0.4213795;-3.2273839;13.330915
-0.2777274;-4.1180267;8.676587
3.964798;-5.104438;5.0757074
-0.038307227;-1.2641385;12.018892
-1.043872;-4.232949;12.689269
3.1411927;-5.104438;9.490616
2.6623523;-2.4420857;6.9240313
-1.1971009;-2.2026656;7.8529816
-2.3558946;-3.620033;8.63828
0.6895301;-1.5035586;10.448297
4.721366;-2.9783869;10.91756
2.4516625;-0.34476504;9.768343
2.1739352;-1.4269443;12.354081
1.7908629;-2.183512;11.731588
-1.3311762;0.641646;11.243171
2.585738;-0.32561144;10.43872
1.0726024;-0.22984336;6.7133417
-3.9456444;0.92895025;11.9614315
2.72939;-1.7142484;10.773908
3.5625722;-1.1683705;11.252748
-1.5705963;-0.18195933;14.633361
1.1779473;-0.9672575;11.080365
3.1316159;-0.9672575;9.749189
-2.0494366;0.48841715;10.927136
-1.9536686;0.2681506;10.486604
3.7445314;0.29688102;9.193734
0.82360536;-0.1436521;8.1402855
-1.0726024;-0.4213795;9.615114
1.4077905;-0.095768064;9.346964
1.388637;-0.11492168;9.452309
0.30645782;-0.009576807;10.457873
1.8291701;-0.16280572;8.532935
2.0015526;0.4405331;8.781932
-0.91937345;1.3215994;7.881712
-0.61291564;-0.05746084;8.839393
1.4269443;1.1013328;8.935161
1.1971009;1.3599066;5.9567738
-0.36391866;1.0630256;5.5641246
0.009576807;0.076614454;7.201759
-1.7812861;-0.21068975;13.024457
-4.0318356;0.1340753;11.176133
6.0238113;1.934515;9.940725
3.5913026;2.1260512;14.106636
-4.10845;3.3327289;12.98615
5.889736;-0.47884035;14.978126
5.1140146;2.2218192;15.361198
-6.646304;4.462792;11.348516
3.5051112;1.043872;14.15452
4.3766007;3.9073372;6.8186865
-5.7365074;4.912902;10.055647
5.0757074;1.7046716;8.686164
0.58418524;6.0238113;4.31914
-2.8634653;7.2783732;11.808203
7.2113357;2.528277;5.7269306
1.9057846;6.7229185;5.1140146
-6.1195793;4.510676;8.073248
3.2561142;3.1603463;5.746084
4.7788267;3.466804;5.0757074
-3.8115692;2.0685902;8.0445175
1.7429788;0.81402856;3.916914
3.4380736;0.5554548;9.251195
-1.8674773;1.1300632;10.726024
1.4173675;-0.05746084;9.864111
6.3111157;-1.5227122;10.802638
-2.432509;-1.13964;11.013328
-2.3558946;-0.1436521;13.570335
3.0262709;-3.6391866;9.212888
-6.0525417;0.17238252;12.50731
1.7046716;-1.388637;11.980585
4.050989;-1.4269443;11.425131
-7.6231384;2.6240451;11.568783
0.41180268;1.532289;10.802638
8.523358;0.12449849;11.654974
-3.3327289;4.606444;12.469003
0.45968673;1.2354081;13.694834
4.510676;2.1164744;11.329363
-6.6367273;6.5984197;10.084377
1.1779473;3.3135753;8.178593
2.9592333;4.721366;2.5187001
-6.129156;5.1140146;11.013328
-1.5514427;0.45968673;11.022904
2.3080103;1.5801731;3.9743748
-0.22026655;3.3518825;9.969456
2.777274;2.2888567;8.90643
7.28795;-0.24899697;10.007763
2.1643584;1.1587936;19.85272
1.283292;0.02873042;11.147403
4.3478703;-1.982399;5.6120086
-1.7908629;0.90021986;6.751649
-4.3382936;0.019153614;7.28795
2.4612393;-4.146757;13.263878
-0.8810662;-1.7142484;14.719552
3.4284968;-1.6089035;10.5919485
5.6407394;-5.5162406;6.6079965
-7.776367;-0.7278373;10.67814
0.39264908;-4.711789;12.344504
10.381259;-6.157887;11.903971
-2.9400797;-0.40222588;10.6398325
2.327164;-5.391742;11.674128
9.490616;-6.6175733;6.742072
-6.090849;-3.016694;9.548077
0.92895025;-6.751649;13.474567
7.881712;-3.3039982;1.0247183
-3.715801;-2.9113493;7.9104424
-4.357447;-4.7022123;8.054094
4.855441;-5.4204726;9.653421
2.432509;-6.83784;12.938266
-0.7565677;-3.265691;7.28795
6.8569937;-4.6830587;8.801085
3.016694;-6.1387334;10.821792
-5.631162;-3.9743748;15.705963
4.807557;-8.475474;13.867216
4.050989;-3.217807;10.208876
1.1013328;-3.265691;11.21444
6.1195793;-6.493075;17.391481
0.89064306;-3.1411927;14.097059
3.6487634;-6.129156;20.858286
5.841852;-5.7269306;15.380352
-2.336741;-0.8810662;5.2480903
3.8402996;-6.9623384;9.193734
-8.283937;-0.89064306;13.359646
-4.1659107;-2.5570073;12.650962
12.325351;-9.500193;3.916914
-3.6583402;0.90979666;6.301539
-6.895301;-1.3311762;6.742072
14.891934;-8.274361;9.854534
2.0111294;0.7278373;4.1946416
-0.641646;-3.9456444;12.995727
14.173674;-3.8402996;-6.1770406
-5.056554;1.340753;-0.80445176
-5.7748146;-2.1739352;12.095507
10.67814;-4.309563;6.847417
0.41180268;-0.7278373;11.540052
-5.257667;-1.5801731;-2.767697
-5.4779334;-0.94810385;-4.721366
-5.1235914;-0.8810662;7.9008656
1.2066777;-2.4229321;11.195287
-3.6487634;-3.514688;12.871228
-3.667917;-1.4173675;12.200851
4.1276035;-4.367024;7.8625584
-3.6583402;-3.8498764;14.173674
-5.4779334;-1.7238252;19.230228
8.2169;-7.8625584;23.530214
2.9113493;-3.5817258;24.899698
-0.38307226;-1.7046716;21.068975
5.813122;-5.803545;19.622877
-7.8625584;-0.5363012;19.82399
-4.8267107;-2.3463178;21.327549
11.147403;-5.1906295;16.098612
-4.31914;2.5378537;12.172121
-5.0757074;1.8100165;15.20797
12.354081;0.6799533;14.192827
-0.7278373;3.4476504;13.292608
-0.7661445;3.6774938;18.55985
10.429143;0.33518824;9.586384
-1.8291701;5.00867;8.858546
-3.6487634;2.030283;11.84651
8.159439;1.3694834;7.967903
2.4516625;1.8100165;14.192827
-9.011775;4.7022123;9.184157
-1.7621324;5.6790466;-2.6719291
4.462792;6.0716953;-1.5035586
-1.5610195;5.1140146;7.7093296
4.7309427;4.0414124;13.713987
9.442732;0.46926352;5.4779334
-3.9839516;8.264784;-0.9576807
-0.6895301;6.5696893;1.0630256
10.007763;3.6583402;6.703765
1.685518;7.019799;11.693281
-0.25857377;2.920926;9.5385
6.1387334;3.1507695;5.6120086
-1.8291701;5.841852;4.9799395
-1.9919758;2.0111294;16.203957
1.1875241;3.1603463;10.151415
0.51714754;3.371036;12.382812
0.1340753;0.10534488;6.7324953
0.49799395;3.86903;11.942278
0.58418524;1.7238252;15.150508
2.0111294;1.9440918;9.452309
6.291962;5.841852;9.32781
4.156334;4.309563;7.4507556
-3.3135753;3.8786068;4.999093
2.0973208;4.223372;7.2592196
5.66947;2.528277;3.5242648
-6.38773;3.6008794;8.935161
-5.985504;2.873042;6.981492
4.261679;0.90021986;4.673482
-4.4819455;3.3901896;4.5681367
-6.9144545;5.401319;4.5777135
6.83784;2.6527755;4.271256
2.4899697;5.056554;6.2345014
-1.7812861;4.462792;9.586384
5.851429;2.0494366;7.7093296
3.5434184;4.4340615;7.3645644
-1.2641385;4.8841715;12.315774
2.5761611;1.8483237;4.2999864
-1.3215994;4.1946416;8.207323
-1.7908629;4.012682;8.561666
1.0534488;0.80445176;9.710882
-1.388637;4.2999864;6.5984197
2.087744;4.501099;10.486604
6.7324953;1.7429788;6.196194
1.2641385;4.453215;11.051635
1.0534488;2.4229321;10.793061
2.930503;2.0207062;7.3645644
-0.49799395;1.7525556;7.920019
-1.7046716;1.9153614;6.090849
0.50757074;1.5610195;6.1770406
-0.5267244;0.8523358;7.0485296
-3.3327289;1.8770541;6.8569937
0.6895301;1.0342951;4.807557
1.8195933;1.4748282;4.817134
-1.091756;1.5801731;6.3206925
1.1109096;-0.8810662;8.054094
-0.1436521;-0.34476504;9.5385
-2.5091233;-0.29688102;7.2209125
-0.50757074;-0.7086837;4.5394063
-1.5131354;-0.61291564;6.7708025
-3.2944214;-0.82360536;10.553641
1.1875241;-1.934515;11.195287
1.9632454;-2.2026656;9.634268
-2.9783869;-1.2162545;10.400413
-0.02873042;-1.3120226;8.571242
1.3982137;-1.0534488;11.204864
-1.8866309;-1.1492168;10.726024
-1.7621324;-1.2449849;10.419566
1.6567876;-1.5035586;8.475474
0.9768343;-0.8619126;10.0269165
-1.043872;-1.1971009;12.74673
0.35434186;-1.3120226;11.903971
2.2697031;-1.685518;13.273455
0.7278373;-2.4229321;14.882358
1.2641385;-2.8538885;16.721106
3.9360676;-3.1411927;17.496826
3.86903;-3.1794999;16.414646
0.39264908;-3.1507695;17.27656
1.1779473;-3.8307228;17.056293
3.2369606;-3.4955344;16.816874
2.9400797;-3.1603463;16.941372
1.3311762;-2.2888567;16.261417
2.432509;-1.6472107;11.84651
2.719813;-1.7812861;10.515334
-1.4748282;-0.58418524;11.530476
0.6512229;0.47884035;11.750742
6.14831;-0.8810662;10.323798
0.32561144;0.8331822;9.528923
-2.0207062;1.1300632;7.690176
3.2561142;-1.3215994;8.475474
-2.8634653;1.2258313;9.9790325
0.12449849;0.7757214;9.548077
6.14831;-0.009576807;4.6830587
-2.5474305;2.2984335;7.795521
-2.3558946;-0.35434186;9.442732
4.8267107;-0.9959879;10.70687
-0.91937345;0.9576807;9.030929
-0.641646;0.8523358;9.500193
4.0318356;-0.81402856;6.9240313
-5.1235914;0.12449849;10.745177
-2.432509;-0.7278373;13.9917145
6.8761473;-1.8195933;9.232041
0.9672575;0.17238252;12.555194
-2.3558946;0.1340753;12.0571995
1.6472107;-2.078167;9.720459
-2.719813;-0.06703765;11.003751
-0.9864111;-0.076614454;10.113108
5.889736;-1.091756;11.482592
2.5761611;1.0342951;10.716447
-0.60333884;-0.06703765;12.373235
0.22984336;-0.12449849;8.628703
-0.17238252;1.388637;9.232041
1.1204864;-0.1436521;8.1402855
-0.90021986;0.4309563;8.762778
-2.1643584;0.90021986;11.951855
0.2873042;-1.3599066;11.587936
-0.46926352;0.7661445;9.691729
3.7828386;0.7086837;10.994174
5.6407394;0.6991069;7.824251
-1.3024458;0.46926352;10.04607
-1.1971009;-0.038307227;11.597513
3.4380736;-0.8331822;9.078813
0.37349546;0.35434186;10.323798
-0.4405331;0.8810662;8.322245
2.7964275;-1.7429788;9.308656
-2.030283;1.3599066;11.21444
1.1587936;0.79487497;9.011775
6.081272;0.4405331;7.0581064
0.06703765;3.2273839;7.1634517
-1.1204864;0.7086837;8.647857
1.934515;-0.45968673;11.118672
-1.7046716;2.1547816;10.352529
1.7046716;-0.37349546;10.582372
2.633622;1.1204864;5.659893
-1.3120226;0.89064306;12.469003
-0.94810385;-2.2601264;11.683704
0.23942018;1.4077905;12.440272
3.7445314;-0.5363012;10.965444
3.7541082;1.1204864;7.2687964
0.37349546;1.7812861;12.497733
-1.3311762;-1.7812861;10.898406
0.6703765;-0.019153614;11.597513
3.8402996;-0.46926352;11.57836
-0.37349546;0.8714894;10.879252
0.009576807;0.24899697;9.002198
3.3327289;-1.5131354;9.251195
-2.9592333;0.50757074;10.457873
-0.60333884;0.7757214;12.26789
7.240066;-0.46926352;8.896853
-0.6607997;2.4995465;7.4507556
-1.4173675;0.62249243;7.8529816
4.261679;-0.6991069;8.896853
-0.91937345;0.641646;9.720459
0.25857377;0.7182605;13.608643
4.654328;0.4405331;6.3781533
-0.8619126;0.94810385;5.8226986
-2.0015526;0.6991069;10.745177
1.2545617;0.2873042;9.528923
0.5746084;0.1436521;10.28549
1.1875241;0.6799533;6.4739213
1.1971009;1.1300632;6.789956
-0.40222588;-0.63206923;8.274361
-2.1739352;0.6799533;13.187263
2.8060043;-1.4173675;12.315774
4.2904096;-0.50757074;10.831368
0.019153614;0.90021986;8.820239
0.6799533;-1.5035586;10.601525
-0.30645782;-0.94810385;12.794614
-1.9632454;0.0;11.616667
3.5051112;-0.45968673;8.66701
2.0973208;1.0630256;6.4068837
-1.5705963;0.4405331;9.346964
0.8331822;-1.2354081;11.262324
0.095768064;-0.6607997;12.11466
-0.22026655;-0.37349546;12.181698
4.9703627;-0.6512229;7.8146744
-1.2545617;-0.06703765;11.530476
-3.5242648;-0.41180268;12.631808
4.261679;-1.0055647;11.195287
2.9592333;-0.33518824;9.576807
-3.016694;2.1164744;6.1004257
2.8538885;0.35434186;8.485051
1.484405;-1.1300632;8.580819
-5.9759274;2.183512;12.631808
5.7748146;-1.0342951;11.243171
3.2752678;0.7278373;6.435614
-3.9935284;2.4899697;10.67814
1.9057846;-1.2545617;10.812215
-0.10534488;0.4405331;9.337387
-2.3080103;2.3175871;10.275913
5.9663506;-0.39264908;8.829816
2.96881;0.5554548;7.565677
-2.585738;0.1340753;13.800179
2.4899697;-1.7717092;10.46745
0.51714754;-0.545878;10.716447
-0.9864111;1.4556746;12.229582
2.834735;-1.4556746;8.1881695
0.7086837;0.92895025;9.787497
-2.72939;-0.1436521;11.616667
0.9768343;-0.9672575;9.873688
5.439626;0.545878;11.319786
1.1492168;1.6280571;9.557653
0.8619126;-0.6512229;9.165004
0.31603462;0.076614454;9.998186
-2.2697031;-0.10534488;10.984597
0.34476504;-0.1436521;10.840945
3.1507695;1.13964;9.682152
0.59376204;0.46926352;8.331821
-1.8387469;0.46926352;9.80665
1.7717092;0.9959879;10.5919485
3.7732618;0.50757074;9.710882
2.2122424;1.1492168;7.824251
0.11492168;1.0534488;11.032481
0.076614454;-0.047884032;7.6135616
0.038307227;-0.18195933;10.189722
-1.7142484;-0.06703765;10.515334
-0.1340753;1.5035586;8.887277
4.5872903;-0.8523358;8.1881695
-2.7389667;0.6895301;11.702858
-2.2218192;-0.5650316;12.593501
6.7612257;-1.388637;11.84651
2.9400797;0.842759;10.70687
-2.4037786;0.047884032;10.228029
0.25857377;-1.2545617;11.291056
-0.8810662;0.33518824;10.524911
1.2162545;-0.2681506;13.081918
3.3997664;-1.2066777;11.712435
-1.4460979;0.9959879;13.053187
3.0071173;-1.6280571;9.500193
2.5474305;-0.6895301;10.5919485
-2.767697;1.0821792;10.783484
2.767697;-0.78529817;10.160992
4.146757;-0.4213795;7.747637
-3.7253778;2.0398598;7.73806
0.36391866;-1.3120226;6.2823853
0.6991069;-0.60333884;7.680599
-1.388637;1.3215994;12.373235
4.7788267;-1.091756;7.5848308
3.5529952;-0.038307227;7.6710224
-2.1452048;0.4213795;10.936713
1.9249382;-1.2258313;10.6398325
3.8594532;-0.7374141;10.572795
-0.8714894;0.10534488;9.069236
1.3982137;-0.49799395;6.847417
-0.8619126;-1.091756;6.8091097
-5.8801594;0.8331822;10.821792
1.685518;-1.4269443;10.1226845
4.817134;-0.08619126;9.959879
-0.08619126;1.2258313;10.860099
2.585738;-1.2258313;11.789049
1.5993267;-0.5363012;11.453861
-2.7485435;0.2777274;12.737153
3.6008794;-1.1587936;7.517793
0.93852705;0.25857377;7.4507556
-4.7405195;0.7469909;10.409989
0.24899697;-2.2601264;10.7356
2.2984335;-0.24899697;11.568783
0.16280572;0.19153613;9.797073
1.3694834;-1.1683705;9.126697
0.9576807;-0.047884032;10.208876
-0.45968673;-0.9864111;12.5743475
2.2122424;-1.3311762;11.501745
3.1028855;0.31603462;11.013328
0.545878;0.32561144;7.3549876
-0.31603462;0.4309563;5.8226986
0.78529817;0.35434186;9.902418
-2.2601264;-0.82360536;11.032481
-1.7812861;0.58418524;9.911995
4.185065;-0.33518824;9.088389
1.1300632;0.38307226;7.0964136
0.1340753;0.33518824;12.459426
3.1124623;0.47884035;11.87524
3.1124623;1.6663644;10.055647
2.0590134;1.4556746;6.7708025
-1.8387469;1.2162545;4.0222588
-2.9783869;1.5897499;9.902418
0.62249243;-0.82360536;14.010868
-0.7757214;0.038307227;13.484144
4.050989;1.1109096;11.9135475
4.912902;-0.34476504;7.776367
-3.620033;1.0534488;11.9135475
-1.7525556;1.1587936;14.81532
6.244078;-0.32561144;9.998186
1.283292;3.5529952;9.586384
-2.3463178;2.5953147;6.4260373
0.51714754;0.8331822;5.5737014
-3.4093432;1.5610195;10.160992
0.5650316;0.8331822;12.382812
4.663905;0.91937345;7.9870567
-0.8331822;2.4133554;7.393295
-0.6512229;3.4859576;9.528923
3.8786068;0.8714894;11.128249
-0.22026655;1.7525556;10.994174
0.5554548;1.7908629;10.103531
3.122039;2.0207062;7.0102224
-4.5202527;2.480393;7.4986396
-3.572149;1.0726024;9.442732
3.0071173;0.641646;9.950302
1.091756;1.1779473;12.248735
1.0151415;0.5746084;12.842498
4.4723687;0.38307226;9.251195
0.45968673;1.532289;10.668563
-1.7812861;1.6089035;10.247183
5.439626;0.22026655;10.170568
3.620033;1.0247183;10.984597
-1.292869;2.5187001;10.323798
0.9959879;0.2873042;8.034941
-0.5554548;1.1587936;5.3247046
-3.4284968;2.5953147;11.166556
3.1986535;0.5746084;9.9790325
5.2289367;1.6280571;11.482592
-0.1436521;1.8004397;11.329363
1.8579005;-0.12449849;7.345411
0.62249243;1.9057846;9.279925
-2.930503;2.3463178;11.233594
2.2409728;0.32561144;9.624691
3.9935284;1.3503298;11.693281
-1.8866309;1.3790601;6.244078
-1.2258313;0.6703765;8.810662
1.7908629;1.7812861;9.739613
1.4748282;0.076614454;14.030022
3.122039;-1.3503298;13.263878
1.2449849;0.8714894;13.359646
0.46926352;0.33518824;8.887277
0.18195933;0.7182605;8.00621
-3.3039982;1.0726024;9.241618
0.37349546;0.10534488;11.903971
3.9360676;1.292869;10.94629
0.047884032;1.6663644;8.90643
0.90021986;1.3790601;7.632715
0.6991069;1.0726024;8.408437
-0.17238252;1.9249382;10.208876
1.7812861;-0.5267244;10.323798
0.6895301;1.1587936;11.434708
-1.7717092;2.078167;10.132261
0.7374141;-0.1436521;6.9240313
-1.5705963;1.4939818;7.2783732
-0.23942018;1.0055647;12.239159
1.9057846;1.532289;11.204864
3.3614593;1.1971009;9.232041
3.1507695;1.0055647;10.745177
-1.7238252;1.4077905;8.801085
-1.484405;1.1875241;10.668563
2.4899697;0.38307226;8.887277
-1.0630256;0.7182605;11.827356
-0.82360536;0.4405331;11.856087
4.3287168;-0.80445176;11.003751
1.7429788;0.6703765;11.463438
-1.3982137;1.3982137;12.823344
1.4269443;0.0;9.222465
0.19153613;1.3694834;8.810662
-1.4939818;1.982399;10.342952
3.3614593;1.3599066;9.481039
2.7964275;1.5897499;7.747637
-0.24899697;2.1739352;10.352529
-0.79487497;1.4269443;7.5944076
-0.25857377;1.9440918;6.6750345
-0.2681506;2.4420857;9.32781
1.0630256;1.5705963;8.820239
2.7389667;0.7469909;11.836933
1.3599066;0.78529817;10.879252
-0.20111294;1.1683705;11.444284
0.7182605;1.7717092;8.571242
-0.5650316;0.7086837;8.39886
-2.9017725;1.3311762;10.208876
1.5131354;1.0534488;11.9135475
4.012682;0.90021986;13.254301
1.3503298;1.1779473;10.065224
3.6104562;1.436521;11.60709
0.7661445;1.283292;9.356541
-3.7253778;1.7717092;11.042058
0.93852705;0.91937345;10.630256
2.6048915;1.3120226;8.619126
-0.641646;1.9728222;10.745177
0.81402856;0.8523358;10.170568
1.0726024;1.3120226;8.360553
0.5363012;1.8674773;9.586384
1.3790601;0.91937345;7.833828
-1.0151415;2.3942018;9.308656
0.9768343;1.3120226;8.829816
3.0933087;2.2601264;7.249643
0.94810385;3.1124623;8.983045
2.0685902;1.484405;8.762778
1.8674773;1.2354081;8.676587
-1.484405;1.2354081;9.461885
-0.24899697;0.842759;7.881712
-0.12449849;0.32561144;8.848969
-2.7389667;2.0685902;12.392388
1.7142484;-0.2777274;11.549629
4.9799395;-0.05746084;13.656527
0.93852705;1.091756;13.551182
1.5227122;-0.6512229;12.813767
2.5953147;-0.11492168;9.624691
-2.4516625;1.4748282;11.57836
-0.29688102;0.842759;12.162544
2.078167;1.7621324;11.204864
1.6567876;1.4939818;10.515334
0.90979666;2.1260512;9.212888
1.934515;2.2026656;7.9966335
2.72939;1.2449849;9.682152
-0.5267244;1.3790601;8.925584
-1.532289;1.3120226;9.3182335
0.22984336;1.283292;5.5162406
-1.8004397;2.27928;6.588843
-1.2258313;1.8004397;9.481039
2.4420857;1.1109096;9.911995
2.2601264;1.7717092;11.511322
1.6663644;1.1492168;9.576807
1.8483237;0.29688102;8.887277
0.59376204;1.3599066;10.113108
0.11492168;0.009576807;11.233594
0.17238252;0.22026655;11.319786
0.24899697;1.0247183;10.879252
-0.22984336;0.79487497;10.132261
-0.18195933;1.9536686;9.854534
1.9728222;1.3215994;11.377247
3.016694;0.9576807;8.781932
2.9592333;1.685518;11.358093
2.327164;0.5650316;9.758766
-0.5267244;1.436521;8.599973
0.6703765;1.532289;8.829816
1.13964;1.4269443;7.5561004
-2.681506;2.3175871;8.944737
-1.1683705;1.484405;8.7532015
2.681506;1.2258313;8.207323
1.5610195;1.8483237;10.04607
1.1109096;0.9576807;10.534488
2.480393;0.36391866;10.7356
1.4269443;0.2681506;10.726024
-0.17238252;0.31603462;10.381259
0.19153613;0.9576807;9.749189
1.292869;0.23942018;10.007763
-0.6512229;0.46926352;11.147403
-0.22984336;0.90021986;11.348516
2.4516625;0.49799395;11.808203
0.8523358;1.4939818;9.385271
0.24899697;1.9440918;9.9790325
2.5570073;1.733402;9.222465
0.93852705;1.7525556;9.634268
-0.05746084;0.94810385;11.089942
0.641646;1.6663644;9.710882
1.3215994;1.5610195;10.199299
0.076614454;1.7046716;9.251195
-1.5514427;1.6472107;9.490616
-0.1436521;1.091756;9.768343
0.1436521;1.2641385;9.519346
0.48841715;1.283292;9.691729
1.6089035;0.7374141;9.433155
0.37349546;1.1971009;10.007763
1.0247183;1.3024458;9.5385
1.8962077;0.5650316;9.423578
-0.7661445;1.4939818;8.839393
-0.34476504;1.4748282;9.653421
1.9249382;0.81402856;9.136273
-0.61291564;1.9536686;10.5919485
1.8291701;1.1971009;10.314221
2.633622;1.1492168;9.768343
-0.93852705;2.1643584;10.582372
0.7278373;1.6184803;10.199299
2.5570073;1.043872;8.63828
0.38307226;2.2601264;9.902418
1.5035586;0.6703765;10.208876
1.6376339;0.6991069;10.362105
0.6991069;1.4269443;10.218452
2.566584;0.6991069;10.0269165
0.6703765;1.5131354;9.375694
-0.12449849;1.6567876;11.492168
1.6184803;0.7565677;9.988609
-0.35434186;1.9919758;10.218452
-0.36391866;1.7812861;10.093954
0.81402856;1.4077905;8.7053175
-1.0534488;1.7046716;9.749189
-0.49799395;1.388637;9.921572
1.7908629;1.3694834;9.299079
0.49799395;1.8291701;9.279925
0.0;1.4173675;8.628703
0.80445176;1.0726024;9.002198
0.34476504;1.3790601;9.040505
0.2777274;1.0247183;9.3182335
0.5746084;0.8619126;9.490616
0.7086837;1.1013328;10.189722
1.484405;0.5363012;11.089942
0.7661445;0.7278373;11.080365
0.82360536;0.50757074;11.022904
0.9576807;0.46926352;11.597513
0.038307227;0.842759;10.0748005
0.9768343;0.7565677;11.750742
1.4939818;0.6991069;10.295067
0.82360536;1.3311762;10.726024
2.2505496;0.9959879;9.816227
1.0630256;1.4748282;9.078813
-0.038307227;1.1683705;9.672575
1.3599066;1.0821792;8.829816
1.8962077;1.1683705;9.040505
0.7182605;0.45010993;9.279925
0.24899697;0.8810662;9.241618
2.135628;0.2873042;9.346964
1.2449849;0.6512229;9.481039
0.49799395;0.7565677;9.576807
1.7908629;0.34476504;9.624691
0.61291564;0.7278373;9.634268
-0.20111294;0.94810385;10.1226845
1.283292;0.46926352;9.835381
0.17238252;1.1875241;9.749189
-0.22984336;1.043872;10.524911
1.3503298;1.0534488;10.0269165
0.49799395;1.4748282;10.534488
0.5746084;1.3599066;10.582372
1.2258313;1.340753;9.643845
0.4213795;1.8004397;9.892841
0.18195933;1.4748282;9.471462
0.18195933;1.388637;9.5385
0.12449849;1.3024458;9.787497
0.59376204;1.2545617;9.854534
0.8523358;1.283292;9.892841
0.545878;1.283292;9.854534
0.8714894;1.4173675;9.825804
0.9864111;1.292869;10.0269165
0.59376204;1.5035586;10.01734
1.0630256;1.5514427;10.151415
1.2066777;1.484405;10.132261
0.39264908;1.9632454;10.103531
0.91937345;1.6472107;9.883265
0.7469909;2.030283;9.720459
0.29688102;2.2697031;9.80665
0.6512229;2.0590134;9.615114
0.79487497;2.4229321;9.423578
0.5746084;2.2122424;9.595961
0.5746084;2.4612393;9.682152
0.89064306;2.480393;9.3661175
0.5650316;2.231396;9.490616
0.32561144;2.6048915;9.423578
1.3982137;2.2888567;9.701305
0.47884035;2.0111294;9.5385
-0.1340753;2.6431987;10.208876
1.6950948;1.541866;9.797073
0.49799395;1.9536686;9.653421
-0.38307226;2.480393;10.802638
1.7621324;1.3694834;10.036493
0.12449849;1.4460979;9.605537
0.05746084;2.0015526;11.128249
1.7525556;1.2354081;9.9790325
0.32561144;1.0630256;9.030929
-0.047884032;2.3558946;11.549629
1.6950948;0.6799533;9.662998
0.61291564;0.91937345;9.232041
0.24899697;2.231396;11.195287
1.4556746;1.2449849;10.534488
0.81402856;1.2258313;9.998186
0.641646;1.13964;9.940725
0.81402856;1.0534488;9.787497
0.92895025;1.1587936;9.758766
0.8331822;1.0726024;9.9790325
0.90021986;1.0342951;9.969456
0.9768343;1.0055647;9.864111
0.9576807;0.90021986;9.825804
0.90021986;0.78529817;9.844957
0.92895025;0.82360536;10.036493
1.1109096;0.7086837;9.988609
0.92895025;0.6895301;9.988609
0.89064306;0.58418524;9.931149
0.93852705;0.58418524;9.9790325
0.8619126;0.47884035;9.883265
0.80445176;0.4405331;9.950302
0.7661445;0.37349546;9.969456
0.7565677;0.29688102;9.825804
0.7661445;0.25857377;9.892841
0.7374141;0.20111294;9.931149
0.7278373;0.25857377;9.892841
0.7661445;0.21068975;9.911995
0.78529817;0.17238252;9.873688
0.7661445;0.20111294;9.864111
0.80445176;0.19153613;9.816227
0.7182605;0.20111294;9.873688
0.7374141;0.17238252;9.902418
0.7374141;0.17238252;9.835381
0.7374141;0.18195933;9.844957
0.7565677;0.15322891;9.835381
0.7278373;0.17238252;9.921572
0.7278373;0.1436521;9.825804
0.7278373;0.19153613;9.883265
0.78529817;0.18195933;9.787497
0.7661445;0.15322891;9.892841
0.7278373;0.24899697;9.835381
0.7469909;0.19153613;9.873688
0.7565677;0.18195933;9.816227
0.7565677;0.22984336;9.883265
0.7374141;0.16280572;9.854534
0.7469909;0.15322891;9.835381
0.7661445;0.19153613;9.883265
0.7565677;0.1436521;9.864111
0.7086837;0.16280572;9.873688
0.79487497;0.18195933;9.835381
0.7469909;0.17238252;9.844957
0.7469909;0.18195933;9.892841
0.7565677;0.18195933;9.825804
0.7565677;0.16280572;9.892841
0.7469909;0.16280572;9.816227
0.7661445;0.12449849;9.844957
0.7374141;0.16280572;9.816227
0.79487497;0.17238252;9.844957
0.7565677;0.18195933;9.854534
0.7278373;0.15322891;9.864111
0.79487497;0.17238252;9.77792
0.7086837;0.22984336;9.873688
0.7374141;0.20111294;9.835381
0.7278373;0.1340753;9.835381
0.7182605;0.15322891;9.892841
0.7661445;0.16280572;9.844957
0.78529817;0.18195933;9.816227
0.7278373;0.22026655;9.864111
0.78529817;0.17238252;9.816227
0.7661445;0.18195933;9.835381
0.7374141;0.15322891;9.835381
0.78529817;0.17238252;9.931149
0.7278373;0.21068975;9.864111
0.7182605;0.1340753;9.864111
0.7661445;0.19153613;9.854534
0.6895301;0.25857377;9.873688
0.7278373;0.20111294;9.883265
0.7565677;0.20111294;9.835381
0.6895301;0.22026655;9.80665
0.79487497;0.22026655;9.835381
0.7182605;0.1436521;9.825804
0.7086837;0.18195933;9.844957
0.7565677;0.1436521;9.873688
0.7374141;0.23942018;9.921572
0.7469909;0.1436521;9.816227
0.7469909;0.12449849;9.921572
0.7469909;0.1436521;9.835381
0.7565677;0.18195933;9.911995
0.7469909;0.16280572;9.873688
0.7182605;0.15322891;9.844957
0.80445176;0.18195933;9.825804
0.7661445;0.21068975;9.80665
0.6991069;0.19153613;9.892841
0.7469909;0.19153613;9.931149
0.7374141;0.17238252;9.902418
0.7565677;0.21068975;9.873688
0.7374141;0.18195933;9.864111
0.7086837;0.17238252;9.797073
0.7469909;0.20111294;9.864111
0.7565677;0.12449849;9.825804
0.7565677;0.1436521;9.787497
0.7374141;0.22026655;9.864111
0.7374141;0.23942018;9.80665
0.7757214;0.21068975;9.873688
0.6991069;0.20111294;9.902418
0.7469909;0.19153613;9.940725
0.7757214;0.19153613;9.873688
0.7182605;0.1340753;9.931149
0.7469909;0.18195933;9.902418
0.7661445;0.11492168;9.883265
0.7086837;0.19153613;9.864111
0.7469909;0.18195933;9.797073
0.7469909;0.20111294;9.758766
0.7086837;0.18195933;9.816227
0.7278373;0.18195933;9.77792
0.7661445;0.21068975;9.80665
0.6799533;0.22026655;9.873688
0.6895301;0.1436521;9.844957
0.80445176;0.17238252;10.007763
0.7565677;0.10534488;9.988609
0.6703765;0.19153613;9.883265
0.8523358;0.1340753;9.883265
0.58418524;0.22984336;9.892841
0.7182605;0.15322891;9.921572
0.8523358;0.16280572;9.825804
0.62249243;0.24899697;9.730036
0.7278373;0.22984336;9.873688
0.7661445;0.22984336;9.682152
0.7565677;0.15322891;9.634268
0.7278373;0.12449849;10.151415
0.80445176;0.20111294;9.864111
0.7565677;0.21068975;9.892841
0.79487497;0.15322891;9.873688
0.7278373;0.17238252;9.892841
0.6895301;0.11492168;9.873688
0.6895301;0.1340753;9.940725
0.7374141;0.21068975;9.854534
0.7182605;0.1436521;9.892841
0.7278373;0.20111294;9.883265
0.6799533;0.16280572;9.883265
0.7469909;0.16280572;9.950302
0.6895301;0.16280572;9.825804
0.7374141;0.15322891;9.892841
0.81402856;0.16280572;9.787497
0.7374141;0.20111294;9.883265
0.7565677;0.21068975;9.854534
0.7469909;0.19153613;9.797073
0.7278373;0.18195933;9.80665
0.7374141;0.22984336;9.844957
0.7469909;0.19153613;9.797073
0.7182605;0.12449849;9.835381
0.7374141;0.20111294;9.835381
0.7374141;0.1340753;9.873688
0.7278373;0.17238252;9.873688
0.7374141;0.18195933;9.931149
0.7565677;0.12449849;9.950302
0.7565677;0.12449849;9.950302
0.6895301;0.23942018;10.084377
0.80445176;0.16280572;10.007763
0.6895301;0.10534488;9.528923
0.6799533;0.19153613;9.902418
0.80445176;0.20111294;9.80665
0.7757214;0.15322891;9.797073
0.62249243;0.15322891;9.921572
0.7757214;0.19153613;9.854534
0.7565677;0.18195933;9.768343
0.7374141;0.19153613;9.854534
0.6991069;0.16280572;9.844957
0.7086837;0.1340753;9.854534
0.7757214;0.15322891;9.816227
0.7182605;0.17238252;9.854534
0.7469909;0.19153613;9.844957
0.7086837;0.19153613;9.835381
0.7086837;0.22026655;9.883265
0.7757214;0.1436521;9.844957
0.7278373;0.1340753;9.835381
0.7374141;0.18195933;9.873688
0.7661445;0.18195933;9.911995
0.7469909;0.19153613;9.864111
0.7278373;0.16280572;9.892841
0.7469909;0.1436521;9.825804
0.7278373;0.17238252;9.873688
0.7661445;0.19153613;9.844957
0.7278373;0.23942018;9.825804
0.7182605;0.1340753;9.902418
0.7565677;0.17238252;9.825804
0.7182605;0.20111294;9.864111
0.7469909;0.21068975;9.864111
0.7661445;0.16280572;9.902418
0.7469909;0.12449849;9.825804
0.7661445;0.22984336;9.873688
0.7565677;0.15322891;9.797073
0.7182605;0.19153613;9.844957
0.7469909;0.15322891;9.80665
0.7469909;0.21068975;9.892841
0.6991069;0.20111294;9.854534
0.7469909;0.19153613;9.854534
0.7182605;0.16280572;9.787497
0.7565677;0.15322891;9.921572
0.7565677;0.17238252;9.854534
0.7661445;0.19153613;9.873688
0.7374141;0.19153613;9.854534
0.7469909;0.18195933;9.816227
0.7565677;0.19153613;9.835381
0.7469909;0.16280572;9.844957
0.7469909;0.16280572;9.835381
0.7278373;0.20111294;9.854534
0.7374141;0.1340753;9.816227
0.7374141;0.18195933;9.873688
0.7565677;0.1340753;9.864111
0.7757214;0.19153613;9.921572
0.7661445;0.17238252;9.873688
0.7565677;0.21068975;9.854534
0.7757214;0.18195933;9.892841
0.7661445;0.16280572;9.864111
0.78529817;0.18195933;9.864111
0.7374141;0.18195933;9.825804
0.7374141;0.20111294;9.883265
0.7661445;0.18195933;9.873688
0.7086837;0.19153613;9.816227
0.7086837;0.22984336;9.854534
0.80445176;0.20111294;9.844957
0.6799533;0.20111294;9.892841
0.7661445;0.22026655;9.835381
0.80445176;0.16280572;9.864111
0.7086837;0.23942018;9.835381
0.7757214;0.16280572;9.854534
0.80445176;0.22026655;9.77792
0.7086837;0.19153613;9.844957
0.78529817;0.18195933;9.844957
0.7661445;0.19153613;9.797073
0.7374141;0.18195933;9.921572
0.7278373;0.21068975;9.854534
0.81402856;0.16280572;9.835381
0.7182605;0.18195933;9.873688
0.7182605;0.16280572;9.844957
0.8523358;0.15322891;9.873688
0.641646;0.19153613;9.80665
0.7086837;0.24899697;9.864111
0.8523358;0.17238252;9.825804
0.641646;0.22984336;9.854534
0.7182605;0.18195933;9.902418
0.842759;0.17238252;9.77792
0.6607997;0.22984336;9.835381
0.7469909;0.1436521;9.902418
0.80445176;0.2681506;9.816227
0.78529817;0.18195933;9.883265
0.641646;0.22026655;9.844957
0.8523358;0.21068975;9.749189
0.79487497;0.05746084;9.959879
0.47884035;0.35434186;9.854534
0.9768343;0.10534488;9.883265
0.62249243;0.22984336;9.825804
0.545878;0.31603462;9.835381
1.1971009;0.02873042;9.873688
0.5554548;0.33518824;9.816227
0.50757074;0.22984336;10.01734
1.1300632;0.047884032;9.797073
0.58418524;0.32561144;9.682152
0.5746084;0.1340753;10.0269165
1.0055647;0.18195933;9.797073
0.6607997;0.18195933;9.940725
0.545878;0.15322891;9.9790325
0.9768343;0.29688102;9.500193
0.8714894;0.06703765;9.969456
0.22984336;0.37349546;10.01734
1.1109096;0.18195933;9.80665
1.1587936;-0.095768064;10.160992
-0.1436521;0.60333884;9.730036
1.6759412;0.019153614;9.797073
0.5746084;0.2873042;9.988609
-0.11492168;0.47884035;9.988609
1.8100165;-0.2777274;10.199299
0.5746084;0.5746084;9.500193
0.06703765;0.047884032;9.921572
1.5035586;0.0;9.969456
0.51714754;1.0055647;9.346964
0.37349546;-0.16280572;9.911995
1.4460979;0.41180268;7.920019
0.80445176;0.20111294;9.662998
0.7374141;0.22984336;9.710882
0.6703765;0.19153613;9.873688
0.8331822;0.16280572;10.007763
0.8331822;0.17238252;10.0269165
0.6895301;0.22026655;9.749189
0.78529817;0.22026655;9.672575
0.7469909;0.16280572;9.844957
0.6512229;0.1340753;10.093954
0.8714894;0.1340753;10.093954
0.7374141;0.20111294;9.730036
0.59376204;0.23942018;9.595961
0.8331822;0.22984336;9.672575
0.78529817;0.11492168;9.969456
0.59376204;0.095768064;10.371682
0.81402856;0.22026655;9.864111
0.92895025;0.24899697;9.308656
0.5267244;0.34476504;9.691729
0.7469909;0.11492168;10.065224
1.2545617;-0.1436521;10.697293
0.35434186;0.2681506;10.160992
0.59376204;0.39264908;9.174581
1.4077905;0.11492168;8.896853
