;ay;ax;az
1;0.6607997;-0.02873042;9.892841
2;0.2873042;-0.2681506;9.691729
3;0.1340753;-0.095768064;10.01734
4;0.59376204;-0.06703765;10.007763
5;0.23942018;-0.1340753;9.768343
6;0.61291564;0.019153614;9.988609
7;0.23942018;-0.0;10.065224
8;0.1436521;-0.29688102;9.346964
9;0.6895301;-0.21068975;9.404425
10;0.17238252;-0.25857377;9.653421
11;0.5363012;-0.1340753;9.433155
12;0.59376204;0.019153614;10.5440645
13;0.17238252;0.038307227;11.329363
14;0.22984336;-0.2681506;9.662998
15;0.8714894;-0.31603462;8.293514
16;-0.39264908;-0.25857377;10.5440645
17;0.6512229;0.08619126;11.262324
18;1.2162545;0.2777274;10.505757
19;-1.4748282;-0.41180268;10.218452
20;1.5705963;-0.2777274;7.7189064
21;0.842759;-0.6512229;7.5848308
22;-1.1779473;0.21068975;15.533581
23;1.5993267;0.8619126;12.344504
24;-0.15322891;-1.2258313;6.0621185
25;0.30645782;-0.17238252;9.835381
26;0.31603462;-0.21068975;9.797073
27;0.36391866;-0.18195933;9.931149
28;0.31603462;-0.22984336;9.844957
29;0.35434186;-0.25857377;9.844957
30;0.32561144;-0.22026655;9.797073
31;0.31603462;-0.30645782;9.892841
32;0.35434186;-0.24899697;9.892841
33;0.34476504;-0.2873042;9.835381
34;0.32561144;-0.2681506;9.873688
35;0.32561144;-0.22984336;9.80665
36;0.36391866;-0.24899697;9.816227
37;0.35434186;-0.2681506;9.77792
38;0.38307226;-0.2681506;9.883265
39;0.31603462;-0.29688102;9.873688
40;0.35434186;-0.22026655;9.844957
41;0.32561144;-0.22984336;9.883265
42;0.35434186;-0.22984336;9.902418
43;0.31603462;-0.22984336;9.864111
44;0.34476504;-0.23942018;9.854534
45;0.32561144;-0.23942018;9.883265
46;0.36391866;-0.23942018;9.892841
47;0.36391866;-0.2873042;9.921572
48;0.30645782;-0.19153613;9.873688
49;0.35434186;-0.19153613;9.921572
50;0.31603462;-0.23942018;9.902418
51;0.36391866;-0.21068975;9.854534
52;0.34476504;-0.24899697;9.959879
53;0.33518824;-0.20111294;9.80665
54;0.35434186;-0.22984336;9.892841
55;0.33518824;-0.16280572;9.864111
56;0.35434186;-0.24899697;9.873688
57;0.37349546;-0.17238252;9.873688
58;0.34476504;-0.18195933;9.911995
59;0.32561144;-0.15322891;9.911995
60;0.37349546;-0.17238252;9.844957
61;0.34476504;-0.16280572;9.844957
62;0.36391866;-0.20111294;9.816227
63;0.35434186;-0.19153613;9.940725
64;0.33518824;-0.18195933;9.825804
65;0.34476504;-0.17238252;9.80665
66;0.36391866;-0.17238252;9.844957
67;0.33518824;-0.1340753;9.921572
68;0.32561144;-0.16280572;9.77792
69;0.34476504;-0.1340753;9.835381
70;0.38307226;-0.08619126;9.902418
71;0.30645782;-0.20111294;9.835381
72;0.37349546;-0.076614454;9.902418
73;0.25857377;-0.16280572;9.797073
74;0.37349546;-0.15322891;9.653421
75;0.41180268;-0.08619126;9.864111
76;0.17238252;-0.076614454;10.093954
77;0.41180268;-0.10534488;9.950302
78;0.39264908;-0.05746084;9.500193
79;0.20111294;-0.12449849;9.797073
80;0.4309563;-0.10534488;9.959879
81;0.34476504;-0.095768064;9.883265
82;0.29688102;-0.1436521;9.988609
83;0.30645782;-0.19153613;9.720459
84;0.641646;-0.047884032;9.950302
85;0.05746084;-0.1340753;9.988609
86;0.48841715;-0.06703765;10.199299
87;0.22984336;-0.047884032;9.576807
88;0.36391866;-0.2777274;9.509769
89;0.32561144;-0.18195933;10.007763
90;0.2873042;-0.21068975;9.998186
91;0.38307226;-0.19153613;10.141838
92;0.24899697;-0.21068975;9.9790325
93;0.30645782;-0.2777274;9.950302
94;0.37349546;-0.23942018;9.883265
95;0.30645782;-0.25857377;9.883265
96;0.34476504;-0.22026655;9.854534
97;0.35434186;-0.25857377;9.921572
98;0.29688102;-0.2777274;9.854534
99;0.36391866;-0.22026655;9.854534
100;0.34476504;-0.25857377;9.902418
101;0.35434186;-0.2873042;9.854534
102;0.36391866;-0.2777274;9.892841
103;0.33518824;-0.23942018;9.835381
104;0.38307226;-0.31603462;9.864111
105;0.37349546;-0.24899697;9.825804
106;0.30645782;-0.35434186;9.864111
107;0.36391866;-0.30645782;9.80665
108;0.35434186;-0.40222588;9.883265
109;0.31603462;-0.35434186;9.902418
110;0.33518824;-0.31603462;9.77792
111;0.2873042;-0.39264908;9.940725
112;0.35434186;-0.34476504;9.892841
113;0.29688102;-0.38307226;9.892841
114;0.36391866;-0.31603462;9.864111
115;0.37349546;-0.35434186;9.883265
116;0.33518824;-0.33518824;9.873688
117;0.32561144;-0.29688102;9.883265
118;0.33518824;-0.36391866;9.864111
119;0.37349546;-0.2681506;9.835381
120;0.31603462;-0.34476504;9.902418
121;0.32561144;-0.25857377;9.825804
122;0.35434186;-0.32561144;9.854534
123;0.30645782;-0.34476504;9.844957
124;0.33518824;-0.2873042;9.883265
125;0.37349546;-0.25857377;9.911995
126;0.31603462;-0.25857377;9.854534
127;0.39264908;-0.2777274;9.883265
128;0.31603462;-0.22026655;9.883265
129;0.32561144;-0.21068975;9.902418
130;0.35434186;-0.21068975;9.892841
131;0.32561144;-0.24899697;9.883265
132;0.39264908;-0.18195933;9.835381
133;0.2873042;-0.19153613;9.902418
134;0.34476504;-0.16280572;9.854534
135;0.35434186;-0.20111294;9.825804
136;0.32561144;-0.15322891;9.883265
137;0.36391866;-0.17238252;9.921572
138;0.34476504;-0.16280572;9.835381
139;0.38307226;-0.076614454;9.873688
140;0.33518824;-0.12449849;9.873688
141;0.33518824;-0.12449849;9.873688
142;0.33518824;-0.11492168;9.911995
143;0.34476504;-0.12449849;9.825804
144;0.36391866;-0.1340753;9.911995
145;0.30645782;-0.08619126;9.883265
146;0.33518824;-0.12449849;9.864111
147;0.35434186;-0.10534488;9.883265
148;0.33518824;-0.095768064;9.892841
149;0.4213795;-0.05746084;9.883265
150;0.32561144;-0.095768064;9.892841
151;0.32561144;-0.076614454;9.854534
152;0.36391866;-0.11492168;9.864111
153;0.2777274;-0.095768064;9.921572
154;0.33518824;-0.095768064;9.940725
155;0.33518824;-0.10534488;9.892841
156;0.2681506;-0.05746084;9.864111
157;0.31603462;-0.02873042;9.959879
158;0.30645782;-0.11492168;9.873688
159;0.33518824;-0.08619126;9.883265
160;0.38307226;-0.076614454;9.892841
161;0.30645782;-0.05746084;9.892841
162;0.33518824;-0.076614454;9.969456
163;0.30645782;-0.019153614;9.844957
164;0.30645782;-0.11492168;9.892841
165;0.32561144;-0.11492168;9.959879
166;0.30645782;-0.12449849;9.80665
167;0.34476504;-0.16280572;9.902418
168;0.35434186;-0.095768064;9.883265
169;0.36391866;-0.10534488;9.844957
170;0.30645782;-0.06703765;9.921572
171;0.32561144;-0.06703765;9.825804
172;0.35434186;-0.095768064;9.873688
173;0.33518824;-0.08619126;9.892841
174;0.35434186;-0.047884032;9.902418
175;0.37349546;-0.076614454;9.902418
176;0.36391866;-0.16280572;9.835381
177;0.4213795;-0.095768064;9.883265
178;0.32561144;-0.18195933;9.835381
179;0.38307226;-0.1340753;9.911995
180;0.45010993;-0.095768064;9.883265
181;0.30645782;-0.19153613;9.835381
182;0.39264908;-0.15322891;9.883265
183;0.38307226;-0.17238252;9.892841
184;0.32561144;-0.20111294;9.825804
185;0.33518824;-0.17238252;9.854534
186;0.31603462;-0.19153613;9.854534
187;0.29688102;-0.20111294;9.844957
188;0.29688102;-0.24899697;9.758766
189;0.2873042;-0.2681506;9.931149
190;0.30645782;-0.2873042;9.940725
191;0.29688102;-0.2873042;9.835381
192;0.29688102;-0.36391866;9.902418
193;0.32561144;-0.36391866;9.883265
194;0.31603462;-0.45010993;9.911995
195;0.35434186;-0.49799395;9.902418
196;0.30645782;-0.51714754;9.825804
197;0.35434186;-0.5267244;9.883265
198;0.34476504;-0.59376204;9.921572
199;0.34476504;-0.61291564;9.883265
200;0.38307226;-0.58418524;9.835381
201;0.38307226;-0.58418524;9.825804
202;0.41180268;-0.5554548;9.931149
203;0.37349546;-0.5650316;9.902418
204;0.37349546;-0.62249243;9.844957
205;0.38307226;-0.5650316;9.892841
206;0.36391866;-0.5650316;9.883265
207;0.34476504;-0.545878;9.931149
208;0.32561144;-0.51714754;9.902418
209;0.33518824;-0.5363012;9.816227
210;0.31603462;-0.50757074;9.921572
211;0.25857377;-0.50757074;9.854534
212;0.31603462;-0.49799395;9.80665
213;0.33518824;-0.4213795;9.892841
214;0.2681506;-0.47884035;9.921572
215;0.35434186;-0.37349546;9.902418
216;0.29688102;-0.39264908;9.892841
217;0.36391866;-0.34476504;9.950302
218;0.32561144;-0.29688102;9.902418
219;0.33518824;-0.30645782;9.931149
220;0.32561144;-0.24899697;9.950302
221;0.30645782;-0.24899697;9.892841
222;0.36391866;-0.11492168;9.911995
223;0.29688102;-0.21068975;9.969456
224;0.32561144;-0.18195933;9.844957
225;0.35434186;-0.15322891;9.940725
226;0.2777274;-0.18195933;9.864111
227;0.39264908;-0.1436521;9.854534
228;0.30645782;-0.19153613;9.864111
229;0.36391866;-0.18195933;9.816227
230;0.39264908;-0.12449849;9.844957
231;0.34476504;-0.1436521;9.931149
232;0.4213795;-0.11492168;9.883265
233;0.4213795;-0.11492168;9.883265
234;0.38307226;-0.16280572;9.835381
235;0.4309563;-0.15322891;9.873688
236;0.34476504;-0.11492168;9.835381
237;0.38307226;-0.18195933;9.883265
238;0.39264908;-0.05746084;9.940725
239;0.34476504;-0.15322891;9.864111
240;0.4405331;-0.10534488;9.959879
241;0.34476504;-0.12449849;9.873688
242;0.39264908;-0.12449849;9.940725
243;0.37349546;-0.095768064;9.902418
244;0.2681506;-0.15322891;9.797073
245;0.29688102;-0.1436521;9.825804
246;0.2681506;-0.16280572;9.797073
247;0.2777274;-0.1436521;9.883265
248;0.2777274;-0.1340753;9.931149
249;0.2681506;-0.10534488;9.892841
250;0.2777274;-0.10534488;9.873688
251;0.24899697;-0.05746084;9.883265
252;0.32561144;-0.009576807;9.940725
253;0.2873042;-0.08619126;9.854534
254;0.24899697;-0.0;9.864111
255;0.33518824;-0.06703765;9.950302
256;0.30645782;-0.06703765;9.902418
257;0.36391866;0.02873042;9.911995
258;0.36391866;-0.02873042;9.873688
259;0.33518824;0.05746084;9.902418
260;0.39264908;-0.0;9.921572
261;0.39264908;-0.0;9.854534
262;0.4309563;0.05746084;9.940725
263;0.4213795;0.06703765;9.950302
264;0.35434186;0.047884032;9.892841
265;0.4213795;0.08619126;10.007763
266;0.33518824;0.076614454;9.931149
267;0.38307226;0.15322891;9.911995
268;0.39264908;0.11492168;9.9790325
269;0.32561144;0.06703765;9.950302
270;0.31603462;0.038307227;9.931149
271;0.30645782;0.076614454;9.950302
272;0.2777274;0.1340753;9.892841
273;0.21068975;0.02873042;9.825804
274;0.22984336;0.06703765;9.854534
275;0.23942018;0.095768064;9.940725
276;0.18195933;0.11492168;9.892841
277;0.2681506;0.02873042;9.854534
278;0.22984336;0.009576807;9.9790325
279;0.19153613;0.06703765;9.883265
280;0.2681506;-0.009576807;9.950302
281;0.2777274;0.047884032;9.9790325
282;0.34476504;-0.0;9.988609
283;0.2873042;-0.0;9.969456
284;0.35434186;-0.0;9.998186
285;0.46926352;0.02873042;9.902418
286;0.33518824;-0.095768064;9.816227
287;0.45010993;-0.076614454;9.854534
288;0.46926352;-0.0;9.797073
289;0.41180268;-0.095768064;9.854534
290;0.5746084;-0.009576807;9.950302
291;0.48841715;-0.019153614;9.77792
292;0.545878;-0.0;9.816227
293;0.48841715;0.019153614;9.911995
294;0.46926352;0.02873042;9.9790325
295;0.5267244;0.1340753;10.007763
296;0.40222588;0.06703765;10.189722
297;0.4405331;0.10534488;10.04607
298;0.38307226;0.10534488;10.0269165
299;0.2873042;0.019153614;10.103531
300;0.32561144;0.038307227;10.199299
301;0.24899697;0.019153614;10.065224
302;0.2777274;0.038307227;10.093954
303;0.24899697;0.019153614;9.959879
304;0.21068975;-0.0;9.959879
305;0.08619126;-0.038307227;10.0748005
306;0.019153614;-0.038307227;9.921572
307;0.22026655;-0.20111294;9.768343
308;0.15322891;-0.16280572;9.883265
309;0.11492168;-0.23942018;9.844957
310;0.36391866;-0.36391866;9.883265
311;0.11492168;-0.45010993;9.749189
312;0.45010993;-0.47884035;9.787497
313;0.5267244;-0.5267244;9.864111
314;0.2873042;-0.60333884;9.682152
315;0.47884035;-0.5554548;9.701305
316;0.6512229;-0.6799533;9.854534
317;0.7182605;-0.7374141;9.864111
318;0.8619126;-0.89064306;9.77792
319;0.7374141;-0.8810662;9.959879
320;0.91937345;-0.9864111;10.189722
321;0.7086837;-1.0055647;10.103531
322;0.49799395;-1.1013328;10.036493
323;0.45010993;-1.2258313;10.01734
324;0.20111294;-1.2641385;9.672575
325;0.19153613;-1.2449849;9.854534
326;0.10534488;-1.340753;9.77792
327;0.2681506;-1.3503298;9.595961
328;0.08619126;-1.3120226;9.758766
329;0.02873042;-1.2162545;9.691729
330;0.08619126;-1.2258313;9.548077
331;-0.32561144;-1.2066777;9.548077
332;-0.34476504;-1.0534488;9.787497
333;-0.29688102;-0.91937345;9.710882
334;-0.545878;-0.89064306;9.643845
335;-0.047884032;-0.82360536;9.911995
336;0.25857377;-0.7469909;9.940725
337;0.35434186;-0.6512229;10.141838
338;0.5267244;-0.62249243;10.515334
339;0.7374141;-0.4309563;10.419566
340;0.842759;-0.45010993;10.352529
341;1.0342951;-0.45968673;10.457873
342;0.7757214;-0.40222588;10.247183
343;1.1300632;-0.50757074;10.04607
344;1.0055647;-0.5554548;9.682152
345;0.7661445;-0.60333884;9.758766
346;0.90979666;-0.61291564;9.873688
347;0.63206923;-0.5554548;9.56723
348;0.60333884;-0.62249243;9.184157
349;0.7757214;-0.7086837;9.165004
350;0.59376204;-0.5267244;9.730036
351;0.5554548;-0.31603462;9.500193
352;0.37349546;-0.48841715;9.193734
353;0.49799395;-0.15322891;9.423578
354;0.33518824;-0.2777274;9.825804
355;0.22984336;-0.047884032;9.749189
356;0.33518824;-0.047884032;9.844957
357;0.009576807;0.22026655;10.132261
358;0.11492168;0.545878;10.400413
359;0.0;0.81402856;10.04607
360;-0.39264908;0.59376204;10.151415
361;0.35434186;0.78529817;9.672575
362;0.29688102;0.58418524;10.6398325
363;0.038307227;1.0534488;10.199299
364;-0.05746084;1.0247183;10.0269165
365;0.095768064;1.1779473;10.25676
366;0.12449849;1.1875241;10.25676
367;0.076614454;1.2162545;10.160992
368;0.18195933;1.2641385;10.189722
369;0.047884032;1.3311762;10.218452
370;0.19153613;1.3790601;10.180145
371;0.23942018;1.283292;9.950302
372;0.24899697;1.3694834;9.825804
373;0.37349546;1.4077905;10.055647
374;0.20111294;1.5227122;9.873688
375;0.22984336;1.5610195;9.682152
376;0.35434186;1.5705963;9.77792
377;0.21068975;1.7429788;9.931149
378;0.38307226;1.8100165;9.921572
379;0.32561144;1.8004397;9.854534
380;0.51714754;1.7717092;9.911995
381;0.81402856;1.7525556;9.940725
382;0.2681506;1.7238252;10.036493
383;0.51714754;1.7717092;10.084377
384;0.4309563;1.5801731;9.883265
385;0.12449849;1.541866;9.921572
386;0.58418524;1.6184803;10.247183
387;0.22026655;1.5610195;10.055647
388;0.5267244;1.6280571;10.065224
389;0.6703765;1.6663644;10.28549
390;0.31603462;1.7046716;10.352529
391;0.6895301;1.8004397;10.486604
392;0.12449849;1.8195933;10.247183
393;0.36391866;1.8579005;10.371682
394;0.2873042;1.8195933;10.43872
395;-0.009576807;1.9057846;10.189722
396;0.12449849;1.8866309;10.132261
397;0.11492168;1.7717092;10.01734
398;-0.02873042;1.6759412;9.797073
399;0.20111294;1.5705963;10.007763
400;0.076614454;1.2449849;9.883265
401;0.25857377;1.0726024;9.050082
402;0.02873042;1.0055647;9.481039
403;0.37349546;0.90021986;9.605537
404;0.05746084;0.9576807;9.165004
405;-0.21068975;1.0151415;9.059659
406;0.45968673;1.1109096;9.576807
407;-0.30645782;1.0534488;9.442732
408;0.41180268;1.13964;9.854534
409;-0.019153614;1.1204864;10.065224
410;0.24899697;1.2545617;9.883265
411;0.60333884;1.2354081;10.611102
412;0.08619126;1.2641385;10.898406
413;0.58418524;1.13964;10.352529
414;0.8714894;1.1013328;10.43872
415;0.038307227;1.13964;10.965444
416;0.7565677;1.13964;10.496181
417;0.7757214;1.0055647;9.634268
418;0.10534488;0.8810662;10.381259
419;0.60333884;0.9672575;10.419566
420;0.79487497;0.6703765;9.595961
421;0.58418524;0.6512229;9.921572
422;0.61291564;0.60333884;9.950302
423;1.3694834;0.40222588;9.11712
424;0.1340753;0.33518824;9.720459
425;-0.17238252;0.41180268;9.80665
426;1.043872;0.31603462;8.829816
427;0.38307226;0.5746084;9.481039
428;0.076614454;0.62249243;10.352529
429;1.6280571;0.82360536;9.346964
430;0.17238252;0.6799533;9.576807
431;0.34476504;1.0247183;10.304645
432;1.0726024;0.8619126;9.739613
433;-0.7565677;1.0055647;9.270349
434;-0.20111294;1.1779473;10.25676
435;0.47884035;1.1109096;9.548077
436;-0.076614454;1.0247183;9.11712
437;-0.45010993;1.0055647;9.816227
438;0.79487497;1.1300632;9.730036
439;-0.15322891;0.81402856;9.56723
440;0.5267244;0.8619126;10.208876
441;0.18195933;0.61291564;9.404425
442;0.47884035;0.6991069;9.749189
443;-1.0821792;0.4213795;9.844957
444;0.50757074;0.78529817;9.136273
445;-0.545878;0.8714894;9.289502
446;-0.6799533;1.1683705;10.649409
447;0.35434186;1.2545617;10.0748005
448;-0.30645782;0.91937345;9.911995
449;0.5267244;0.92895025;10.036493
450;1.9440918;0.91937345;10.189722
451;1.5993267;0.5650316;10.247183
452;3.0262709;1.0055647;11.18571
453;1.5610195;0.9672575;11.013328
454;2.0973208;1.1300632;11.147403
455;0.7565677;1.0726024;10.994174
456;-0.93852705;1.2737153;10.266336
457;-1.1204864;1.2066777;9.825804
458;-0.79487497;1.292869;10.007763
459;-0.61291564;1.2449849;10.658986
460;-0.047884032;1.1013328;10.371682
461;1.091756;1.0821792;10.189722
462;0.6703765;0.6991069;10.457873
463;1.4269443;0.61291564;10.7356
464;0.61291564;0.047884032;10.486604
465;0.11492168;-0.05746084;8.954314
466;0.18195933;-0.19153613;8.7532015
467;-0.37349546;-0.076614454;8.839393
468;-0.82360536;-0.11492168;8.90643
469;-0.7661445;-0.047884032;8.628703
470;-1.436521;-0.22984336;8.236053
471;-0.78529817;-0.31603462;8.743625
472;0.076614454;-0.19153613;9.279925
473;0.17238252;-0.18195933;10.113108
474;1.1109096;-0.0;10.295067
475;1.4460979;-0.05746084;11.089942
476;1.2162545;-0.23942018;10.831368
477;2.4516625;0.047884032;11.453861
478;1.3982137;0.16280572;11.798626
479;1.2737153;0.10534488;10.965444
480;0.5554548;-0.24899697;10.572795
481;0.4213795;-0.6895301;9.557653
482;0.93852705;-0.63206923;9.433155
483;0.4405331;-0.4213795;10.630256
484;0.8523358;-0.20111294;10.419566
485;1.0534488;-0.35434186;9.835381
486;-0.5746084;-0.91937345;8.6574335
487;1.6663644;-0.8810662;8.121132
488;1.7046716;-0.5746084;10.218452
489;0.62249243;-0.29688102;10.754754
490;2.3463178;-0.2777274;9.461885
491;0.81402856;-0.45010993;9.222465
492;-0.1340753;-0.19153613;10.342952
493;-0.36391866;-0.05746084;9.251195
494;-2.2888567;-0.12449849;8.264784
495;-1.13964;0.4213795;9.710882
496;-2.9400797;-0.23942018;8.599973
497;-1.0534488;0.06703765;7.28795
498;-0.8523358;-0.41180268;9.911995
499;-0.60333884;0.19153613;10.180145
500;1.3599066;0.18195933;9.911995
501;0.91937345;0.20111294;11.022904
502;0.038307227;0.1340753;10.773908
503;1.5705963;0.5650316;9.873688
504;0.45968673;0.45010993;11.118672
505;-1.3024458;0.6607997;11.511322
506;-0.79487497;0.59376204;9.385271
507;-1.340753;0.095768064;7.9391727
508;-0.7469909;0.36391866;9.950302
509;0.38307226;0.61291564;11.348516
510;1.6663644;0.7565677;9.959879
511;0.7757214;0.59376204;9.720459
512;2.8443117;0.60333884;10.218452
513;2.528277;0.62249243;10.716447
514;2.2026656;0.47884035;10.668563
515;1.4077905;0.2873042;10.189722
516;0.90979666;-0.38307226;9.77792
517;0.61291564;-0.4309563;9.337387
518;-0.5267244;-0.5363012;7.8146744
519;-1.1109096;-0.29688102;8.418014
520;0.39264908;0.2777274;10.563218
521;-0.58418524;0.641646;10.515334
522;1.1875241;0.7661445;10.793061
523;1.340753;0.4309563;11.271901
524;1.9249382;0.9959879;11.81778
525;1.8579005;1.1875241;12.315774
526;-0.05746084;1.292869;10.812215
527;-0.17238252;1.6663644;10.43872
528;-1.1971009;1.4748282;11.798626
529;-0.8810662;1.6280571;10.362105
530;-0.79487497;1.3215994;8.848969
531;0.34476504;1.685518;10.065224
532;0.095768064;1.4939818;11.013328
533;1.5035586;1.484405;9.643845
534;0.7086837;1.1779473;10.477027
535;-0.5267244;0.78529817;9.768343
536;1.1204864;-0.06703765;8.00621
537;-0.58418524;0.02873042;8.513782
538;-2.2697031;0.40222588;10.266336
539;-0.8714894;1.1013328;8.42759
540;-1.8387469;0.6607997;6.991069
541;-1.292869;0.91937345;9.356541
542;0.12449849;0.51714754;10.601525
543;1.4460979;0.31603462;8.465898
544;1.934515;0.17238252;10.189722
545;1.388637;0.009576807;12.0093155
546;3.5913026;0.38307226;10.25676
547;0.17238252;0.62249243;10.515334
548;-1.1300632;0.8619126;10.342952
549;-0.29688102;1.1204864;9.835381
550;-1.7717092;0.7182605;10.43872
551;0.009576807;0.62249243;10.764331
552;1.7717092;0.7661445;10.860099
553;1.934515;0.6991069;11.9614315
554;4.855441;1.2449849;12.488156
555;2.566584;0.5650316;11.310209
556;0.4213795;-0.02873042;9.126697
557;2.3654714;0.17238252;9.260772
558;-0.45968673;0.1340753;8.485051
559;-1.8100165;0.009576807;7.824251
560;-0.23942018;0.22026655;8.0924015
561;-2.1068976;-0.11492168;7.833828
562;0.8810662;0.15322891;8.073248
563;0.9864111;-0.019153614;9.299079
564;2.6527755;0.41180268;9.126697
565;1.7525556;0.46926352;9.548077
566;-0.047884032;0.9864111;9.864111
567;0.51714754;0.7086837;9.270349
568;-1.7621324;0.4405331;8.39886
569;-0.4213795;0.7278373;9.787497
570;-0.076614454;0.21068975;10.524911
571;-0.6895301;0.22984336;8.571242
572;1.4939818;0.63206923;9.662998
573;0.30645782;0.40222588;11.042058
574;1.9057846;1.0151415;9.902418
575;-0.7469909;0.7086837;10.419566
576;-0.63206923;0.8331822;11.626244
577;0.2681506;0.5363012;11.003751
578;-1.1109096;0.34476504;11.626244
579;0.58418524;0.7661445;11.827356
580;1.0726024;0.6512229;11.664551
581;2.0398598;1.1971009;11.492168
582;-0.6895301;1.388637;11.386824
583;-0.5267244;1.4556746;11.243171
584;-1.4077905;0.60333884;10.46745
585;-0.7661445;0.33518824;9.959879
586;0.7469909;-0.29688102;10.649409
587;1.9440918;0.08619126;10.400413
588;2.8060043;0.4405331;9.356541
589;1.8291701;0.61291564;10.228029
590;0.7757214;0.545878;10.869676
591;-0.08619126;0.6991069;9.394848
592;-2.633622;0.45968673;9.002198
593;-0.2777274;0.92895025;9.461885
594;-0.45010993;0.25857377;9.299079
595;-0.38307226;0.08619126;8.90643
596;1.292869;-0.095768064;10.199299
597;2.2026656;-0.06703765;10.860099
598;1.3215994;-0.2777274;9.346964
599;0.36391866;-0.50757074;7.4124484
600;-0.1340753;-0.33518824;8.283937
601;-1.340753;-0.0;8.695741
602;-3.1890767;-0.7565677;7.067683
603;0.9959879;-0.2681506;6.8665705
604;0.9576807;-0.18195933;9.797073
605;2.96881;0.33518824;9.883265
606;2.1643584;0.32561144;10.400413
607;-0.35434186;0.641646;11.089942
608;-0.08619126;1.3790601;9.969456
609;-3.074155;1.0342951;9.385271
610;-0.641646;1.1683705;11.061212
611;3.821146;1.7621324;11.87524
612;-0.81402856;0.48841715;11.224017
613;2.4995465;1.8004397;11.712435
614;2.825158;1.3024458;13.311762
615;-2.6431987;1.0247183;8.6574335
616;-0.5746084;0.9576807;9.184157
617;-1.340753;0.47884035;10.275913
618;-3.2369606;-0.81402856;8.1402855
619;3.3997664;0.038307227;9.528923
620;2.5570073;-0.63206923;12.449849
621;-0.7757214;-1.0055647;8.762778
622;5.2002063;-0.10534488;6.6175733
623;-0.5267244;-1.3694834;9.299079
624;-2.9783869;-0.10534488;8.418014
625;1.9249382;0.81402856;8.169016
626;-2.135628;-0.2777274;9.5385
627;-0.10534488;0.16280572;7.4603324
628;3.7732618;-0.18195933;8.772355
629;1.5897499;0.05746084;12.0093155
630;0.4213795;1.0151415;13.101071
631;-0.63206923;1.0821792;10.668563
632;-0.7469909;0.22984336;8.073248
633;-1.0342951;0.8331822;10.400413
634;-0.24899697;1.1109096;12.344504
635;1.4652514;1.1204864;9.730036
636;0.076614454;0.4309563;9.050082
637;0.5554548;0.18195933;10.093954
638;2.873042;0.45968673;11.204864
639;0.4405331;0.61291564;12.77546
640;-1.436521;0.50757074;11.453861
641;1.1204864;0.19153613;10.007763
642;0.4213795;-0.6607997;8.513782
643;-0.18195933;-0.31603462;10.43872
644;1.8770541;-0.1436521;9.404425
645;-0.60333884;-0.12449849;7.240066
646;-0.91937345;0.11492168;9.490616
647;1.532289;0.019153614;10.630256
648;2.5091233;-0.0;8.264784
649;0.1340753;-0.37349546;8.39886
650;1.5035586;-0.58418524;10.927136
651;1.9440918;-0.4309563;9.097966
652;-2.4612393;-0.35434186;8.992621
653;-1.2641385;0.08619126;9.279925
654;-0.6607997;-0.25857377;8.169016
655;0.45010993;-0.51714754;10.43872
656;3.2848446;0.545878;13.503298
657;1.484405;-0.48841715;12.727576
658;3.2465374;-0.30645782;9.615114
659;0.842759;-1.13964;9.346964
660;-1.6280571;-0.90979666;10.697293
661;-1.5897499;-0.6799533;9.040505
662;-2.3463178;-0.7374141;7.0102224
663;-0.9576807;-0.8619126;7.0581064
664;3.5242648;-0.4213795;10.323798
665;1.340753;-1.3311762;9.662998
666;2.2122424;-0.7086837;8.7053175
667;-0.39264908;-0.89064306;10.228029
668;-1.4460979;-0.18195933;9.193734
669;-0.038307227;-0.22984336;9.394848
670;-0.17238252;-0.21068975;11.358093
671;1.4556746;0.10534488;11.137826
672;1.2066777;-0.641646;9.270349
673;1.8004397;-0.1340753;10.0748005
674;0.59376204;0.60333884;12.679692
675;-2.5474305;0.8331822;11.827356
676;-0.2873042;0.009576807;8.312668
677;1.8195933;0.45968673;10.726024
678;0.62249243;0.06703765;13.120225
679;5.5737014;0.79487497;13.196839
680;4.2425256;-0.5554548;11.530476
681;-2.1547816;-0.92895025;9.864111
682;1.1875241;-0.23942018;8.916007
683;-2.27928;-1.1971009;9.892841
684;-4.31914;-0.23942018;8.207323
685;-1.1204864;-1.0630256;8.66701
686;1.1971009;-1.292869;6.579266
687;0.545878;-1.3120226;7.9104424
688;1.8291701;-0.40222588;10.429143
689;-0.05746084;-0.62249243;8.973468
690;-0.50757074;-1.0821792;7.4603324
691;-1.1300632;-1.6472107;7.5944076
692;1.7717092;-1.1204864;8.341399
693;2.4995465;-0.34476504;9.739613
694;0.22984336;0.076614454;9.471462
695;2.6431987;0.89064306;8.303091
696;-0.019153614;0.60333884;8.695741
697;-0.38307226;1.7429788;11.204864
698;-0.90021986;1.4269443;8.082825
699;-0.08619126;0.90979666;10.601525
700;3.2465374;2.432509;11.856087
701;1.4748282;1.8004397;14.5759
702;2.7102363;2.6910827;11.865664
703;2.566584;2.4133554;10.745177
704;-0.5650316;1.1492168;10.907983
705;-1.4173675;0.8523358;10.381259
706;0.24899697;1.8100165;10.869676
707;-0.63206923;1.0821792;12.737153
708;2.4037786;0.29688102;8.2169
709;2.9496565;-0.7086837;5.755661
710;-0.019153614;-0.076614454;9.816227
711;-0.019153614;1.3120226;11.60709
712;-0.8619126;1.4748282;11.195287
713;-2.2984335;1.1779473;11.903971
714;1.043872;0.6991069;9.203311
715;2.3750482;0.06703765;6.2249246
716;1.1013328;1.1492168;10.46745
717;0.20111294;2.5761611;13.532028
718;-3.4955344;1.6567876;11.616667
719;-1.4269443;1.340753;6.9623384
720;0.6512229;0.8523358;5.9280434
721;1.4652514;1.043872;8.63828
722;2.1260512;2.27928;10.94629
723;0.7757214;2.3750482;11.616667
724;-0.80445176;2.566584;10.199299
725;-0.02873042;2.087744;11.18571
726;1.3694834;1.0821792;8.6574335
727;-0.10534488;0.22984336;5.803545
728;-0.2681506;0.24899697;7.728483
729;-0.076614454;1.2066777;13.263878
730;-3.0358477;1.3024458;10.170568
731;-1.0342951;0.7565677;7.929596
732;1.8100165;-0.7469909;6.2632318
733;0.9959879;0.6703765;9.165004
734;2.6527755;2.528277;14.499286
735;1.0821792;3.323152;15.68681
736;-0.40222588;2.6431987;10.141838
737;0.6703765;0.7661445;8.983045
738;2.528277;1.091756;8.66701
739;2.1164744;1.8291701;12.220005
740;1.1204864;2.2984335;12.200851
741;-2.528277;0.9576807;10.563218
742;-0.6799533;1.8866309;8.963891
743;0.8619126;0.5554548;10.218452
744;1.6089035;2.7006595;8.255207
745;2.0015526;1.7525556;11.530476
746;1.7717092;2.1260512;11.051635
747;-0.58418524;1.8866309;10.0748005
748;-1.484405;1.0821792;7.9104424
749;-0.641646;0.19153613;7.086837
750;-0.18195933;0.51714754;6.4643445
751;1.7717092;0.05746084;10.601525
752;-0.6799533;0.23942018;10.67814
753;-0.019153614;0.37349546;6.847417
754;0.22984336;-0.038307227;6.933608
755;-1.8100165;0.22984336;11.042058
756;0.48841715;1.091756;12.334928
757;-2.2026656;0.5363012;9.959879
758;0.45968673;1.436521;12.74673
759;2.6623523;1.0342951;12.11466
760;-1.3982137;0.08619126;9.069236
761;4.8267107;0.60333884;9.940725
762;-0.06703765;0.7469909;13.40753
763;-2.7006595;0.12449849;11.176133
764;3.1124623;-0.47884035;5.8322754
765;-2.7868507;-2.384625;7.029376
766;-2.7102363;-0.45010993;10.304645
767;3.4284968;-0.0;10.649409
768;-0.46926352;-1.2449849;11.224017
769;-0.4213795;-0.1436521;8.408437
770;2.2026656;-1.5131354;10.620679
771;3.122039;-0.05746084;10.43872
772;0.9576807;-0.10534488;12.277467
773;-0.8619126;0.47884035;12.028469
774;-1.1683705;-0.62249243;10.994174
775;0.076614454;-0.9959879;6.3589997
776;0.24899697;-0.92895025;6.3781533
777;0.29688102;-0.7661445;10.97502
778;0.8714894;0.63206923;13.215993
779;1.5035586;0.8523358;9.883265
780;-1.7908629;-0.11492168;7.929596
781;4.7405195;0.63206923;9.107543
782;0.5267244;0.4309563;9.289502
783;-0.2777274;0.10534488;11.674128
784;2.3175871;0.9959879;10.97502
785;-2.5570073;-1.6567876;9.155427
786;-0.5746084;-1.1683705;7.536947
787;5.592855;0.19153613;7.73806
788;-2.9592333;-1.5705963;9.299079
789;-0.21068975;-0.92895025;6.7612257
790;1.4939818;-0.5650316;8.734048
791;-5.056554;-1.0247183;10.036493
792;0.6991069;-0.5650316;6.244078
793;4.367024;-1.2354081;8.619126
794;-2.3654714;-0.6607997;12.200851
795;1.0342951;1.1013328;13.694834
796;0.5554548;-0.6895301;8.274361
797;-2.873042;-0.5267244;8.916007
798;3.1986535;1.982399;13.733141
799;0.81402856;1.2737153;16.85518
800;-0.32561144;1.7238252;11.501745
801;2.4995465;1.6472107;10.486604
802;-2.1260512;0.38307226;11.942278
803;-1.3694834;-0.5363012;10.371682
804;6.090849;-0.39264908;6.1004257
805;-1.4269443;-0.0;12.287044
806;-2.633622;-0.641646;10.821792
807;8.523358;1.2449849;6.579266
808;-1.436521;-2.5761611;4.012682
809;-1.8579005;0.94810385;11.702858
810;4.4436383;1.4939818;10.333375
811;-7.0102224;-1.2066777;5.793968
812;-1.5897499;-0.38307226;3.7349546
813;2.5187001;0.038307227;8.101978
814;-3.4763808;-0.7469909;10.936713
815;3.5625722;-0.1340753;13.378799
816;6.7133417;-0.34476504;11.080365
817;-3.4093432;-1.8291701;8.695741
818;3.763685;0.842759;10.783484
819;4.7788267;-0.12449849;11.444284
820;-5.00867;-0.8619126;5.3342814
821;2.2218192;1.5801731;10.812215
822;-5.21936;-0.31603462;10.582372
823;-1.934515;-0.80445176;5.401319
824;3.9552212;-0.18195933;9.931149
825;-2.1547816;-0.6607997;15.05474
826;3.0358477;0.93852705;12.53604
827;3.9935284;-0.2777274;9.021352
828;-3.0933087;-1.8291701;9.519346
829;1.5705963;0.90979666;12.842498
830;2.1930888;1.0534488;10.180145
831;-2.767697;-0.80445176;6.445191
832;-3.8977604;0.06703765;12.258312
833;0.7757214;0.6512229;9.356541
834;0.5363012;-0.2873042;6.1100025
835;-1.1300632;0.6991069;10.132261
836;-1.4748282;-0.89064306;14.298173
837;3.7062242;-1.541866;9.346964
838;5.659893;-0.7278373;6.885724
839;-4.8841715;-1.5993267;10.831368
840;1.9440918;1.091756;13.426683
841;2.3463178;-0.7086837;9.768343
842;-9.088389;-1.1779473;9.097966
843;1.9536686;1.2066777;10.965444
844;5.00867;0.5363012;8.580819
845;-6.2249246;-1.7046716;11.032481
846;3.5913026;1.9728222;12.0571995
847;4.4436383;-0.24899697;12.794614
848;-3.5051112;-1.5993267;10.266336
849;5.66947;0.78529817;10.994174
850;2.0590134;-2.6144683;9.040505
851;-1.0342951;-1.5993267;4.817134
852;1.8962077;-0.21068975;12.0571995
853;-4.0892963;-0.39264908;8.676587
854;-1.2737153;0.30645782;3.6104562
855;0.7757214;-0.19153613;9.643845
856;-1.982399;-0.4309563;10.70687
857;3.0550013;0.34476504;11.57836
858;1.4556746;-1.1683705;12.133814
859;1.9440918;-0.076614454;10.783484
860;1.4173675;-0.7374141;5.717354
861;2.2218192;0.8619126;11.473015
862;2.7102363;1.043872;14.537593
863;-3.6296098;-1.0630256;7.5082164
864;2.3558946;-0.62249243;0.39264908
865;-1.4077905;-1.4077905;13.340492
866;-3.6104562;0.63206923;13.158532
867;4.7405195;2.3942018;8.552089
868;-4.7884035;-1.4269443;8.973468
869;-2.96881;0.33518824;8.312668
870;8.418014;0.8810662;8.130709
871;0.48841715;0.545878;12.679692
872;-3.2369606;0.49799395;10.6877165
873;6.0238113;1.7238252;8.896853
874;-2.9975405;-1.2258313;11.789049
875;-4.4915223;-0.06703765;10.352529
876;7.2592196;0.6991069;9.576807
877;-3.016694;-1.4652514;13.9917145
878;-4.5202527;0.60333884;14.250289
879;3.8498764;0.009576807;7.249643
880;-5.3438582;-2.6144683;3.083732
881;-0.4213795;-1.2641385;11.348516
882;5.257667;-2.3175871;13.953407
883;-1.9249382;-1.7812861;5.985504
884;-2.6719291;-2.135628;5.363012
885;1.1204864;-1.292869;7.565677
886;0.8810662;-0.7757214;10.6398325
887;-2.873042;-0.4213795;10.936713
888;1.4556746;0.4213795;11.616667
889;1.8387469;-0.6895301;7.967903
890;-2.0111294;-0.7374141;5.861006
891;4.5394063;1.7621324;13.704411
892;-2.6144683;0.61291564;10.524911
893;-1.8866309;-0.2681506;7.422025
894;-2.719813;-1.1204864;6.1866174
895;-1.0247183;-1.0247183;5.6886234
896;5.046977;-0.4309563;12.497733
897;1.6376339;0.33518824;14.748282
898;-0.29688102;0.08619126;10.218452
899;3.8786068;0.641646;9.710882
900;1.9919758;0.79487497;11.329363
901;-1.3215994;-1.4652514;10.91756
902;3.7445314;-0.34476504;7.651869
903;-3.6966474;-1.043872;10.103531
904;-4.4915223;-0.4213795;11.176133
905;2.5570073;0.48841715;8.571242
906;-0.7278373;-1.1300632;9.787497
907;-0.41180268;-0.641646;11.051635
908;5.947197;0.5267244;14.949395
909;0.9672575;-1.4460979;15.849615
910;-0.40222588;-2.0494366;10.180145
911;2.2026656;-2.3558946;8.360553
912;-2.1547816;-2.7485435;10.295067
913;-1.8770541;-1.6663644;8.465898
914;-1.8483237;-1.4173675;7.038953
915;-5.3821654;-1.3311762;8.7053175
916;-1.6950948;-0.6607997;8.676587
917;2.9783869;-0.16280572;7.52737
918;-0.076614454;-1.1013328;12.258312
919;1.5801731;0.7374141;11.63582
920;0.7469909;-0.02873042;9.203311
921;0.33518824;0.047884032;8.647857
922;-0.29688102;1.3311762;8.542512
923;-2.825158;1.4748282;7.728483
924;-2.3654714;1.3120226;8.66701
925;-3.9264908;0.6607997;8.772355
926;-0.78529817;0.45010993;8.197746
927;2.96881;0.5267244;11.405977
928;0.79487497;-0.8810662;13.110648
929;3.1316159;0.17238252;9.385271
930;5.544971;-0.9959879;9.375694
931;-2.5761611;-0.842759;10.390836
932;0.24899697;0.10534488;10.266336
933;-0.80445176;-0.6607997;8.963891
934;-5.1906295;-1.9632454;9.710882
935;-0.16280572;-0.6512229;8.925584
936;0.6895301;-2.3175871;10.036493
937;-0.08619126;-0.4213795;11.990162
938;2.3654714;-0.10534488;14.81532
939;3.5051112;0.59376204;13.273455
940;4.2521024;0.842759;14.068329
941;1.6759412;0.6799533;15.351622
942;0.49799395;0.33518824;10.649409
943;-1.4939818;-0.5554548;7.431602
944;-0.9576807;0.009576807;8.111555
945;-3.9743748;-1.1492168;11.080365
946;-2.2218192;-0.7086837;4.8362875
947;1.7525556;-0.47884035;6.579266
948;-1.9153614;-0.2777274;9.634268
949;2.384625;0.095768064;8.781932
950;2.767697;-1.0247183;8.63828
951;2.030283;0.06703765;8.887277
952;3.016694;0.047884032;10.601525
953;1.8483237;-0.11492168;7.536947
954;2.27928;0.009576807;7.73806
955;-1.8100165;0.21068975;9.126697
956;-2.0685902;-0.22026655;9.452309
957;-1.091756;0.22984336;8.791509
958;-6.3781533;-0.59376204;7.4603324
959;-0.5554548;1.043872;6.8282633
960;0.6703765;0.40222588;10.46745
961;-1.7142484;1.6663644;11.712435
962;5.602432;1.7046716;12.038046
963;1.1779473;-0.9768343;10.409989
964;2.825158;0.5554548;9.9790325
965;5.8322754;1.2066777;12.631808
966;-4.3766007;0.4309563;16.117765
967;-1.541866;1.4556746;12.334928
968;2.384625;0.61291564;9.002198
969;-3.6487634;-0.38307226;12.995727
970;-1.7429788;1.0055647;15.428236
971;0.8714894;-0.02873042;12.804191
972;-2.5953147;-1.7908629;9.222465
973;0.94810385;-1.2162545;10.869676
974;2.6048915;-1.0630256;11.836933
975;3.2273839;-1.2258313;10.419566
976;4.7022123;-1.2641385;10.113108
977;0.641646;-2.2409728;9.691729
978;-1.7621324;-2.930503;5.650316
979;0.8331822;-1.9153614;4.596867
980;-0.7757214;-1.8866309;11.405977
981;-1.043872;-0.49799395;9.394848
982;0.2873042;-0.7565677;2.2888567
983;-0.12449849;-1.0247183;4.8362875
984;-1.3311762;-0.1436521;8.63828
985;0.31603462;1.0821792;7.07726
986;0.2777274;0.8714894;5.93762
987;0.11492168;-0.16280572;10.773908
988;1.6280571;0.18195933;9.969456
989;1.388637;-1.1587936;7.2209125
990;1.5227122;0.2777274;9.586384
991;1.8579005;1.6950948;15.466543
992;-1.283292;1.1204864;15.47612
993;-1.3024458;0.2681506;7.7189064
994;0.842759;-0.08619126;7.2113357
995;0.15322891;0.12449849;14.279019
996;-4.1371803;0.7757214;15.102624
997;-2.585738;0.2777274;11.894394
998;-1.1779473;-0.47884035;14.346057
999;-0.7182605;-1.4748282;13.311762
1000;7.067683;-1.292869;11.750742
1001;6.1100025;-3.7445314;16.567875
1002;-1.6950948;-2.8921957;14.901511
1003;-1.3982137;-3.074155;12.181698
1004;-0.5363012;-3.5529952;7.086837
1005;2.0494366;-6.435614;8.130709
1006;3.9839516;-7.345411;5.3438582
1007;0.33518824;-5.3247046;5.7365074
1008;-5.0182467;-4.0318356;4.855441
1009;-2.1164744;-2.27928;3.8786068
1010;-0.46926352;-3.5338416;2.2697031
1011;1.0821792;-0.59376204;5.0757074
1012;1.7621324;-1.1587936;8.025364
1013;0.2873042;0.32561144;7.565677
1014;3.7541082;1.6376339;9.56723
1015;-0.89064306;0.81402856;11.722012
1016;2.2122424;3.8881836;12.4785795
1017;4.865018;3.371036;12.229582
1018;-2.719813;2.0494366;13.541605
1019;0.60333884;3.8115692;8.647857
1020;-1.340753;1.9632454;13.982138
1021;-7.431602;2.4133554;10.745177
1022;-0.05746084;3.0071173;9.605537
1023;-1.7812861;1.1875241;9.212888
1024;-3.6008794;-0.51714754;11.511322
1025;2.6719291;-1.8579005;10.773908
1026;3.8402996;-1.9057846;10.726024
1027;1.7238252;-3.1316159;14.738706
1028;5.1810527;-1.7429788;16.175226
1029;2.1739352;-2.5953147;9.768343
1030;-0.02873042;-3.9073372;3.667917
1031;-6.3206925;-6.033388;7.5848308
1032;-6.655881;-4.4436383;4.8362875
1033;0.1340753;-4.9799395;2.4708161
1034;2.2601264;-1.6567876;6.895301
1035;4.5202527;-1.0247183;15.035586
1036;5.602432;-0.9959879;11.779472
1037;5.746084;0.641646;9.931149
1038;1.7238252;1.0247183;11.712435
1039;-1.3790601;2.2409728;13.081918
1040;-3.016694;0.5746084;7.479486
1041;-2.6431987;0.4213795;12.612655
1042;0.2681506;1.1300632;13.9917145
1043;1.5897499;0.4213795;12.765883
1044;4.855441;-0.16280572;11.894394
1045;7.28795;-0.47884035;15.773001
1046;3.4093432;-1.0247183;14.18325
1047;-1.1779473;-1.4460979;7.8146744
1048;-0.05746084;-0.49799395;10.323798
1049;-6.8091097;0.46926352;13.321339
1050;-7.690176;0.63206923;7.28795
1051;1.6376339;1.5514427;8.66701
1052;-1.2066777;0.22984336;16.385916
1053;-2.2888567;0.9672575;13.656527
1054;9.921572;0.7374141;6.9048777
1055;0.63206923;-1.5993267;6.7612257
1056;2.1260512;0.34476504;17.937359
1057;7.6710224;0.6799533;7.393295
1058;-6.8665705;-4.721366;-0.9576807
1059;-0.9768343;-0.076614454;6.9527617
1060;-4.7884035;-2.6431987;7.9583263
1061;-5.3821654;-1.6184803;-1.13964
1062;0.4405331;-0.9864111;-4.0797195
1063;-11.434708;-2.327164;10.199299
1064;2.4899697;1.8579005;17.075447
1065;6.8186865;-1.388637;3.5434184
1066;-4.5394063;-0.46926352;11.741165
1067;4.5298295;1.541866;18.511967
1068;3.514688;-1.3503298;7.9870567
1069;-5.66947;-2.873042;-6.244078
1070;-4.960786;-2.087744;8.571242
1071;0.15322891;0.9672575;8.791509
1072;0.48841715;-1.2066777;11.463438
1073;-1.8100165;-0.6991069;14.949395
1074;3.8115692;1.532289;16.021997
1075;0.61291564;0.30645782;16.22311
1076;-1.6950948;3.4572272;14.853627
1077;1.5801731;3.6296098;15.849615
1078;2.7485435;1.283292;19.383457
1079;7.192182;3.8881836;15.294161
1080;0.9768343;1.3120226;16.759413
1081;1.5705963;2.3558946;15.792154
1082;2.0973208;2.4420857;6.033388
1083;2.0111294;2.2026656;11.434708
1084;3.8019924;2.5378537;14.116213
1085;-4.7405195;-0.82360536;2.030283
1086;5.363012;-1.2449849;-0.9576807
1087;2.0973208;-0.58418524;6.9048777
1088;-8.1881695;0.40222588;7.872135
1089;6.3685765;-1.1204864;-5.1810527
1090;0.10534488;-6.703765;-8.178593
1091;-1.1204864;-1.5514427;4.548983
1092;10.342952;0.12449849;6.0716953
1093;-4.960786;-1.8866309;4.462792
1094;-10.5919485;-2.2888567;-6.1866174
1095;-2.384625;0.34476504;-4.3861775
1096;-3.5817258;0.33518824;4.4244847
1097;-5.6886234;2.873042;13.139379
1098;-2.767697;5.0278234;9.825804
1099;4.673482;4.3478703;17.640478
1100;5.046977;5.6982;20.60929
1101;4.510676;6.703765;20.580557
1102;4.663905;5.889736;24.076092
1103;0.019153614;8.00621;25.52219
1104;-7.8912888;9.576807;24.650702
1105;-3.8402996;7.3166804;20.532673
1106;4.817134;7.144298;16.184803
1107;2.7868507;5.00867;22.610842
1108;5.535394;5.803545;21.452047
1109;6.6750345;2.3750482;18.224663
1110;4.4340615;3.3518825;9.844957
1111;2.4995465;0.009576807;10.304645
1112;1.685518;0.095768064;9.136273
1113;-2.384625;-0.4213795;7.067683
1114;-2.3750482;-0.60333884;6.291962
1115;0.24899697;-0.7757214;6.3589997
1116;-1.436521;-1.2545617;7.489063
1117;0.6799533;-0.34476504;10.46745
1118;3.1411927;-0.22026655;9.174581
1119;2.480393;0.10534488;10.208876
1120;1.0821792;0.047884032;12.449849
1121;0.7374141;0.076614454;12.191275
1122;0.35434186;-0.78529817;7.335834
1123;-3.5817258;-1.0726024;7.967903
1124;-2.9783869;-0.37349546;8.973468
1125;-0.31603462;-0.89064306;7.2113357
1126;-0.6799533;-1.1587936;7.201759
1127;0.8619126;-0.7086837;8.954314
1128;2.3080103;-1.2354081;9.471462
1129;4.7500963;-1.1013328;8.590396
1130;-0.1340753;-0.16280572;7.785944
1131;0.45968673;-0.019153614;11.453861
1132;-1.4556746;-1.6759412;9.519346
1133;-1.7142484;-0.9959879;5.1235914
1134;-1.3024458;-0.641646;7.929596
1135;-1.982399;-1.1683705;9.490616
1136;1.0247183;-1.0055647;6.7612257
1137;-1.2066777;-2.6144683;7.144298
1138;0.46926352;-1.5514427;10.01734
1139;3.6104562;-1.1587936;8.6095495
1140;0.29688102;-0.78529817;9.241618
1141;0.50757074;1.13964;9.414001
1142;-5.315128;-1.3790601;10.888829
1143;-2.0111294;-0.7565677;6.090849
1144;2.0685902;0.08619126;6.1770406
1145;-0.4309563;-2.7485435;11.779472
1146;3.2752678;0.6607997;11.492168
1147;1.6280571;-1.091756;9.251195
1148;-1.4556746;-1.5514427;10.333375
1149;3.3901896;0.15322891;9.873688
1150;0.2777274;-1.283292;10.208876
1151;-2.5378537;0.7469909;9.5385
1152;-0.4213795;1.2449849;9.519346
1153;-1.436521;-0.41180268;7.776367
1154;-0.8331822;0.009576807;8.858546
1155;3.4380736;-0.61291564;8.561666
1156;0.6703765;-1.5993267;8.169016
1157;2.4516625;1.292869;9.998186
1158;4.098873;0.93852705;12.957419
1159;-0.37349546;2.2984335;12.143391
1160;-2.0111294;-1.2354081;7.8529816
1161;-1.1013328;-2.3080103;4.3861775
1162;-3.4955344;1.091756;9.892841
1163;0.842759;2.1260512;14.54717
1164;0.32561144;0.22026655;8.734048
1165;-2.4612393;-0.7374141;5.6215854
1166;1.9632454;-2.4612393;11.118672
1167;1.7238252;0.8619126;11.923124
1168;4.261679;0.5363012;9.174581
1169;2.0398598;-1.8866309;10.936713
1170;-3.9935284;0.78529817;12.047623
1171;-4.510676;-0.8523358;10.994174
1172;1.2641385;-1.043872;4.3287168
1173;0.5267244;0.45010993;6.7324953
1174;-1.7525556;-1.733402;13.129802
1175;3.122039;0.90021986;12.162544
1176;-0.16280572;1.1779473;11.530476
1177;-0.7565677;-0.58418524;11.042058
1178;3.9360676;-0.5363012;7.469909
1179;-0.94810385;-0.49799395;7.0964136
1180;-0.2873042;0.30645782;12.4785795
1181;-0.8619126;1.6950948;12.74673
1182;-2.336741;-0.7374141;6.7612257
1183;-0.32561144;-1.4652514;4.185065
1184;-0.50757074;-1.5897499;7.9008656
1185;0.4213795;-0.22026655;13.187263
1186;2.327164;0.9864111;12.74673
1187;0.90021986;1.4939818;9.921572
1188;-2.5091233;-1.283292;8.896853
1189;1.4652514;-1.0055647;8.743625
1190;3.074155;0.47884035;11.032481
1191;-0.58418524;0.9672575;14.719552
1192;-0.50757074;-0.34476504;14.030022
1193;-2.3175871;-0.5746084;4.8458643
1194;-1.1971009;-1.9919758;7.5561004
1195;1.1300632;-1.13964;11.836933
1196;1.6663644;-0.038307227;10.879252
1197;-1.2354081;-0.9768343;8.274361
1198;0.48841715;-1.0726024;9.768343
1199;0.641646;-1.388637;9.701305
1200;-0.2777274;-1.2066777;9.414001
1201;0.82360536;-0.9768343;7.7572136
1202;-1.3599066;-1.9919758;9.634268
1203;-1.4652514;-1.1013328;10.199299
1204;-2.815581;-1.0821792;7.8529816
1205;1.7621324;-1.1109096;7.240066
1206;1.2258313;-0.7661445;9.414001
1207;0.19153613;-0.45010993;10.352529
1208;2.9975405;0.20111294;11.18571
1209;-0.50757074;-0.5554548;10.850522
1210;2.183512;0.37349546;9.251195
1211;1.3982137;-0.29688102;9.586384
1212;0.94810385;-0.6512229;12.785037
1213;1.0821792;-0.7374141;11.204864
1214;-3.122039;-1.1587936;8.590396
1215;-0.93852705;-1.484405;8.7053175
1216;2.9592333;-0.7565677;9.136273
1217;-1.2066777;-0.61291564;11.884817
1218;1.8483237;0.05746084;13.062764
1219;2.3175871;0.4213795;11.21444
1220;-1.6663644;-0.35434186;11.089942
1221;3.41892;0.9768343;10.850522
1222;0.047884032;-0.6512229;11.865664
1223;0.19153613;-0.2681506;11.712435
1224;1.8962077;-0.93852705;8.303091
1225;-3.2752678;-2.4516625;5.48751
1226;-1.3599066;-0.6703765;8.561666
1227;0.2681506;-0.78529817;9.691729
1228;-0.7757214;-0.6991069;7.201759
1229;-1.3215994;-0.6703765;9.749189
1230;0.41180268;-0.4213795;9.950302
1231;0.6512229;-0.58418524;7.7093296
1232;2.087744;-0.29688102;11.358093
1233;0.047884032;-0.7278373;11.520899
1234;0.08619126;-0.9768343;6.38773
1235;2.873042;-0.4309563;6.0142345
1236;-2.0015526;-0.009576807;13.532028
1237;-1.292869;0.82360536;10.91756
1238;-0.05746084;0.4309563;3.4093432
1239;-0.2681506;0.7661445;10.869676
1240;1.532289;1.5897499;15.907076
1241;2.4516625;0.93852705;12.6222315
1242;1.9057846;-0.1436521;7.8146744
1243;2.882619;0.17238252;12.756307
1244;0.842759;0.30645782;13.876793
1245;2.3942018;-0.2777274;8.916007
1246;-0.15322891;-1.3599066;5.5162406
1247;-2.767697;-0.7469909;8.801085
1248;0.11492168;0.24899697;9.768343
1249;1.3599066;-0.10534488;9.193734
1250;-0.641646;-0.2777274;9.998186
1251;1.6184803;0.29688102;8.810662
1252;3.6008794;0.22984336;8.868123
1253;2.0494366;0.21068975;11.492168
1254;1.4939818;1.1109096;11.990162
1255;0.02873042;0.22984336;8.714894
1256;-0.05746084;-0.4213795;7.374141
1257;-0.047884032;-0.05746084;9.299079
1258;-0.34476504;0.94810385;10.601525
1259;-0.30645782;1.5035586;10.888829
1260;-1.2545617;1.8866309;10.362105
1261;3.86903;1.0534488;11.358093
1262;2.72939;0.80445176;11.932701
1263;1.8770541;0.545878;10.007763
1264;2.6910827;0.009576807;10.630256
1265;3.016694;1.2066777;13.034034
1266;-1.6567876;-0.1340753;11.080365
1267;0.22984336;-0.6895301;4.2425256
1268;3.1028855;-0.22026655;6.9144545
1269;-3.620033;-0.19153613;12.306197
1270;-1.8770541;0.94810385;11.080365
1271;1.1109096;-0.78529817;7.6614456
1272;1.2066777;-0.1436521;11.645397
1273;3.821146;0.39264908;13.560759
1274;2.1068976;-0.6607997;11.60709
1275;3.1986535;0.08619126;9.126697
1276;-0.7565677;-0.5363012;10.208876
1277;-2.8634653;-0.90021986;9.193734
1278;0.11492168;-0.24899697;6.885724
1279;-0.79487497;-0.4309563;8.66701
1280;-2.231396;-0.32561144;9.835381
1281;4.280833;1.1971009;12.306197
1282;0.4213795;-0.19153613;12.650962
1283;1.3024458;0.25857377;11.971008
1284;2.930503;0.62249243;9.844957
1285;-2.9879637;-0.8523358;8.274361
1286;1.436521;0.24899697;10.505757
1287;3.5529952;0.90979666;12.545617
1288;-5.602432;-0.47884035;10.362105
1289;2.480393;0.8810662;8.379706
1290;1.8770541;-0.93852705;6.9719152
1291;-1.2641385;-0.37349546;11.9614315
1292;6.3302693;1.283292;11.348516
1293;-2.0207062;-0.89064306;11.233594
1294;0.7278373;0.22984336;10.247183
1295;2.6527755;-0.58418524;9.212888
1296;-2.7868507;-1.4269443;7.28795
1297;2.183512;0.46926352;9.691729
1298;0.63206923;0.08619126;11.559206
1299;-3.0358477;0.047884032;7.6135616
1300;-0.6703765;0.41180268;7.6135616
1301;1.5035586;-0.15322891;9.423578
1302;3.1794999;1.340753;12.344504
1303;0.0;-0.05746084;12.5743475
1304;1.292869;0.1340753;10.381259
1305;1.2449849;-1.6280571;6.646304
1306;-1.8291701;-0.11492168;9.605537
1307;1.13964;0.35434186;11.990162
1308;-0.39264908;0.50757074;9.662998
1309;0.1340753;-0.35434186;8.063671
1310;-0.8619126;-0.4309563;9.959879
1311;0.8619126;0.038307227;8.714894
1312;4.098873;0.46926352;11.789049
1313;1.2066777;0.91937345;14.5567465
1314;-0.16280572;-0.19153613;13.876793
1315;1.1971009;0.02873042;6.991069
1316;-0.94810385;-1.8483237;6.090849
1317;0.25857377;-1.0630256;12.152967
1318;2.681506;0.6607997;14.355634
1319;-1.1875241;-0.2681506;6.483498
1320;-0.21068975;0.62249243;8.6574335
1321;0.4213795;-0.94810385;11.377247
1322;2.0111294;1.13964;10.477027
1323;2.5378537;0.39264908;10.390836
1324;-1.6950948;0.11492168;12.373235
1325;2.9592333;0.40222588;9.835381
1326;1.4173675;-1.3982137;7.8912888
1327;0.60333884;-1.4077905;6.1770406
1328;0.45010993;-1.9536686;10.0269165
1329;2.2505496;0.12449849;9.232041
1330;-1.484405;-1.091756;6.799533
1331;0.18195933;-0.32561144;7.920019
1332;2.681506;-0.59376204;10.515334
1333;-0.6512229;-0.7278373;8.552089
1334;1.7908629;0.25857377;12.248735
1335;2.633622;0.81402856;12.105083
1336;-4.76925;-1.541866;10.0748005
1337;4.050989;0.61291564;9.002198
1338;3.3901896;-0.30645782;12.74673
1339;-6.2823853;-1.8100165;9.691729
1340;5.8801594;0.80445176;10.496181
1341;-1.7238252;-2.087744;7.4028716
1342;-5.48751;-0.9768343;13.637373
1343;8.0445175;1.3215994;10.7356
1344;-2.1260512;-2.719813;8.264784
1345;-2.0973208;-0.7182605;10.055647
1346;5.0374002;0.23942018;12.564771
1347;-1.1109096;-0.7661445;10.295067
1348;-1.532289;-1.3599066;5.2863975
1349;2.6431987;-0.81402856;8.628703
1350;-1.1013328;-0.90979666;10.927136
1351;-0.6512229;-0.80445176;8.341399
1352;2.6910827;-0.2873042;9.959879
1353;-2.5378537;-0.7565677;11.559206
1354;-0.2873042;-0.2777274;10.0269165
1355;3.4093432;-1.2354081;8.6095495
1356;-1.2066777;-1.2449849;9.902418
1357;0.17238252;0.1436521;11.693281
1358;2.4420857;-0.25857377;10.658986
1359;-1.388637;-1.1587936;6.435614
1360;-1.043872;-0.25857377;7.8146744
1361;0.8714894;0.5363012;9.433155
1362;-0.2873042;0.038307227;9.375694
1363;1.1492168;0.18195933;11.386824
1364;1.1109096;0.18195933;10.812215
1365;-0.12449849;-1.3982137;9.002198
1366;0.50757074;-1.1587936;7.929596
1367;2.5378537;0.31603462;12.928689
1368;0.35434186;0.18195933;15.045163
1369;-0.6895301;-0.12449849;7.632715
1370;1.0247183;-1.2258313;3.2465374
1371;1.1587936;-0.5267244;9.490616
1372;-0.7086837;0.30645782;13.101071
1373;1.13964;0.80445176;9.643845
1374;-0.8523358;-0.019153614;9.203311
1375;0.15322891;0.2681506;9.710882
1376;1.7429788;-0.8331822;10.429143
1377;2.566584;-0.1340753;9.576807
1378;1.3503298;0.2873042;11.434708
1379;-0.36391866;0.23942018;11.741165
1380;0.6703765;-0.35434186;9.059659
1381;1.7142484;-0.62249243;6.2632318
1382;0.22026655;0.095768064;9.088389
1383;-0.90979666;0.12449849;10.208876
1384;1.8770541;0.8619126;8.772355
1385;-0.4309563;-0.2777274;11.377247
1386;-2.183512;-0.22984336;9.643845
1387;3.7541082;0.11492168;7.1251445
1388;2.1164744;-0.20111294;9.481039
1389;-1.0534488;-0.33518824;13.962984
1390;2.7868507;1.7908629;11.291056
1391;-1.283292;-0.4405331;5.9663506
1392;-1.1875241;-0.2777274;7.73806
1393;2.4229321;0.80445176;11.750742
1394;-0.61291564;0.8714894;9.222465
1395;-3.016694;1.0726024;8.896853
1396;-0.4213795;0.7469909;11.511322
1397;0.7086837;0.5363012;9.9790325
1398;1.5035586;0.32561144;9.854534
1399;1.2449849;0.545878;12.6222315
1400;2.5378537;0.9959879;13.484144
1401;0.34476504;-0.038307227;11.654974
1402;-0.641646;-0.009576807;6.3589997
1403;1.0726024;-0.11492168;10.237606
1404;0.6895301;0.89064306;12.74673
1405;-3.4763808;-0.5746084;9.174581
1406;0.10534488;-0.6512229;8.226477
1407;2.8921957;0.009576807;12.0093155
1408;-0.34476504;0.29688102;12.315774
1409;0.641646;0.2681506;10.218452
1410;2.9592333;-0.2777274;7.5944076
1411;-1.0534488;-0.5746084;7.929596
1412;0.46926352;0.10534488;11.568783
1413;3.7828386;0.6703765;8.2169
1414;-2.2409728;-0.2681506;9.155427
1415;-1.6950948;0.79487497;11.511322
1416;1.9440918;0.7182605;11.137826
1417;0.5363012;-0.35434186;7.6614456
1418;0.4405331;-0.1340753;10.496181
1419;1.532289;-0.095768064;12.660539
1420;0.30645782;-1.1971009;7.5561004
1421;3.323152;-0.8810662;5.449203
1422;-1.4269443;-1.4269443;13.043611
1423;-0.17238252;0.1436521;7.690176
1424;1.6184803;-0.63206923;5.765238
1425;-2.7006595;0.019153614;11.951855
1426;-1.4077905;0.038307227;12.631808
1427;2.7485435;-0.21068975;7.3166804
1428;-1.2258313;-0.5363012;8.073248
1429;-1.388637;-0.89064306;14.365211
1430;3.8881836;0.22984336;12.162544
1431;-0.8619126;-1.7046716;7.843405
1432;-0.1436521;-1.8291701;11.300632
1433;2.2505496;0.45968673;11.971008
1434;0.076614454;0.06703765;11.808203
1435;-2.8634653;-1.340753;9.624691
1436;0.7757214;0.6895301;12.756307
1437;1.5897499;-0.2777274;12.708423
1438;-3.1890767;-2.2122424;8.580819
1439;2.5091233;-1.3982137;6.291962
1440;3.3423057;-0.62249243;15.227123
1441;-4.4436383;-3.1890767;10.524911
1442;7.5561004;-0.7757214;1.0247183
1443;0.60333884;-3.1124623;7.536947
1444;-7.2113357;-2.4612393;12.938266
1445;7.565677;-0.82360536;8.6574335
1446;-2.6719291;-2.8921957;2.27928
1447;-7.52737;-3.6296098;13.819332
1448;8.456321;-0.6703765;7.8146744
1449;-0.31603462;-4.5202527;3.1986535
1450;0.7182605;-1.7429788;13.819332
1451;4.8267107;-0.62249243;10.295067
1452;-2.1068976;-2.6240451;5.363012
1453;1.5131354;-3.3997664;7.297527
1454;0.8523358;-1.5801731;12.832921
1455;-1.388637;-0.2681506;12.26789
1456;-3.3518825;-0.6991069;9.931149
1457;2.4037786;-0.49799395;12.239159
1458;1.6089035;-1.7812861;10.658986
1459;-3.86903;-2.0111294;8.0445175
1460;5.746084;-0.30645782;12.679692
1461;-0.5746084;-2.7485435;17.583017
1462;-1.292869;-0.92895025;8.24563
1463;5.583278;-2.5570073;5.7365074
1464;-1.4077905;-2.6719291;8.916007
1465;-2.2601264;-1.3503298;10.333375
1466;2.0494366;-0.9672575;11.329363
1467;-2.7102363;-1.6567876;10.28549
1468;-2.9017725;-1.3215994;6.8282633
1469;6.0046577;-0.91937345;7.929596
1470;1.1013328;-2.2697031;10.342952
1471;-1.2545617;-0.9672575;10.429143
1472;3.9839516;-0.18195933;11.865664
1473;0.89064306;-1.292869;10.381259
1474;-2.0398598;-1.5610195;9.758766
1475;4.644751;-0.30645782;9.021352
1476;0.82360536;-1.8387469;7.240066
1477;-2.5570073;-1.0342951;8.149862
1478;1.2449849;-0.0;13.311762
1479;-3.0262709;-0.7565677;11.865664
1480;1.5897499;-0.36391866;7.747637
1481;1.1013328;-2.7485435;6.8186865
1482;-1.2449849;-1.8387469;9.260772
1483;2.5378537;-0.10534488;13.512875
1484;0.30645782;-0.545878;14.12579
1485;-0.80445176;-1.5131354;8.858546
1486;0.8523358;-1.6280571;8.839393
1487;1.9153614;-1.9728222;9.758766
1488;-0.51714754;-1.6567876;9.3182335
1489;-1.532289;-0.8619126;9.959879
1490;-1.4077905;-0.58418524;13.187263
1491;-2.0207062;-0.80445176;9.490616
1492;2.3080103;-0.5554548;7.833828
1493;0.79487497;-2.4133554;9.672575
1494;-0.22026655;-0.94810385;8.925584
1495;1.0726024;-0.4213795;11.453861
1496;-1.9057846;-0.61291564;13.215993
1497;0.59376204;-0.7086837;7.7093296
1498;0.80445176;-2.6910827;7.7093296
1499;2.7964275;-1.7142484;11.741165
1500;-1.0055647;-1.3024458;10.218452
1501;-0.6895301;-1.7429788;8.264784
1502;-0.2777274;-0.93852705;8.446744
1503;1.1683705;-0.30645782;12.53604
1504;2.0015526;-0.4405331;11.63582
1505;1.934515;-1.3694834;7.8050976
1506;1.9153614;-1.1971009;8.973468
1507;-1.340753;-1.8770541;9.251195
1508;0.7278373;-1.0247183;9.174581
1509;-0.15322891;-0.80445176;12.583924
1510;-1.9153614;-1.3982137;11.664551
1511;5.161899;-1.9057846;7.297527
1512;1.8291701;-2.3558946;8.274361
1513;-1.1300632;-1.4652514;11.099519
1514;1.340753;-1.0821792;13.024457
1515;-0.2681506;-1.0151415;10.994174
1516;-2.2505496;-0.5650316;10.505757
1517;0.12449849;-1.2258313;11.032481
1518;3.9264908;-1.1013328;10.228029
1519;-1.8579005;-1.3311762;10.275913
1520;-1.1587936;-0.8523358;10.850522
1521;1.388637;-1.2066777;10.400413
1522;-1.541866;-0.6512229;9.969456
1523;-0.7757214;-1.1109096;10.783484
1524;2.681506;-1.6280571;9.155427
1525;0.019153614;-2.030283;7.8146744
1526;0.7374141;-1.7429788;10.620679
1527;1.3311762;-1.0630256;11.089942
1528;-1.0630256;-1.1875241;7.9487495
1529;-1.7046716;-1.091756;8.916007
1530;0.4405331;-0.49799395;11.386824
1531;-0.05746084;-0.7374141;10.208876
1532;1.2066777;-1.1779473;9.672575
1533;1.8004397;-2.2984335;8.408437
1534;0.33518824;-2.231396;8.130709
1535;0.50757074;-2.0973208;9.519346
1536;-0.41180268;-1.283292;11.645397
1537;-0.6895301;-0.40222588;9.385271
1538;-0.6895301;-2.2409728;9.481039
1539;1.9153614;-2.2697031;7.6614456
1540;0.7469909;-2.0973208;8.772355
1541;1.8004397;-1.388637;10.831368
1542;0.5650316;-0.78529817;11.683704
1543;-1.982399;-1.0151415;9.730036
1544;-1.5227122;-0.6991069;9.643845
1545;0.2681506;-0.35434186;10.668563
1546;1.2449849;-0.4309563;12.53604
1547;0.59376204;-0.63206923;11.693281
1548;1.3503298;-1.5227122;9.107543
1549;1.3694834;-2.327164;9.998186
1550;1.6280571;-1.2066777;9.184157
1551;-2.6431987;-1.9632454;10.831368
1552;1.6472107;0.24899697;10.5440645
1553;-0.93852705;-1.5131354;11.310209
1554;-1.6280571;-1.8291701;8.101978
1555;5.0374002;-2.0207062;8.724471
1556;1.7621324;-2.8538885;9.184157
1557;0.4213795;-2.3080103;9.097966
1558;1.9153614;-1.292869;11.415554
1559;-1.4077905;-1.043872;11.3964
1560;-0.18195933;-0.41180268;8.7053175
1561;-1.4077905;-0.94810385;9.279925
1562;-0.076614454;-0.35434186;12.756307
1563;0.1436521;-0.6607997;10.812215
1564;-0.23942018;-1.5514427;8.42759
1565;2.8921957;-1.8100165;10.160992
1566;1.9249382;-1.6759412;12.08593
1567;2.6527755;-0.60333884;12.047623
1568;0.2681506;-1.6759412;10.6398325
1569;-1.3215994;-0.80445176;8.983045
1570;-1.7621324;-0.6512229;10.218452
1571;0.5746084;-1.0247183;9.030929
1572;-0.5650316;-1.9536686;7.2687964
1573;0.22026655;-1.982399;7.0485296
1574;1.2354081;-2.3080103;9.193734
1575;2.7102363;-2.030283;9.835381
1576;0.5267244;-1.5610195;9.883265
1577;1.043872;-1.2449849;10.658986
1578;1.3120226;-1.0534488;10.840945
1579;-2.4037786;-0.89064306;9.509769
1580;-1.982399;-0.78529817;9.634268
1581;1.1300632;-0.40222588;10.668563
1582;-1.8100165;-0.93852705;11.224017
1583;-0.30645782;-1.0151415;9.289502
1584;2.5953147;-1.3311762;10.170568
1585;0.90021986;-1.733402;11.051635
1586;3.1890767;-0.32561144;12.756307
1587;1.2449849;-0.63206923;14.049175
1588;-1.0821792;-0.7086837;10.333375
1589;-2.3654714;-1.2641385;8.1402855
1590;-0.46926352;-1.1875241;7.9008656
1591;0.08619126;-1.2449849;9.299079
1592;-1.2162545;-0.89064306;9.251195
1593;0.7757214;-1.484405;8.628703
1594;1.9249382;-1.8770541;7.5944076
1595;0.31603462;-1.8195933;9.097966
1596;2.815581;-1.3694834;10.352529
1597;-0.50757074;-1.2641385;9.232041
1598;-1.1875241;-1.1204864;9.088389
1599;1.436521;-0.7278373;9.844957
1600;-1.5227122;-1.0726024;9.337387
1601;-0.41180268;-0.94810385;9.308656
1602;0.7182605;-0.9672575;9.931149
1603;-1.5993267;-0.89064306;10.065224
1604;1.5801731;-0.82360536;10.170568
1605;1.1683705;-1.2354081;10.333375
1606;1.3120226;-1.1109096;10.879252
1607;2.1260512;-0.7565677;11.559206
1608;1.3120226;-0.51714754;12.890382
1609;0.49799395;-0.4405331;11.60709
1610;-0.33518824;-0.5267244;11.300632
1611;0.842759;-0.90979666;10.955867
1612;0.16280572;-1.3694834;9.155427
1613;1.292869;-1.6663644;8.772355
1614;0.6607997;-1.6472107;9.356541
1615;-1.1300632;-1.8674773;8.954314
1616;1.3311762;-1.9057846;8.66701
1617;-1.5035586;-2.5474305;8.322245
1618;1.7908629;-1.9728222;8.810662
1619;0.91937345;-2.0685902;10.505757
1620;-0.11492168;-1.4269443;9.672575
1621;1.2737153;-1.283292;9.787497
1622;0.047884032;-1.3311762;9.940725
1623;-0.22984336;-1.3215994;10.01734
1624;0.8810662;-1.2737153;9.739613
1625;-0.9768343;-1.4652514;9.557653
1626;0.62249243;-1.2354081;10.716447
1627;-1.0342951;-1.8770541;9.835381
1628;0.009576807;-1.5897499;8.197746
1629;-0.5267244;-2.0494366;9.787497
1630;0.6799533;-1.8866309;10.036493
1631;0.35434186;-1.9919758;9.605537
1632;0.21068975;-1.9057846;9.921572
1633;1.5131354;-1.4460979;10.955867
1634;-0.06703765;-1.388637;10.94629
1635;0.50757074;-1.0821792;11.022904
1636;0.076614454;-0.91937345;11.070788
1637;-0.11492168;-0.9768343;10.266336
1638;1.13964;-0.93852705;10.132261
1639;0.16280572;-1.2354081;10.371682
1640;0.5267244;-1.4460979;9.3661175
1641;1.5131354;-1.4748282;8.983045
1642;-0.8331822;-1.7238252;9.174581
1643;1.8866309;-1.3120226;9.471462
1644;-0.47884035;-2.030283;9.14585
1645;0.8619126;-1.8195933;8.552089
1646;0.94810385;-2.1068976;9.481039
1647;0.40222588;-2.0973208;9.835381
1648;1.0247183;-1.6472107;9.873688
1649;-0.18195933;-1.6376339;9.471462
1650;0.7278373;-1.1587936;10.160992
1651;0.4309563;-1.0151415;11.032481
1652;0.095768064;-0.6895301;10.477027
1653;0.58418524;-0.62249243;10.477027
1654;0.6703765;-0.46926352;10.7356
1655;0.51714754;-0.5267244;10.812215
1656;0.78529817;-0.48841715;10.448297
1657;0.18195933;-0.63206923;10.0748005
1658;0.5267244;-0.63206923;9.77792
1659;-0.15322891;-0.7661445;9.758766
1660;0.22026655;-0.90021986;9.346964
1661;0.095768064;-0.9864111;9.212888
1662;-0.38307226;-0.93852705;9.394848
1663;0.22984336;-1.0247183;9.56723
1664;0.08619126;-0.9576807;9.624691
1665;-0.49799395;-1.0534488;9.921572
1666;0.7565677;-0.93852705;9.931149
1667;-0.39264908;-0.8714894;10.266336
1668;0.4309563;-0.6512229;10.515334
1669;0.19153613;-0.61291564;11.070788
1670;0.4213795;-0.6799533;10.773908
1671;0.22984336;-0.61291564;10.7356
1672;0.35434186;-0.6799533;10.630256
1673;0.35434186;-0.92895025;10.01734
1674;0.30645782;-1.043872;9.730036
1675;0.2873042;-1.0821792;9.701305
1676;0.37349546;-1.2641385;9.672575
1677;0.5746084;-1.3024458;9.32781
1678;0.58418524;-1.3120226;9.32781
1679;0.6607997;-1.3503298;9.576807
1680;0.7661445;-1.292869;9.758766
1681;0.7374141;-1.340753;9.576807
1682;0.7469909;-1.4460979;9.662998
1683;0.7086837;-1.4556746;9.749189
1684;0.7278373;-1.5227122;9.931149
1685;0.5363012;-1.5897499;9.940725
1686;0.33518824;-1.7142484;9.940725
1687;0.61291564;-1.8004397;9.864111
1688;0.32561144;-1.9728222;9.988609
1689;0.24899697;-1.982399;9.864111
1690;0.38307226;-2.135628;9.662998
1691;-0.019153614;-2.1260512;9.959879
1692;0.35434186;-2.1739352;9.844957
1693;0.18195933;-2.3558946;9.414001
1694;0.24899697;-2.336741;9.672575
1695;0.21068975;-2.3463178;9.77792
1696;0.15322891;-2.2697031;9.519346
1697;0.1436521;-2.231396;9.701305
1698;0.019153614;-2.3175871;9.720459
1699;0.33518824;-2.3463178;9.394848
1700;0.17238252;-2.2888567;9.653421
1701;0.11492168;-2.2888567;9.892841
1702;0.5267244;-2.2888567;9.528923
1703;-0.009576807;-2.3080103;9.634268
1704;0.46926352;-2.1164744;9.969456
1705;0.34476504;-2.2601264;9.835381
1706;0.25857377;-2.231396;9.624691
1707;0.45968673;-2.1452048;9.921572
1708;0.2681506;-1.9728222;10.132261
1709;0.38307226;-1.8962077;10.1226845
1710;0.24899697;-1.8866309;9.988609
1711;0.49799395;-1.685518;10.151415
1712;0.2681506;-1.6759412;10.342952
1713;0.076614454;-1.3982137;10.189722
1714;0.24899697;-1.340753;10.275913
1715;0.29688102;-1.2641385;10.28549
1716;0.4309563;-1.2066777;10.180145
1717;0.5267244;-1.13964;10.141838
1718;0.63206923;-1.0534488;10.160992
1719;0.58418524;-0.9576807;10.170568
1720;0.5746084;-0.79487497;9.931149
1721;0.5746084;-0.8714894;9.873688
1722;0.60333884;-0.7374141;9.969456
1723;0.50757074;-0.6991069;9.998186
1724;0.6703765;-0.63206923;9.921572
1725;0.5267244;-0.5650316;9.844957
1726;0.47884035;-0.60333884;9.959879
1727;0.48841715;-0.5554548;9.921572
1728;0.49799395;-0.5554548;9.931149
1729;0.47884035;-0.36391866;9.950302
1730;0.4405331;-0.49799395;9.940725
1731;0.4213795;-0.37349546;9.9790325
1732;0.41180268;-0.4213795;9.940725
1733;0.37349546;-0.33518824;9.911995
1734;0.36391866;-0.35434186;9.911995
1735;0.36391866;-0.30645782;9.854534
1736;0.35434186;-0.35434186;9.844957
1737;0.34476504;-0.34476504;9.864111
1738;0.36391866;-0.31603462;9.883265
1739;0.34476504;-0.33518824;9.873688
1740;0.33518824;-0.36391866;9.835381
1741;0.36391866;-0.31603462;9.921572
1742;0.31603462;-0.37349546;9.873688
1743;0.32561144;-0.31603462;9.825804
1744;0.39264908;-0.30645782;9.844957
1745;0.34476504;-0.36391866;9.864111
1746;0.35434186;-0.29688102;9.854534
1747;0.37349546;-0.33518824;9.892841
1748;0.31603462;-0.29688102;9.854534
1749;0.39264908;-0.32561144;9.911995
1750;0.34476504;-0.37349546;9.844957
1751;0.36391866;-0.30645782;9.902418
1752;0.35434186;-0.2777274;9.854534
1753;0.33518824;-0.36391866;9.873688
1754;0.34476504;-0.31603462;9.864111
1755;0.36391866;-0.2777274;9.854534
1756;0.36391866;-0.2777274;9.883265
1757;0.31603462;-0.37349546;9.883265
1758;0.32561144;-0.31603462;9.873688
1759;0.34476504;-0.35434186;9.988609
1760;0.31603462;-0.30645782;9.911995
1761;0.34476504;-0.2681506;9.816227
1762;0.34476504;-0.31603462;9.892841
1763;0.33518824;-0.30645782;9.854534
1764;0.39264908;-0.32561144;9.835381
1765;0.34476504;-0.2873042;9.854534
1766;0.34476504;-0.25857377;9.844957
1767;0.35434186;-0.29688102;9.854534
1768;0.33518824;-0.34476504;9.844957
1769;0.38307226;-0.24899697;9.854534
1770;0.36391866;-0.35434186;9.883265
1771;0.39264908;-0.35434186;9.883265
1772;0.34476504;-0.2681506;9.854534
1773;0.30645782;-0.2681506;9.80665
1774;0.41180268;-0.32561144;9.902418
1775;0.32561144;-0.31603462;9.940725
1776;0.34476504;-0.37349546;9.931149
1777;0.36391866;-0.29688102;9.892841
1778;0.34476504;-0.30645782;9.873688
1779;0.34476504;-0.33518824;9.911995
1780;0.35434186;-0.32561144;9.825804
1781;0.34476504;-0.32561144;9.80665
1782;0.38307226;-0.35434186;9.844957
1783;0.32561144;-0.2873042;9.921572
1784;0.36391866;-0.36391866;9.902418
1785;0.30645782;-0.30645782;9.80665
1786;0.34476504;-0.29688102;9.873688
1787;0.33518824;-0.32561144;9.873688
1788;0.34476504;-0.39264908;9.940725
1789;0.37349546;-0.34476504;9.950302
1790;0.36391866;-0.2873042;9.864111
1791;0.40222588;-0.30645782;9.969456
1792;0.31603462;-0.30645782;9.902418
1793;0.2873042;-0.30645782;9.816227
1794;0.45010993;-0.22984336;9.892841
1795;0.34476504;-0.36391866;9.844957
1796;0.32561144;-0.32561144;9.672575
1797;0.37349546;-0.2681506;9.701305
1798;0.2873042;-0.4309563;9.758766
1799;0.38307226;-0.38307226;10.113108
1800;0.38307226;-0.31603462;9.998186
1801;0.30645782;-0.2777274;9.883265
1802;0.41180268;-0.35434186;9.883265
1803;0.34476504;-0.31603462;9.844957
1804;0.32561144;-0.32561144;9.921572
1805;0.4213795;-0.22984336;9.892841
1806;0.2777274;-0.33518824;9.902418
1807;0.35434186;-0.25857377;9.902418
1808;0.31603462;-0.34476504;9.854534
1809;0.33518824;-0.37349546;9.854534
1810;0.34476504;-0.24899697;9.931149
1811;0.35434186;-0.34476504;9.892841
1812;0.31603462;-0.23942018;9.940725
1813;0.36391866;-0.38307226;9.883265
1814;0.34476504;-0.39264908;9.883265
1815;0.36391866;-0.2777274;9.873688
1816;0.35434186;-0.2681506;9.768343
1817;0.34476504;-0.35434186;9.883265
1818;0.35434186;-0.22026655;9.883265
1819;0.24899697;-0.34476504;9.892841
1820;0.34476504;-0.35434186;9.758766
1821;0.38307226;-0.35434186;9.864111
1822;0.32561144;-0.45010993;9.998186
1823;0.37349546;-0.31603462;9.835381
1824;0.2873042;-0.23942018;9.844957
1825;0.45010993;-0.2681506;9.758766
1826;0.33518824;-0.32561144;9.816227
1827;0.37349546;-0.32561144;9.902418
1828;0.33518824;-0.32561144;9.873688
1829;0.32561144;-0.32561144;9.844957
1830;0.37349546;-0.2681506;9.816227
1831;0.35434186;-0.37349546;9.835381
1832;0.2681506;-0.36391866;9.959879
1833;0.4309563;-0.29688102;9.864111
1834;0.35434186;-0.30645782;9.864111
1835;0.34476504;-0.2873042;9.931149
1836;0.34476504;-0.29688102;9.844957
1837;0.35434186;-0.33518824;9.873688
1838;0.33518824;-0.35434186;9.854534
1839;0.36391866;-0.25857377;9.854534
1840;0.37349546;-0.35434186;9.864111
1841;0.34476504;-0.34476504;9.892841
1842;0.36391866;-0.38307226;9.864111
1843;0.32561144;-0.35434186;9.844957
1844;0.36391866;-0.30645782;9.873688
1845;0.32561144;-0.4213795;9.864111
1846;0.36391866;-0.31603462;9.816227
1847;0.39264908;-0.31603462;9.911995
1848;0.32561144;-0.37349546;9.864111
1849;0.35434186;-0.35434186;9.844957
1850;0.35434186;-0.30645782;9.797073
1851;0.34476504;-0.33518824;9.883265
1852;0.35434186;-0.31603462;9.911995
1853;0.33518824;-0.34476504;9.844957
1854;0.40222588;-0.33518824;9.911995
1855;0.36391866;-0.2681506;9.835381
1856;0.37349546;-0.2777274;9.892841
1857;0.38307226;-0.31603462;9.816227
1858;0.33518824;-0.41180268;9.825804
1859;0.35434186;-0.30645782;9.873688
1860;0.34476504;-0.31603462;9.921572
1861;0.35434186;-0.40222588;9.854534
1862;0.37349546;-0.31603462;9.835381
1863;0.37349546;-0.33518824;9.864111
1864;0.37349546;-0.30645782;9.911995
1865;0.34476504;-0.41180268;9.902418
1866;0.37349546;-0.30645782;9.864111
1867;0.34476504;-0.30645782;9.892841
1868;0.33518824;-0.23942018;9.835381
1869;0.41180268;-0.31603462;9.864111
1870;0.33518824;-0.32561144;9.911995
1871;0.35434186;-0.29688102;9.873688
1872;0.35434186;-0.37349546;9.940725
1873;0.34476504;-0.29688102;9.816227
1874;0.34476504;-0.29688102;9.911995
1875;0.33518824;-0.2681506;9.825804
1876;0.34476504;-0.34476504;9.892841
1877;0.37349546;-0.2777274;9.9790325
1878;0.2873042;-0.35434186;9.844957
1879;0.39264908;-0.31603462;9.835381
1880;0.34476504;-0.31603462;9.902418
1881;0.2873042;-0.32561144;9.940725
1882;0.36391866;-0.31603462;9.883265
1883;0.36391866;-0.31603462;9.844957
1884;0.35434186;-0.35434186;9.854534
1885;0.40222588;-0.29688102;9.873688
1886;0.36391866;-0.33518824;9.835381
1887;0.36391866;-0.33518824;9.921572
1888;0.37349546;-0.33518824;9.911995
1889;0.34476504;-0.31603462;9.873688
1890;0.32561144;-0.34476504;9.80665
1891;0.35434186;-0.35434186;9.854534
1892;0.35434186;-0.34476504;9.892841
1893;0.34476504;-0.34476504;9.797073
1894;0.37349546;-0.31603462;9.921572
1895;0.32561144;-0.32561144;9.902418
1896;0.36391866;-0.35434186;9.844957
1897;0.38307226;-0.30645782;9.892841
1898;0.30645782;-0.31603462;9.940725
1899;0.36391866;-0.33518824;9.816227
1900;0.38307226;-0.30645782;9.883265
1901;0.34476504;-0.34476504;9.844957
1902;0.37349546;-0.2873042;9.883265
1903;0.37349546;-0.39264908;9.892841
1904;0.37349546;-0.32561144;9.883265
1905;0.32561144;-0.34476504;9.940725
1906;0.33518824;-0.39264908;9.892841
1907;0.35434186;-0.32561144;9.873688
1908;0.38307226;-0.35434186;9.883265
1909;0.35434186;-0.31603462;9.921572
1910;0.36391866;-0.30645782;9.883265
1911;0.35434186;-0.32561144;9.797073
1912;0.38307226;-0.33518824;9.921572
1913;0.34476504;-0.33518824;9.883265
1914;0.41180268;-0.34476504;9.902418
1915;0.38307226;-0.31603462;9.80665
1916;0.38307226;-0.31603462;9.844957
1917;0.37349546;-0.37349546;9.940725
1918;0.35434186;-0.35434186;9.892841
1919;0.34476504;-0.32561144;9.911995
1920;0.33518824;-0.34476504;9.911995
1921;0.30645782;-0.37349546;9.825804
1922;0.35434186;-0.33518824;9.931149
1923;0.34476504;-0.33518824;9.883265
1924;0.37349546;-0.34476504;9.873688
1925;0.31603462;-0.25857377;9.835381
1926;0.29688102;-0.38307226;9.864111
1927;0.39264908;-0.33518824;9.825804
1928;0.32561144;-0.41180268;9.892841
1929;0.37349546;-0.33518824;9.883265
1930;0.33518824;-0.31603462;9.911995
1931;0.35434186;-0.32561144;9.844957
1932;0.37349546;-0.30645782;9.864111
1933;0.32561144;-0.34476504;9.892841
1934;0.31603462;-0.25857377;9.835381
1935;0.38307226;-0.40222588;9.854534
1936;0.39264908;-0.29688102;9.883265
1937;0.36391866;-0.38307226;9.844957
1938;0.35434186;-0.29688102;9.844957
1939;0.35434186;-0.34476504;9.921572
1940;0.39264908;-0.2681506;9.825804
1941;0.37349546;-0.34476504;9.854534
1942;0.37349546;-0.37349546;9.835381
1943;0.32561144;-0.34476504;9.873688
1944;0.34476504;-0.29688102;9.902418
1945;0.35434186;-0.33518824;9.892841
1946;0.34476504;-0.37349546;9.825804
1947;0.39264908;-0.2873042;9.844957
1948;0.36391866;-0.31603462;9.864111
1949;0.33518824;-0.31603462;9.931149
1950;0.32561144;-0.37349546;9.873688
1951;0.2873042;-0.34476504;9.816227
1952;0.32561144;-0.35434186;9.940725
1953;0.34476504;-0.2873042;9.931149
1954;0.25857377;-0.22026655;9.854534
1955;0.37349546;-0.40222588;9.883265
1956;0.37349546;-0.30645782;9.749189
