;ay;ax;az
0;0.12449849;0.047884032;9.749189
1;0.2873042;0.05746084;10.084377
2;0.24899697;0.095768064;9.940725
3;0.2873042;-0.0;9.844957
4;0.35434186;0.019153614;9.950302
5;0.17238252;0.05746084;9.940725
6;0.36391866;0.06703765;9.921572
7;0.24899697;0.038307227;9.921572
8;0.31603462;-0.019153614;9.854534
9;0.30645782;-0.0;9.911995
10;0.24899697;0.10534488;9.940725
11;0.30645782;0.095768064;9.911995
12;0.24899697;0.038307227;9.825804
13;0.25857377;0.076614454;9.883265
14;0.29688102;0.05746084;9.959879
15;0.25857377;0.095768064;9.940725
16;0.25857377;-0.0;9.950302
17;0.2777274;0.095768064;9.844957
18;0.2873042;0.019153614;9.873688
19;0.25857377;0.02873042;10.007763
20;0.22984336;0.10534488;9.931149
21;0.25857377;-0.05746084;9.844957
22;0.24899697;0.038307227;9.892841
23;0.23942018;0.019153614;9.931149
24;0.22984336;0.10534488;9.931149
25;0.2681506;0.06703765;9.931149
26;0.25857377;0.02873042;9.892841
27;0.25857377;0.05746084;9.854534
28;0.2777274;0.019153614;9.921572
29;0.24899697;0.095768064;9.873688
30;0.22984336;0.095768064;9.959879
31;0.25857377;0.047884032;9.892841
32;0.2873042;0.095768064;9.998186
33;0.2777274;0.038307227;9.892841
34;0.29688102;0.038307227;9.931149
35;0.29688102;0.05746084;9.873688
36;0.29688102;0.06703765;9.969456
37;0.29688102;0.05746084;9.959879
38;0.2681506;0.05746084;9.921572
39;0.2681506;0.047884032;9.9790325
40;0.23942018;0.02873042;9.911995
41;0.25857377;0.019153614;10.036493
42;0.29688102;0.038307227;9.854534
43;0.23942018;0.06703765;9.9790325
44;0.24899697;0.038307227;9.940725
45;0.2777274;0.009576807;9.902418
46;0.2681506;0.05746084;9.911995
47;0.24899697;0.06703765;9.902418
48;0.24899697;0.06703765;9.911995
49;0.24899697;0.047884032;9.892841
50;0.2681506;0.019153614;9.959879
51;0.22026655;0.019153614;9.892841
52;0.2873042;0.009576807;9.969456
53;0.2681506;0.009576807;9.854534
54;0.2681506;0.047884032;9.931149
55;0.2681506;0.02873042;9.931149
56;0.2777274;0.076614454;9.9790325
57;0.29688102;-0.0;9.892841
58;0.24899697;0.12449849;9.950302
59;0.24899697;0.08619126;9.911995
60;0.2681506;0.08619126;9.902418
61;0.24899697;0.10534488;9.931149
62;0.29688102;0.019153614;9.959879
63;0.25857377;0.076614454;9.902418
64;0.2873042;0.05746084;9.950302
65;0.23942018;0.08619126;9.883265
66;0.25857377;0.038307227;9.969456
67;0.2777274;0.11492168;9.864111
68;0.24899697;0.05746084;9.902418
69;0.24899697;0.06703765;9.873688
70;0.2777274;-0.0;9.844957
71;0.25857377;0.009576807;9.940725
72;0.24899697;0.1436521;9.921572
73;0.22984336;0.038307227;9.854534
74;0.2873042;0.095768064;9.854534
75;0.2873042;0.038307227;9.950302
76;0.24899697;0.095768064;9.921572
77;0.2873042;0.038307227;9.892841
78;0.2777274;0.06703765;9.816227
79;0.24899697;0.009576807;9.931149
80;0.24899697;0.10534488;9.883265
81;0.24899697;0.08619126;9.902418
82;0.2777274;0.047884032;9.921572
83;0.25857377;0.1436521;9.921572
84;0.2681506;-0.0;9.892841
85;0.2681506;0.038307227;9.873688
86;0.2873042;-0.0;9.959879
87;0.2873042;0.019153614;9.892841
88;0.24899697;-0.0;9.892841
89;0.25857377;-0.0;9.921572
90;0.24899697;0.1436521;9.911995
91;0.24899697;0.02873042;9.9790325
92;0.24899697;0.047884032;9.902418
93;0.22026655;0.12449849;9.988609
94;0.2873042;0.047884032;9.921572
95;0.25857377;0.05746084;9.873688
96;0.22026655;0.11492168;9.988609
97;0.25857377;0.019153614;9.931149
98;0.24899697;0.12449849;9.950302
99;0.2777274;0.05746084;9.864111
100;0.23942018;0.019153614;9.873688
101;0.23942018;0.009576807;9.959879
102;0.24899697;0.009576807;9.988609
103;0.30645782;-0.047884032;9.883265
104;0.30645782;-0.038307227;9.998186
105;0.29688102;-0.038307227;9.883265
106;0.2873042;-0.009576807;9.768343
107;0.25857377;-0.038307227;9.80665
108;0.24899697;-0.019153614;9.883265
109;0.31603462;-0.08619126;9.921572
110;0.22026655;-0.076614454;9.835381
111;0.24899697;0.019153614;9.940725
112;0.29688102;-0.038307227;9.921572
113;0.29688102;-0.095768064;10.04607
114;0.4309563;0.009576807;10.208876
115;0.4309563;-0.19153613;10.055647
116;0.41180268;-0.24899697;10.189722
117;0.5267244;-0.20111294;10.28549
118;0.51714754;-0.33518824;10.180145
119;0.32561144;-0.47884035;10.093954
120;0.1340753;-0.48841715;10.180145
121;0.11492168;-0.61291564;10.160992
122;0.1436521;-0.6895301;9.921572
123;0.22026655;-0.82360536;9.902418
124;1.283292;-0.2777274;9.710882
125;-0.9864111;-1.4077905;10.04607
126;0.51714754;-0.4309563;10.055647
127;0.31603462;-1.2641385;10.103531
128;-0.22984336;-1.6759412;9.844957
129;0.22026655;-1.292869;9.682152
130;-0.30645782;-1.8674773;9.835381
131;-0.22026655;-1.9919758;9.768343
132;-0.02873042;-1.8195933;9.835381
133;-0.038307227;-2.0111294;9.749189
134;0.038307227;-2.1452048;9.634268
135;0.30645782;-2.1164744;9.77792
136;0.17238252;-2.1930888;10.151415
137;0.2777274;-2.3750482;10.01734
138;0.7086837;-2.2601264;9.797073
139;0.17238252;-2.4133554;10.151415
140;0.50757074;-2.4229321;9.921572
141;0.45968673;-2.3463178;9.921572
142;0.17238252;-2.1930888;10.0748005
143;0.49799395;-2.183512;10.007763
144;0.5650316;-2.1643584;9.921572
145;0.38307226;-2.1260512;10.180145
146;0.60333884;-2.135628;9.902418
147;0.30645782;-2.2122424;9.548077
148;0.7086837;-1.9249382;9.969456
149;0.4405331;-2.0685902;10.01734
150;0.6991069;-2.087744;9.375694
151;0.5746084;-1.9728222;9.5385
152;0.30645782;-1.934515;9.816227
153;0.59376204;-1.7429788;9.720459
154;0.38307226;-1.8004397;9.548077
155;0.37349546;-1.8004397;9.423578
156;0.2681506;-1.733402;9.346964
157;0.12449849;-1.5705963;9.519346
158;0.5650316;-1.3694834;9.892841
159;0.22984336;-1.3215994;9.80665
160;0.4309563;-1.3503298;9.557653
161;0.18195933;-1.2449849;10.093954
162;0.038307227;-0.90979666;10.323798
163;0.40222588;-0.7469909;9.825804
164;0.076614454;-0.5650316;10.1226845
165;0.11492168;-0.49799395;10.342952
166;-0.02873042;-0.6607997;9.959879
167;0.05746084;-0.58418524;9.864111
168;0.047884032;-0.50757074;9.835381
169;0.17238252;-0.4405331;9.921572
170;0.50757074;-0.36391866;10.342952
171;0.40222588;-0.38307226;10.342952
172;0.9959879;-0.22026655;10.103531
173;0.641646;-0.10534488;10.6877165
174;1.0630256;0.02873042;11.118672
175;0.49799395;-0.076614454;10.43872
176;0.2873042;-0.15322891;9.825804
177;0.08619126;-0.2681506;9.854534
178;-0.20111294;-0.29688102;9.375694
179;-0.78529817;-0.45968673;9.174581
180;-0.29688102;-0.45010993;9.576807
181;0.06703765;-0.51714754;9.959879
182;0.48841715;-0.5554548;9.797073
183;0.32561144;-0.7182605;9.902418
184;0.7757214;-0.5363012;9.844957
185;-0.16280572;-0.16280572;9.797073
186;-0.38307226;0.05746084;10.879252
187;0.47884035;0.37349546;10.91756
188;-1.1300632;0.4213795;10.907983
189;1.1204864;0.5554548;10.802638
190;0.08619126;0.29688102;10.228029
191;0.15322891;0.23942018;10.141838
192;1.0055647;0.40222588;10.620679
193;0.21068975;-0.06703765;10.295067
194;1.0726024;-0.20111294;9.653421
195;0.4309563;-0.5267244;9.337387
196;1.2354081;-0.48841715;9.32781
197;0.50757074;-0.5650316;9.548077
198;0.38307226;-0.7086837;8.896853
199;0.79487497;-0.8523358;8.743625
200;0.29688102;-1.1971009;8.379706
201;0.93852705;-1.1300632;9.816227
202;1.4077905;-0.82360536;10.065224
203;0.37349546;-1.1204864;9.509769
204;1.388637;-1.0055647;10.218452
205;0.15322891;-0.7661445;11.252748
206;1.2354081;-0.6512229;11.137826
207;0.6512229;-0.79487497;10.793061
208;-0.1340753;-0.8619126;10.496181
209;-1.292869;-1.0534488;9.730036
210;-0.6512229;-1.2449849;9.557653
211;-1.436521;-1.13964;10.314221
212;-0.7278373;-1.1587936;9.519346
213;0.30645782;-1.3982137;9.461885
214;-0.21068975;-1.5131354;10.323798
215;0.62249243;-1.4460979;10.429143
216;-0.20111294;-1.2066777;9.500193
217;-0.9959879;-1.1779473;10.553641
218;1.1875241;-0.91937345;10.362105
219;-2.2505496;-1.436521;9.682152
220;0.545878;-1.2545617;8.820239
221;-1.1587936;-1.5993267;10.151415
222;0.29688102;-1.5801731;9.203311
223;0.20111294;-1.8483237;7.8912888
224;-0.009576807;-2.0398598;9.165004
225;1.4173675;-2.183512;9.80665
226;1.5610195;-2.3080103;8.820239
227;2.0111294;-2.2697031;8.772355
228;0.7086837;-1.8291701;9.519346
229;1.2737153;-1.4077905;10.228029
230;1.1204864;-1.3503298;10.515334
231;0.81402856;-1.3503298;10.860099
232;2.633622;-1.532289;10.208876
233;-1.13964;-2.231396;8.973468
234;1.0055647;-2.087744;8.159439
235;0.5650316;-1.6567876;9.758766
236;-1.13964;-1.6759412;10.208876
237;1.5227122;-1.292869;8.90643
238;-1.0821792;-1.4460979;9.701305
239;1.1587936;-1.0151415;11.3964
240;1.6089035;-0.6895301;11.3964
241;1.8674773;-0.7182605;11.903971
242;1.6184803;-0.7278373;10.390836
243;-1.4652514;-1.2545617;9.088389
244;-0.31603462;-0.78529817;9.835381
245;-1.5897499;-0.7661445;9.404425
246;-1.340753;-1.13964;8.494628
247;0.32561144;-1.2545617;8.24563
248;-0.9768343;-1.340753;9.021352
249;0.62249243;-0.5554548;10.199299
250;0.8810662;0.16280572;10.898406
251;1.982399;-0.61291564;13.771448
252;3.6296098;-0.009576807;12.53604
253;-2.2601264;-0.35434186;9.452309
254;-0.8523358;-0.61291564;9.586384
255;-0.7182605;0.8523358;11.233594
256;-3.5817258;-0.49799395;11.779472
257;1.1875241;0.047884032;9.634268
258;-0.30645782;0.6703765;11.36767
259;1.6950948;0.019153614;13.790602
260;3.2848446;-0.12449849;11.865664
261;-0.16280572;-0.80445176;10.43872
262;0.7278373;-0.46926352;9.165004
263;-1.2354081;-0.9576807;7.97748
264;-0.5363012;-0.91937345;7.479486
265;-0.9672575;-1.4939818;7.393295
266;0.32561144;-1.4939818;7.374141
267;1.0630256;-1.2545617;7.651869
268;2.0015526;-1.283292;10.208876
269;2.2601264;-0.81402856;9.940725
270;0.22026655;-1.3215994;9.595961
271;1.283292;-0.9672575;9.825804
272;-0.5363012;-1.1300632;8.695741
273;-1.4556746;-1.4077905;8.418014
274;1.340753;-0.79487497;10.189722
275;0.34476504;-0.9672575;12.038046
276;1.7717092;-0.35434186;11.425131
277;2.4708161;0.05746084;12.583924
278;-0.38307226;0.05746084;13.043611
279;-0.45010993;-0.38307226;11.549629
280;-1.0630256;-0.5746084;9.241618
281;-2.4612393;-1.436521;10.151415
282;0.78529817;-1.1013328;8.992621
283;0.21068975;-1.6567876;8.571242
284;0.90979666;-0.9768343;10.25676
285;1.2258313;-0.78529817;12.650962
286;1.1300632;-1.3024458;11.33894
287;-1.4748282;-1.9440918;8.446744
288;-0.90021986;-1.9536686;7.785944
289;-2.566584;-2.135628;8.504205
290;-0.46926352;-2.2218192;8.887277
291;2.1260512;-1.6567876;9.548077
292;0.9959879;-1.4173675;11.15698
293;1.3503298;-1.484405;11.702858
294;0.90021986;-2.2026656;9.739613
295;-2.2122424;-1.6663644;7.9391727
296;0.24899697;-1.733402;11.195287
297;2.5570073;-1.3599066;12.066776
298;0.076614454;-2.1068976;7.881712
299;2.767697;-1.292869;8.580819
300;0.05746084;-0.6512229;11.808203
301;0.5554548;-0.31603462;13.177686
302;-2.4420857;-0.8619126;9.308656
303;-1.3311762;-1.5227122;9.414001
304;0.6512229;-0.29688102;8.858546
305;-3.667917;-1.8579005;10.381259
306;5.1906295;-0.89064306;13.570335
307;3.3135753;-0.7661445;11.712435
308;-2.5474305;-2.7485435;10.984597
309;2.834735;-1.934515;7.479486
310;-2.327164;-2.1547816;7.920019
311;-0.009576807;-1.8579005;10.994174
312;0.30645782;-2.0015526;6.6367273
313;-0.49799395;-2.2888567;4.759673
314;-1.2545617;-1.1109096;7.843405
315;-1.6376339;-1.2162545;11.15698
316;-0.009576807;-1.043872;10.180145
317;-0.5554548;-1.3982137;7.7093296
318;-0.62249243;-1.9536686;8.944737
319;1.091756;-1.7525556;7.019799
320;2.528277;-0.4405331;11.750742
321;1.1683705;-0.62249243;14.5088625
322;-0.25857377;-0.40222588;10.754754
323;3.2944214;-0.90021986;7.1251445
324;-1.8579005;-1.0342951;9.165004
325;-2.0111294;-1.1013328;11.540052
326;-1.2258313;-0.58418524;9.337387
327;-1.2449849;0.10534488;10.448297
328;0.5554548;-0.7374141;11.84651
329;1.4939818;-0.6607997;11.942278
330;1.6280571;0.6991069;11.444284
331;0.22026655;-0.82360536;14.949395
332;0.46926352;0.6607997;10.065224
333;-0.11492168;-0.2873042;11.894394
334;1.0151415;-0.16280572;12.105083
335;3.1603463;-1.1204864;12.258312
336;-0.02873042;-1.292869;9.241618
337;-0.22984336;-0.7661445;7.2783732
338;-1.5131354;1.0821792;8.7532015
339;-2.6527755;-1.3024458;10.381259
340;1.3215994;-0.10534488;9.414001
341;0.6512229;-1.0630256;9.414001
342;2.336741;-1.2449849;9.078813
343;3.3997664;-0.1436521;9.078813
344;-1.1492168;-0.60333884;12.038046
345;-1.7621324;-0.076614454;9.414001
346;-0.39264908;0.30645782;7.6231384
347;0.82360536;-1.3694834;10.907983
348;2.1643584;-0.4213795;8.0924015
349;0.12449849;-0.80445176;6.1195793
350;-0.842759;-0.1340753;9.442732
351;-2.3558946;0.15322891;11.032481
352;-1.4556746;-0.11492168;10.295067
353;1.6089035;-0.40222588;10.429143
354;1.2354081;0.19153613;11.18571
355;1.9249382;-0.50757074;11.099519
356;1.7238252;-0.047884032;12.038046
357;-0.35434186;-0.24899697;13.560759
358;1.0151415;-1.292869;12.421119
359;0.91937345;-1.4460979;7.6231384
360;0.08619126;-0.80445176;8.829816
361;-0.22984336;-0.7086837;9.768343
362;-1.733402;-1.292869;8.935161
363;-1.9536686;-1.7812861;8.149862
364;-3.5913026;-2.9975405;6.4260373
365;3.6774938;-2.4899697;9.749189
366;3.4763808;-0.9576807;12.26789
367;-0.6991069;-2.777274;8.42759
368;4.7022123;-0.39264908;4.9224787
369;-2.1930888;-1.934515;13.838486
370;3.9073372;-0.46926352;14.978126
371;1.292869;-1.934515;9.873688
372;-3.0071173;-3.1316159;-0.06703765
373;1.5131354;-0.18195933;7.6710224
374;-2.2409728;0.11492168;18.2917
375;1.6567876;-1.7717092;8.772355
376;0.40222588;-1.5801731;5.602432
377;-2.3175871;-1.7525556;11.702858
378;1.8674773;-1.3982137;11.070788
379;1.1587936;-1.1683705;8.839393
380;3.2369606;-0.4309563;14.700398
381;-0.15322891;-1.8674773;13.733141
382;-1.2641385;-2.834735;4.9799395
383;0.93852705;-1.4269443;7.7189064
384;-7.335834;-2.7389667;13.67568
385;1.1779473;-2.336741;7.7093296
386;-1.1587936;-2.336741;8.628703
387;-5.1810527;-2.6623523;10.237606
388;4.4915223;-1.1013328;11.683704
389;-0.7565677;-0.7374141;11.750742
390;2.2122424;-1.532289;8.7053175
391;4.8841715;-0.7182605;11.798626
392;-1.1779473;-0.8619126;12.239159
393;0.7469909;0.2777274;12.545617
394;-1.1109096;1.3215994;7.019799
395;-1.5610195;1.0630256;10.745177
396;-2.6048915;-0.019153614;11.971008
397;0.58418524;1.1875241;9.672575
398;1.685518;0.009576807;10.486604
399;2.0685902;-0.80445176;11.674128
400;0.78529817;-0.5363012;9.050082
401;1.7429788;-0.7278373;8.916007
402;1.3599066;0.92895025;12.363658
403;-1.1779473;0.4309563;8.513782
404;-0.23942018;-0.0;6.38773
405;-2.6623523;0.93852705;7.1826053
406;-2.767697;0.23942018;9.634268
407;1.4939818;0.50757074;10.304645
408;0.45010993;0.2777274;9.9790325
409;0.90979666;-1.1971009;8.523358
410;1.8291701;0.93852705;6.4643445
411;-2.087744;2.3942018;9.710882
412;-0.6799533;0.2873042;13.857639
413;3.5242648;1.0534488;10.01734
414;-1.4173675;0.6512229;7.9870567
415;-3.1507695;1.484405;9.921572
416;-1.8483237;2.7102363;10.745177
417;-0.4405331;2.681506;13.43626
418;1.4077905;1.7717092;14.729129
419;3.916914;1.0630256;9.3182335
420;1.0821792;1.0821792;7.240066
421;-2.6144683;1.2545617;10.180145
422;0.58418524;2.384625;11.405977
423;0.7182605;1.3790601;14.968549
424;0.37349546;1.2641385;13.40753
425;1.8674773;-1.0534488;6.540959
426;-0.2873042;-0.4405331;3.8115692
427;-1.5227122;1.1300632;11.932701
428;-0.12449849;1.0055647;13.742718
429;1.8004397;0.8331822;10.888829
430;2.6719291;0.047884032;7.699753
431;0.038307227;-0.34476504;7.297527
432;-2.078167;-0.5363012;7.2783732
433;0.7469909;0.7469909;9.011775
434;-1.8579005;1.541866;12.98615
435;-0.06703765;0.29688102;10.831368
436;4.903325;-0.019153614;6.14831
437;0.1436521;-0.63206923;9.097966
438;-1.2641385;-0.2681506;11.21444
439;3.064578;1.5897499;10.965444
440;-1.5610195;0.7086837;11.894394
441;-1.2258313;0.22984336;9.040505
442;0.9864111;-0.038307227;8.571242
443;-2.873042;-0.9672575;7.699753
444;1.1971009;-0.29688102;9.730036
445;2.4612393;0.94810385;14.116213
446;3.2944214;-0.5650316;12.5264635
447;1.532289;-1.6089035;7.0964136
448;-0.9959879;-0.6799533;5.142745
449;-1.8579005;-0.009576807;11.674128
450;-2.4995465;0.12449849;12.11466
451;0.5650316;-0.2873042;11.654974
452;-0.047884032;-0.21068975;11.252748
453;-1.091756;-0.545878;10.668563
454;0.6607997;-1.9728222;8.322245
455;3.2082303;-0.1436521;13.024457
456;0.2681506;-0.6991069;16.874334
457;1.3311762;-1.388637;7.2783732
458;1.5801731;-1.13964;3.2082303
459;0.19153613;-0.18195933;10.601525
460;-0.35434186;0.8714894;14.298173
461;-0.10534488;-0.29688102;8.7532015
462;-0.7469909;-0.6607997;7.7189064
463;0.06703765;0.019153614;10.151415
464;0.0;-0.40222588;8.7532015
465;1.9536686;-0.5554548;8.408437
466;2.528277;0.22026655;12.449849
467;1.9536686;-0.33518824;11.587936
468;1.8483237;-0.51714754;7.6710224
469;0.24899697;-0.545878;7.201759
470;-1.1204864;-0.22026655;10.333375
471;-0.51714754;-0.0;10.582372
472;-1.4077905;-1.043872;8.6574335
473;-0.25857377;-0.82360536;7.8146744
474;-1.340753;-0.16280572;9.500193
475;-1.3790601;-0.37349546;10.01734
476;1.4652514;-0.6991069;9.9790325
477;3.8498764;-0.25857377;10.831368
478;1.043872;-1.091756;11.109096
479;0.5650316;-1.0342951;9.404425
480;1.9249382;-0.34476504;4.501099
481;-2.2026656;0.59376204;14.049175
482;-3.1411927;0.32561144;10.534488
483;0.37349546;-0.50757074;7.2687964
484;-2.6910827;-0.7757214;5.813122
485;-3.5051112;-0.38307226;11.683704
486;2.4420857;0.20111294;13.177686
487;2.7868507;0.41180268;12.50731
488;1.8674773;0.1340753;12.047623
489;2.1260512;0.45010993;11.971008
490;-0.7086837;0.2681506;11.693281
491;2.1260512;1.6950948;10.821792
492;-1.8770541;2.3080103;11.645397
493;-2.9783869;1.3311762;10.764331
494;-2.135628;0.8714894;6.301539
495;-1.6472107;-0.11492168;7.393295
496;-0.9959879;-0.31603462;9.165004
497;-1.4077905;-1.1013328;8.24563
498;4.2425256;-0.4309563;10.381259
499;3.1316159;0.22026655;11.042058
500;0.21068975;-1.1971009;10.409989
501;2.4420857;-0.19153613;6.646304
502;-2.2409728;0.2873042;8.944737
503;-4.3766007;-0.5554548;6.042965
504;-3.8498764;0.08619126;7.4603324
505;0.48841715;1.0726024;9.509769
506;-2.3175871;0.7278373;9.088389
507;-0.11492168;-3.1124623;5.592855
508;-1.7525556;-0.6895301;11.434708
509;1.8962077;1.3503298;16.701952
510;2.2122424;-0.4405331;14.5567465
511;2.3942018;-2.0111294;5.583278
512;-1.5705963;-0.17238252;7.747637
513;-4.0892963;0.047884032;11.271901
514;0.08619126;-0.0;13.972561
515;1.4077905;-0.9864111;11.81778
516;-3.6008794;0.02873042;11.683704
517;1.1683705;0.2873042;7.5465236
518;-0.25857377;-1.0821792;9.289502
519;-1.2066777;1.934515;13.359646
520;2.6144683;-0.89064306;15.725117
521;2.183512;-2.5187001;5.3342814
522;1.3599066;-2.2505496;5.4204726
523;0.90979666;-1.0534488;9.80665
524;-5.401319;-0.641646;6.3111157
525;6.1195793;1.3790601;9.232041
526;-5.0182467;0.90021986;14.824897
527;-0.4405331;-1.8291701;6.253655
528;6.1100025;1.0630256;6.7803793
529;-4.357447;0.16280572;13.311762
530;2.7389667;1.5801731;16.203957
531;3.8307228;1.2066777;9.873688
532;-2.0207062;-1.340753;9.892841
533;2.1260512;-0.49799395;7.565677
534;-2.0398598;-0.24899697;5.592855
535;-3.169923;0.6607997;12.382812
536;1.3694834;0.48841715;14.78659
537;-0.22026655;-1.5705963;9.653421
538;1.5131354;-1.5514427;6.540959
539;0.5746084;-0.5267244;9.940725
540;2.8538885;-0.047884032;10.151415
541;2.9400797;1.8291701;11.281479
542;-2.4229321;-1.0151415;10.94629
543;2.9113493;0.80445176;5.602432
544;-3.4093432;-0.05746084;8.542512
545;-2.135628;-0.2777274;8.887277
546;1.4939818;1.6567876;10.630256
547;-0.8619126;0.7278373;11.865664
548;2.5570073;0.10534488;12.401965
549;4.1659107;1.0342951;9.557653
550;0.5267244;0.22026655;11.425131
551;1.3215994;1.7429788;12.334928
552;2.5091233;2.4516625;12.947843
553;2.0015526;0.5746084;13.723564
554;0.78529817;-0.10534488;7.153875
555;-2.4133554;-1.388637;1.2641385
556;-3.9839516;-1.2162545;7.536947
557;4.3861775;2.72939;11.559206
558;-5.085284;0.39264908;17.468096
559;1.4748282;-2.7102363;4.960786
560;5.056554;-0.0;8.331821
561;-4.759673;-1.1971009;11.836933
562;6.6654577;0.36391866;11.310209
563;2.4229321;0.2777274;10.850522
564;-4.0797195;-0.7374141;9.14585
565;1.532289;-0.019153614;5.1140146
566;-3.0550013;-1.1683705;7.067683
567;-3.4763808;0.21068975;11.434708
568;0.17238252;0.20111294;8.734048
569;-0.22984336;0.59376204;8.599973
570;0.4405331;0.49799395;14.087482
571;3.4093432;0.62249243;14.15452
572;0.24899697;-0.0;9.078813
573;-2.27928;0.22984336;10.036493
574;2.7868507;0.842759;13.589489
575;1.3215994;0.63206923;12.028469
576;-1.532289;-0.0;8.801085
577;1.8579005;0.36391866;9.595961
578;-2.9783869;-1.1971009;10.189722
579;1.2449849;0.22026655;8.130709
580;-0.79487497;0.6703765;11.760319
581;-0.29688102;-0.7374141;11.712435
582;4.807557;-0.047884032;7.7189064
583;0.41180268;-0.24899697;8.169016
584;0.35434186;-0.7086837;9.605537
585;3.1986535;0.32561144;10.764331
586;-0.21068975;-0.93852705;10.716447
587;0.58418524;-1.7908629;7.144298
588;-1.388637;-1.043872;5.133168
589;-2.0015526;-2.4708161;7.699753
590;2.681506;-0.4309563;8.293514
591;0.10534488;-1.4748282;10.1226845
592;1.0630256;-1.3599066;10.065224
593;0.91937345;-1.1587936;7.6614456
594;-1.2545617;-1.1587936;8.590396
595;0.20111294;-0.047884032;13.129802
596;1.9728222;-0.20111294;13.455414
597;2.681506;-1.091756;9.595961
598;-1.2354081;-1.5035586;7.929596
599;-0.32561144;-0.92895025;8.734048
600;-3.1507695;-1.3982137;8.90643
601;-0.90979666;-1.13964;9.471462
602;2.681506;-0.02873042;11.951855
603;-0.6799533;-0.9768343;9.682152
604;1.4939818;-1.1300632;6.4739213
605;0.12449849;-0.45968673;6.991069
606;-1.2258313;0.20111294;13.781025
607;1.043872;-0.31603462;12.401965
608;1.2641385;-0.6991069;8.743625
609;-0.06703765;-1.0247183;9.002198
610;1.7812861;0.4309563;10.323798
611;2.5091233;0.22026655;9.902418
612;2.4037786;0.5650316;11.520899
613;1.4748282;0.7757214;13.560759
614;-2.1068976;-1.0342951;6.7803793
615;-1.2162545;-0.9959879;3.8881836
616;1.13964;1.3503298;11.645397
617;-2.2122424;0.1340753;14.489709
618;2.1164744;-0.33518824;8.073248
619;1.8579005;0.08619126;7.0581064
620;-2.3463178;-0.4213795;11.530476
621;1.1683705;-0.41180268;10.726024
622;3.3039982;-0.08619126;9.739613
623;0.7278373;0.22026655;11.520899
624;-1.4460979;-0.22026655;9.251195
625;-1.2545617;-0.49799395;6.5696893
626;0.61291564;0.08619126;9.911995
627;0.45010993;0.4213795;11.415554
628;0.1436521;-0.4309563;9.528923
629;1.6472107;-0.20111294;8.054094
630;1.5131354;0.2777274;7.7093296
631;-1.934515;0.8810662;10.266336
632;3.074155;1.1875241;12.401965
633;2.1739352;0.641646;9.059659
634;-0.9864111;0.10534488;6.1770406
635;-0.50757074;0.6799533;8.121132
636;0.4213795;0.47884035;12.50731
637;3.4763808;0.7374141;11.798626
638;2.1547816;0.019153614;9.959879
639;2.882619;-0.21068975;7.565677
640;-0.20111294;-0.63206923;7.1155677
641;-1.292869;0.22984336;8.159439
642;-2.4516625;0.33518824;12.430696
643;-0.33518824;-0.62249243;9.605537
644;0.34476504;-1.0726024;5.6790466
645;-1.2449849;-0.2777274;7.1730285
646;-1.2449849;-0.32561144;10.831368
647;0.7374141;0.80445176;12.105083
648;1.7142484;0.5554548;13.608643
649;0.4213795;0.2777274;12.50731
650;-1.1683705;0.23942018;10.362105
651;1.1683705;0.34476504;10.91756
652;0.545878;0.7086837;11.722012
653;0.49799395;0.35434186;12.076353
654;-1.2354081;-0.0;9.739613
655;-1.8962077;0.94810385;6.579266
656;-3.4284968;1.0821792;7.479486
657;-5.9663506;1.9153614;11.951855
658;-1.4748282;2.96881;14.211981
659;3.3039982;2.9975405;12.411542
660;-0.25857377;1.7717092;13.464991
661;0.6512229;2.930503;15.332468
662;4.1371803;2.6240451;13.129802
663;2.4516625;1.8387469;13.752295
664;-1.2641385;1.1013328;13.455414
665;0.91937345;0.47884035;8.504205
666;-1.8962077;-0.7469909;3.1028855
667;0.2777274;-0.8619126;7.2783732
668;2.336741;-1.541866;8.513782
669;1.5705963;-2.825158;2.231396
670;0.9672575;-3.41892;-0.7086837
671;3.9264908;-1.8866309;3.7541082
672;6.8761473;-4.2999864;5.9184666
673;6.129156;-3.169923;0.23942018
674;-7.441179;-0.49799395;-1.9632454
675;0.7374141;-1.685518;-8.331821
676;-1.8483237;-1.1683705;6.1004257
677;-3.2369606;-4.280833;6.1770406
678;7.6710224;1.7238252;-1.6089035
679;-11.013328;1.1109096;9.9790325
680;0.82360536;6.3302693;14.33648
681;7.0006456;1.5897499;25.656265
682;-4.865018;9.500193;18.377892
683;-8.724471;12.200851;26.154259
684;-14.54717;6.943185;37.857117
685;5.9567738;6.129156;23.66429
686;0.90021986;12.698846;38.42215
687;-8.494628;3.1603463;26.00103
688;5.631162;9.921572;29.084763
689;-9.059659;5.0182467;15.20797
690;-16.19438;-2.1260512;13.369223
691;-0.78529817;-0.21068975;-0.6703765
692;-11.712435;-3.3614593;-6.7708025
693;-3.5913026;-8.207323;8.7532015
694;18.128895;3.9743748;23.788788
695;1.685518;-2.0207062;0.842759
696;5.353435;-7.0485296;-6.033388
697;9.385271;-3.1028855;-13.043611
698;-3.5434184;-1.1779473;5.267244
699;11.137826;-1.0342951;15.016433
700;2.5953147;-0.6607997;5.046977
701;-3.8019924;-4.5298295;-16.788143
702;2.336741;0.8810662;0.009576807
703;-3.5434184;0.47884035;11.712435
704;-2.2697031;1.8004397;0.6703765
705;6.0238113;1.7621324;3.8881836
706;-1.0342951;-2.3175871;9.289502
707;4.8745947;0.7661445;5.363012
708;5.48751;4.280833;11.377247
709;7.0964136;3.5242648;22.40015
710;5.985504;4.3478703;22.850262
711;4.8745947;3.9839516;15.74427
712;6.291962;4.807557;15.658079
713;1.13964;3.5529952;18.272547
714;-0.019153614;5.9663506;15.571888
715;-0.4213795;3.763685;14.882358
716;-0.019153614;1.9728222;10.764331
717;0.19153613;-0.17238252;7.0485296
718;0.39264908;0.20111294;14.81532
719;2.825158;0.038307227;15.02601
720;2.6431987;-1.9440918;10.5440645
721;1.1875241;-0.545878;6.4547677
722;-10.103531;-4.903325;-3.514688
723;5.1810527;-0.16280572;4.2042184
724;3.6966474;1.1492168;17.228676
725;-4.4819455;-3.1124623;2.9879637
726;0.47884035;-4.098873;-3.6774938
727;2.6431987;-0.89064306;3.466804
728;-5.2768207;1.2737153;17.879898
729;-6.895301;-1.1300632;10.160992
730;3.1028855;-1.3694834;-3.8402996
731;-4.644751;-0.038307227;12.641385
732;-1.4748282;2.1260512;14.652514
733;-3.083732;-0.17238252;15.495274
734;3.1124623;0.6895301;8.944737
735;0.545878;4.098873;17.219099
736;-7.2687964;0.7565677;16.280571
737;5.985504;2.5570073;2.2218192
738;-0.9864111;2.72939;14.317327
739;-5.7843914;2.9113493;17.027563
740;1.3694834;1.7908629;5.1140146
741;0.1340753;0.5746084;3.86903
742;-0.36391866;0.39264908;12.947843
743;3.7349546;0.095768064;9.414001
744;-0.90979666;-1.6663644;2.585738
745;3.8594532;0.076614454;7.067683
746;1.1683705;-0.076614454;9.107543
747;3.964798;-2.767697;3.1890767
748;14.54717;4.453215;14.33648
749;9.959879;-1.043872;6.397307
750;-19.603724;-3.7924154;1.6950948
751;12.957419;-3.964798;-8.944737
752;1.7429788;3.5625722;24.114399
753;-18.751389;-8.111555;11.760319
754;4.4436383;3.5529952;-7.9870567
755;5.985504;2.0207062;6.0525417
756;-13.666103;-2.8921957;6.8091097
757;-4.6830587;2.6048915;16.280571
758;3.8977604;-3.1986535;22.601265
759;7.192182;-2.5187001;18.377892
760;4.5202527;1.982399;13.081918
761;3.1794999;-3.0550013;20.685904
762;2.920926;0.7565677;9.548077
763;-7.489063;2.27928;21.547815
764;-8.762778;-0.20111294;15.179238
765;-1.6759412;0.16280572;8.532935
766;-5.66947;-1.4556746;-0.095768064
767;2.6240451;0.41180268;11.109096
768;7.28795;-0.095768064;14.4130945
769;6.8665705;0.37349546;11.473015
770;7.8529816;0.2777274;13.9151
771;-1.9249382;-0.8331822;5.2480903
772;-1.4173675;-5.2385135;-5.899313
773;8.829816;-0.545878;-5.4683566
774;-10.093954;-0.047884032;12.650962
775;-6.6175733;-2.0398598;2.231396
776;8.992621;0.8331822;1.532289
777;-3.7062242;-2.3175871;0.4405331
778;3.7445314;-4.3382936;-0.17238252
779;7.5561004;-0.9768343;7.249643
780;5.363012;-0.45010993;18.23424
781;4.7022123;-1.1683705;20.06341
782;4.5202527;0.4213795;1.2641385
783;4.1276035;0.6799533;3.1028855
784;-1.7621324;4.405331;21.298819
785;-0.19153613;2.0973208;26.21172
786;0.10534488;-1.5993267;12.344504
787;-0.6512229;0.038307227;6.9623384
788;-3.074155;0.08619126;12.995727
789;-0.10534488;0.17238252;12.727576
790;2.0590134;1.1779473;21.576546
791;6.7708025;0.21068975;17.439365
792;4.76925;-4.271256;9.260772
793;2.719813;-0.49799395;2.2218192
794;-2.5953147;1.685518;12.220005
795;-6.0238113;0.7278373;9.385271
796;1.7717092;-1.043872;6.6079965
797;1.3024458;0.22026655;5.2385135
798;-1.4460979;-2.2505496;5.8801594
799;1.6376339;-3.9264908;-0.5746084
800;2.135628;-0.80445176;12.373235
801;8.00621;2.3558946;16.338032
802;-2.719813;1.5897499;15.581465
803;-1.13964;-1.5131354;-1.3311762
804;7.1155677;1.3982137;2.9496565
805;-3.2561142;2.0494366;19.737799
806;0.076614454;2.767697;15.466543
807;-4.817134;0.4405331;7.1251445
808;0.8714894;-1.8674773;5.506664
809;4.7884035;1.3024458;12.210428
810;-0.82360536;0.009576807;12.133814
811;2.1452048;1.484405;9.030929
812;-1.8100165;1.3982137;11.176133
813;-4.367024;0.79487497;11.386824
814;3.7732618;-1.982399;8.925584
815;5.1140146;-0.5650316;5.2002063
816;-2.0398598;-0.7565677;9.959879
817;5.2863975;1.3790601;13.608643
818;2.72939;0.6607997;13.292608
819;0.93852705;-0.92895025;7.4603324
820;2.9017725;0.5746084;6.7133417
821;-0.89064306;-0.7661445;8.015787
822;-2.480393;2.2888567;10.04607
823;-1.4748282;-0.009576807;13.599066
824;3.821146;-0.009576807;6.9144545
825;0.41180268;-0.82360536;9.643845
826;3.4284968;-1.13964;9.509769
827;6.042965;0.095768064;12.11466
828;-1.6376339;1.0151415;9.797073
829;-0.34476504;-0.6703765;11.884817
830;2.882619;2.1068976;12.660539
831;-3.7253778;0.92895025;11.798626
832;-0.17238252;0.50757074;6.981492
833;-2.2505496;0.40222588;8.954314
834;-0.17238252;0.38307226;12.459426
835;4.175488;1.0055647;12.966996
836;-0.7661445;-0.30645782;12.29662
837;1.9153614;-1.0630256;7.9008656
838;2.681506;-0.92895025;4.7788267
839;-1.9153614;1.13964;11.089942
840;-0.5746084;1.5035586;14.738706
841;-0.80445176;1.6663644;8.437167
842;-2.3942018;0.047884032;5.4204726
843;-0.8810662;-0.45010993;10.199299
844;3.4955344;-0.641646;11.482592
845;0.78529817;0.545878;8.523358
846;-0.90979666;-0.047884032;10.113108
847;3.3997664;-0.9672575;9.730036
848;0.8619126;-0.6895301;6.703765
849;0.38307226;-0.39264908;7.019799
850;1.3694834;0.78529817;11.84651
851;-0.5554548;0.22026655;9.691729
852;-1.3599066;0.33518824;7.7189064
853;-1.3024458;0.79487497;9.595961
854;0.51714754;0.12449849;11.386824
855;1.0247183;1.0151415;9.356541
856;0.06703765;0.5554548;11.195287
857;2.0015526;1.0534488;12.11466
858;1.9919758;-0.7757214;11.674128
859;1.4939818;-0.94810385;8.494628
860;0.641646;0.48841715;10.773908
861;-0.82360536;0.31603462;11.923124
862;-0.91937345;1.0055647;9.557653
863;-3.6966474;0.6991069;9.500193
864;2.72939;0.30645782;12.018892
865;1.7142484;0.46926352;11.013328
866;-0.4405331;-0.12449849;8.082825
867;4.003105;0.22984336;10.419566
868;0.37349546;0.45010993;14.010868
869;0.45968673;-0.20111294;10.409989
870;2.5570073;0.17238252;8.082825
871;-0.30645782;0.37349546;9.749189
872;-1.0726024;0.20111294;8.944737
873;-0.7278373;-0.38307226;7.067683
874;-0.545878;0.2681506;9.385271
875;-0.545878;0.40222588;12.603078
876;1.484405;-0.641646;9.270349
877;3.0071173;-0.8714894;5.899313
878;0.6512229;-0.4309563;7.747637
879;-0.23942018;-0.11492168;11.501745
880;2.6144683;-0.4213795;9.241618
881;-0.92895025;-0.24899697;9.107543
882;-0.33518824;-0.10534488;9.825804
883;0.94810385;0.30645782;9.11712
884;-2.0685902;0.21068975;9.471462
885;0.9576807;0.8810662;11.482592
886;0.7374141;0.18195933;12.440272
887;1.6567876;-0.21068975;9.471462
888;3.514688;-0.10534488;10.208876
889;2.1643584;-0.36391866;12.018892
890;1.4652514;0.22026655;11.511322
891;0.8523358;0.038307227;9.672575
892;-0.36391866;1.0630256;10.486604
893;-2.2697031;1.043872;10.132261
894;-3.016694;0.40222588;7.824251
895;-1.2449849;-0.8810662;8.916007
896;2.0398598;0.45010993;12.631808
897;-0.2873042;-0.60333884;13.081918
898;6.349423;-0.90979666;9.002198
899;3.715801;-0.6512229;9.730036
900;0.1436521;-0.62249243;10.180145
901;1.9249382;-0.23942018;8.628703
902;0.9768343;-0.12449849;9.998186
903;-2.384625;-0.2777274;10.25676
904;-2.566584;-0.90021986;6.4164605
905;-2.087744;-0.7757214;4.2904096
906;-0.22026655;0.019153614;8.858546
907;0.7374141;0.08619126;12.641385
908;3.2752678;-0.45968673;9.844957
909;2.336741;-0.4405331;9.040505
910;3.8402996;-0.82360536;10.218452
911;3.1986535;0.4405331;10.91756
912;-1.1300632;0.545878;13.206416
913;0.46926352;0.4213795;12.210428
914;0.93852705;1.0726024;9.241618
915;-4.453215;0.019153614;7.690176
916;0.22026655;1.0055647;9.423578
917;-0.35434186;0.29688102;11.099519
918;1.5610195;0.30645782;10.716447
919;2.585738;0.16280572;11.722012
920;1.3599066;-0.842759;10.007763
921;3.3039982;-0.18195933;8.916007
922;-1.091756;0.095768064;10.180145
923;-1.2737153;-0.076614454;12.50731
924;2.882619;1.2066777;9.80665
925;-2.6048915;-0.1340753;7.833828
926;2.030283;-0.35434186;8.331821
927;-0.7278373;-1.2066777;8.101978
928;-0.545878;-0.93852705;9.394848
929;3.916914;-0.11492168;10.477027
930;-0.2777274;0.59376204;12.0093155
931;1.0821792;-0.39264908;7.8146744
932;4.3766007;1.4173675;8.801085
933;-2.5378537;1.4269443;13.503298
934;0.12449849;1.1204864;12.756307
935;-0.49799395;1.4173675;6.5026517
936;-2.2505496;1.0821792;10.668563
937;2.8060043;1.8674773;12.363658
938;1.0630256;0.7374141;11.003751
939;1.0247183;1.0821792;8.322245
940;1.5035586;1.5610195;10.323798
941;-1.5131354;0.47884035;10.802638
942;0.49799395;0.37349546;9.9790325
943;1.3311762;0.7086837;10.754754
944;-1.2258313;0.15322891;11.492168
945;3.1603463;0.12449849;8.063671
946;0.23942018;0.16280572;9.902418
947;0.38307226;-0.019153614;10.534488
948;3.1316159;0.38307226;10.840945
949;0.81402856;-0.641646;10.084377
950;0.82360536;0.46926352;6.6367273
951;-1.532289;0.51714754;8.734048
952;0.5554548;0.81402856;12.095507
953;-0.18195933;0.33518824;10.228029
954;0.8714894;0.6607997;7.824251
955;0.23942018;1.1587936;9.969456
956;0.20111294;0.6799533;11.21444
957;2.6719291;1.0247183;10.745177
958;0.81402856;0.25857377;10.601525
959;1.340753;-0.29688102;10.266336
960;2.0111294;-0.8523358;7.651869
961;0.047884032;-0.8523358;7.680599
962;-2.0590134;0.7374141;10.084377
963;-0.1436521;-0.23942018;10.247183
964;0.5363012;0.4213795;8.676587
965;-1.8291701;-0.11492168;8.446744
966;-0.5554548;0.22984336;7.2783732
967;-1.0630256;-0.15322891;9.615114
968;2.4037786;0.41180268;11.702858
969;2.5091233;0.10534488;12.191275
970;3.2561142;-0.7182605;10.381259
971;2.5187001;-0.9576807;10.323798
972;0.59376204;0.6799533;8.6095495
973;-2.480393;0.89064306;11.137826
974;0.35434186;1.1971009;13.062764
975;0.12449849;1.6472107;12.172121
976;-1.2162545;0.35434186;9.816227
977;2.1547816;0.31603462;9.672575
978;0.24899697;0.49799395;12.813767
979;1.6089035;-0.08619126;12.239159
980;4.6830587;-0.46926352;11.865664
981;0.10534488;-1.1109096;7.9391727
982;-0.45968673;-1.0534488;6.445191
983;-0.39264908;-0.90979666;8.2169
984;-0.2777274;-0.11492168;13.120225
985;-0.45010993;-0.21068975;10.553641
986;1.6472107;-0.6512229;6.3781533
987;1.0247183;0.58418524;6.349423
988;-1.043872;0.9672575;11.21444
989;3.6391866;0.29688102;12.220005
990;1.5993267;-0.18195933;8.408437
991;-2.432509;-0.842759;6.6175733
992;0.02873042;-0.49799395;7.144298
993;0.11492168;0.35434186;8.963891
994;-0.8619126;0.2681506;9.739613
995;2.6048915;0.1340753;8.561666
996;-0.49799395;0.15322891;8.571242
997;1.2545617;0.6512229;10.831368
998;3.2752678;1.5993267;13.876793
999;1.0151415;0.05746084;12.727576
1000;5.1140146;-0.02873042;9.490616
1001;0.095768064;-0.22984336;9.165004
1002;-4.0222588;0.17238252;10.295067
1003;-0.2681506;0.6607997;9.385271
1004;-2.3558946;0.4309563;12.401965
1005;0.30645782;0.7086837;11.664551
1006;3.821146;0.36391866;10.28549
1007;0.5363012;-0.17238252;11.243171
1008;3.064578;1.4460979;13.2351465
1009;0.39264908;-0.6799533;11.81778
1010;2.0111294;-0.20111294;10.620679
1011;-0.076614454;-1.4173675;11.894394
1012;-0.8523358;-1.2545617;6.847417
1013;-1.3024458;-0.1436521;7.603985
1014;-0.37349546;0.4405331;11.923124
1015;0.11492168;0.5267244;10.323798
1016;1.541866;0.1340753;5.8705826
1017;-1.4652514;0.12449849;8.054094
1018;-0.8619126;0.5267244;11.003751
1019;4.76925;0.8714894;11.013328
1020;0.7086837;0.39264908;11.281479
1021;1.2354081;0.06703765;10.927136
1022;4.7884035;-0.05746084;8.418014
1023;-0.24899697;0.6895301;7.3645644
1024;-3.7828386;0.7469909;11.425131
1025;1.1204864;1.1300632;10.97502
1026;0.1340753;0.7565677;8.628703
1027;0.38307226;-0.37349546;11.434708
1028;2.5570073;0.82360536;9.500193
1029;0.7469909;-0.62249243;9.107543
1030;2.9400797;0.047884032;10.055647
1031;2.2409728;-0.019153614;12.411542
1032;2.078167;-1.1683705;10.0269165
1033;0.095768064;-1.6376339;6.042965
1034;-4.1276035;-0.7757214;6.1866174
1035;1.6759412;0.7374141;12.334928
1036;-0.25857377;1.3311762;14.058752
1037;1.0055647;0.22984336;10.093954
1038;4.0318356;1.1971009;9.921572
1039;0.23942018;1.1587936;13.340492
1040;-0.15322891;1.3790601;14.18325
1041;1.7429788;0.8523358;8.6095495
1042;1.9057846;0.82360536;12.603078
1043;0.33518824;0.40222588;10.927136
1044;0.6703765;-1.1971009;3.6487634
1045;0.61291564;0.20111294;5.363012
1046;-2.432509;1.2545617;12.0571995
1047;0.9576807;1.0726024;10.055647
1048;1.043872;1.1971009;7.28795
1049;0.41180268;0.4309563;8.8777
1050;2.9496565;1.8291701;9.375694
1051;-1.2354081;1.283292;8.916007
1052;2.6719291;1.6184803;10.994174
1053;3.6870706;1.2545617;9.892841
1054;0.91937345;0.08619126;7.9966335
1055;1.6472107;1.0342951;5.592855
1056;-2.7102363;1.7717092;7.422025
1057;-1.7621324;2.2697031;8.647857
1058;1.1779473;3.3806129;12.890382
1059;-0.7757214;2.3654714;11.865664
1060;1.3982137;1.733402;7.824251
1061;2.0398598;2.6240451;9.576807
1062;0.45968673;3.1890767;14.748282
1063;1.6184803;3.5817258;14.499286
1064;2.7006595;2.3175871;10.94629
1065;2.327164;1.934515;10.036493
1066;-0.16280572;2.5570073;7.9391727
1067;-3.4859576;1.7717092;7.1059904
1068;-1.7525556;1.9057846;9.241618
1069;-1.0247183;2.6240451;11.836933
1070;-0.05746084;1.7908629;9.892841
1071;1.982399;2.3463178;7.240066
1072;2.2984335;2.1164744;10.783484
1073;0.6607997;1.1492168;13.503298
1074;4.232949;1.8866309;9.500193
1075;1.532289;2.4420857;10.352529
1076;2.327164;2.4229321;12.4785795
1077;2.528277;2.2122424;11.942278
1078;-0.641646;0.9959879;6.694188
1079;-0.12449849;1.6184803;7.6231384
1080;-3.1316159;2.0207062;11.042058
1081;-0.9576807;2.3175871;9.816227
1082;1.13964;1.9057846;11.109096
1083;2.0685902;1.2354081;10.7356
1084;5.4683566;2.2888567;9.873688
1085;1.9728222;3.3901896;10.323798
1086;1.1779473;2.4995465;14.020445
1087;1.7717092;2.2409728;11.358093
1088;0.24899697;1.292869;7.881712
1089;-2.2409728;0.59376204;7.07726
1090;0.23942018;0.6991069;9.433155
1091;-2.135628;0.5554548;8.360553
1092;1.6184803;0.41180268;8.724471
1093;0.91937345;0.4309563;8.149862
1094;0.4309563;-0.39264908;6.397307
1095;-0.15322891;-0.02873042;6.8569937
1096;-1.8100165;0.4213795;9.921572
1097;0.23942018;0.4213795;9.002198
1098;0.6991069;1.0726024;9.595961
1099;1.6663644;0.51714754;10.113108
1100;3.1507695;1.2737153;9.9790325
1101;0.7374141;1.0534488;9.701305
1102;1.2737153;1.6472107;11.080365
1103;-1.6376339;1.7238252;11.080365
1104;-1.733402;1.484405;11.434708
1105;2.4995465;1.5035586;10.524911
1106;-0.08619126;1.13964;11.21444
1107;1.8291701;0.40222588;10.572795
1108;4.5777135;1.388637;11.415554
1109;-0.50757074;0.9768343;11.980585
1110;-0.076614454;1.0534488;9.902418
1111;0.641646;0.8523358;8.619126
1112;-1.5514427;0.7278373;11.070788
1113;0.7565677;0.35434186;9.77792
1114;2.7102363;0.7086837;8.389283
1115;1.8579005;1.3503298;10.7356
1116;2.2122424;1.9057846;11.530476
1117;1.1300632;1.388637;10.333375
1118;0.49799395;1.685518;9.950302
1119;-0.019153614;1.6759412;10.132261
1120;0.60333884;1.6280571;9.787497
1121;0.6799533;1.6759412;9.107543
1122;-0.38307226;1.5610195;8.283937
1123;-1.484405;1.0630256;7.086837
1124;1.3982137;1.532289;9.136273
1125;1.7142484;1.6759412;11.511322
1126;0.5554548;0.38307226;9.749189
1127;1.9632454;1.436521;6.83784
1128;-1.2737153;1.2449849;10.1226845
1129;0.61291564;1.8100165;10.965444
1130;-0.6607997;1.283292;9.77792
1131;2.480393;1.1779473;9.375694
1132;1.7908629;0.62249243;8.820239
1133;2.2888567;1.0342951;8.552089
1134;2.719813;1.4077905;10.486604
1135;1.1683705;1.8674773;11.654974
1136;0.8331822;1.6950948;9.998186
1137;0.7278373;2.1547816;9.739613
1138;-0.21068975;2.2697031;10.5440645
1139;-0.10534488;2.3463178;10.477027
1140;0.20111294;2.384625;11.013328
1141;1.0342951;2.3750482;11.674128
1142;0.8714894;2.183512;10.5440645
1143;0.21068975;1.8100165;9.892841
1144;2.5761611;2.1547816;11.798626
1145;1.0534488;2.0590134;11.84651
1146;-0.4213795;2.2697031;10.132261
1147;0.7086837;2.4899697;11.061212
1148;-1.541866;2.1164744;10.620679
1149;-0.41180268;1.8579005;9.165004
1150;0.37349546;1.6663644;9.404425
1151;0.7086837;1.5897499;9.787497
1152;1.5993267;1.7621324;10.065224
1153;1.532289;1.4748282;9.787497
1154;2.0398598;1.6089035;9.260772
1155;0.60333884;1.3790601;8.513782
1156;0.45010993;1.436521;8.676587
1157;0.8714894;1.4077905;8.695741
1158;-0.08619126;1.7046716;8.992621
1159;0.16280572;1.3982137;9.500193
1160;1.436521;1.7429788;9.576807
1161;0.076614454;1.934515;10.007763
1162;0.89064306;2.1068976;11.291056
1163;1.1779473;2.2026656;11.511322
1164;0.60333884;2.030283;10.582372
1165;1.3215994;1.8004397;10.91756
1166;1.4748282;1.7525556;10.534488
1167;0.5746084;1.532289;10.0748005
1168;0.8523358;1.3599066;9.825804
1169;0.9768343;1.2162545;9.969456
1170;0.5650316;0.9959879;9.308656
1171;1.4269443;0.7278373;8.935161
1172;1.0247183;0.7278373;9.308656
1173;1.0342951;0.842759;8.896853
1174;-0.009576807;0.79487497;9.662998
1175;1.2162545;1.1683705;10.132261
1176;-0.038307227;1.0055647;9.988609
1177;0.6512229;1.1013328;9.768343
1178;1.0630256;1.4652514;10.764331
1179;0.22026655;1.541866;11.386824
1180;1.1300632;1.8866309;10.802638
1181;0.047884032;1.733402;10.333375
1182;0.39264908;1.7621324;10.323798
1183;-0.076614454;1.6089035;9.940725
1184;-0.02873042;1.5705963;9.471462
1185;0.34476504;1.4269443;9.548077
1186;-0.2681506;1.3311762;9.3661175
1187;0.545878;1.2449849;8.944737
1188;0.36391866;0.9768343;8.743625
1189;0.5363012;1.0534488;8.820239
1190;0.9672575;0.9864111;8.887277
1191;0.34476504;0.9672575;9.356541
1192;1.3694834;1.1204864;9.509769
1193;0.5554548;1.0630256;9.682152
1194;1.091756;1.2354081;9.844957
1195;1.3694834;1.4173675;10.5919485
1196;0.6512229;1.5705963;10.831368
1197;1.4077905;1.6184803;10.860099
1198;0.9864111;1.8674773;11.070788
1199;1.1204864;1.9057846;11.329363
1200;1.283292;1.9919758;11.042058
1201;1.13964;1.934515;10.70687
1202;1.2162545;1.8866309;10.429143
1203;1.043872;1.8483237;10.323798
1204;1.1109096;1.9728222;10.0269165
1205;1.0247183;1.7812861;9.758766
1206;0.92895025;1.6663644;9.241618
1207;0.6991069;1.7046716;9.174581
1208;0.8619126;1.6472107;9.184157
1209;0.34476504;1.733402;8.983045
1210;0.5554548;1.8866309;9.107543
1211;0.47884035;1.7717092;9.299079
1212;0.4309563;1.8291701;9.519346
1213;0.5267244;1.9632454;9.739613
1214;0.45968673;1.9249382;9.998186
1215;0.59376204;2.0590134;10.314221
1216;0.46926352;2.078167;10.25676
1217;0.50757074;2.0015526;10.28549
1218;0.5650316;2.030283;10.553641
1219;0.39264908;1.8004397;10.477027
1220;0.6703765;1.7717092;10.266336
1221;0.5554548;1.733402;10.295067
1222;0.7278373;1.685518;10.275913
1223;0.89064306;1.5993267;10.04607
1224;0.78529817;1.5993267;9.854534
1225;0.8810662;1.5035586;10.0748005
1226;0.78529817;1.5705963;9.844957
1227;0.91937345;1.541866;9.653421
1228;0.842759;1.4269443;9.854534
1229;0.94810385;1.4939818;9.797073
1230;0.9959879;1.436521;9.864111
1231;0.91937345;1.4460979;9.940725
1232;1.1204864;1.4269443;9.787497
1233;0.94810385;1.3503298;9.9790325
1234;0.94810385;1.2545617;10.04607
1235;0.81402856;1.2545617;10.180145
1236;0.8619126;1.2162545;10.189722
1237;0.92895025;1.1013328;10.247183
1238;0.7565677;1.0247183;10.151415
1239;0.7661445;1.0247183;10.199299
1240;0.80445176;0.90021986;10.429143
1241;0.545878;0.80445176;10.333375
1242;0.8810662;0.7086837;10.266336
1243;0.7757214;0.60333884;10.208876
1244;0.7278373;0.49799395;10.199299
1245;0.8619126;0.4309563;10.007763
1246;0.6799533;0.32561144;10.055647
1247;0.6991069;0.24899697;9.959879
1248;0.7374141;0.18195933;9.797073
1249;0.7278373;0.10534488;9.720459
1250;0.7565677;0.095768064;9.797073
1251;0.6895301;0.019153614;9.730036
1252;0.6991069;-0.019153614;9.5385
1253;0.7182605;-0.076614454;9.586384
1254;0.61291564;-0.1436521;9.423578
1255;0.79487497;-0.22984336;9.461885
1256;0.78529817;-0.23942018;9.56723
1257;0.7278373;-0.25857377;9.56723
1258;0.7661445;-0.2777274;9.433155
1259;0.6895301;-0.2777274;9.500193
1260;0.7757214;-0.2681506;9.749189
1261;0.7278373;-0.36391866;9.758766
1262;0.79487497;-0.33518824;9.873688
1263;0.79487497;-0.2873042;9.921572
1264;0.8523358;-0.24899697;10.036493
1265;0.9576807;-0.20111294;10.0748005
1266;0.7565677;-0.34476504;10.04607
1267;0.7469909;-0.30645782;9.864111
1268;0.82360536;-0.2681506;10.0269165
1269;0.7757214;-0.33518824;10.036493
1270;0.7278373;-0.34476504;9.902418
1271;0.7182605;-0.31603462;9.816227
1272;0.7086837;-0.24899697;9.80665
1273;0.7469909;-0.19153613;9.835381
1274;0.7565677;-0.20111294;9.701305
1275;0.7374141;-0.20111294;9.739613
1276;0.7086837;-0.1340753;9.797073
1277;0.6991069;-0.18195933;9.682152
1278;0.7182605;-0.15322891;9.844957
1279;0.6799533;-0.20111294;9.816227
1280;0.7374141;-0.21068975;9.854534
1281;0.7757214;-0.16280572;9.816227
1282;0.7182605;-0.22026655;9.883265
1283;0.7757214;-0.22026655;9.959879
1284;0.78529817;-0.22026655;9.844957
1285;0.7469909;-0.29688102;9.911995
1286;0.7757214;-0.24899697;9.902418
1287;0.7278373;-0.2777274;9.883265
1288;0.7661445;-0.22984336;9.825804
1289;0.82360536;-0.18195933;9.864111
1290;0.78529817;-0.1436521;9.797073
1291;0.82360536;-0.18195933;9.854534
1292;0.7469909;-0.19153613;9.77792
1293;0.7278373;-0.16280572;9.854534
1294;0.7757214;-0.20111294;9.864111
1295;0.7565677;-0.19153613;9.787497
1296;0.79487497;-0.18195933;9.80665
1297;0.7374141;-0.20111294;9.80665
1298;0.7661445;-0.1436521;9.873688
1299;0.7661445;-0.1340753;9.902418
1300;0.7469909;-0.16280572;9.911995
1301;0.79487497;-0.17238252;9.825804
1302;0.7182605;-0.17238252;9.892841
1303;0.7469909;-0.1436521;9.902418
1304;0.79487497;-0.12449849;9.892841
1305;0.7374141;-0.095768064;9.835381
1306;0.7661445;-0.047884032;9.844957
1307;0.6991069;-0.095768064;9.80665
1308;0.7278373;-0.038307227;9.768343
1309;0.7661445;-0.0;9.787497
1310;0.7469909;-0.009576807;9.787497
1311;0.7565677;-0.0;9.768343
1312;0.6991069;0.038307227;9.768343
1313;0.7469909;0.11492168;9.844957
1314;0.7469909;0.1340753;9.854534
1315;0.7086837;0.20111294;9.825804
1316;0.7182605;0.29688102;9.873688
1317;0.7661445;0.32561144;9.931149
1318;0.7374141;0.35434186;9.931149
1319;0.7469909;0.32561144;9.969456
1320;0.79487497;0.39264908;9.864111
1321;0.7182605;0.46926352;9.931149
1322;0.79487497;0.48841715;9.940725
1323;0.7278373;0.47884035;10.007763
1324;0.7757214;0.60333884;9.959879
1325;0.79487497;0.49799395;10.0748005
1326;0.82360536;0.5363012;9.921572
1327;0.78529817;0.62249243;9.950302
1328;0.7661445;0.46926352;10.141838
1329;0.8619126;0.60333884;9.883265
1330;0.78529817;0.61291564;9.940725
1331;0.82360536;0.545878;9.950302
1332;0.842759;0.5650316;9.931149
1333;0.842759;0.61291564;9.940725
1334;0.8523358;0.60333884;9.950302
1335;0.80445176;0.58418524;9.921572
1336;0.8523358;0.5650316;10.055647
1337;0.82360536;0.49799395;9.988609
1338;0.81402856;0.5650316;9.921572
1339;0.78529817;0.50757074;9.9790325
1340;0.7374141;0.38307226;9.892841
1341;0.7565677;0.41180268;9.883265
1342;0.7469909;0.41180268;9.844957
1343;0.7374141;0.30645782;9.940725
1344;0.79487497;0.24899697;9.911995
1345;0.6895301;0.29688102;9.911995
1346;0.7182605;0.23942018;9.873688
1347;0.7182605;0.25857377;9.825804
1348;0.7278373;0.17238252;9.883265
1349;0.7182605;0.16280572;9.921572
1350;0.7278373;0.19153613;9.844957
1351;0.7374141;0.11492168;9.940725
1352;0.7182605;0.095768064;9.969456
1353;0.7374141;0.019153614;9.835381
1354;0.82360536;0.047884032;9.873688
1355;0.7182605;-0.019153614;9.9790325
1356;0.81402856;0.019153614;9.892841
1357;0.78529817;-0.0;9.844957
1358;0.80445176;-0.02873042;9.921572
1359;0.82360536;-0.05746084;9.892841
1360;0.7565677;-0.06703765;9.787497
1361;0.81402856;-0.11492168;9.864111
1362;0.78529817;-0.08619126;9.797073
1363;0.78529817;-0.076614454;9.80665
1364;0.7757214;-0.15322891;9.816227
1365;0.7565677;-0.15322891;9.835381
1366;0.7278373;-0.19153613;9.902418
1367;0.7278373;-0.15322891;9.77792
1368;0.7086837;-0.15322891;9.844957
1369;0.7565677;-0.12449849;9.825804
1370;0.6895301;-0.12449849;9.787497
1371;0.6991069;-0.15322891;9.844957
1372;0.7086837;-0.15322891;9.844957
1373;0.7278373;-0.18195933;9.902418
1374;0.7278373;-0.17238252;9.844957
1375;0.6703765;-0.15322891;9.797073
1376;0.6991069;-0.1340753;9.883265
1377;0.6991069;-0.16280572;9.854534
1378;0.7661445;-0.11492168;9.854534
1379;0.78529817;-0.1340753;9.816227
1380;0.7374141;-0.076614454;9.883265
1381;0.7757214;-0.12449849;9.825804
1382;0.80445176;-0.047884032;9.854534
1383;0.7278373;-0.076614454;9.835381
1384;0.8523358;-0.1436521;9.80665
1385;0.78529817;-0.076614454;9.854534
1386;0.80445176;-0.10534488;9.959879
1387;0.82360536;-0.02873042;9.873688
1388;0.7661445;-0.019153614;9.854534
1389;0.81402856;-0.038307227;9.921572
1390;0.7661445;-0.009576807;9.873688
1391;0.80445176;0.02873042;9.873688
1392;0.7661445;0.10534488;9.883265
1393;0.7661445;0.02873042;9.921572
1394;0.7565677;0.06703765;9.921572
1395;0.7469909;0.10534488;9.854534
1396;0.7374141;0.11492168;9.940725
1397;0.7278373;0.1436521;9.902418
1398;0.7374141;0.16280572;9.892841
1399;0.7757214;0.25857377;9.864111
1400;0.6895301;0.1340753;9.940725
1401;0.7661445;0.22026655;9.921572
1402;0.7278373;0.22026655;9.959879
1403;0.7469909;0.23942018;9.902418
1404;0.7469909;0.22984336;9.940725
1405;0.7469909;0.29688102;9.921572
1406;0.7757214;0.23942018;9.911995
1407;0.7661445;0.2777274;9.921572
1408;0.7469909;0.33518824;9.959879
1409;0.81402856;0.2873042;9.921572
1410;0.7661445;0.24899697;9.921572
1411;0.81402856;0.29688102;9.931149
1412;0.78529817;0.2873042;9.911995
1413;0.7565677;0.2873042;9.892841
1414;0.80445176;0.29688102;9.959879
1415;0.7374141;0.25857377;9.883265
1416;0.78529817;0.31603462;9.969456
1417;0.8331822;0.30645782;9.892841
1418;0.7757214;0.30645782;9.911995
1419;0.80445176;0.29688102;9.921572
1420;0.7757214;0.2873042;9.825804
1421;0.7757214;0.2681506;9.969456
1422;0.7757214;0.25857377;9.959879
1423;0.7278373;0.22026655;9.902418
1424;0.79487497;0.2777274;9.921572
1425;0.7757214;0.16280572;9.940725
1426;0.7661445;0.16280572;9.883265
1427;0.7374141;0.1436521;9.931149
1428;0.7374141;0.12449849;9.883265
1429;0.7661445;0.21068975;9.902418
1430;0.7182605;0.16280572;9.959879
1431;0.78529817;0.095768064;9.892841
1432;0.7469909;0.08619126;9.864111
1433;0.7278373;0.10534488;9.864111
1434;0.82360536;0.10534488;9.950302
1435;0.7278373;0.038307227;9.80665
1436;0.79487497;0.02873042;9.940725
1437;0.82360536;0.047884032;9.835381
1438;0.7661445;0.076614454;9.931149
1439;0.82360536;0.019153614;9.911995
1440;0.7757214;-0.0;9.873688
1441;0.78529817;-0.047884032;9.883265
1442;0.81402856;0.02873042;9.873688
1443;0.7278373;-0.0;9.911995
1444;0.8331822;-0.019153614;9.854534
1445;0.78529817;-0.019153614;9.854534
1446;0.7661445;-0.009576807;9.911995
1447;0.7374141;-0.0;9.902418
1448;0.78529817;-0.047884032;9.902418
1449;0.7661445;-0.047884032;9.873688
1450;0.7182605;-0.0;9.911995
1451;0.7661445;-0.047884032;9.873688
1452;0.7374141;-0.038307227;9.950302
1453;0.6991069;-0.0;9.844957
1454;0.7757214;-0.02873042;9.864111
1455;0.7278373;-0.02873042;9.844957
1456;0.7757214;-0.009576807;9.835381
1457;0.6895301;-0.047884032;9.883265
1458;0.7469909;-0.009576807;9.854534
1459;0.7757214;-0.038307227;9.883265
1460;0.7469909;-0.0;9.844957
1461;0.7661445;-0.009576807;9.844957
1462;0.78529817;0.019153614;9.80665
1463;0.7086837;0.009576807;9.921572
1464;0.80445176;-0.0;9.911995
1465;0.80445176;-0.0;9.835381
1466;0.7757214;0.038307227;9.892841
1467;0.79487497;0.08619126;9.844957
1468;0.7565677;0.08619126;9.921572
1469;0.79487497;0.019153614;9.844957
1470;0.7565677;0.019153614;9.892841
1471;0.7469909;0.076614454;9.940725
1472;0.80445176;0.11492168;9.864111
1473;0.7565677;0.038307227;9.844957
1474;0.7757214;0.1436521;9.931149
1475;0.81402856;0.08619126;9.854534
1476;0.7565677;0.1340753;9.854534
1477;0.7661445;0.16280572;9.940725
1478;0.7469909;0.16280572;9.854534
1479;0.79487497;0.18195933;9.892841
1480;0.7661445;0.20111294;9.883265
1481;0.7565677;0.18195933;9.931149
1482;0.81402856;0.17238252;9.911995
1483;0.7278373;0.21068975;9.825804
1484;0.7757214;0.20111294;9.950302
1485;0.7469909;0.17238252;9.873688
1486;0.7565677;0.23942018;9.911995
1487;0.7757214;0.21068975;9.873688
1488;0.7086837;0.23942018;9.959879
1489;0.7757214;0.1436521;9.902418
1490;0.7469909;0.22984336;9.816227
1491;0.7757214;0.20111294;9.940725
1492;0.81402856;0.22984336;9.969456
1493;0.7469909;0.17238252;9.9790325
1494;0.7565677;0.22026655;9.969456
1495;0.7469909;0.16280572;9.940725
1496;0.7565677;0.25857377;9.959879
1497;0.7757214;0.18195933;9.844957
1498;0.7469909;0.24899697;9.844957
1499;0.7661445;0.17238252;9.940725
1500;0.7757214;0.11492168;9.864111
1501;0.7757214;0.076614454;9.892841
1502;0.79487497;0.11492168;9.921572
1503;0.7757214;0.11492168;9.835381
1504;0.78529817;0.11492168;9.950302
1505;0.7469909;0.12449849;9.864111
1506;0.7661445;0.10534488;9.902418
1507;0.7757214;0.076614454;9.911995
1508;0.79487497;0.076614454;9.873688
1509;0.7661445;0.076614454;9.931149
1510;0.78529817;0.095768064;9.902418
1511;0.7565677;0.05746084;9.921572
1512;0.78529817;0.06703765;9.911995
1513;0.7182605;0.009576807;9.940725
1514;0.78529817;0.047884032;9.835381
1515;0.7661445;0.02873042;9.844957
1516;0.7757214;0.095768064;9.9790325
1517;0.79487497;0.038307227;9.835381
1518;0.7374141;0.08619126;9.950302
1519;0.7374141;0.05746084;9.911995
1520;0.7661445;0.095768064;9.931149
1521;0.7565677;0.02873042;9.854534
1522;0.79487497;-0.019153614;9.835381
1523;0.7757214;0.02873042;9.844957
1524;0.7757214;0.02873042;9.921572
1525;0.7757214;-0.019153614;9.864111
1526;0.78529817;0.02873042;9.911995
1527;0.78529817;0.05746084;9.873688
1528;0.7661445;-0.019153614;9.844957
1529;0.7661445;-0.02873042;9.931149
1530;0.7757214;0.076614454;9.883265
1531;0.7757214;0.019153614;9.892841
1532;0.7757214;-0.019153614;9.902418
1533;0.7278373;0.019153614;9.835381
1534;0.80445176;0.019153614;9.931149
1535;0.7757214;0.019153614;9.902418
1536;0.78529817;-0.009576807;9.883265
1537;0.7565677;0.05746084;9.864111
1538;0.7565677;0.047884032;9.998186
1539;0.7757214;0.076614454;9.902418
1540;0.7374141;0.047884032;9.873688
1541;0.7565677;0.02873042;9.950302
1542;0.80445176;0.05746084;9.854534
1543;0.7278373;0.095768064;9.911995
1544;0.80445176;0.06703765;10.007763
1545;0.7757214;0.047884032;9.911995
1546;0.7661445;0.076614454;9.902418
1547;0.79487497;0.095768064;9.959879
1548;0.7469909;0.08619126;9.873688
1549;0.7757214;0.1340753;9.950302
1550;0.7565677;0.12449849;9.873688
1551;0.7757214;0.10534488;9.940725
1552;0.7757214;0.12449849;9.959879
1553;0.7565677;0.11492168;9.873688
1554;0.7278373;0.1436521;9.921572
1555;0.7661445;0.17238252;9.931149
1556;0.7278373;0.11492168;9.931149
1557;0.7757214;0.1340753;9.883265
1558;0.7374141;0.18195933;9.854534
1559;0.78529817;0.10534488;9.940725
1560;0.79487497;0.10534488;9.864111
1561;0.7374141;0.11492168;10.007763
1562;0.78529817;0.15322891;9.902418
1563;0.7661445;0.16280572;9.883265
1564;0.7565677;0.11492168;9.902418
1565;0.7757214;0.11492168;9.940725
1566;0.7182605;0.1340753;9.883265
1567;0.81402856;0.1436521;9.883265
1568;0.7565677;0.11492168;9.873688
1569;0.7565677;0.18195933;9.940725
1570;0.7374141;0.15322891;9.835381
1571;0.78529817;0.12449849;9.931149
1572;0.7661445;0.095768064;9.911995
1573;0.7661445;0.19153613;9.911995
1574;0.79487497;0.095768064;10.01734
1575;0.82360536;0.06703765;9.892841
1576;0.7182605;0.047884032;9.931149
1577;0.7757214;0.095768064;9.931149
1578;0.7757214;0.05746084;9.854534
1579;0.7661445;0.095768064;9.931149
1580;0.78529817;0.038307227;9.854534
1581;0.7469909;0.02873042;9.883265
1582;0.7661445;0.095768064;9.883265
1583;0.7278373;0.076614454;9.873688
1584;0.79487497;0.08619126;9.883265
1585;0.7757214;0.10534488;9.864111
1586;0.7278373;0.076614454;9.921572
1587;0.7565677;0.076614454;9.835381
1588;0.7469909;0.019153614;9.873688
1589;0.79487497;0.009576807;9.892841
1590;0.7661445;0.038307227;9.931149
1591;0.7565677;0.08619126;9.825804
1592;0.7757214;0.02873042;9.911995
1593;0.7278373;0.019153614;9.902418
1594;0.78529817;0.02873042;9.911995
1595;0.80445176;0.06703765;9.892841
1596;0.7565677;0.06703765;9.902418
1597;0.79487497;0.05746084;9.940725
1598;0.7565677;0.11492168;9.854534
1599;0.7278373;0.047884032;9.921572
1600;0.842759;0.06703765;9.854534
1601;0.7374141;0.019153614;9.902418
1602;0.7757214;0.06703765;9.911995
1603;0.7661445;0.047884032;9.864111
1604;0.79487497;0.06703765;9.921572
1605;0.7661445;0.019153614;9.835381
1606;0.79487497;0.02873042;9.911995
1607;0.79487497;0.076614454;9.931149
1608;0.78529817;0.08619126;9.844957
1609;0.78529817;0.02873042;9.902418
1610;0.7757214;0.047884032;9.902418
1611;0.7661445;0.10534488;9.892841
1612;0.78529817;0.06703765;9.883265
1613;0.78529817;0.038307227;9.892841
1614;0.79487497;0.095768064;9.931149
1615;0.7565677;0.1340753;9.873688
1616;0.7565677;0.1436521;9.883265
1617;0.7757214;0.076614454;9.931149
1618;0.7565677;0.11492168;9.844957
1619;0.80445176;0.02873042;9.959879
1620;0.78529817;0.047884032;9.864111
1621;0.7469909;0.10534488;9.940725
1622;0.7757214;0.076614454;9.959879
1623;0.7661445;0.15322891;9.844957
1624;0.7469909;0.11492168;9.950302
1625;0.7757214;0.1436521;9.9790325
1626;0.7661445;0.047884032;9.864111
1627;0.82360536;0.08619126;9.950302
1628;0.79487497;0.16280572;9.892841
1629;0.7374141;0.095768064;9.902418
1630;0.82360536;0.15322891;9.911995
1631;0.7469909;0.047884032;9.940725
1632;0.7757214;0.11492168;9.80665
1633;0.7565677;0.095768064;9.950302
1634;0.78529817;0.1340753;9.902418
1635;0.7469909;0.1436521;9.969456
1636;0.7086837;0.11492168;9.854534
1637;0.7661445;0.12449849;9.950302
1638;0.78529817;0.19153613;9.921572
1639;0.7661445;0.1340753;9.892841
1640;0.7565677;0.095768064;9.902418
1641;0.78529817;0.10534488;9.892841
1642;0.79487497;0.095768064;9.931149
1643;0.7469909;0.1340753;9.892841
1644;0.78529817;0.05746084;9.921572
1645;0.8331822;0.10534488;9.902418
1646;0.7086837;0.11492168;9.959879
1647;0.7757214;0.1340753;9.959879
1648;0.78529817;0.11492168;9.844957
1649;0.7469909;0.095768064;9.998186
1650;0.80445176;0.11492168;9.931149
1651;0.7278373;0.076614454;9.892841
1652;0.80445176;0.05746084;9.931149
1653;0.80445176;0.06703765;9.873688
1654;0.7565677;0.047884032;9.902418
1655;0.81402856;0.05746084;9.911995
1656;0.7469909;0.076614454;9.921572
1657;0.7757214;0.06703765;9.902418
1658;0.7661445;0.08619126;9.902418
1659;0.7182605;0.05746084;9.864111
1660;0.7661445;-0.0;9.911995
1661;0.7661445;0.05746084;9.873688
1662;0.79487497;0.02873042;9.873688
1663;0.7757214;0.095768064;9.854534
1664;0.79487497;0.038307227;9.940725
1665;0.7661445;0.12449849;9.892841
1666;0.7086837;0.076614454;9.854534
1667;0.81402856;0.05746084;9.950302
1668;0.7374141;0.095768064;9.797073
1669;0.7565677;0.05746084;9.892841
1670;0.7661445;0.10534488;9.950302
1671;0.7374141;0.095768064;9.902418
1672;0.78529817;0.11492168;9.950302
1673;0.7757214;0.019153614;9.835381
1674;0.7565677;0.11492168;9.940725
1675;0.78529817;0.05746084;9.854534
1676;0.7086837;0.08619126;9.902418
1677;0.79487497;0.009576807;9.950302
1678;0.6703765;0.076614454;9.739613
1679;0.79487497;0.17238252;9.959879
1680;0.78529817;0.047884032;10.036493
1681;0.79487497;0.06703765;9.959879
1682;0.7182605;0.02873042;9.931149
1683;0.7182605;0.1436521;9.911995
1684;0.7565677;0.095768064;9.911995
1685;0.7661445;0.05746084;9.854534
1686;0.7565677;0.10534488;9.816227
1687;0.78529817;0.095768064;9.959879
1688;0.7757214;0.11492168;9.988609
1689;0.7182605;0.08619126;9.883265
1690;0.7565677;0.11492168;9.921572
1691;0.78529817;0.15322891;9.969456
1692;0.7757214;0.08619126;9.998186
1693;0.7565677;0.12449849;9.892841
1694;0.78529817;0.11492168;9.911995
1695;0.7661445;0.10534488;9.988609
1696;0.7565677;0.1340753;9.892841
1697;0.7565677;0.05746084;9.950302
1698;0.7565677;0.019153614;9.844957
1699;0.7661445;0.06703765;9.892841
1700;0.7661445;0.05746084;9.911995
1701;0.7469909;0.11492168;9.864111
1702;0.7757214;0.06703765;9.950302
1703;0.7565677;0.06703765;9.902418
1704;0.7278373;0.05746084;9.959879
1705;0.7565677;0.095768064;9.892841
1706;0.7565677;0.095768064;9.940725
1707;0.7469909;0.1436521;9.902418
1708;0.7757214;0.076614454;9.873688
1709;0.7469909;0.10534488;9.988609
1710;0.78529817;0.038307227;9.892841
1711;0.7661445;0.10534488;9.835381
1712;0.7469909;0.076614454;9.892841
1713;0.7757214;0.076614454;9.873688
1714;0.7757214;0.05746084;9.864111
1715;0.82360536;0.076614454;9.940725
1716;0.7565677;0.095768064;9.902418
1717;0.81402856;0.047884032;9.835381
1718;0.7565677;0.05746084;9.940725
1719;0.7757214;0.076614454;9.921572
1720;0.79487497;0.08619126;9.864111
1721;0.7469909;-0.009576807;9.902418
1722;0.7661445;0.10534488;9.902418
1723;0.7469909;0.10534488;9.854534
1724;0.7565677;0.06703765;9.873688
1725;0.80445176;0.076614454;9.921572
1726;0.7086837;0.08619126;9.883265
1727;0.7278373;0.05746084;9.959879
1728;0.7469909;0.11492168;9.892841
1729;0.7469909;0.076614454;9.902418
1730;0.7661445;0.05746084;9.892841
1731;0.79487497;0.02873042;9.873688
1732;0.7374141;0.05746084;9.892841
1733;0.7374141;0.11492168;9.931149
1734;0.81402856;0.06703765;9.844957
1735;0.7182605;0.047884032;9.921572
1736;0.78529817;0.11492168;9.80665
1737;0.6991069;0.047884032;10.007763
1738;0.81402856;0.15322891;9.883265
1739;0.7374141;0.06703765;9.844957
1740;0.7565677;0.11492168;9.931149
1741;0.78529817;0.08619126;9.931149
1742;0.7374141;0.06703765;9.921572
1743;0.80445176;0.095768064;9.825804
1744;0.6895301;0.095768064;9.940725
1745;0.78529817;0.08619126;9.902418
1746;0.7469909;0.095768064;9.873688
1747;0.7374141;0.10534488;9.940725
1748;0.7565677;0.038307227;9.835381
1749;0.78529817;0.10534488;9.911995
1750;0.7565677;0.06703765;9.844957
1751;0.7374141;0.08619126;9.864111
1752;0.7182605;0.095768064;9.825804
1753;0.78529817;0.10534488;9.950302
1754;0.7278373;0.05746084;9.854534
1755;0.89064306;0.11492168;9.998186
1756;0.62249243;0.05746084;10.036493
1757;0.7565677;0.08619126;9.911995
1758;0.80445176;0.11492168;9.864111
1759;0.7661445;0.10534488;9.825804
1760;0.7278373;0.08619126;9.931149
1761;0.7757214;0.11492168;9.940725
1762;0.79487497;0.08619126;9.892841
1763;0.7661445;0.076614454;9.730036
1764;0.6799533;0.12449849;9.931149
1765;0.7661445;0.095768064;10.0269165
1766;0.7182605;0.095768064;9.902418
1767;0.7374141;0.08619126;9.911995
1768;0.80445176;0.12449849;9.883265
1769;0.7182605;0.11492168;9.844957
1770;0.7661445;0.1340753;9.816227
1771;0.7469909;0.047884032;9.883265
1772;0.7469909;0.06703765;9.835381
1773;0.7565677;0.10534488;9.911995
1774;0.78529817;0.15322891;9.921572
1775;0.81402856;0.15322891;10.01734
1776;0.7565677;0.15322891;9.902418
1777;0.7469909;0.05746084;9.998186
1778;0.82360536;0.10534488;9.959879
1779;0.6991069;0.1436521;9.921572
1780;0.7757214;0.05746084;9.921572
1781;0.80445176;0.047884032;9.902418
1782;0.81402856;0.05746084;9.969456
1783;0.81402856;0.08619126;9.854534
1784;0.8619126;0.047884032;9.873688
1785;0.6799533;-0.0;9.854534
1786;0.7661445;0.1436521;9.758766
1787;0.7374141;0.06703765;9.931149
1788;0.82360536;0.10534488;9.825804
1789;0.6703765;0.06703765;9.844957
1790;0.78529817;0.095768064;10.0269165
1791;0.82360536;0.06703765;9.950302
1792;0.7086837;0.08619126;9.969456
1793;0.79487497;0.15322891;9.969456
1794;0.7278373;0.12449849;9.969456
1795;0.80445176;0.10534488;9.940725
1796;0.6799533;0.076614454;9.959879
1797;0.78529817;0.095768064;9.988609
1798;0.7086837;0.12449849;9.959879
1799;0.7374141;0.10534488;9.682152
1800;0.7469909;0.06703765;9.835381
1801;0.7374141;0.076614454;9.883265
1802;0.7661445;0.05746084;9.892841
1803;0.7469909;0.076614454;9.835381
1804;0.7757214;0.10534488;9.854534
1805;0.78529817;0.095768064;9.940725
1806;0.78529817;0.05746084;9.797073
1807;0.78529817;0.08619126;9.959879
1808;0.80445176;0.02873042;10.1226845
1809;0.78529817;0.009576807;9.902418
1810;0.7086837;0.05746084;10.151415
1811;0.7086837;0.009576807;10.04607
1812;0.93852705;0.047884032;9.749189
1813;0.59376204;0.047884032;9.864111
1814;0.8714894;0.05746084;9.739613
1815;0.641646;0.076614454;9.749189
1816;0.8523358;0.12449849;9.873688
1817;0.78529817;0.15322891;9.940725
1818;0.7469909;0.10534488;9.902418
1819;0.7661445;0.10534488;9.844957
1820;0.7757214;0.06703765;9.883265
1821;0.7374141;0.06703765;9.950302
1822;0.7661445;0.16280572;9.892841
1823;0.7565677;0.095768064;9.988609
1824;0.7086837;0.05746084;9.931149
1825;0.80445176;0.038307227;9.969456
1826;0.7086837;0.05746084;9.864111
1827;0.7661445;0.1340753;9.988609
1828;0.81402856;0.08619126;9.883265
1829;0.7757214;0.12449849;9.854534
1830;0.7565677;0.047884032;9.931149
1831;0.7757214;0.095768064;9.883265
1832;0.7757214;0.10534488;9.940725
1833;0.82360536;0.095768064;9.825804
1834;0.78529817;0.038307227;9.835381
1835;0.78529817;0.1340753;9.940725
1836;0.78529817;0.05746084;9.883265
1837;0.7469909;0.095768064;9.940725
1838;0.7757214;0.05746084;9.864111
1839;0.7278373;0.05746084;9.911995
1840;0.79487497;0.076614454;9.959879
1841;0.7565677;0.08619126;9.950302
1842;0.7565677;0.11492168;9.873688
1843;0.7757214;0.08619126;9.921572
1844;0.7565677;0.08619126;9.844957
1845;0.7661445;0.047884032;9.969456
1846;0.7278373;0.06703765;9.854534
1847;0.7757214;0.06703765;9.902418
1848;0.7565677;0.1340753;9.921572
1849;0.7661445;0.16280572;9.873688
1850;0.79487497;0.06703765;9.873688
1851;0.7565677;0.08619126;9.911995
1852;0.7469909;0.08619126;9.9790325
1853;0.7661445;0.076614454;9.902418
1854;0.7374141;0.05746084;9.950302
1855;0.7661445;0.076614454;9.950302
1856;0.7565677;0.038307227;9.959879
1857;0.7565677;0.095768064;9.911995
1858;0.7661445;0.10534488;9.911995
1859;0.7374141;0.06703765;9.864111
1860;0.7757214;0.076614454;9.883265
1861;0.7661445;0.08619126;9.864111
1862;0.7374141;0.08619126;9.931149
1863;0.7661445;0.11492168;9.911995
1864;0.7661445;0.076614454;9.816227
1865;0.7565677;0.06703765;9.873688
1866;0.8523358;0.12449849;9.624691
1867;0.46926352;-0.5650316;7.2783732
1868;1.2545617;0.81402856;11.089942
1869;0.49799395;0.61291564;13.120225
1870;0.51714754;-0.047884032;9.643845
1871;1.4556746;-0.009576807;9.030929
1872;0.25857377;-0.038307227;9.634268
1873;1.043872;0.33518824;10.381259
1874;0.61291564;0.2777274;11.21444
1875;0.61291564;0.076614454;10.113108
1876;1.1683705;0.06703765;9.011775
1877;0.6703765;0.22026655;10.055647
1878;0.6895301;0.24899697;10.802638
1879;0.90979666;0.16280572;10.228029
1880;0.82360536;0.1340753;9.959879
1881;0.6703765;0.02873042;9.844957
1882;0.8714894;0.05746084;9.634268
1883;0.62249243;-0.08619126;9.768343
1884;0.7182605;-0.009576807;9.595961
1885;0.91937345;0.1436521;10.007763
1886;0.46926352;0.047884032;10.055647
1887;1.0055647;0.1340753;9.768343
1888;0.7086837;0.047884032;9.634268
1889;0.81402856;0.038307227;9.77792
1890;0.7086837;0.05746084;10.25676
1891;0.6512229;0.11492168;9.988609
1892;0.8619126;0.038307227;9.701305
1893;0.61291564;0.02873042;9.835381
