;ax;ay;az
0;0.2114779734410966;0.18099772785907176;10.547603180538092
1;0.2010078013711467;0.2287910436591066;10.062449251502636
2;0.3175439498965479;0.22936578487190679;9.998716431069777
3;0.20121419409100186;0.24579661177673945;10.219589110642742
4;0.22250811339794915;0.24640721898962167;10.25403276879919
5;0.26502526602822873;0.2549841941634958;10.180389265397466
6;0.243946676014524;0.22365929386494574;10.077151558041813
7;0.27590488405934227;0.22420571532975805;10.219688501249742
8;0.24419231403120414;0.22475044250434795;10.17535923836132
9;0.2655592628141557;0.27357064868592457;10.15065106574267
10;0.28694692659192383;0.26616245542060896;10.017540557465749
11;0.308355285591205;0.21020485921125784;10.150353756656116
12;0.3297841759765661;0.2269124478319999;10.293123197342156
13;0.27672940354116327;0.24369505917279963;10.149945206564041
14;0.30881116560313004;0.25241012094646775;10.115160146697118
15;0.33026981214926676;0.26116143113276125;10.129680619913
16;0.27713530066685016;0.22904750264215942;10.173819214261858
17;0.2879338712137575;0.2295770701506599;10.326672729717192
18;0.277403552328694;0.27119512163831705;10.212702868943191
19;0.35225847410962163;0.24710482725332156;10.148058513274172
20;0.30970878188358847;0.23941128918668983;10.24165338743424
21;0.25643300762592325;0.28132402967419695;10.275906186424612
22;0.32069359361249267;0.2156141136532549;10.221026725285201
23;0.2673711734210444;0.27427639776015333;10.215613174820879
24;0.2888969738657671;0.28321667852400373;10.229994085992162
25;0.299737563657503;0.26714684209415923;10.234443539672403
26;0.27845788311228625;0.25936820949396283;10.179341742430369
27;0.31073231519598044;0.21801088930032364;10.23334830827194
28;0.2036776817957219;0.2520988042250444;10.237725297912014
29;0.27884559276093923;0.2358018326451504;10.301684532230762
30;0.30043345479244277;0.29538722307308773;10.226534311994975
31;0.22542834380071794;0.2875623919217187;10.290490272999175
32;0.30070832894941724;0.3051266591887258;10.354473620330902
33;0.257867149059482;0.20384892617633743;10.318976102197544
34;0.279482544109192;0.30641800704135486;10.273467859659899
35;0.3226252596592103;0.2644132331773295;10.297608459107693
36;0.24745709379362033;0.2906064324376804;10.232076556248344
37;0.3229144662348831;0.33403414632404554;10.325938528572818
38;0.31228967557959436;0.2832274554868593;10.340082007282568
39;0.32320156113779835;0.27520845077578454;10.284384624045122
40;0.3233443183014802;0.28438803959347103;10.278512679578139
41;0.28035500577400707;0.2936007792364047;10.372441499471815
42;0.30205305323589765;0.2768881939807427;10.336588028012544
43;0.3021848222119537;0.3468054749616963;10.330653293227973
44;0.3239100932064492;0.29537365913800956;10.354673709752248
45;0.2916451927278483;0.27855122176832225;10.358689579821505
46;0.2917708422954405;0.2791018603687243;10.302667556478784
47;0.3243289257504246;0.29712882211060854;10.306616083136019
48;0.32446749263036745;0.3239784745120637;10.380614634530833
49;0.3462459153572368;0.28951589875468026;10.344488832059527
50;0.3463926094052729;0.272495775247108;10.278258895826454
51;0.23824538863197703;0.23779183333537418;10.292126406651475
52;0.32501655726465184;0.29119091925236795;10.336054972087373
53;0.2817988519909655;0.30942702221576546;10.400049782127272
54;0.22770158372622448;0.2657255778521693;10.343674718822218
55;0.2603383284104788;0.2928489116344704;10.397633498925034
56;0.23874204416434444;0.29339780260731885;10.280927201948064
57;0.26055298340033245;0.3028522417985239;10.364984870156574
58;0.2823813296513402;0.24094630424408808;10.32851095055514
59;0.28249648510688735;0.3129139942131386;10.402546373752173
60;0.28261119515599437;0.3045313802519625;10.436391943878673
61;0.2392292426679379;0.2691946033107031;10.369659543533722
62;0.3372314703681053;0.34159892591837543;10.43365367454768
63;0.2720698826158963;0.2971874544196539;10.336630100730947
64;0.3048398878785946;0.3247869262493464;10.390540611579958
65;0.2831780835909624;0.2621014611317659;10.35381726229446
66;0.2832901327730498;0.2625673671063936;10.427873842720551
67;0.29430179990268956;0.3265220268614148;10.381012713015707
68;0.29441724217421567;0.2544082759705889;10.324013988791577
69;0.30544085506051283;0.33677054587040434;10.458577136839972
70;0.29464675512717653;0.23706142057744986;10.431784848129277
71;0.2947608269530574;0.33794068816808287;10.374675363777138
72;0.34948084257983153;0.311074868994149;10.438650108246813
73;0.27313669629711324;0.2932778708723129;10.48244540707869
74;0.3169596128350852;0.2386943020400082;10.35451301770147
75;0.31708018042442515;0.2666872357442007;10.408368191333297
76;0.24063467882585948;0.2855601336810077;10.401583882893867
77;0.3063777992236119;0.2675849380397117;10.435219540141288
78;0.26270810171293796;0.24954643314248853;10.41827816408686
79;0.2956570454791529;0.24996057906333313;10.462011292285853
80;0.3176757261770715;0.2967386590397032;10.515870017349448
81;0.25204301659753275;0.3065142579437829;10.387502698260382
82;0.31791055292695763;0.31631845242006834;10.481835098965687
83;0.2851278614760413;0.27955802894227094;10.41411480250568
84;0.28523204707946365;0.3080108879222328;10.538868436167405
85;0.3292336210061406;0.2617627870498759;10.471078850447745
86;0.27446071506015113;0.3089995500201353;10.413366855184814
87;0.29652439405422115;0.3001126471990577;10.507735919783256
88;0.31860346892060387;0.3287676923245174;10.470246004913191
89;0.2747562801877091;0.30106080938669705;10.554493528467228
90;0.31883060255608087;0.31095513914867096;10.537252650247297
91;0.28594929150147147;0.2736892833740285;10.479362937009752
92;0.3520615994340954;0.3402786583111365;10.522989813400226
93;0.2861503602523071;0.27453587627357134;10.546298411760885
94;0.29725987199547393;0.25599424936019194;10.488294833844247
95;0.2863497223174073;0.3133590644949046;10.501396235211693
96;0.3195005572116122;0.3423648706009999;10.483978129635675
97;0.31961055352934903;0.3524060372240854;10.558071023046319
98;0.27562076425286575;0.3147798989526583;10.489743218380474
99;0.3418863147285;0.2579317571718411;10.502772598641183
100;0.29787301634457153;0.3731215017292784;10.515786137850807
101;0.28693761248066485;0.37367279149034527;10.549151504146995
102;0.30911367970413034;0.27826763293574514;10.511215495289422
103;0.2650432575960154;0.2594555002593791;10.483424830380795
104;0.28722584957023434;0.2887031270019932;10.516743084446391
105;0.35362596522081935;0.30839546675119517;10.560249599071945
106;0.22108915577440688;0.26058306744864096;10.542581367126534
107;0.3428007636860378;0.3189462717888999;10.514684890060499
108;0.27654259575624973;0.3097215598059433;10.496953069796213
109;0.2876978398644141;0.29077515441416146;10.499598790321588
110;0.287790982154251;0.2814786018332384;10.543049345976533
111;0.2657388101483714;0.2915927554591092;10.50483057154852
112;0.2879760153731626;0.29199916232692474;10.517628194646955
113;0.36562465660008636;0.36063158427667147;10.612120791941724
114;0.2659932809004838;0.29280719934203797;10.543178988699918
115;0.33259667183525726;0.3225297170973407;10.596806724744338
116;0.299431126217342;0.2838219256106586;10.578890642010213
117;0.33280537891379136;0.3038076033018848;10.581392621129773
118;0.28852114381793054;0.29440422578746483;10.60432720032419
119;0.3108113813794448;0.31445283511321553;10.60679448230872
120;0.3109072211282685;0.3443921308019821;10.527395821440704
121;0.28878812650954844;0.3251439352636929;10.570736920604839
122;0.2888762975201716;0.3157077064949213;10.624312677319523
123;0.3111920819278297;0.32600146627171794;10.55504058751034
124;0.31128615135676846;0.37588638101061533;10.506196173309657
125;0.3225004778123778;0.326852090816506;10.5597318230846
126;0.2781008655154184;0.3272748189890252;10.572292999869141
127;0.31156571543867145;0.31776565785504923;10.564345457370289
128;0.2893967183468626;0.3380580150123291;10.54612503039887
129;0.2894820260880793;0.31857716577783757;10.630388514024744
130;0.31184132567495143;0.32894855870243705;10.540360563897442
131;0.3119323198906279;0.3393434141734042;10.563085364712961
132;0.33431020890962393;0.3097887981247346;10.585799560801048
133;0.39014123597035183;0.29016337107369616;10.64954045275236
134;0.07805067081405956;0.3205769121577128;10.836430026054956
135;0.24537222495889502;0.30091115351080094;10.540974187019613
136;0.27891138443173213;0.23098126403797742;10.419899020950993
137;0.29014988826704413;0.29159223529305883;10.360363772985272
138;0.2790688215234422;0.26174443292031635;10.526725275759437
139;0.3461422268882445;0.32253542239325467;10.580140458786103
140;0.2680557094958643;0.3027395568061803;10.561638535932898
141;0.3463345758980323;0.3536174064222584;10.543110932559195
142;0.29055420537116383;0.3034601677582699;10.668445740930908
143;0.2459209720539684;0.2633090841231551;10.649892107618095
144;0.24598804081914397;0.2737571843642408;10.569620257348799
145;0.32434492982133817;0.355284562427588;10.592136501713302
146;0.2573084848746792;0.30488305364491297;10.748352620449928
147;0.3245195271465553;0.3255839723803557;10.688571126758212
148;0.29102620281498004;0.3565162632984252;10.639038036120045
149;0.32469235361644033;0.3263298639032092;10.692378151242828
150;0.302379595411691;0.2960722247472025;10.71483961785089
151;0.31366123552015635;0.3475111306736757;10.696110213904605
152;0.36976872777447256;0.33766897621842235;10.667059502995016
153;0.2914086289348953;0.2868270015182944;10.69976758487739
154;0.2914839311257864;0.379442359673509;10.680969258201747
155;0.38126927336165334;0.35932841510406544;10.631240108926264
156;0.2692000253416819;0.3494453263840846;10.60208139544813
157;0.5609759530945612;0.3498270567255849;10.727469679962228
158;0.033667063698398364;0.33990686729356046;10.687973413664471
159;0.3367552628405543;0.3299627492514436;10.576287239623703
160;0.2919275093259764;0.31999483285300334;10.5160963722918
161;0.32569239981904197;0.3306701383687334;10.693033201099396
162;0.24713806053509657;0.362054709296041;10.570925631426045
163;0.14607202053096147;0.3624372205245;10.634426635605847
164;0.3259326024244153;0.34208553541452613;10.646347188019968
165;0.2023521497276462;0.3320658732233554;10.62729880166952
166;0.2586235494742813;0.2804716400539721;10.649504233664873
167;0.2924272918469765;0.2495656858988022;10.671696592367663
168;0.2474975883803503;0.30186832550257753;10.683555477652291
169;0.32632430298556403;0.2604971474197245;10.643780603155559
170;0.29263568490673303;0.3337750218170711;10.769178271134749
171;0.3264779745608568;0.3132301226816121;10.67773426077227
172;0.3152936876503812;0.34489917134042297;10.606903196191963
173;0.2928406197870977;0.39755323819116933;10.680645494692158
174;0.3605023702081613;0.33511410091000615;10.609759242436057
175;0.38312160512549503;0.3773755800208913;10.642156834234754
176;0.304312954107967;0.346267215512771;10.5918770362898
177;0.39456916473205883;0.29408928613724994;10.675919028827577
178;0.2931745334867835;0.32591485981083185;10.604922936322438
179;0.3270755915030676;0.3262293670661745;10.657940041065435
180;0.34971034825035824;0.29494150132595187;10.700613464488418
181;0.2820868649582004;0.32685388549081484;10.660559764931511
182;0.3160067536215775;0.37993225510850787;10.72389107972871
183;0.3386526406933922;0.31690878291855396;10.642423991847382
184;0.2371083389756146;0.3277794557379405;10.757451049860302
185;0.32750601905544857;0.3915853188571901;10.655244087507116
186;0.27109760919481907;0.3283890565069052;10.656456708731364
187;0.2937516948958803;0.3286916296377072;10.761124266371986
188;0.25991233304936495;0.3183800381371075;10.565694840662125
189;0.27126998691384013;0.29742533386163816;10.608243178046731
190;0.26002147002225356;0.35085435156830314;10.619731915497608
191;0.28269082766094933;0.3298871248645889;10.672612308646515
192;0.3053691550660214;0.3408333446635505;10.653016481814134
193;0.29411957501296443;0.37311808310900013;10.685169533566132
194;0.294179584661814;0.27741853319254833;10.572342541792974
195;0.2942392232932193;0.30970039463117854;10.739085832598642
196;0.2603409727584411;0.3099710438138618;10.729776501471157
197;0.29435738970781555;0.2888444225161158;10.710089932252192
198;0.3057396000385952;0.396165691640471;10.742177919416442
199;0.30579999703483546;0.3214911566644478;10.701734190929084
200;0.3511726352694673;0.353942040166329;10.723431963698033
201;0.27192858324614705;0.31130381238312893;10.672584023508758
202;0.3853067882965671;0.3867719306640576;10.704610705269646
203;0.2833683290358324;0.31182740193069786;10.736627038322421
204;0.3401069654500572;0.38741854078670773;10.675351259751816
205;0.3628496433654805;0.35542771731080053;10.686605643933147
206;0.3288944985198577;0.29104381872236557;10.697845018155247
207;0.34029940619122506;0.34522301134478117;10.719435453065318
208;0.32901729673869906;0.3347067123919121;10.74101355933924
209;0.24964544380367198;0.4322286038224223;10.741840629283509
210;0.3177888796861993;0.38931818684529995;10.63895756549588
211;0.28379178177990916;0.34633686175083567;10.71233381573885
212;0.2838431429780549;0.31411679033750306;10.723479817262655
213;0.32931721164553285;0.41192584687470846;10.68275278353522
214;0.21579805838261615;0.26036755595433014;10.714609063167073
215;0.29535493084361647;0.33657001483595217;10.70496238278702
216;0.28404512096384227;0.3802924914056333;10.70567075084851
217;0.29545852105465065;0.3588372663109368;10.644116286722097
218;0.3182413198663278;0.38087588356332724;10.655163272004783
219;0.25008981167364225;0.30493215597376533;10.718072588423668
220;0.3410898739937425;0.40325020468562545;10.74984583726347
221;0.2956614057597942;0.3162980331212145;10.708967755905919
222;0.34120527596318384;0.3601936060385337;10.719955048459617
223;0.34126236118816;0.37138343361610937;10.64790431018085
224;0.31856445014416246;0.34979458087524146;10.68999361024659
225;0.3299961344423965;0.4266238828533939;10.732071263825427
226;0.3186690998687817;0.3065166397185866;10.670340104316004
227;0.34148661185851487;0.3724674868592451;10.702009519776356
228;0.3073874777451539;0.3617718716079148;10.692142268285279
229;0.34159629195720986;0.38397091772886954;10.734164082347103
230;0.3530388895423003;0.3622860791661613;10.661976304958626
231;0.31892407462610056;0.3845131531372451;10.693586341241485
232;0.3303658521332698;0.3298130702749484;10.735565978336874
233;0.30762969650521976;0.31904070973940885;10.694469834576887
234;0.23930438074311344;0.352287798842361;10.674120723474172
235;0.34191561234448997;0.31947963700584636;10.632987428398744
236;0.28497286720206;0.33072119986750503;10.73721327413855
237;0.29641631489610226;0.27578743295156627;10.78950822306608
238;0.307862840999336;0.35324510008918425;10.66524912699314
239;0.296504380434568;0.397665985246725;10.696742994865991
240;0.31935929018200176;0.36476884835363554;10.697067180601582
241;0.26236901512023136;0.36500908950430555;10.697375834369636
242;0.2738158960915841;0.36524787892437705;10.697668989644393
243;0.30808698275538127;0.3876358459831018;10.770651554118057
244;0.26248174516661615;0.3546386616695701;10.750141954857055
245;0.3081741347133844;0.38813469267041695;10.708842859087575
246;0.30821717625033207;0.3772852045474617;10.750622633659429
247;0.2968428378263082;0.35531649897753975;10.761227342392187
248;0.2854650207349973;0.3666502595562333;10.761429379769979
249;0.29692402302489657;0.33352632008101246;10.636963797125931
250;0.33122920562324165;0.3782306576680516;10.772175464022949
251;0.28558064028499786;0.3005443849053177;10.720391849689582
252;0.33131748005025796;0.38983259609898024;10.751696013362315
253;0.33136104968678054;0.27862078413222235;10.72065725662731
254;0.3085487574700589;0.4014555981049442;10.751931818008082
255;0.3885931077527888;0.3459046794449512;10.689696234607307
256;0.2971974677582972;0.4019343312354619;10.679387129531197
257;0.30866729395107656;0.43568565966295036;10.752172085685137
258;0.3430067986807594;0.3576950140214988;10.648335928877593
259;0.2630046408589408;0.40264084538627193;10.721091523882563
260;0.3430918880425454;0.41406421055899556;10.71072258594603
261;0.2859448935947055;0.38070950076320675;10.752282101986363
262;0.29741870450421615;0.3361112648955016;10.710717840348527
263;0.3432166276694864;0.31388106143715055;10.679526672110244
264;0.2631640320046732;0.3589223576792263;10.66909967426154
265;0.366184397542483;0.39278985798052746;10.772931230218974
266;0.2746703274054586;0.34809184112412755;10.637811103101454
267;0.309039801918088;0.29210811768683204;10.731223537046562
268;0.2861807250979711;0.40467761232548066;10.731125195356519
269;0.2862131409152774;0.2924251091704122;10.731012216469384
270;0.3434942685380462;0.3713540379782195;10.782824989595122
271;0.2633748416330831;0.37155174055895374;10.709967265176752
272;0.29776080739605343;0.33795278299559994;10.751361789881468
273;0.3321539711612818;0.38321401828470575;10.740802433427534
274;0.2863704754507382;0.3721365665521306;10.667905188525408
275;0.3551372326460945;0.349763392305049;10.709255007449743
276;0.25205945037823085;0.293500265223046;10.65710574832985
277;0.3093779583796067;0.3275321759354868;10.729585474885136
278;0.3437887985439597;0.32769745712397924;10.718956561558572
279;0.29798072842451717;0.407000520526706;10.708312760736543
280;0.3553206431060441;0.3732691603260798;10.708041514579675
281;0.2636513323759147;0.4074034355897878;10.70775606164485
282;0.33246282361032364;0.3849580918242505;10.748998211285118
283;0.3783567498952579;0.38514485918509755;10.686371847999053
284;0.2751951530271073;0.3626637404541489;10.70681479724003
285;0.3210917239377921;0.3628368980289103;10.727241290005542
286;0.29818476463649485;0.2836005934199411;10.685348036523568
287;0.32115208007934076;0.3972273481360399;10.664211734808662
288;0.3441232771380928;0.37470316311975516;10.715746600343971
289;0.2753237509466334;0.38623625409492773;10.673815119423235
290;0.32124003300368775;0.3523180170018913;10.652639797569531
291;0.2983208840856829;0.40932949429657944;10.652216184117222
292;0.2753973757501562;0.35263711161782196;10.745215170428773
293;0.29837310503513925;0.3869362083725155;10.70323469419876
294;0.3098756073363724;0.31879463168717936;10.557434514336004
295;0.2984240601225401;0.41005898953114833;10.74380849172275
296;0.2984490643455437;0.3532602926639535;10.712172459924636
297;0.2984737537561222;0.3648133840530342;10.72204240684849
298;0.29849812890530514;0.3877803236137883;10.638487944635212
299;0.29852219034412225;0.3879450603158922;10.710605450092464
300;0.33299355937742076;0.34244860995036414;10.710055902138066
301;0.29856937429477715;0.38827046657497183;10.751002218643459
302;0.2985924979086742;0.3770066801727704;10.708916190449179
303;0.2986153100163237;0.32001568066958574;10.749830985918885
304;0.2986378111687553;0.37731465088445254;10.686970729864555
305;0.3216338685167307;0.2859596201832633;10.644854802616983
306;0.2757063570558929;0.3204026598123424;10.685725842238766
307;0.33316925006328374;0.354871882318389;10.726578621099845
308;0.3331929663108561;0.38936693547131856;10.694801103954084
309;0.2757652392812329;0.40097462467314915;10.714875962868353
310;0.32174836371641763;0.3896681620715107;10.69344859090665
311;0.29878665877616195;0.38981677900102313;10.661638156323502
312;0.2988066921239159;0.4014335911812269;10.702414036604454
313;0.34479971939552406;0.40158384813655545;10.85723813347743
314;0.2988458413825991;0.3902546731087586;10.628370390706648
315;0.3563390096302761;0.3903979935848292;10.679468242135549
316;0.28738826126129896;0.35608058595175945;10.637236937509742
317;0.28740605826088655;0.39068068259797506;10.688300704704945
318;0.3449082572113342;0.3908200559353058;10.73934392907708
319;0.24145024012128202;0.2874692089141815;10.64525137805133
320;0.2989559893381807;0.41410043603717694;10.737722238364581
321;0.2989732885594368;0.35670999912614004;10.602162091727108
322;0.2644914070424766;0.3338108608326655;10.715322451233392
323;0.3105072452236589;0.27635102887297563;10.735192819669125
324;0.299023382207213;0.39162885079795073;10.692878959544009
325;0.29903948058790625;0.3917590981493608;10.640198438705836
326;0.29905528013603283;0.3112051925006364;10.649670542837205
327;0.2875680789053638;0.39201571291701875;10.710922956986238
328;0.33359591875140293;0.34600770800810476;10.647857713464276
329;0.3106047638755929;0.4730280471316901;10.667646734419776
330;0.3451332750320037;0.39239097123251704;10.64599463691168
331;0.2876248416704184;0.39251348991526386;10.676110271893961
332;0.2646272362443338;0.3464423936551507;10.644081580453314
333;0.34518179994504583;0.3349966421439971;10.632754048744939
334;0.29917098467219627;0.3928733772980355;10.683528670992294
335;0.33370537656167476;0.3005223536702355;10.651470360284284
336;0.27618181389969676;0.3931069356666035;10.629757170221367
337;0.2877014716144495;0.35852577126322194;10.680480074329761
338;0.3222388456345838;0.37019803825298975;10.66909071090606
339;0.29923373121657637;0.37030377773176115;10.595607303617946
340;0.2877359861902841;0.41670936313918194;10.687666067240329
341;0.299256788150055;0.37051169986132926;10.655552301567647
342;0.2877575980670298;0.4285223136810307;10.685496619654199
343;0.31078939581492515;0.40546941522716445;10.663708167020365
344;0.29928919980714874;0.3476387970030164;10.693620762391241
345;0.29929942623213185;0.38250441486485454;10.661470243944141
346;0.3108212556334054;0.3826049435675035;10.670673230226596
347;0.3223435762478951;0.4522868588027644;10.638506418821219
348;0.2993283808393513;0.4524028149896056;10.668360994046125
349;0.32236343807651285;0.4525173500752062;10.656850319764768
350;0.2993462521980188;0.4178127385962959;10.790023525348717
351;0.29935476001659755;0.48756848856696205;10.706139374097322
352;0.2993629833293794;0.4876872605827826;10.725590238432035
353;0.31088518108335966;0.4761901289349607;10.72436166811196
354;0.2418057782937978;0.40660021800990964;10.712791567002089
355;0.29938595174323773;0.4764146167315184;10.752857726680647
356;0.18424187880867382;0.5230148493450415;10.761917887921026
357;0.26485371440770034;0.5928852140819673;10.946521549166878
358;0.21879697652943275;0.6860409199509766;11.089765846397018
359;0.31092848903618275;0.6861929213396382;11.109072008095556
360;0.3224508136154317;0.8841025953524708;11.200621369538792
361;0.39155485067217655;1.0704599149369052;11.168272882291946
362;0.3109462085353466;1.1987040823282713;11.16688241673118
363;0.2994348199818341;1.3502791969049306;10.845581714680849
364;0.023033822048950953;1.3039865321901278;10.627529902139413
365;0.24185881819223265;1.4905728180025888;10.708704902687712
366;-0.1266897788264716;1.6655822379591483;10.63511833532115
367;0.19579591984772998;1.9222039346390616;10.58216647391687
368;0.16124571727622874;2.0390963120352175;10.508591115833978
369;0.16124758628806335;2.214298334243806;10.517514522064536
370;0.29946298064188703;2.377903494678366;10.516113964442965
371;0.2303583860288142;2.483269517742404;10.5765536962161
372;0.24187844904639336;2.4720600407672655;10.410208371615175
373;0.14973546997958687;2.6940939594892215;10.295425574728242
374;0.26491845050433077;2.6712376575110213;10.221881163578148
375;0.264920070910605;2.683365702305569;10.478037551236667
376;0.33403140823778454;2.7304961341357923;10.455972057343628
377;0.49529006329056763;2.812646250521256;10.578102299520319
378;0.4952917495081853;2.7780889687629156;10.617797809498455
379;0.6104773998821631;2.8252334901292446;10.626579914396435
380;0.9214767842868368;2.6388577772122956;10.697120823249856
381;0.6565527269446928;2.8377951350498396;10.726454368312409
382;0.6795895216088921;2.768146466734875;10.714597839453742
383;0.5874411612744191;2.8386489931615655;10.599822071479231
384;0.43770039427273333;2.95589746427845;10.536516729841503
385;0.5644015079219632;2.886210290681382;10.514372035958068
386;0.35706902506065186;3.0151684071537597;10.543654246316287
387;0.4952869682797526;2.9922057621332177;10.521491918486717
388;0.5298389509925143;3.0042977424823274;10.447909519340053
389;0.2764359491035285;2.9696186995959715;10.456592570527977
390;0.2994700945918653;2.9700006136426893;10.454981627835075
391;0.03455396030661159;2.748180612974207;10.350574148025906
392;-0.06910729636517683;2.4795142765043914;10.554498756029938
393;-0.1497309959725665;2.3745368386192935;10.552840632679636
394;-0.05758822062266452;2.1642401550491615;10.623087891937896
395;0.05758754962988709;2.059188168262323;10.61112524676151
396;-0.01151736643898174;1.8956003220072561;10.516991993529691
397;0.19579260930934372;1.8255910696919757;10.515297514481464
398;0.057585236774857225;1.8140804275063092;10.534127594354981
399;0.23033746727518145;1.8962018974862416;10.481081872435498
400;0.4721842786432767;1.7676245168291815;10.499888882127458
401;0.25336290691577856;1.7912109305296329;10.631563628503775
402;0.8176567472447857;1.6274632024172198;10.45537045867538
403;0.4376109749718645;1.604193614104365;10.463882665002032
404;0.3224439434890152;1.5223628381490146;10.790347427936002
405;0.6909372724173349;1.2999756812776921;10.778268682407399
406;0.4030382402500366;1.3937837542509373;10.479085089420845
407;0.5987865114857683;1.3236156810984094;10.559306996013254
408;0.49513907811180985;1.194861120988598;10.618991508043669
409;0.7945067620859941;1.0075075402919322;10.504424811183798
410;0.9326590148190554;0.9724323102418513;10.646048136755436
411;0.8174951764866197;0.7381626556502442;10.95152593876302
412;0.759905153695886;0.7616472879792117;10.826686714745454
413;0.506589761829538;0.8085698015642286;10.456096361789987
414;0.06907849638567556;0.6211134457987254;10.42351992256333
415;-0.046051009835749585;0.7266282440833919;10.5956934613381
416;-0.12663654441871702;0.8907554145789044;10.215074960239388
417;-0.034536188631377175;0.8556396357385657;10.131361423372438
418;-0.3108159908514293;1.2542201393308017;10.139754583997568
419;0.35685140786031977;1.090168854541442;10.168594101624308
420;0.34532871388306363;0.9495448742401961;10.504256971094167
421;0.35682767233131074;0.8557990226841161;11.238608035790355
422;0.575508646434893;0.9261755471015469;10.909346596370062
423;0.6905859636058902;0.5979330778548285;10.815313992702059
424;0.48339270737194456;0.6331274496493923;11.579828472918589
425;0.8631693671653192;0.5510729936750596;12.078361944506558
426;0.2992207422690788;0.37520960492740413;11.483513743800875
427;-0.3222253105772966;0.5980062236020725;11.389401143627397
428;0.49482648647693106;0.5042134000478911;11.101270346724222
429;-1.081670283117306;0.5745810306796597;11.374833985126788
430;0.13807989967494577;0.5042336165299663;11.311389728985896
431;-0.23012353797247717;0.8091321666564859;10.543685591998099
432;-0.6213070547712446;1.0905841641589251;10.337538113779887
433;-0.09204149651402786;1.325132852045483;10.141664330249231
434;-0.5292151836334538;1.5127748486821015;9.558223934119617
435;0.06902496006443962;1.6769615723833025;9.882702492376163
436;0.2990944482765588;1.7707832263695464;10.380391384027432
437;0.494633137545614;1.99359797047346;9.776831566178481
438;0.1380306109981605;2.087410220210202;9.112348564938914
439;-0.2645459114971396;1.8411342366532977;10.149974453250456
440;0.5980745022297158;1.6065835451752453;11.115853448550709
441;1.1960894411397744;1.958371052069137;11.1645357580556
442;1.0005242252100814;1.8645340073989722;10.439161657840472
443;0.36799000484883104;2.1693943582842823;10.498124553191087
444;0.9544242937466906;1.7120328848571662;10.893005544184469
445;-0.10348631008030565;1.6299169572269394;11.755916184489752
446;0.379429419927341;1.5829775085964422;11.173442321335656
447;-0.6323479426256894;1.9581529196433802;10.397892900557313
448;-0.034489797203604185;1.793947236863836;10.833116769621975
449;0.3448786396828772;2.157362235632486;10.861356787957787
450;0.05747650529331721;2.2276389031368686;9.679623297458521
451;0.9310658518345782;2.016528967191814;10.277345701770328
452;0.4367708038616189;2.36816073630735;11.657384205466972
453;1.6090604791373664;2.473574156054249;10.567654057667653
454;1.114782207638447;2.532082394307657;9.234562306568948
455;0.4711680207579914;2.2975273872436195;10.98971670181353
456;0.815874999435251;1.7933931944579007;11.149824253041007
457;0.3332239854634325;1.9573971726014554;10.578874476127838
458;0.4021415569883622;1.769769861368717;10.62732931124422
459;-0.8386989452961962;2.086104654434953;10.655457707082903
460;0.597390858388262;2.121142594160119;9.912481834111102
461;-0.43652638593215526;2.3202277897865726;10.04217166586993
462;-0.7811009769957887;2.050579380083577;10.242785630046175
463;0.20674820968439375;2.2730673103506036;9.936346015013354
464;0.09188189263213246;2.4135081830792857;10.349751528673647
465;-0.36750249635780985;1.7104261112663826;9.161694528115081
466;-0.22967320634584126;1.686874785417563;9.889174892681806
467;1.5846347438585162;0.9839374795279701;11.811667881451953
468;-0.4937281649721938;1.1595519483158494;11.829262616622733
469;1.492560308849266;1.1360371100346396;11.350689078939059
470;2.7323368104437407;1.31160647553471;11.682179558003703
471;0.5165807463323546;1.2763674692531486;11.011540068712028
472;1.06752186193576;1.5104334003575217;10.614398180509717
473;1.3314338621628192;1.1356518687284318;10.773824445329018
474;-1.514966420231629;1.3111492420781221;10.467927248004024
475;0.37871295411536693;1.6153728195005739;8.635309823815538
476;-2.180302058400191;2.317487473500193;8.340140467090583
477;-0.034423167434004476;1.9310507353891828;9.348892315523237
478;0.8605122176862479;1.767027170307387;10.023717586090047
479;0.8260268694312688;1.5562286032485377;10.698217047288862
480;2.8793932590199383;1.3571699319722084;10.827001899962589
481;1.4797291312957968;1.1464517302048596;11.682733564726796
482;1.2960922360978824;1.0995374617842493;10.781512402160834
483;1.8923698779119171;0.935671891342512;10.03209980944732
484;-2.075701884036611;1.2279293024861204;10.786481565679987
485;-0.24080733670816037;1.42657094288872;10.319866234718683
486;-1.6052481592997234;2.034375965339228;9.510561329374697
487;-0.47006875152824146;1.2976345781219165;11.282886295817999
488;0.8598087630936799;1.297474594540838;10.594688083247341
489;0.882661328023525;1.2856241796199668;11.227050310601662
490;0.5731072107378248;0.7946478847880103;12.262124944372236
491;0.22922290196116593;0.7828598832879485;12.92397774395463
492;0.9053509335883564;1.133244177926925;10.78581624862178
493;1.3521766899384757;1.0630034116950766;10.662356653826697
494;-2.096832637450939;1.6818848907006168;11.485139527479149
495;0.7905379939001861;1.296272613418013;9.127482777970737
496;-2.0506300041610825;1.3895010366751341;8.471270469294254
497;-1.1684087433302917;1.6811713398063663;9.072677158185451
498;-0.698689986039756;2.0194459772979094;8.467068928746029
499;-0.13743446178436694;2.4860014199538254;10.113717468861791
500;1.6376077819877481;1.540388937926402;10.814753202162501
501;1.7519608952647485;1.0967762459066626;10.751752065543014
502;1.8090430371779445;1.3765910043619014;11.643130517725305
503;1.224994518889958;1.4346958496652134;12.262881736098697
504;-0.9386906415844697;1.5277659692592156;10.060854411335166
505;-1.5338092156217393;1.375933382551723;8.361843632252366
506;-1.8426809477656603;1.865366920921112;11.129565778409658
507;0.7667545608569177;1.4104497999622314;11.798947484403849
508;-0.13731561044360166;1.9346720563675754;9.458814026827527
509;2.5515279362204373;1.5964154644251287;10.469216337954942
510;2.516950259890963;1.95731045979379;11.89013493743942
511;2.5510149407010427;1.6890504380096494;11.857003654449198
512;2.3563035767720537;1.7469846428982934;9.348881219050497
513;-0.13724637168554327;1.6884496810977536;9.646988788618183
514;-2.252896130693687;1.7347134806026752;9.27392685752073
515;-2.6300125825073524;1.583072476751034;8.009945911866552
516;-3.475828296053166;2.5603777177276474;7.026892583580078
517;0.8231361668808292;1.9082871247427324;9.726996551266778
518;2.7206351392816726;1.651984016151355;11.295162212607341
519;3.394717922967656;1.907559137499137;11.862301167169727
520;3.0743486703271388;2.1862900414334603;11.219216647865105
521;1.6227159167150809;1.8370535623438806;11.646106582821869
522;1.6796719621476848;1.3368310079081136;11.05337292008583
523;-1.9651166811646539;2.254723951970295;10.321066107406182
524;-3.6099355774534545;3.172242501643258;10.328305316234658
525;0.3084098909445947;1.5567527540489525;11.90333901050001
526;-1.5076147847747219;1.289282603039027;11.430934705680288
527;2.192649943305327;1.4399790152212155;10.928833788398416
528;4.487577438490839;1.7995941067384533;12.272920620756313
529;2.03231243177603;1.3581141021981251;12.628721508260336
530;-1.2786135256943407;2.5299592363293426;8.975337475125277
531;1.3012975784394876;2.053695153808673;7.07862578900466
532;-3.0702538163116957;1.8096396351064237;10.316039017595399
533;-2.111269401182035;2.18036539520297;10.612164744131782
534;1.5861214317099595;2.168283424745847;10.449880959999188
535;-0.3765173126300166;2.051869884316569;9.212103276020478
536;0.9126622884758262;2.6193059304901403;10.712980794260217
537;3.1483143104823266;1.5063346425431656;10.6702214475061
538;-1.6652153510413008;1.8071829888270978;11.672317174231239
539;-1.5965919658967023;2.2700329926017306;9.351193558902827
540;0.8210061863829796;1.4937003935577229;8.722052362426203
541;-0.11401491722818902;1.4238875770108077;12.477925146822688
542;0.045600455579961896;1.2152224033546422;12.007288601816054
543;0.592733894116211;1.6314757767338197;9.678677808844652
544;1.0827470129380057;1.7120537738288837;9.298474695862875
545;1.0940100387375118;1.1333785886743848;11.232514858860712
546;-1.9826486301891335;1.8268311459218922;9.869134926608933
547;-0.01139311997496216;2.693325241402616;7.1168839211137485
548;-0.7404605145153531;2.0801566576373287;8.464426010031337
549;-2.6311534168274218;1.8716660315811982;14.751527079683642
550;2.8358216788367883;1.7094800006089437;11.93078178647048
551;2.4027417892314826;1.8476100300237621;8.873670376651006
552;-2.6073839300394392;1.927942280598843;10.595823022409974
553;0.8082997252727799;0.6578680363024573;11.217082736228912
554;-0.06829825887389253;1.4423127715076272;14.591921672620694
555;-1.6048024176844795;1.7533864214290624;12.181221831262459
556;2.890546564242159;1.2685586707061922;9.93030134486737
557;2.3098608587225242;0.43811123442629735;10.47183163226793
558;1.8430964821549984;1.6021298082146689;14.48616205340256
559;3.0259217653768866;1.1407732034167235;10.080021537395705
560;-2.422693278211307;0.9446227184936828;9.958445449951649
561;-1.7855046349765629;2.268769114270854;8.225454330246087
562;0.13645355076829765;1.485225917173123;6.5428784906700015
563;-0.9664168973845628;1.9106835238723319;8.724602651211397
564;0.9094468101076549;1.8871288897687633;8.613412457995018
565;5.205881862036471;0.8627702926310846;10.0822639657328
566;-1.3069769138154612;2.7715729571132575;9.872011644462095
567;-2.772687385105472;2.5293361043730536;8.21111373302588
568;3.181338158890549;0.31032823811216675;11.632296485403813
569;-0.05680182077712046;1.0685956520934037;13.246473136422068
570;3.3508463906044295;0.20676403611127867;9.002590074780379
571;3.8955303384928697;0.4478559426959785;10.51800183098219
572;-1.3853901035785774;1.0446854364252312;11.382110604383197
573;0.10218666260491309;1.2853807559181671;10.541351696824863
574;-1.5552905838455289;1.078475788269558;7.701774433756111
575;-3.6549871017946938;1.1240265497453583;10.879717301490603
576;1.656996241005534;1.7084565894918253;11.59502470955505
577;3.597215486455456;1.4213652709906268;9.121724153798471
578;1.1232609057585818;1.4782205767634669;10.279786424248769
579;-0.5899114375191206;1.6381372833019703;8.958938878539255
580;-0.7486264583480522;1.339874216432549;8.44503649119808
581;-2.744568784035975;0.7326916768850221;12.098634893644062
582;0.5896569357145496;1.2245805556016685;10.149586919203108
583;0.9637225832002694;1.8877698435832184;7.779340138715684
584;0.476123057212956;0.26305929032677866;9.603416790349605
585;1.0427838919850767;1.3377396607846472;12.211707044782697
586;-2.0399303044749;0.9029671155119299;8.910678249446002
587;-2.8554823534092604;1.576820667977419;8.240865909734694
588;-2.2092730055534977;2.6385949400702673;8.081449379824331
589;0.6796755466151008;1.5529462607543816;10.843898536836253
590;1.9934183593024035;-0.22829870283654335;12.506881312884538
591;-3.420014004101608;1.9855366047524845;9.837844153682568
592;1.2455138352808508;1.6084300273699847;10.099329765800709
593;0.4188825467025409;1.2771876340256285;12.495452498860276
594;-3.056249259034163;1.607343263492352;11.54203577504345
595;2.648348018270197;0.3304757339387923;10.276019627657588
596;4.831934451745263;0.34175439811656333;11.065347840956578
597;1.1087994530529348;0.6718856901817248;12.372562201517827
598;1.0520670549747035;1.2863868244189889;7.11814733536368
599;0.5881621790149544;2.173579211327083;8.777649432404363
600;-2.940357630671759;1.126225867383214;10.64132826330323
601;3.0416689904144523;1.683059628955472;10.755265970432466
602;4.228281358028941;2.137185871503387;7.587881586166702
603;-4.035458323533672;3.500105033442581;8.874193857441746
604;2.3282200922274465;2.83998173449566;7.573420220918657
605;2.8363673967508585;2.089477664150536;8.966252325088279
606;-2.372683140594706;0.8513827112076103;13.450073524804772
607;2.281935247720886;0.817031809921308;11.807808827798823
608;4.427609019678199;1.2818200478336792;8.87015342547267
609;-1.298709723181118;1.8369824562942594;9.393580110405415
610;0.31615722459602463;2.28971807715813;9.429609747898498
611;2.1337202036493204;1.0537886004392523;9.533779370148427
612;-0.39507003126294676;1.9255668160509867;12.782358418396454
613;0.7110117147673739;1.9701411818112307;11.746736324161633
614;-1.0042830723451042;1.6185339449001592;9.47616070734685
615;-1.906700814079844;2.6362016090789275;9.17167146659442
616;-0.21432802807335868;2.0470924566662547;8.721524591322096
617;-2.537681922128627;0.8705326440825556;10.040682791149035
618;2.108751184385678;0.6215724935431584;13.759068684717999
619;0.913266715518205;1.773628687637194;10.403462091056966
620;-2.649165490237801;2.4166296504283995;6.108035352393738
621;0.2705084844678688;3.442934062702001;8.154409289888944
622;1.63405202111124;1.2750850298362302;12.383004947103268
623;-3.7745978297562752;2.684532923716811;10.332061463152963
624;3.0417075797271864;1.9393249213666703;8.50548009040186
625;-0.0563185203503131;1.5779013591383861;9.29778419550462
626;-5.034034424852826;3.2446899905900954;10.108964911234983
627;4.132395081323866;1.8694636551536907;8.836465898057847
628;2.082737089725309;0.6191546783467009;11.390748094804657
629;-1.5533473789970957;0.6976778587132221;14.214514937020304
630;3.117423408885542;0.8886206211280002;10.76394998478966
631;-2.430502593228153;2.1475735980113564;6.1640626459803345
632;-0.23625867637904885;1.3487162611850017;9.58654002717304
633;3.790742640582571;-0.6965543638428933;13.461327304035082
634;-0.6972874002222254;3.23429069403306;12.876954920522314
635;3.485838845967968;1.8634477091196768;6.8036464826488645
636;-0.17988333179166258;1.4026232070478875;9.757767239008865
637;-1.9558939210362105;2.153542160782285;9.271716271248382
638;0.6743295545393819;1.3678311039499305;7.936343183052447
639;1.0562665303781706;0.06724246674971954;13.049230308144324
640;2.7862614196710713;0.5377156993019433;15.264201533707878
641;0.9211032710829353;1.074981774854371;6.597554704308625
642;-2.8863679073958575;2.999731148008305;3.866610598342393
643;2.7398849923933883;0.6041688563554669;10.786366229167292
644;0.011227064087424451;-0.24603880954819682;14.46387420006064
645;-1.9868403586021939;0.6483725047133914;9.893117069874396
646;1.1672029143274671;0.1340888939005852;8.464673554704511
647;-0.785478327818366;0.6478192741191927;12.29336177978211
648;-0.17950604041953158;0.16746757949782967;9.998933054454346
649;2.6472430664993425;-0.18971486998240236;8.966279257694087
650;0.15701184323063497;-1.4166691953017196;12.993010486071103
651;-0.8746238117824652;-0.43485145204111364;13.411786521237143
652;0.1121111618625953;0.4458073662461967;6.343284468326424
653;0.8518917701327898;0.6572786806580415;5.985714750530567
654;0.20172750555556546;-0.1893023810207255;10.987821545745188
655;-2.4539083961716948;-0.4786130452480549;11.819554240311556
656;-2.599103649219449;0.200261227390652;10.241528898903594
657;1.7137530536280787;-1.2121560227846273;10.69873767464636
658;-1.7918341376585756;0.0666945298889985;10.23479538374387
659;2.3737476086146407;0.011110799119252536;9.33965338137734
660;4.444366447012065;-1.2105353369510774;11.82888656614931
661;-1.0968970762237307;-0.3663278141166365;11.892064387937843
662;-2.685785421137267;0.13315012034002943;7.931813434051048
663;2.036346014393505;0.15527162210256604;7.938770467431564
664;1.554944643555341;-0.39908885881448486;9.266815996366446
665;-2.035594314637634;0.13296911444803702;8.88095203759651
666;0.6709507608242933;-0.5316337738101604;7.854362476596869
667;-1.1851262996202545;-0.2767658462289347;9.42020101687286
668;1.7661803119553334;-0.7524573971759683;10.201037653377158
669;2.2464308447445167;-0.8848360614494758;11.382762479739855
670;-0.27935461606548534;-0.3206048547820399;9.83121323076897
671;3.4521762731245538;-0.35360686056211466;9.58917411474438
672;-1.1951893975093932;0.14358598030540326;9.347292599316475
673;-1.3178114535008183;-0.5740759741495723;9.325095522238179
674;1.6971998290229273;-0.7282939110970353;9.865853818091614
675;-0.614002398332721;-1.1029577259139745;9.881645610654484
676;-1.4286805023172882;-1.0473165099607076;11.384897858407257
677;-0.21202952882352125;-1.3553589645150426;10.723400006567788
678;-0.3235625003116115;-0.4846141791979662;8.480570512642549
679;3.547354201562343;-1.541221705392861;11.459237416499912
680;1.327215648320678;-0.7702436609073469;14.140718560176705
681;0.32337724701556253;0.0769875558981541;11.327831871566241
682;0.23412484222607435;0.8024853794857815;5.966534033716602
683;-1.0143461258996636;-0.010987666185890229;8.647153286412316
684;-0.8692722014672337;-0.9993955369992753;11.211860854019616
685;-0.05571183199403265;-0.8891418252464274;6.844644305752631
686;-1.5484898107889091;-0.021943473108442565;8.800022919777858
687;-0.2450372612430246;-0.6579840626624162;11.533095627814793
688;-0.8463281362868379;0.3288316022580904;8.91758054102087
689;2.082008004128649;-0.6025631715915992;8.667752286691181
690;2.9053382124256855;-0.8869760611815776;12.783725735366003
691;1.8029615842759674;-0.7442557122378526;12.760456076644752
692;0.30043484081844735;0.26254894078258745;7.653700359213342
693;0.1668755616938173;-0.37176043805665593;7.262407875907919
694;-0.9120740912783626;-0.7540809585839436;10.899425082467182
695;1.2455148513827787;-0.9830948102365801;9.635639193155775
696;0.42250215018398996;0.38212407553305516;9.00728300516239
697;0.8114887089127595;-0.7529538159025247;10.329796720142108
698;-1.567086181688607;0.07634833635792623;9.881459749831594
699;-0.11111884432688722;0.16352136133602482;7.834378061574957
700;0.44438719290114287;-0.02179186449003406;10.839576069662561
701;2.0326673058870277;-1.1870567410993282;14.400616058241832
702;2.5764203694463497;-0.3592021197410783;11.701868572743996
703;0.0;0.848592080409862;6.397003245994834
704;0.41073057237564237;0.6415570264343097;9.20970775353234
705;-0.24416928346633496;0.21736596240567074;11.4539499477984
706;-1.3537582083538913;0.20639201826321216;9.722655416443688
707;-1.2536388719191431;0.2605719775842115;9.039956456845362
708;-1.7747065355306249;-0.021703166285509026;11.093311987662608
709;0.022179361676435177;0.3253796631614871;8.458618959928637
710;0.1663116182928616;0.6287422768998293;8.191808643008525
711;2.7491294356463722;-0.357547343745386;12.33538347614106
712;1.9838485540931872;-0.6172610793775123;13.06599287131499
713;-1.385088027346798;0.7468218183171541;8.805022240992413
714;-0.587157896046077;0.6166178087270779;6.552107057123674
715;1.129771960931244;-0.021624395221225695;9.504864933992868
716;0.3100702387988119;-0.09725875236195217;12.267468783959712
717;0.365365255962295;-0.15121188491593368;8.971777302412313
718;0.1217635079283063;-0.26987897354858253;7.98161131114903
719;-0.1770742540065447;-0.30210483836504937;9.181849986348537
720;1.5712114617251152;-1.0028885498442917;11.94081067648061
721;2.5001464134753575;-0.743683878494002;13.373680038485695
722;2.1125204689089014;-0.8617836163535213;10.49627915144515
723;1.2606160940078532;-0.6567598764302698;8.869067645931915
724;-1.2050770009850256;-0.34434573019061754;9.626006239426694
725;1.1495603164528156;-0.4517118075055912;10.466838815685547
726;2.906458824714143;-0.6557056545471699;8.785034673696225
727;-1.5357946051340379;0.3652787440953495;8.978875183063025
728;-2.8942053312002125;0.8268030368004113;8.376189512591305
729;0.3423728963442045;0.8370883565633973;8.176655903006845
730;-0.022083969959086916;-0.021452186897462675;8.585849651552577
731;-1.379960051522549;-0.2894473971707152;11.971179117679277
732;4.481173184440883;-0.6321523386039986;10.919172399632714
733;0.2427713580694465;0.010708609238879641;8.773526667214677
734;-0.25375320371402293;-0.224758005803688;8.228231113392832
735;-1.147164928166614;-0.44927006485697746;7.2813802763801085
736;-1.5990764084157318;-0.5559341519303872;8.904747647531746
737;-1.4774558976278873;-0.09616650541661108;10.639099821940674
738;-2.491303537966155;-0.10679283949734437;8.917373404877173
739;0.22042277996798104;-0.2775081965548022;9.465073777966987
740;-1.2561442895950914;-0.5653770374049524;8.304787185259196
741;0.33049429259407026;-0.2025700620819168;11.790656977946536
742;7.632800040828283;-2.4508027461523936;15.581880383705508
743;-1.0681448891152554;-0.8306794588936509;13.84274983811331
744;0.8147002133526929;-0.2767388360592777;4.5660899489408076
745;2.2014238613256176;-1.8616251235161307;7.293947112110575
746;-3.290427254257337;-1.82868766517731;12.934677727347916
747;-0.5831284851276802;-0.5844269945310405;10.556475085942497
748;1.969013165558934;-0.41417905470674315;5.927858299514094
749;-4.553056105322882;0.24412196500427283;7.218927165565934
750;-1.121527139238275;0.8380330279025152;8.853203599281771
751;4.078404894571229;0.41347878277150607;7.093174256092435
752;0.8792515070977169;-0.44503278820910613;15.166621834610812
753;5.131527144588288;-0.2965202819584251;12.848236128550464
754;3.9109857609464815;1.0054793142281746;6.166547108254188
755;-3.2401463111780546;0.7193018497551049;4.0198931882707605
756;-2.6025386256324183;0.3065861241802555;8.937285851714229
757;1.624862973646354;-0.7818762275783974;10.223831534868241
758;-0.9220199213915695;0.3801544958377742;11.778461260581127
759;-2.5459796509787194;0.41159788213250126;7.750753206673269
760;0.21943339580922955;0.44300462502712507;7.507157254757411
761;-0.16453931598126367;0.9803743431646313;8.477434432020841
762;2.314016573800182;-0.3898165416251286;11.327204156039507
763;2.0503646456239824;-1.04242021927023;13.026966469821147
764;1.6881676121134706;-0.24203832509910658;11.763802400315557
765;0.789101044736781;0.6731076529825092;8.549233095911523
766;-2.6735919174264886;0.8408960512655876;5.790053917117317
767;-0.7120715941109121;0.07353562256969359;9.116713971555036
768;-0.31762396004838445;-0.5039505169038953;11.978972452864655
769;0.7336600235713377;0.02098568581344163;10.357939121053034
770;-0.30653697706760685;0.8913702993474979;7.620350790236596
771;-0.05472672252031236;0.052402847489669106;7.867086007199903
772;-0.7112910272756499;1.2255075727175844;8.704410966800912
773;3.7307210044775236;-0.8374616216199989;11.949531454498528
774;0.7547304059008237;-0.31386334509085584;11.401264911867399
775;-2.4714704076471947;0.8992113340509178;7.570616748872372
776;0.5575980806158117;0.6165366750063969;6.5817275444033045
777;-1.0056409187369861;0.6370593874423904;8.45937039105692
778;-1.333272468412527;0.3548720108082691;9.442194039700132
779;2.2726168511670584;0.3025054251620578;9.567938317023424
780;0.7209589775093407;1.219727940370451;9.113640221356507
781;-1.179489334976187;0.20837644919181098;8.181112827986952
782;-1.2774964217982316;0.1561892169655407;8.675135422922429
783;2.2924326004786666;0.031219201458774895;11.09087774969524
784;3.034068980622104;-1.0192177125427113;10.627485964398385
785;-2.531464935267999;0.1143335167201567;10.65148990167809
786;-0.5563617810122036;0.5193862404993151;8.84723345860504
787;0.3708251074650551;0.0;6.8145853621124
788;-2.4752500287310335;0.7366424979344006;8.942293860066803
789;3.434050312626582;-0.10368998449058309;10.325165363935039
790;-1.8092851863971908;-0.09326471512735526;9.716167904583292
791;0.392287239748584;0.15534732413859306;9.93304052669042
792;3.4535328767887292;-1.5111328087494305;10.965783846935292
793;1.1327661029613993;-0.9102682435188938;12.886906718914632
794;4.094465744012666;-1.2095090510817;13.56063387114023
795;1.7745955713465873;-1.5910364832183292;11.815796942971808
796;0.10884640496849357;-1.4971428633029173;11.976672311966968
797;1.3276273744506455;-1.960578716205751;12.13744165879877
798;0.7615817876856462;-2.2275091647487955;12.169999732144941
799;-1.533697437928553;-2.040636572842881;10.812143986699816
800;-2.914454734562044;-2.3380872953761624;14.52112789844859
801;-0.8806625275912338;-1.1220065430772606;14.068378975941808
802;2.282682945956964;-1.5842482510133042;10.079445642738527
803;2.293034084794524;-2.117888357685191;11.227132150970412
804;3.2486351668699047;-2.6097718320929095;15.862536226533395
805;1.8357690288902264;-2.3103829182276483;13.04551094510906
806;-1.2271886577404978;-0.8107011407549666;8.478141800007982
807;0.9228970283142517;-0.5025296887765633;9.624843459024115
808;-2.31214627689158;-0.21523681210422327;7.259565835601855
809;0.1302321653847896;-0.5121516160177764;5.178480498553997
810;-2.983808685517767;-0.25591721493000275;5.823866978984962
811;-4.284858750208011;-0.04092136141771526;7.6532618619490975
812;-0.1843696591784011;0.2658237039231471;7.568766814869546
813;0.8782670551295828;-0.5517521903280644;5.981999962245537
814;1.7561334576573566;-0.37781717945749116;7.946069740310338
815;0.5960821315021327;-0.32655720327907284;8.598586391253686
816;1.6144719711145135;0.010198546907649484;7.940847416917276
817;-0.5308123744491346;0.11211395765283401;7.056213595991506
818;-1.6570555986092967;-0.10185804479721441;7.308422181068164
819;1.331838062679985;-0.9670457779294742;8.160215142976428
820;-1.5696934873288273;-0.24415319839162306;7.739673516893583
821;-1.6342719180992515;-0.4778334044763602;9.453481004043626
822;-0.9197434465896737;-1.137951710731386;10.258351272655561
823;-1.2224373695986266;-0.31477074273369704;9.774015940076962
824;3.9801210671191316;-0.6900302811991498;10.188152953380193
825;3.0060315145508882;-0.6490310226724478;12.225428227255014
826;2.421569634148778;-0.29390667950409416;14.152584159341728
827;1.9454566832264666;-0.020256627669002297;8.845889109521522
828;0.6267251820908601;0.7591433621957261;8.036634607865418
829;0.2160623790185397;0.7788940214960259;11.16793182300659
830;-0.27001579347259247;1.4253831536712285;9.036483010536024
831;-0.1403758542437678;0.8486260015125172;6.544351007807116
832;0.5181913448547469;0.3331771975741406;10.659409313658667
833;-1.262800031812148;0.9383574557618517;9.19959041856897
834;1.8344141063186534;1.5427675855789846;7.614115132040371
835;3.1285721853835944;0.04030812045246314;10.802773526242579
836;0.1294282471415675;1.4501677166095652;11.9108553624588
837;6.124854077952977;0.7044931353557192;8.112677717411575
838;-1.3583683222500982;0.6839279190529967;6.963101512201344
839;-2.6622170737857362;0.5327208254646038;7.88176138908725
840;2.2628993354702187;0.3817065343452587;8.438814072380564
841;-1.045001915575923;0.04015391606259707;8.87822028782319
842;-1.5725249634505336;0.6520830908598388;8.406358104344772
843;2.950493146892163;0.7017930650484026;9.801281112398911
844;0.4736919390778625;0.9117454032440516;9.527737406848876
845;-0.5596878638309125;1.0313126997896918;9.110194570705193
846;3.271261992161812;0.10006307080646355;10.602658585265784
847;1.054306673683214;-0.3799950256191828;11.616895679282484
848;-0.7636570308990741;0.19986858155652046;10.298847096467176
849;0.3225969901131609;1.3582305263860848;6.335744294971795
850;-1.98888560672806;0.9281908730889157;6.432704650713938
851;-2.7300513150343186;0.548575738116808;9.44364428083273
852;0.5480323711414964;1.2359899028651753;8.487606650918176
853;0.51567513367629;0.846703287153546;8.323143913899589
854;-3.275922791001969;1.4533963099214482;9.713270530456068
855;0.042952917052312314;0.7660209027933963;7.302874384469169
856;0.16103591240054274;0.0397675074222793;8.189584141083365
857;0.3219967673178042;-0.9339303951339455;12.890963274887545
858;3.3587164524435806;-0.5361649780465816;13.613839155026836
859;-0.257477306647058;0.8136477394988452;8.612526161224897
860;-1.233457676542066;1.398167962875466;6.394600169193564
861;1.6620984331110678;0.32701796806373945;8.454740500440787
862;-1.1363955854701442;-0.019806373018303507;10.809380694948858
863;-1.5755768143912892;0.851119349201099;9.883121902972174
864;0.8894037186734622;1.33518889006858;8.240845839888504
865;1.007041228079204;0.6029141418689447;9.205399111950657
866;1.6922907040997355;0.355585982494512;11.628519817093332
867;5.546846669721076;0.4145794424554153;11.052186545664279
868;4.517803161964678;-0.2663412199233525;10.860908694877775
869;-1.006100046790365;1.0449523581999953;10.651864433192394
870;0.22471445819305086;1.2117459833272104;6.795072398496352
871;0.27815281763369687;1.7327454793585144;7.892381654141149
872;1.8503531187921018;1.1609662616386025;9.703854511256562
873;-4.127567353473427;2.762862269307658;6.842431907526849
874;-2.6940506987143626;1.9160316919410465;5.000774623212687
875;-0.9833120147502462;0.3927743059022771;8.68620060494742
876;-0.5449692723865052;0.30420031207279663;12.67282187132256
877;4.358733256055646;0.8923886466526731;10.572350145801773
878;4.4965609971962515;0.2058005353280877;9.819942987142943
879;1.6444374786383626;-0.5876149943602303;10.779947490200666
880;-1.2704040300636261;-0.6459513639395077;9.314842805018824
881;-2.155978933219341;0.0;9.56154553731711
882;-1.4085273689598965;0.234582312945526;9.26469535251186
883;-2.250981964455514;-0.10744608613239216;7.641079655516224
884;-3.2210296048183764;-1.2201737025263135;7.558663863681897
885;-2.8577268319946163;-0.575542302119905;8.48204130325842
886;0.5436937192794342;-0.5166715840073883;9.289200700627566
887;1.620040561692246;-0.16561551638138994;10.594007108801268
888;3.058175222682236;-0.6717604772668156;12.751713116883053
889;0.37286076308307303;-0.3697107423722278;7.067367258385163
890;-0.159759997594714;0.1458420452800247;5.110104337130183
891;-2.821764722994594;0.2526258239812402;9.079971477297248
892;2.107843051010115;-0.2524588220781465;10.924726631501963
893;0.7982381738666459;0.15525654159576838;8.648416935585393
894;-4.94791597745173;1.8133604629098754;6.160409260979874
895;-0.5106328639712867;2.199788406202917;8.803076825419302
896;1.5847178831124802;1.28800959474704;8.59645704087351
897;-1.82890958528877;1.306512542868541;8.567341958402716
898;6.176437816935823;-0.08704313666396012;12.270961719696551
899;3.1353217541858274;-0.09665051437277929;13.047402720397312
900;-3.0177035331286417;1.3135759829297755;5.440749126560867
901;3.5269109764142272;-0.4826121820089326;7.441216324717581
902;-0.339863520010874;-1.0610427934235933;12.433871552751405
903;-3.5783485333609715;0.09639445029136066;11.81054573067042
904;3.1847266344742877;0.009633050704297513;6.832924470925534
905;-1.0188736376384708;0.2984264191874439;8.768765086593527
906;-1.8993294908056098;0.32708915988608805;11.56155100052957
907;1.272995082059435;0.5479913356688093;7.684865757575453
908;3.7544554762811186;-0.009607499801699842;11.086395110898346
909;1.6859279919346841;-0.38404476523418285;13.124897045664897
910;-1.7809405639526659;1.1801533820908898;7.784347873094559
911;0.9538518084075536;1.0163670565161418;4.840654388417094
912;-2.108578401645133;0.15331197219802672;8.795496171803798
913;-3.1780168304698835;1.2448320584648476;11.529804801952892
914;2.552408922276464;1.1483120780656815;6.654695736619925
915;-1.2176694081706092;0.9371649011366313;5.479322063493684
916;-3.1122693470218974;0.9269854160649638;8.741532791327542
917;0.8678448313822319;-0.17190355973253474;8.474542822612168
918;1.7247024881458892;-0.43901702929648606;11.328576510661234
919;2.390745933620479;-0.5627126984373513;12.268488101119138
920;2.654587955441642;0.1524985915377013;9.339800247402971
921;-3.2989550758910235;0.8858086919492583;5.989917869643006
922;-0.169137633193401;-0.49496151870614497;7.494144078609597
923;0.2536471429862672;-0.46609589343958635;10.899184990561348
924;-1.4264318792182247;0.019011672507214368;10.456130973716425
925;2.4296494050222783;0.1899902935383983;7.584785397511895
926;-0.14785716382930497;0.11391837665788752;7.846622358366723
927;-2.829747319677655;-0.2656328108784806;9.066897412286574
928;3.251338803369188;0.037922310896433095;10.348060095499184
929;2.9339651141532856;-0.37897095968479255;11.909803409567854
930;-1.2872671110371694;0.13255166006073596;8.55869207949142
931;-0.8755593929363138;0.0;6.781866077917364
932;-3.353770640607405;0.1040093124029839;7.289433560651725
933;-1.75030241444451;-0.14173660018518056;9.965422196023248
934;1.5074393780151807;0.48158417551704463;8.918216698192586
935;2.4345271824649295;0.5945027833953395;8.029531236904582
936;-0.6954172082367053;-0.29233874987695696;9.194233284829371
937;-0.29495683339206513;-0.047120083318732284;9.24443444703102
938;3.7703561819265436;-0.9041046973799592;11.697186393677196
939;0.8528710717141923;-1.4587828715592317;12.518145026162145
940;0.9263605031936177;-0.61134146359441;10.595577456156866
941;-0.13681690896986537;0.0;7.666431287003423
942;-4.4612993467976345;-0.2160337278627673;7.603125121456488
943;-0.7994811743923279;-0.3379153649179907;8.967264256184144
944;1.5039378551006952;-0.8442279426360293;6.855035692506982
945;0.15771911326292926;-1.012401556503808;10.240522919050717
946;-0.662266679582326;-0.03747149059011922;10.544159697562252
947;1.3032069047897705;-0.17787158582100207;7.567109585029806
948;2.900014156045626;-1.1600768339233996;7.783830258387054
949;0.38867998678643756;-0.8694811443978105;12.50342965947999
950;2.9406812539906846;-1.0651096338764594;11.818433924186627
951;2.9820006631590132;-0.8403192093260354;8.546978311976973
952;-2.4774276434581934;0.559841982852413;8.378825854845054
953;1.1754566761631298;-0.0932452526421813;6.865597939814277
954;-0.2728108183793193;0.07454686147406733;5.763567434791499
955;-1.783351186736269;-0.49354637624033515;7.621732654548937
956;1.8773306276276658;-0.29779331377905893;10.753318542585623
957;0.38796209702642415;0.0;8.604021568361066
958;-0.8491266875684184;0.8457312461582982;5.932347601970319
959;3.773026679057241;-0.7337215208533228;9.663867502115398
960;2.0956433842376647;-1.095215324942468;12.67854779463863
961;0.607596728550024;-0.38028991563954456;12.23086223480158
962;1.508168995156394;-0.5746934276342234;8.52379430203376
963;-1.9685460026171706;-0.2593679356802953;7.632965154329751
964;-2.899797821015802;-0.17588373962210704;9.826383917940124
965;1.109415168822495;-0.21277171941881343;9.135997487695448
966;0.9522039638601599;-0.1479177197613583;9.072865507492923
967;-2.03996929307447;0.02771633187824687;10.245894185519086
968;-0.9726855733731357;-0.3139119678763676;7.371466299284524
969;1.108398482275267;-0.35983892703483966;8.126710950578039
970;1.3694998378148544;-1.2171167309422544;10.795372004014258
971;0.4912349320623319;-1.2531762532061428;12.549616310034462
972;1.055391301705459;-1.1694779787301208;9.486097847057216
973;-1.828230745180627;-0.3036809236906111;6.067605752829265
974;-0.971352395300338;-0.2574998996408847;7.248155157218125
975;0.0730958763072113;-1.038515762192637;8.532433161694852
976;0.10439888098059023;-1.0102832334862062;8.49572801565254
977;1.4299391776587564;-1.3492229909873983;8.380883076084407
978;-0.5739325739752335;-0.8071705038546315;9.212533269790928
979;0.11476042100913958;-0.6416482914209442;8.542016453901324
980;0.8240011831300794;-0.751154755522733;8.791779185063602
981;2.0960336297567403;-1.3457043116073788;9.718244999377237
982;1.7723626203212375;-1.253342926426634;10.947930921340067
983;3.5439219678006517;-1.060533797400088;11.014878823590163
984;0.2917863345982631;-0.4751024497605406;6.945640619500985
985;-2.4587854661171216;-0.5021856147778547;5.444319547020795
986;0.37498417963750835;-1.5055782958626274;9.79415699829633
987;-0.1457942513552711;-1.2857502261344473;11.230489541034546
988;0.12493829378800494;-0.5467729664920774;7.606655166643106
989;0.0832734162715641;-0.22767448181085728;7.223890787947652
990;0.5203416172758101;-1.4106679211510624;8.252859103131538
991;0.925999583716335;-1.8099443223100442;10.995679249509841
992;2.5381247601083827;-2.454116558678175;12.317726311580842
993;1.3311760875827825;-2.22544578599366;10.662133088993977
994;1.3308772801998892;-1.2345526404088525;8.963989572214809
995;0.33264469869236907;-1.2428287647008776;8.010529165446616
996;-2.057777856426236;-1.8222462298438873;8.830495566160023
997;-0.8000678119278883;-2.265017579435373;11.18065980496499
998;-0.35319771578228754;-1.4124625945915765;8.161140621264336
999;0.4569772703671344;-1.9725589512240793;6.923439461404723
1000;0.4257246914692405;-1.320224161010467;8.157785466394047
1001;0.6021104084956453;-1.6085571935278193;9.11515743510877
1002;2.2522215380465873;-2.275825755035238;8.759141582921153
1003;0.6018423402461163;-2.6083057723936998;10.346483598009252
1004;0.47721711169266834;-2.6878157166336702;9.221890832448732
1005;0.985338267604615;-2.7582109879651595;10.091983793197961
1006;-0.09332712580221648;-1.6574749711520587;9.477158551525054
1007;0.2695519483674973;-1.854470049573654;7.145298465592238
1008;-1.948636566739289;-2.770939643719521;7.946289506541169
1009;-2.4663454428748186;-2.4095456857196567;10.498095938169461
1010;1.5747970474707873;-2.6056902594285156;8.098436830362516
1011;0.37289595882278537;-2.3346556033495784;6.70859218080065
1012;0.7663394351791593;-1.8037260676758182;8.578108651745273
1013;2.4227561134197497;-2.3765433074284417;9.205699956145866
1014;-1.0454895816164076;-1.9089966405688403;8.885091299392
1015;1.3039876868012645;-2.498939885350003;11.287366901820338
1016;0.5276887304811102;-1.5306435881317737;10.208414785238377
1017;0.9206667658367955;-2.8715060999388173;7.63119942291264
1018;1.7478497147896679;-3.6027724967148376;10.006559702327046
1019;-0.3412214923227398;-2.331845187081057;12.48437482222691
1020;3.980048217097823;-2.75003189614795;10.786249909248543
1021;-1.0542243856280404;-2.382464368428656;9.656802909025304
1022;-3.60631551264418;-2.149120250848367;8.011462717190234
1023;0.49588963165395;-2.593376537451461;8.483229335044003
1024;-0.5887410002856092;-2.3423814063626254;8.93763149343514
1025;-0.010326548112570623;-1.655558346794556;9.813313657101679
1026;4.398155801664628;-1.2453448671987712;7.094269274926848
1027;0.7225452933222493;-1.6446130562315104;7.6862667814857675
1028;-0.22703656824033072;-1.9101228346898882;11.647745748307203
1029;-0.2682580122813536;-1.6159408394819366;8.629020879523296
1030;-0.020630783856416618;-1.0736706266323055;6.9003178565934915
1031;-1.4954097715995969;-1.3567791719031856;11.435571192098301
1032;-3.196395383630048;-0.6558158636678149;7.086968984545679
1033;1.865881763239009;-1.071688149447536;5.780281103902803
1034;-0.15459792833363017;-2.009288145783014;10.167483178871112
1035;0.638867966694374;-1.8488273056571702;12.252199605418866
1036;2.194351146472419;-1.494069833835642;10.85949187698412
1037;-2.111483290103712;-0.918865860015674;8.257023134565063
1038;-0.8135200143402872;-1.0154338547287507;8.427328604632486
1039;-0.5147764894615056;-1.0501134061857291;9.876071282601043
1040;-2.5321619194359983;-1.4463353102649994;8.596223817154161
1041;0.23669656377716203;-0.8196802258978855;8.088784398227421
1042;1.4610342870915227;-0.8896510224223263;6.543773096578529
1043;-1.1624079414060409;-0.22888055850240907;6.962935893580472
1044;1.964362691244702;-1.319667591716652;11.77172521399494
1045;0.030847352360597997;-0.5187564477374407;9.138198419986438
1046;2.7962373598712382;-0.8611449052524477;8.399700517718946
1047;-1.7164462158307425;-0.8342821068979069;8.244183677382242
1048;-0.8734567642049993;-0.8337820858470215;10.393668137627886
1049;2.2396900228890453;-1.0876540236107666;7.402148028021575
1050;-0.8422757579787731;-0.7801887371703031;8.026388443881817
1051;1.0064117518887195;-1.0951177207077665;9.249994617211902
1052;1.5093024267279742;-1.1470006839323246;9.668282283087267
1053;0.23610015455528993;-1.3125798647517415;8.9647934962384
1054;2.504193764521588;-1.80154170547705;11.069575850996932
1055;0.4001773060411117;-1.0313408864902744;9.321798293490737
1056;-0.07181180426351327;-1.161757579789958;8.712835550571066
1057;1.5077355161705308;-1.33567089510449;9.712882763584863
1058;0.041018339951419826;-0.785227032618379;8.43665531978559
1059;-0.16403950859239946;-0.4185421552649898;7.443106689060824
1060;2.193576431901315;-0.7930217721679942;8.032354214302615
1061;0.6148949761928035;-1.1670643188977414;9.639267260327436
1062;0.6352610817364037;-1.053227621244524;8.628885176198883
1063;3.0015055855283417;-1.3309927636491883;9.140821019144868
1064;-0.460887806301673;-1.0780873063501983;9.83218285053711
1065;0.38911469127004467;-0.9210571809370803;8.522999285881177
1066;-0.16380437406629708;-1.1028934144018971;7.5047731559568875
1067;-2.036902470894335;-1.128295375866429;9.05076545661104
1068;0.07163528689588232;-1.6047278055907988;9.066751034797324
1069;-0.7980599151934903;-1.0576459501624276;7.9719671014364515
1070;-0.09206520899351807;-1.464261074175134;8.005188538693503
1071;0.15341102968851714;-1.4287877636991009;9.26852159996447
1072;0.6646471360436886;-1.6876055246024835;8.865992623622665
1073;0.4498244845159526;-1.9980275090182842;9.753175830515067
1074;-1.073229244959485;-2.057406824252599;9.69228940755418
1075;-0.18394528701289004;-1.6501785575155419;8.769041088307292
1076;-0.21455991313685893;-1.7183262243622954;8.307039126364243
1077;-1.6854913766618789;-1.3549015423399047;8.86954392941597
1078;-0.13276983852010366;-1.1212634203575853;8.29669222276657
1079;0.6432951424595637;-1.31890201131725;9.46507078166505
1080;0.21438915951217996;-1.1027791222422714;8.87523468045749
1081;1.6331176937972722;-0.8438450359252517;8.3196673024403
1082;1.3878758825714985;-1.0585234429887118;7.8495466980506405
1083;0.9386719843988586;-1.3847794428473212;9.324659641087287
1084;1.6015488790317938;-1.3668215154753476;8.743662102500627
1085;1.1932766175499459;-1.8128330408806965;8.623388921556778
1086;0.16315114846052584;-1.9578144449157922;9.765404313696308
1087;1.0296902290164205;-2.0683101369419177;9.977670454045727
1088;-0.3159818691078398;-1.681192121296023;8.87673419827573
1089;0.37706621199971213;-1.8002958479949096;9.924651763238513
1090;-0.10188997991140177;-1.3280678329117406;8.909206827990227
1091;1.212255738130573;-1.1475140204024834;8.678239041724234
1092;0.9268397581779992;-1.1896888931427565;8.558137964349669
1093;0.01018308689750677;-1.3772428721606589;8.642629358649272
1094;0.7737655311836109;-1.6928424484577917;8.710074317825866
1095;-0.28501675368323565;-1.6150300259763852;8.990566272963106
1096;-0.14248105710148312;-1.784979410856834;8.759755539719363
1097;-0.21368069719543964;-1.7669575594887095;8.239299609483515
1098;-0.7935196875133113;-1.766020240886566;8.766874404789078
1099;-0.2644562090752024;-2.0464768050087905;9.149553858934834
1100;-1.138979677041678;-1.909038309862169;9.131819034933448
1101;0.010167534285348775;-1.8569271061746595;9.412226969025317
1102;-0.4167900957540809;-1.5579799957522975;9.420054766848887
1103;0.9248962270249338;-1.5231301787541909;9.410862946522826
1104;0.701163058156253;-1.1311223312787786;8.814080552327637
1105;0.08127900717727199;-1.037032773571502;8.915660375059714
1106;0.27426528249028437;-0.9855213979977515;8.79585349595857
1107;-0.2742140653331664;-0.8151837111127185;8.071561000203324
1108;-0.050770923758731414;-0.8826622560803122;8.258345828728025
1109;0.5583764409176014;-1.1027632956490392;8.496200067313453
1110;0.07105292011238842;-1.0089378134175395;8.282864732497659
1111;0.9539628111530524;-1.1270634167174836;8.19724991065663
1112;0.37542676146908416;-1.1095530369405657;8.647896045590326
1113;0.973901070893461;-1.3968235407176535;9.251705766859994
1114;1.0244371482966688;-1.4130440465013696;8.306504739253922
1115;0.7301582190841871;-1.496907381626794;8.484779177328694
1116;0.25348090488143205;-1.6821238895127821;9.1821500624043
1117;0.4359077822774328;-1.5376599499322015;9.522067657482195
1118;1.3682994314773287;-1.7564552882367195;9.462042187478394
1119;0.405348632299401;-1.4601771055595199;9.546684352832303
1120;1.2867496725830128;-1.4425869449701518;9.571776654432245
1121;0.7698847698670771;-1.1889191800837233;9.605389047580147
1122;0.22282137908027824;-1.0366364510629074;9.460355961674049
1123;0.4961951232324689;-0.9940135754183349;8.915512923429173
1124;-0.3138633437083012;-0.892495374189341;8.813083960514478
1125;0.030368463844568618;-1.00988520641481;8.719182736386752
1126;0.16193639533656093;-0.9084604268968743;8.744389135069268
1127;0.25298084352835243;-1.0761792400427468;8.659031258226157
1128;-0.020234895445115555;-1.1512998186378902;8.70978350012909
1129;0.2630073407670456;-1.1843526967501739;8.573427919692513
1130;-0.20227784351090466;-1.2509592777679768;8.48812541434318
1131;-0.08089698616220485;-1.393031003464176;8.334802771561483
1132;-0.38419367189002784;-1.4427059877921662;8.309072046243372
1133;-0.3234752591968762;-1.5007212085550967;8.512976230161728
1134;-0.3234191842957472;-1.550305131484159;8.61483312500404
1135;0.08084082150899338;-1.557965348225157;8.538114473634463
1136;0.04041344669222318;-1.4818982201987252;8.478421201448956
1137;0.2323374005539725;-1.4393775119935424;8.699367472806479
1138;0.24239751979683594;-1.3550751507596732;9.056379883344668
1139;0.31304337052448455;-1.3962649140287424;8.911688329121214
1140;0.1716397365562519;-1.2953494974990272;8.826539734082402
1141;0.29274753506448997;-1.2195874434404932;8.902971036001517
1142;0.39362839676195893;-1.2858389934700782;8.97091221707026
1143;0.19173537049204686;-1.2685750447999002;8.902816469340475
1144;0.6255577227670258;-1.3264085926982008;9.115338864561553
1145;0.5649252971370394;-1.3341626131358568;9.081285882381287
1146;0.6051760868629159;-1.3335776183766588;9.183298278358011
1147;0.7563443176529436;-1.3413271989856546;8.970711254369673
1148;0.6654726842033637;-1.3990380921713528;9.004728486060975
1149;0.7056878347524774;-1.4400540250677953;9.021755504396056
1150;0.5140593511645196;-1.4227943935002976;8.902747813483371
1151;0.6349103380116513;-1.3722850698200888;8.80926411394692
1152;0.5441198644599603;-1.404955014154886;8.72429718214064
1153;0.5843298791093812;-1.2880233015331082;8.715873171400775
1154;0.6748921281820542;-1.370544920071977;8.809504825791613
1155;0.4229983116172358;-1.2039144705184217;8.826621754934498
1156;0.2920231998262924;-1.2034136257722998;8.72470495207472
1157;0.3624533382751604;-1.1780278734834315;8.665317949355757
1158;0.21139728625461598;-1.1858358034229952;8.784525841851018
1159;0.2415583861572321;-1.2019290543340881;8.733673150041204
1160;-0.02012666920889628;-1.2180117096807472;8.716849453898664
1161;0.16098787477855606;-1.2920612321737108;8.810598351168938
1162;0.010060156229691489;-1.3412165782803598;8.887357450756113
1163;0.030175728148938537;-1.3406806141786398;8.768524428453384
1164;0.16091204328135972;-1.265695363303375;8.88784291970747
1165;0.04022174119281642;-1.2817341343746982;9.041205224154405
1166;0.060323245464245896;-1.256433164804833;8.998963729606835
1167;0.13068015839639446;-1.1898408612290823;9.058806695426133
1168;0.010050771672118878;-1.1893797380376538;9.076137810928918
1169;0.19093536227993907;-0.9990245244390543;9.016928537044878
1170;0.1607631057467657;-0.9903890155040695;8.847141050611599
1171;0.030138494359516523;-0.8992614105032085;8.932571979365331
1172;0.2511160669474386;-0.7422289263646389;8.992503111358875
1173;0.07030188485026999;-0.61004814448257;8.941852589821158
1174;0.010041616525091415;-0.5521349844507794;9.154972401514481
1175;0.09036101648728022;-0.510741801953181;9.317075072393159
1176;0.18069509216432778;-0.34585916134715766;9.317536376414372
1177;0.2107796472964233;-0.2798790101671572;9.00315818993147
1178;-0.05017821087965153;-0.09051626296159482;9.182348469092448
1179;0.22075164302867611;0.1562899788899304;9.106257445095785
1180;0.47153668326810644;-0.06578278449042518;8.67271300401649
1181;0.5015615788455035;0.19727832147856034;8.894519859296707
1182;0.5115184888771882;0.4108517392050656;8.682256535889762
1183;0.6317844086361007;0.27106732520383714;8.299732190061455
1184;0.7419891145786123;0.4762560347784315;8.547142746079649
1185;0.5213230271270556;0.623844679584234;8.488110517095222
1186;0.7918969536560837;0.4923406381345754;8.199200704887582
1187;0.6414456998137337;0.6890431481460293;8.182740633397549
1188;0.5211009492246192;0.5986098465253127;8.021531636253076
1189;0.7114031314349661;0.541028239179959;8.226503589811214
1190;0.4508261472337682;0.5162650831514989;8.491139086021755
1191;0.46078026673831923;0.31129572004695666;8.48327439698119
1192;0.5107942322607054;0.14740784006653274;8.49246051810973
1193;0.26036894593194376;0.13917355812857968;8.714630279910176
1194;0.26033317742152956;0.04092028822539524;8.945372873637826
1195;0.3704235108266061;-0.008181459758342736;9.00576779944187
1196;0.2602621809881967;-0.040894420996845586;9.219565581981357
1197;0.2502182424452619;-0.08993966653751302;9.220377343055997
1198;0.1300959597306616;-0.03269521898575868;9.076325864671842
1199;0.2601570460723801;-0.04085649941819107;9.162390515266946
1200;-0.0500235311806713;-0.07351937264081507;9.205869424011938
1201;-0.04001351919871063;-0.048998171756037434;9.112975670904941
1202;0.12002471978937315;0.032655714335519594;9.130915204583186
1203;0.05000373533441923;0.15506886219548652;8.87602903461827
1204;0.20998827827351027;0.2366148693971945;8.62963592836438
1205;0.20996101213962093;0.24470314614334113;8.647581637102032
1206;0.18994019536625967;0.18755197694064218;8.827600574733077
1207;0.30986262662137015;0.23641149722223895;8.623824870147283
1208;0.2398629911530625;0.2852440939270456;8.505330696431766
1209;0.33976275050807553;0.17109888722560504;8.676909745445617
1210;0.3097445513596444;0.17919716086444631;8.712018260654903
1211;0.4295916712005181;0.13843286008612535;8.704482319754492
1212;0.5394198192082326;0.10583192752798981;8.807914071645854
1213;0.4794247667679159;0.08138749811355372;8.936993526933119
1214;0.5892201769737678;0.10577589923159636;8.886848114318456
1215;0.4593356001375328;0.13015183462155655;8.83670708636682
1216;0.40935787222993103;0.16264792363327138;8.854882642266592
1217;0.5091394909462934;0.12195491992275241;8.967019149609692
1218;0.35934924137621893;0.195078829738889;8.831509487213674
1219;0.4191905384625563;0.26816678217765366;8.781403997744533
1220;0.3892019934785475;0.3005981022421451;8.833822764054378
1221;0.3492425004400155;0.3086475746349122;8.809372292015675
1222;0.32924704280748607;0.31669409281266553;8.767840578689741
1223;0.2593764330872554;0.2760270909960448;8.717767444936035
1224;0.2892708890678549;0.26784618353127326;8.753177475413622
1225;0.2493426833147846;0.21098177888504827;8.694573615784083
1226;0.21939639234365546;0.2514981219251682;8.738574864191456
1227;0.2293428195009487;0.17033154990911822;8.782605816127688
1228;0.17946537594845807;0.19462165693859312;8.835219010390754
1229;0.1993835542501948;0.16214941533527144;8.879311513026789
1230;0.24920163321610678;0.14590317353388854;8.795101495240436
1231;0.2292400615244537;0.18639242594001487;8.796451494121701
1232;0.2092830942147674;0.1377396379915343;8.84061001999097
1233;0.25908405916896815;0.15391273191930357;8.842002003345838
1234;0.2590559209478544;0.11338649040019055;8.817729414985848
1235;0.23910275838249134;0.15385108551607157;8.836277719254433
1236;0.2789233650670608;0.1295334805939841;8.777775583420292
1237;0.3486171357662248;0.14569714015324758;8.822052943877958
1238;0.3187020347159211;0.10520581892071411;8.814963052666773
1239;0.3585022271018549;0.089003766568109;8.782184555801921
1240;0.3584649565289397;0.16179546443103837;8.792259438892565
1241;0.3982532934024408;0.137501484052156;8.828067591132111
1242;0.4081678412716798;0.07278207982209149;8.80389915644735
1243;0.3981720529880518;0.0970259991200234;8.831182635323165
1244;0.3583187253064227;0.10509367769043404;8.849918555007362
1245;0.43790130969604746;0.0808278433352618;8.877255110384157
1246;0.32839338676663493;0.12122200744560549;8.81883299604032
1247;0.3781127441837709;0.09696212064723655;8.854790295638464
1248;0.36812646994708237;0.03231565348868423;8.865031696886296
1249;0.29845200700512897;0.096932123729262;8.901046386391393
1250;0.3481605776528554;0.04845880690737151;8.88558087333682
1251;0.2785019475655713;0.07267757304450609;8.861541072705254
1252;0.2585845180365099;0.01614826311375501;8.914804458184149
1253;0.20883717872467364;0.0322920164190935;8.890796450833514
1254;0.20881780020007656;0.03228761724280207;8.901163895344308
1255;0.2187413874140737;0.008070832245164796;8.851397859380539
1256;0.2584889754516166;0.048418723658865154;8.904773742852562
1257;0.24852465550179148;0.04034385011532396;8.85502372261829
1258;0.1888618234191937;0.01613556245887668;8.917057003297671
1259;0.2782980111058993;0.08066819225114079;8.858723631181144
1260;0.23852018136160735;0.024197657464954322;8.869204135359835
1261;0.29812427742908904;0.08871478709891138;8.888310575703686
1262;0.3279084363074651;0.0;8.898837615172674
1263;0.2881373663366079;0.0967590344181594;8.866346655457749
1264;0.3477225965645742;0.07256188286330305;8.894128727736947
1265;0.3278252887217809;0.056431470304671;8.921941927455434
1266;0.3575979580296037;0.11285223171771695;8.863646265647466
1267;0.3972984736899025;0.04030068256517995;8.925963989115223
1268;0.3575396120018469;0.05641600312543787;8.876296710835963
1269;0.3674417692478017;0.07252874102721123;8.921441949601027
1270;0.3376223643602607;0.09669717558718187;8.889030585415524
1271;0.357454387669704;0.0644598051648646;8.882493030843568
1272;0.37728363447451047;0.06445505578730837;8.867344394649562
1273;0.3772546231865903;0.04028158397646916;8.9557414038543
1274;0.3077369581070765;0.05639046976917658;8.932009946618859
1275;0.3474188256742854;0.06444219176187349;8.839228169741112
1276;0.2580633700827563;0.008054796085884088;8.90183462580414
1277;0.33744271845011686;0.016108694124255935;8.947217035905528
1278;0.287797897026879;-0.024161780698533312;8.837147412509964
1279;0.26793053755175955;0.016107073019215996;8.891213314957632
1280;0.2480662838485617;0.0;8.910753524609442
1281;0.16867327118856118;-0.024158528422203725;8.93032093185047
1282;0.22818923899799015;-0.08857794777158794;8.92397607749168
1283;0.22817367897018612;-0.08052266856627435;8.848448656294853
1284;0.20831847067011416;-0.08052023305585743;9.006498921282457
1285;0.25790097215312013;-0.07246628652920356;8.91368241330475
1286;0.13886066257864393;-0.19323900972285177;8.959336792687548
1287;0.25786740129555674;-0.1610294166510869;8.935764797101896
1288;0.20826424171267974;-0.14492423497711568;8.912197459558923
1289;0.2677514700633073;-0.1610250316084033;8.905962672624105
1290;0.2578187808210963;-0.18517729916429532;9.021064073108096
1291;0.2677185338170758;-0.16102304565124836;8.988888332339611
1292;0.3371067893736057;-0.20932984345783912;8.904689467130838
1293;0.32717248384160513;-0.2093305119373376;9.011267446415301
1294;0.33706714803807925;-0.27374181847704987;9.013818931405154
1295;0.4064399701427617;-0.32205263234479553;8.955645272097039
1296;0.3667665650121193;-0.2656972785745487;8.958219177262412
1297;0.4262184971834271;-0.3462179301866665;8.986861430383396
1298;0.3766376180639973;-0.3784326246665353;8.998168343169134
1299;0.40635031234729657;-0.3864943797074743;9.105068013548351
1300;0.4063288334838992;-0.37040143168513845;9.099072345602229
1301;0.37657789715152906;-0.4026237646796319;9.023545666157752
1302;0.336920938671925;-0.43484987118881474;9.078429896718195
1303;0.3567219359741193;-0.3865491588368917;9.107270450288256
1304;0.3170705860527272;-0.3865665623711875;9.101343056688435
1305;0.27742339180451586;-0.41880090455769614;9.086726351392159
1306;0.2675027393930194;-0.39466011787840594;9.072119779235393
1307;0.31702560722523565;-0.37857298963836317;9.005267718146024
1308;0.23775840214508065;-0.33026449092108534;9.02551167357392
1309;0.3070909585424473;-0.3302857501098614;9.089359124638523
1310;0.22783174716648474;-0.33030829671544626;8.987636344387608
1311;0.24763267501714276;-0.3061614901181967;8.999229173502966
1312;0.2674321280277392;-0.2658973053362967;9.045739701305115
1313;0.23770778406586712;-0.19339532743392504;8.970136833320769
1314;0.29712292312013566;-0.12088222301756879;8.999248391325693
1315;0.2376891201285443;-0.17730950541645324;9.045860011117181
1316;0.2574868034808148;-0.16120525015558979;8.97897315718045
1317;0.3466040838191343;-0.08061034120235445;8.99943442947962
1318;0.2673706771509167;-0.06449470461306629;9.011187465268536
1319;0.3267749771729923;-0.008062673984639087;9.110398272384707
1320;0.36637163056378425;0.02419062452358315;9.026026633444218
1321;0.34655631263706743;0.016128883538659544;9.09035033175807
1322;0.39605165301249246;0.040326867461720615;9.110977040721442
1323;0.336633466248887;0.06453070666806895;9.009063774693828
1324;0.30692127829271654;0.04033667486887288;9.055988186140395
1325;0.30691234206404816;0.03227345865199169;9.041635654713414
1326;0.3069037065318595;0.01613885359583834;9.053583430228914
1327;0.3068953723531475;0.06456416889610797;9.083094478360428
1328;0.3464856979905989;0.0807164801283208;9.042479966100863
1329;0.29698025506621667;0.1533833581357038;9.045723658874552
1330;0.2672757512633439;0.09688801109702296;9.119203109736063
1331;0.26726954806190795;0.0888274977516769;9.07861379060395
1332;0.28706093264170923;0.11307079762819083;9.0380135713575
1333;0.25735950257339585;0.14539998155917927;9.085267374353464
1334;0.2870490346254404;0.11310742603483494;9.053466968628326
1335;0.27714547041975374;0.12120688991616521;9.065626765818267
1336;0.2573446587213266;0.12122775650067662;9.086609853782274
1337;0.25734022655264766;0.11316585346265993;9.081229738429052
1338;0.25733605319335673;0.1697793853227813;9.031848471298872
1339;0.2771269366220974;0.14555202967813974;9.132155990590974
1340;0.2573284851070576;0.18601821557758283;9.082793808931148
1341;0.25732509148210847;0.13751822410904815;9.059851225639019
1342;0.3068069688475377;0.12945438637069479;9.10744199519077
1343;0.21773154221039662;0.10520282398141828;9.075709272354118
1344;0.3166972159197218;0.14569531628999155;9.096910828914158
1345;0.29690092623732467;0.13762992556364598;9.056359338688427
1346;0.2968985227213839;0.11336647548327324;9.104097871218107
1347;0.2672067708646351;0.10529176533712693;9.107723642721771
1348;0.4156524811189241;0.14582091220136745;9.093695780483827
1349;0.28699670966973834;0.13775085916675936;8.743719024271988
1350;0.36616676259516195;0.10536312045863999;9.003750749132537
1351;0.3265801913929724;0.1378148120252871;9.396734219634032
1352;0.4255430648923105;0.12973897555113284;9.064213619485137
1353;0.2573048846306882;0.19465566504908977;9.307040039482148
1354;0.227615896707072;0.12168981197496907;9.115990664473081
1355;0.3760615134249927;0.08926159707884321;9.394527989125134
1356;0.2573058173052223;0.12986817524075076;8.98173225407638
1357;0.4057528318139459;0.09742639368221048;9.136301481863857
1358;0.24741134840259799;0.09745207551861654;9.104666776192312
1359;0.3166882246552732;0.08935500001711723;9.35710988569818
1360;0.3661731276757966;0.12188086872192923;9.254527658952782
1361;0.2375194782770831;0.06502109009530076;9.222958522396445
1362;0.3661790116946018;0.08942908391932107;9.155825038408553
1363;0.1880396765947792;0.07319008225333416;9.150902509261835
1364;0.2969079191131466;0.11388414988125516;9.234963043088126
1365;0.2573232159033457;0.0732327064315335;9.221208044978997
1366;0.2573265129249379;0.03255755382820938;9.162935274246967
1367;0.29691933251615266;0.08141844588614952;9.19371688764852
1368;0.28702631937538586;0.048866020435008775;9.233456299598222
1369;0.32662138178277467;0.0651749143939094;9.157334684179396
1370;0.2375468841776509;0.08964370656105668;9.0722425861273
1371;0.3068369816441788;0.008152026468828594;9.183433098606681
1372;0.25735208491470235;0.03261864345915027;9.267957217602229
1373;0.3068491266585047;0.0;9.156057390634242
1374;0.3266528242691508;0.040800186989020215;9.240683318918895
1375;0.35635655243674325;0.02448833996596113;9.200232660345549
1376;0.26727370715197135;-0.016331117391961015;9.249213941076817
1377;0.33657522114548544;0.032673492144127465;9.235615203545244
1378;0.30688531475753084;0.0;9.257834891727734
1379;0.296993750824142;0.0;9.262179324248647
1380;0.35640246220950733;0.016354068790966098;9.19485211323579
1381;0.2871103297552304;-0.008179994174983767;9.253004667279072
1382;0.3564235588903063;-0.0490979409161927;9.311230068769916
1383;0.30692989078940247;-0.008186023253679248;9.297733874752181
1384;0.3564462263104987;-0.13921457665408235;9.266285062179696
1385;0.3069500882192603;-0.024576595632319554;9.3156738560621
1386;0.33666656932794503;-0.04917204866752717;9.266264807807842
1387;0.31687394994127766;-0.057389651121036334;9.26178630402616
1388;0.28717758010833216;-0.10662259456829094;9.33828947102795
1389;0.3168976130283869;-0.07384492299920456;9.351880964359621
1390;0.29710309503713583;-0.09849938534832181;9.302467074201555
1391;0.29711501664687223;-0.11496254429846599;9.280052568944251
1392;0.25751029827341615;-0.15608452546613372;9.428904614731573
1393;0.25752120801605183;-0.13149403660298375;9.27128566343488
1394;0.2575324074257332;-0.12332725010854553;9.375203024602312
1395;0.2773549835615731;-0.1727311664322371;9.370909165574792
1396;0.23774370544454793;-0.18926258289945522;9.330499974961125
1397;0.257567749167347;-0.16464719824739457;9.37140209590014
1398;0.2575801127555068;-0.18119089510291622;9.358113446744492
1399;0.2873150220588772;-0.1318332336145426;9.426246544192516
1400;0.2675136232060488;-0.19783780679798113;9.367755069619015
1401;0.24771055582004714;-0.2144205619931575;9.390722672115139
1402;0.3170861611001102;-0.18976576477479357;9.386550897427046
1403;0.3171031841276918;-0.1981071423052339;9.355198227664095
1404;0.30721055973810407;-0.13213249906068425;9.487088251605117
1405;0.3369594722611401;-0.099145630406587;9.346896162091765
1406;0.32706756719485286;-0.09919234680034938;9.42448087120383
1407;0.35682177270615767;-0.10750948522724534;9.365903025893937
1408;0.34693067682218287;0.0;9.343636381727784
1409;0.3271258735887244;-0.09933525321399278;9.403210916119269
1410;0.29740551437252744;-0.07453785793975419;9.38097781090915
1411;-0.07931312495068062;0.2651542199577256;6.736834956510531
1412;0.49573878935005417;0.298446939796056;9.746387623742395
1413;0.783318302092143;-0.7630806504932348;13.907566151683945
1414;-0.7437059934690812;0.016597112606154072;9.246390213631894
1415;1.4974292737113533;0.08302795587660894;7.75517864733865
1416;-0.22810090330013097;0.1744485646392479;8.690593533907474
1417;-0.06942686842953613;-0.008311392437450375;10.092885739550484
1418;0.7736685677890679;-0.3575771932147567;10.774780395257778
1419;-0.20831042858107243;-0.18304318354258856;9.985268119934734
1420;0.48609332455498483;0.024973738503562937;8.600196955439662
1421;0.46628756417517986;0.04164526715862442;8.97121139456627
1422;0.0;-0.15000420839076592;10.597507770163332
1423;0.4862037667215097;-0.04169059873560916;9.696219009172882
1424;0.48624173352305144;-0.05839898881948359;9.408307056066757
1425;0.19848174566286286;0.02504203225959598;9.55131464244595
1426;0.18857283566500954;0.0751681393962649;9.42827303159998
1427;0.25806809764654726;0.13370762771007777;9.167321437214827
1428;0.39706072701826983;0.03344590965889858;9.439165324771151
1429;0.25811115850331817;0.0;9.720537404727207
1430;0.5261944972352778;0.01674219738050315;9.174103240280418
1431;0.4666656580153152;0.0753837192459709;9.289956948062988
1432;0.18866859738544706;0.09218967729774892;9.56257683882282
1433;0.48660957402605765;0.08385829492539576;9.457601405616197
1434;0.38733636010060346;0.05873574559411233;9.56465707559927
1435;0.22844996485189106;0.07556266136019582;9.55188182859955
1436;0.3874074799021016;0.13441476192482907;9.38212551288614
