;ay;ax;az
1;0.39264908;-0.2873042;9.873688
2;0.49799395;-0.20111294;9.77792
3;0.5554548;-0.25857377;9.720459
4;0.4309563;-0.25857377;9.864111
5;0.47884035;-0.24899697;10.266336
6;0.37349546;-0.34476504;9.643845
7;0.6895301;-0.24899697;9.136273
8;0.5746084;-0.25857377;9.758766
9;0.38307226;-0.23942018;9.854534
10;0.6799533;-0.2681506;9.749189
11;0.34476504;-0.40222588;9.749189
12;0.38307226;-0.33518824;9.902418
13;0.7757214;-0.20111294;9.835381
14;0.2873042;-0.17238252;10.448297
15;0.40222588;-0.25857377;10.228029
16;0.6703765;-0.34476504;8.829816
17;0.47884035;-0.2777274;9.797073
18;0.36391866;-0.02873042;11.013328
19;0.7182605;-0.038307227;10.658986
20;0.37349546;-0.40222588;9.825804
21;0.41180268;-0.4309563;9.155427
22;0.78529817;-0.22026655;8.916007
23;0.82360536;0.21068975;11.33894
24;-0.05746084;0.41180268;12.210428
25;1.1109096;-0.62249243;8.465898
26;0.2777274;-0.59376204;7.8050976
27;0.49799395;-0.22026655;9.892841
28;0.45968673;-0.34476504;9.950302
29;0.50757074;-0.21068975;9.80665
30;0.46926352;-0.20111294;9.816227
31;0.45968673;-0.2873042;9.835381
32;0.5554548;-0.2681506;9.883265
33;0.49799395;-0.2681506;9.892841
34;0.46926352;-0.31603462;9.80665
35;0.5267244;-0.23942018;9.864111
36;0.47884035;-0.2681506;9.854534
37;0.48841715;-0.24899697;9.902418
38;0.50757074;-0.23942018;9.825804
39;0.46926352;-0.24899697;9.835381
40;0.48841715;-0.25857377;9.902418
41;0.5363012;-0.25857377;9.797073
42;0.4405331;-0.2681506;9.816227
43;0.5363012;-0.23942018;9.844957
44;0.45010993;-0.2777274;9.835381
45;0.47884035;-0.2873042;9.854534
46;0.51714754;-0.30645782;9.825804
47;0.48841715;-0.31603462;9.864111
48;0.48841715;-0.30645782;9.864111
49;0.46926352;-0.25857377;9.835381
50;0.46926352;-0.29688102;9.873688
51;0.51714754;-0.32561144;9.883265
52;0.47884035;-0.22984336;9.768343
53;0.50757074;-0.22984336;9.883265
54;0.5650316;-0.2681506;9.883265
55;0.50757074;-0.2777274;9.892841
56;0.4309563;-0.2873042;9.854534
57;0.46926352;-0.2777274;9.883265
58;0.46926352;-0.2873042;9.854534
59;0.4405331;-0.2777274;9.825804
60;0.50757074;-0.29688102;9.873688
61;0.48841715;-0.25857377;9.844957
62;0.545878;-0.2873042;9.873688
63;0.47884035;-0.24899697;9.864111
64;0.45010993;-0.34476504;9.902418
65;0.45968673;-0.24899697;9.883265
66;0.46926352;-0.2873042;9.892841
67;0.48841715;-0.2873042;9.77792
68;0.48841715;-0.23942018;9.921572
69;0.47884035;-0.25857377;9.80665
70;0.51714754;-0.25857377;9.825804
71;0.48841715;-0.24899697;9.883265
72;0.50757074;-0.20111294;9.892841
73;0.46926352;-0.33518824;9.873688
74;0.48841715;-0.2681506;9.844957
75;0.5554548;-0.21068975;9.873688
76;0.45968673;-0.22984336;9.854534
77;0.5363012;-0.25857377;9.854534
78;0.48841715;-0.2681506;9.873688
79;0.45968673;-0.25857377;9.816227
80;0.49799395;-0.33518824;9.892841
81;0.48841715;-0.2681506;9.864111
82;0.47884035;-0.25857377;9.883265
83;0.47884035;-0.2777274;9.892841
84;0.47884035;-0.21068975;9.825804
85;0.45968673;-0.2873042;9.883265
86;0.45968673;-0.22984336;9.864111
87;0.46926352;-0.24899697;9.816227
88;0.40222588;-0.2681506;9.864111
89;0.50757074;-0.25857377;9.940725
90;0.48841715;-0.22026655;9.825804
91;0.47884035;-0.34476504;9.844957
92;0.45968673;-0.25857377;9.883265
93;0.47884035;-0.25857377;9.902418
94;0.49799395;-0.2681506;9.758766
95;0.48841715;-0.2777274;9.787497
96;0.45968673;-0.29688102;9.825804
97;0.47884035;-0.25857377;9.873688
98;0.4405331;-0.30645782;9.892841
99;0.48841715;-0.24899697;9.835381
100;0.5267244;-0.2777274;9.892841
101;0.46926352;-0.2777274;9.883265
102;0.5554548;-0.24899697;9.844957
103;0.49799395;-0.24899697;9.835381
104;0.47884035;-0.2681506;9.864111
105;0.49799395;-0.2777274;9.902418
106;0.4405331;-0.2873042;9.883265
107;0.48841715;-0.20111294;9.844957
108;0.45968673;-0.22984336;9.816227
109;0.50757074;-0.24899697;9.883265
110;0.50757074;-0.22026655;9.835381
111;0.47884035;-0.19153613;9.844957
112;0.46926352;-0.20111294;9.854534
113;0.47884035;-0.23942018;9.864111
114;0.45968673;-0.2681506;9.873688
115;0.49799395;-0.22984336;9.844957
116;0.47884035;-0.2873042;9.80665
117;0.48841715;-0.18195933;9.9790325
118;0.45968673;-0.29688102;9.844957
119;0.50757074;-0.23942018;9.835381
120;0.45968673;-0.22984336;9.864111
121;0.45968673;-0.21068975;9.835381
122;0.47884035;-0.29688102;9.816227
123;0.50757074;-0.21068975;9.892841
124;0.48841715;-0.24899697;9.844957
125;0.49799395;-0.19153613;9.825804
126;0.45968673;-0.29688102;9.854534
127;0.50757074;-0.23942018;9.816227
128;0.46926352;-0.33518824;9.892841
129;0.5267244;-0.21068975;9.787497
130;0.51714754;-0.24899697;9.921572
131;0.4405331;-0.24899697;9.854534
132;0.5267244;-0.24899697;9.854534
133;0.49799395;-0.2873042;9.873688
134;0.49799395;-0.25857377;9.921572
135;0.5267244;-0.25857377;9.825804
136;0.50757074;-0.31603462;9.835381
137;0.45010993;-0.31603462;9.902418
138;0.46926352;-0.25857377;9.864111
139;0.46926352;-0.2777274;9.844957
140;0.48841715;-0.24899697;9.844957
141;0.5267244;-0.21068975;9.902418
142;0.47884035;-0.2873042;9.844957
143;0.5267244;-0.22026655;9.835381
144;0.47884035;-0.29688102;9.883265
145;0.46926352;-0.24899697;9.864111
146;0.46926352;-0.29688102;9.844957
147;0.50757074;-0.23942018;9.873688
148;0.47884035;-0.30645782;9.873688
149;0.49799395;-0.2777274;9.873688
150;0.48841715;-0.25857377;9.844957
151;0.45968673;-0.29688102;9.864111
152;0.45968673;-0.31603462;9.825804
153;0.49799395;-0.31603462;9.864111
154;0.4405331;-0.2681506;9.825804
155;0.48841715;-0.24899697;9.835381
156;0.47884035;-0.22984336;9.80665
157;0.45968673;-0.24899697;9.902418
158;0.48841715;-0.29688102;9.931149
159;0.45010993;-0.24899697;9.892841
160;0.5554548;-0.22984336;9.825804
161;0.48841715;-0.2777274;9.873688
162;0.47884035;-0.24899697;9.873688
163;0.47884035;-0.22984336;9.835381
164;0.46926352;-0.2777274;9.80665
165;0.45968673;-0.2681506;9.816227
166;0.49799395;-0.23942018;9.931149
167;0.47884035;-0.2873042;9.864111
168;0.49799395;-0.2681506;9.816227
169;0.51714754;-0.25857377;9.864111
170;0.50757074;-0.23942018;9.816227
171;0.48841715;-0.24899697;9.797073
172;0.45968673;-0.2681506;9.864111
173;0.545878;-0.2681506;9.921572
174;0.50757074;-0.24899697;9.844957
175;0.50757074;-0.2681506;9.902418
176;0.48841715;-0.22984336;9.902418
177;0.45968673;-0.2681506;9.825804
178;0.47884035;-0.2681506;9.902418
179;0.46926352;-0.2873042;9.902418
180;0.48841715;-0.22984336;9.873688
181;0.4213795;-0.22984336;9.816227
182;0.47884035;-0.2777274;9.844957
183;0.46926352;-0.25857377;9.902418
184;0.46926352;-0.25857377;9.797073
185;0.47884035;-0.25857377;9.902418
186;0.4309563;-0.24899697;9.911995
187;0.4213795;-0.2777274;9.873688
188;0.51714754;-0.25857377;9.844957
189;0.47884035;-0.25857377;9.883265
190;0.46926352;-0.22984336;9.854534
191;0.51714754;-0.2681506;9.864111
192;0.45010993;-0.25857377;9.892841
193;0.5363012;-0.25857377;9.902418
194;0.47884035;-0.33518824;9.873688
195;0.49799395;-0.2873042;9.816227
196;0.5267244;-0.2873042;9.911995
197;0.49799395;-0.23942018;9.835381
198;0.50757074;-0.32561144;9.80665
199;0.45010993;-0.35434186;9.797073
200;0.47884035;-0.23942018;9.911995
201;0.46926352;-0.2681506;9.892841
202;0.46926352;-0.2681506;9.816227
203;0.41180268;-0.2681506;9.959879
204;0.45968673;-0.24899697;9.835381
205;0.46926352;-0.2873042;9.854534
206;0.46926352;-0.2681506;9.902418
207;0.41180268;-0.2777274;9.921572
208;0.45010993;-0.32561144;9.892841
209;0.45010993;-0.32561144;9.80665
210;0.5363012;-0.25857377;9.797073
211;0.4405331;-0.29688102;9.988609
212;0.4309563;-0.2873042;9.892841
213;0.5267244;-0.29688102;9.797073
214;0.45968673;-0.33518824;9.864111
215;0.50757074;-0.2681506;9.854534
216;0.47884035;-0.2873042;9.854534
217;0.47884035;-0.22984336;9.854534
218;0.5554548;-0.22984336;9.854534
219;0.48841715;-0.2777274;9.902418
220;0.50757074;-0.25857377;9.864111
221;0.5746084;-0.21068975;9.969456
222;0.4309563;-0.2777274;9.892841
223;0.47884035;-0.29688102;9.9790325
224;0.5746084;-0.22984336;9.892841
225;0.45010993;-0.29688102;9.854534
226;0.4309563;-0.31603462;9.835381
227;0.51714754;-0.2681506;9.883265
228;0.50757074;-0.21068975;9.77792
229;0.40222588;-0.25857377;9.682152
230;0.45010993;-0.32561144;9.892841
231;0.50757074;-0.25857377;9.787497
232;0.46926352;-0.29688102;9.873688
233;0.48841715;-0.24899697;9.902418
234;0.46926352;-0.19153613;9.844957
235;0.50757074;-0.2681506;9.921572
236;0.48841715;-0.22984336;9.864111
237;0.50757074;-0.22026655;9.921572
238;0.5267244;-0.2777274;9.883265
239;0.4405331;-0.2681506;9.864111
240;0.49799395;-0.23942018;9.844957
241;0.46926352;-0.22984336;9.873688
242;0.45968673;-0.32561144;9.80665
243;0.5267244;-0.25857377;9.77792
244;0.48841715;-0.2681506;9.844957
245;0.45968673;-0.23942018;9.816227
246;0.51714754;-0.22984336;9.873688
247;0.47884035;-0.25857377;9.864111
248;0.46926352;-0.2777274;9.892841
249;0.46926352;-0.23942018;9.854534
250;0.48841715;-0.25857377;9.902418
251;0.48841715;-0.2681506;9.835381
252;0.48841715;-0.21068975;9.825804
253;0.50757074;-0.29688102;9.902418
254;0.46926352;-0.22984336;9.816227
255;0.47884035;-0.24899697;9.816227
256;0.51714754;-0.24899697;9.844957
257;0.49799395;-0.30645782;9.911995
258;0.59376204;-0.16280572;9.787497
259;0.40222588;-0.32561144;9.921572
260;0.48841715;-0.30645782;9.835381
261;0.49799395;-0.2681506;9.864111
262;0.45968673;-0.22984336;9.825804
263;0.48841715;-0.30645782;9.825804
264;0.47884035;-0.30645782;9.883265
265;0.5363012;-0.21068975;9.864111
266;0.46926352;-0.2777274;9.902418
267;0.47884035;-0.21068975;9.835381
268;0.49799395;-0.23942018;9.911995
269;0.50757074;-0.2681506;9.835381
270;0.48841715;-0.2681506;9.864111
271;0.5267244;-0.25857377;9.835381
272;0.50757074;-0.30645782;9.835381
273;0.48841715;-0.22984336;9.892841
274;0.50757074;-0.2873042;9.797073
275;0.5554548;-0.22984336;9.816227
276;0.46926352;-0.30645782;9.892841
277;0.49799395;-0.22984336;9.844957
278;0.5554548;-0.24899697;9.864111
279;0.50757074;-0.21068975;9.854534
280;0.46926352;-0.2681506;9.883265
281;0.46926352;-0.21068975;9.883265
282;0.46926352;-0.30645782;9.864111
283;0.50757074;-0.24899697;9.835381
284;0.45010993;-0.24899697;9.844957
285;0.5363012;-0.24899697;9.835381
286;0.46926352;-0.2777274;9.797073
287;0.40222588;-0.30645782;9.835381
288;0.50757074;-0.2777274;9.825804
289;0.49799395;-0.25857377;9.902418
290;0.47884035;-0.2681506;9.854534
291;0.50757074;-0.2681506;9.844957
292;0.46926352;-0.2777274;9.768343
293;0.5554548;-0.19153613;9.902418
294;0.45968673;-0.29688102;9.892841
295;0.46926352;-0.29688102;9.873688
296;0.5363012;-0.23942018;9.883265
297;0.48841715;-0.2681506;9.835381
298;0.50757074;-0.29688102;9.873688
299;0.47884035;-0.2681506;9.77792
300;0.49799395;-0.22984336;9.864111
301;0.45968673;-0.2873042;9.835381
302;0.47884035;-0.25857377;9.883265
303;0.49799395;-0.31603462;9.835381
304;0.4405331;-0.24899697;9.864111
305;0.47884035;-0.30645782;9.873688
306;0.47884035;-0.25857377;9.883265
307;0.46926352;-0.29688102;9.816227
308;0.47884035;-0.2681506;9.931149
309;0.45010993;-0.2681506;9.911995
310;0.46926352;-0.2681506;9.883265
311;0.41180268;-0.34476504;9.921572
312;0.47884035;-0.30645782;9.864111
313;0.48841715;-0.24899697;9.873688
314;0.4405331;-0.2873042;9.921572
315;0.50757074;-0.2681506;9.835381
316;0.45968673;-0.32561144;9.854534
317;0.45968673;-0.29688102;9.864111
318;0.50757074;-0.24899697;9.883265
319;0.45968673;-0.31603462;9.844957
320;0.49799395;-0.22984336;9.873688
321;0.48841715;-0.25857377;9.854534
322;0.4309563;-0.2873042;9.931149
323;0.51714754;-0.35434186;9.873688
324;0.51714754;-0.24899697;9.825804
325;0.5267244;-0.2873042;9.940725
326;0.46926352;-0.32561144;9.892841
327;0.5267244;-0.23942018;9.825804
328;0.49799395;-0.23942018;9.902418
329;0.545878;-0.2777274;9.892841
330;0.5650316;-0.24899697;9.873688
331;0.45010993;-0.25857377;9.854534
332;0.48841715;-0.23942018;9.854534
333;0.48841715;-0.2777274;9.902418
334;0.45968673;-0.31603462;9.902418
335;0.5554548;-0.2681506;9.844957
336;0.45968673;-0.29688102;9.825804
337;0.47884035;-0.29688102;9.787497
338;0.49799395;-0.2777274;9.80665
339;0.45968673;-0.2873042;9.902418
340;0.49799395;-0.24899697;9.825804
341;0.47884035;-0.2681506;9.892841
342;0.46926352;-0.2777274;9.80665
343;0.5267244;-0.24899697;9.959879
344;0.47884035;-0.2777274;9.864111
345;0.5554548;-0.22026655;9.816227
346;0.47884035;-0.22984336;9.969456
347;0.48841715;-0.31603462;9.835381
348;0.48841715;-0.31603462;9.787497
349;0.51714754;-0.23942018;9.873688
350;0.49799395;-0.2873042;9.883265
351;0.45010993;-0.36391866;9.864111
352;0.51714754;-0.25857377;9.844957
353;0.47884035;-0.25857377;9.835381
354;0.49799395;-0.25857377;9.844957
355;0.49799395;-0.2777274;9.835381
356;0.45968673;-0.25857377;9.873688
357;0.50757074;-0.24899697;9.854534
358;0.5267244;-0.22984336;9.835381
359;0.45010993;-0.2873042;9.883265
360;0.48841715;-0.2681506;9.835381
361;0.49799395;-0.29688102;9.873688
362;0.5267244;-0.21068975;9.864111
363;0.5267244;-0.24899697;9.768343
364;0.45968673;-0.22026655;9.864111
365;0.48841715;-0.21068975;9.844957
366;0.46926352;-0.23942018;9.825804
367;0.45968673;-0.24899697;9.864111
368;0.48841715;-0.24899697;9.854534
369;0.49799395;-0.21068975;9.835381
370;0.48841715;-0.23942018;9.854534
371;0.50757074;-0.2681506;9.873688
372;0.45968673;-0.23942018;9.844957
373;0.50757074;-0.22984336;9.883265
374;0.49799395;-0.24899697;9.883265
375;0.45968673;-0.18195933;9.854534
376;0.5363012;-0.24899697;9.80665
377;0.51714754;-0.22984336;9.844957
378;0.50757074;-0.25857377;9.911995
379;0.47884035;-0.25857377;9.825804
380;0.50757074;-0.20111294;9.864111
381;0.45010993;-0.24899697;9.921572
382;0.51714754;-0.2873042;9.902418
383;0.5363012;-0.18195933;9.825804
384;0.51714754;-0.22984336;9.883265
385;0.5363012;-0.23942018;9.787497
386;0.49799395;-0.24899697;9.854534
387;0.4213795;-0.25857377;9.844957
388;0.50757074;-0.20111294;9.883265
389;0.45968673;-0.24899697;9.883265
390;0.49799395;-0.22984336;9.77792
391;0.45010993;-0.2777274;9.911995
392;0.4213795;-0.2777274;9.797073
393;0.5746084;-0.20111294;9.825804
394;0.45968673;-0.33518824;9.902418
395;0.50757074;-0.19153613;9.883265
396;0.5267244;-0.25857377;9.854534
397;0.45010993;-0.2873042;9.931149
398;0.48841715;-0.22026655;9.902418
399;0.51714754;-0.19153613;9.854534
400;0.49799395;-0.22026655;9.797073
401;0.46926352;-0.2681506;9.873688
402;0.48841715;-0.23942018;9.921572
403;0.51714754;-0.19153613;9.873688
404;0.48841715;-0.22984336;9.854534
405;0.545878;-0.23942018;9.873688
406;0.48841715;-0.22026655;9.864111
407;0.46926352;-0.22026655;9.864111
408;0.49799395;-0.24899697;9.892841
409;0.46926352;-0.22026655;9.902418
410;0.47884035;-0.24899697;9.816227
411;0.48841715;-0.2873042;9.844957
412;0.47884035;-0.2681506;9.873688
413;0.47884035;-0.25857377;9.854534
414;0.48841715;-0.2873042;9.844957
415;0.51714754;-0.24899697;9.797073
416;0.4405331;-0.29688102;9.911995
417;0.45968673;-0.2777274;9.77792
418;0.46926352;-0.32561144;9.873688
419;0.4213795;-0.2681506;9.854534
420;0.50757074;-0.22984336;9.911995
421;0.5267244;-0.2777274;9.80665
422;0.48841715;-0.2873042;9.787497
423;0.48841715;-0.31603462;9.902418
424;0.45010993;-0.29688102;9.835381
425;0.49799395;-0.29688102;9.77792
426;0.4405331;-0.31603462;9.844957
427;0.47884035;-0.24899697;9.892841
428;0.5554548;-0.2681506;9.844957
429;0.5267244;-0.2777274;9.864111
430;0.50757074;-0.2777274;9.816227
431;0.51714754;-0.29688102;9.854534
432;0.4405331;-0.30645782;9.892841
433;0.5267244;-0.22984336;9.816227
434;0.4405331;-0.2681506;9.911995
435;0.545878;-0.29688102;9.835381
436;0.47884035;-0.33518824;9.892841
437;0.47884035;-0.2681506;9.787497
438;0.5363012;-0.22026655;9.854534
439;0.50757074;-0.32561144;9.902418
440;0.49799395;-0.29688102;9.816227
441;0.49799395;-0.32561144;9.883265
442;0.46926352;-0.30645782;9.787497
443;0.48841715;-0.31603462;9.892841
444;0.45010993;-0.29688102;9.902418
445;0.50757074;-0.31603462;9.873688
446;0.5267244;-0.30645782;9.825804
447;0.47884035;-0.33518824;9.892841
448;0.47884035;-0.32561144;9.864111
449;0.48841715;-0.2777274;9.80665
450;0.48841715;-0.37349546;9.873688
451;0.5554548;-0.2777274;9.854534
452;0.47884035;-0.32561144;9.892841
453;0.47884035;-0.2873042;9.825804
454;0.5363012;-0.2873042;9.911995
455;0.50757074;-0.29688102;9.864111
456;0.49799395;-0.33518824;9.873688
457;0.5363012;-0.29688102;9.80665
458;0.5267244;-0.32561144;9.873688
459;0.5267244;-0.2681506;9.873688
460;0.48841715;-0.29688102;9.825804
461;0.5363012;-0.2681506;9.931149
462;0.45968673;-0.30645782;9.825804
463;0.5363012;-0.30645782;9.825804
464;0.46926352;-0.31603462;9.864111
465;0.45010993;-0.33518824;9.854534
466;0.5363012;-0.30645782;9.864111
467;0.4213795;-0.2777274;9.835381
468;0.48841715;-0.30645782;9.892841
469;0.4405331;-0.33518824;9.873688
470;0.46926352;-0.2777274;9.816227
471;0.5267244;-0.30645782;9.959879
472;0.4405331;-0.2873042;9.931149
473;0.50757074;-0.33518824;9.854534
474;0.47884035;-0.34476504;9.892841
475;0.45968673;-0.33518824;9.864111
476;0.545878;-0.22984336;9.864111
477;0.50757074;-0.41180268;9.854534
478;0.5267244;-0.33518824;9.864111
479;0.49799395;-0.2777274;9.825804
480;0.51714754;-0.34476504;9.825804
481;0.5363012;-0.37349546;9.883265
482;0.51714754;-0.2777274;9.844957
483;0.50757074;-0.30645782;9.911995
484;0.51714754;-0.25857377;9.873688
485;0.48841715;-0.33518824;9.844957
486;0.49799395;-0.33518824;9.892841
487;0.45968673;-0.2777274;9.835381
488;0.51714754;-0.30645782;9.921572
489;0.45010993;-0.30645782;9.940725
490;0.48841715;-0.31603462;9.77792
491;0.46926352;-0.37349546;9.892841
492;0.45010993;-0.30645782;9.883265
493;0.47884035;-0.2873042;9.797073
494;0.45968673;-0.30645782;9.864111
495;0.4405331;-0.32561144;9.835381
496;0.48841715;-0.34476504;9.835381
497;0.46926352;-0.31603462;9.835381
498;0.49799395;-0.30645782;9.816227
499;0.5267244;-0.29688102;9.864111
500;0.45968673;-0.2777274;9.950302
501;0.48841715;-0.2873042;9.892841
502;0.4405331;-0.30645782;9.80665
503;0.50757074;-0.23942018;9.825804
504;0.545878;-0.2777274;9.864111
505;0.50757074;-0.23942018;9.80665
506;0.5267244;-0.2777274;9.825804
507;0.51714754;-0.24899697;9.816227
508;0.5650316;-0.21068975;9.873688
509;0.5363012;-0.22026655;9.921572
510;0.51714754;-0.17238252;9.825804
511;0.49799395;-0.23942018;9.825804
512;0.47884035;-0.22984336;9.835381
513;0.50757074;-0.1340753;9.950302
514;0.47884035;-0.08619126;9.921572
515;0.5267244;-0.12449849;9.80665
516;0.49799395;-0.15322891;9.883265
517;0.4213795;-0.1340753;9.911995
518;0.50757074;-0.1340753;9.854534
519;0.41180268;-0.10534488;9.844957
520;0.46926352;-0.1436521;9.854534
521;0.50757074;-0.019153614;9.931149
522;0.45010993;-0.12449849;9.844957
523;0.48841715;-0.047884032;9.873688
524;0.45968673;-0.095768064;9.892841
525;0.4405331;-0.10534488;9.873688
526;0.545878;-0.08619126;9.873688
527;0.49799395;-0.05746084;9.921572
528;0.50757074;-0.02873042;9.902418
529;0.50757074;-0.076614454;9.911995
530;0.5267244;-0.076614454;9.854534
531;0.50757074;-0.095768064;9.835381
532;0.49799395;-0.1436521;9.883265
533;0.5363012;-0.08619126;9.864111
534;0.62249243;-0.08619126;9.950302
535;0.545878;-0.10534488;9.816227
536;0.58418524;-0.095768064;9.864111
537;0.51714754;-0.095768064;9.883265
538;0.5267244;-0.15322891;9.873688
539;0.48841715;-0.17238252;9.864111
540;0.45968673;-0.20111294;9.797073
541;0.4213795;-0.16280572;9.883265
542;0.41180268;-0.20111294;9.892841
543;0.50757074;-0.18195933;9.80665
544;0.48841715;-0.20111294;9.864111
545;0.45010993;-0.18195933;9.892841
546;0.5554548;-0.1436521;9.864111
547;0.46926352;-0.22984336;9.835381
548;0.47884035;-0.1340753;9.825804
549;0.45968673;-0.23942018;9.854534
550;0.45010993;-0.2777274;9.816227
551;0.50757074;-0.20111294;9.816227
552;0.4405331;-0.24899697;9.844957
553;0.50757074;-0.20111294;9.835381
554;0.48841715;-0.22984336;9.864111
555;0.46926352;-0.20111294;9.835381
556;0.5554548;-0.22026655;9.825804
557;0.51714754;-0.29688102;9.902418
558;0.48841715;-0.24899697;9.825804
559;0.50757074;-0.22026655;9.902418
560;0.5267244;-0.20111294;9.80665
561;0.5746084;-0.20111294;9.902418
562;0.49799395;-0.21068975;9.883265
563;0.59376204;-0.24899697;9.825804
564;0.5363012;-0.15322891;9.883265
565;0.5267244;-0.17238252;9.797073
566;0.58418524;-0.18195933;9.940725
567;0.50757074;-0.24899697;9.902418
568;0.46926352;-0.23942018;9.787497
569;0.49799395;-0.18195933;9.854534
570;0.40222588;-0.2777274;9.883265
571;0.4309563;-0.20111294;9.835381
572;0.4309563;-0.19153613;9.854534
573;0.41180268;-0.24899697;9.844957
574;0.47884035;-0.15322891;9.873688
575;0.4213795;-0.25857377;9.864111
576;0.45010993;-0.22026655;9.911995
577;0.4309563;-0.2777274;9.854534
578;0.46926352;-0.22984336;9.730036
579;0.51714754;-0.20111294;9.902418
580;0.45010993;-0.25857377;9.844957
581;0.545878;-0.24899697;9.797073
582;0.45968673;-0.22026655;9.854534
583;0.5363012;-0.22026655;9.816227
584;0.5650316;-0.32561144;9.797073
585;0.5554548;-0.2873042;9.80665
586;0.51714754;-0.2777274;9.959879
587;0.6607997;-0.20111294;9.864111
588;0.58418524;-0.36391866;9.844957
589;0.60333884;-0.35434186;9.864111
590;0.5554548;-0.31603462;9.797073
591;0.50757074;-0.38307226;9.9790325
592;0.5554548;-0.31603462;9.835381
593;0.5363012;-0.39264908;9.873688
594;0.4405331;-0.38307226;10.0269165
595;0.45010993;-0.34476504;9.892841
596;0.4213795;-0.40222588;9.844957
597;0.34476504;-0.46926352;10.132261
598;0.32561144;-0.51714754;9.883265
599;0.37349546;-0.62249243;9.883265
600;0.24899697;-0.60333884;9.950302
601;0.38307226;-0.6607997;9.844957
602;0.36391866;-0.7661445;9.80665
603;0.31603462;-0.80445176;9.959879
604;0.41180268;-0.842759;9.77792
605;0.5267244;-0.9576807;9.624691
606;0.545878;-0.8714894;9.816227
607;0.62249243;-0.93852705;9.873688
608;0.7469909;-0.9864111;9.768343
609;0.63206923;-0.9959879;9.950302
610;0.7757214;-0.91937345;9.998186
611;0.7661445;-0.9768343;9.825804
612;0.7374141;-0.7757214;9.998186
613;0.79487497;-0.80445176;10.0748005
614;0.8523358;-0.79487497;10.036493
615;0.6895301;-0.7374141;9.950302
616;0.7086837;-0.6512229;9.921572
617;0.5650316;-0.7278373;9.921572
618;0.5363012;-0.63206923;9.864111
619;0.29688102;-0.7374141;9.902418
620;0.34476504;-0.7278373;9.701305
621;0.30645782;-0.7278373;9.691729
622;0.2873042;-0.6799533;9.816227
623;0.22984336;-0.60333884;9.854534
624;0.1340753;-0.47884035;9.816227
625;0.20111294;-0.50757074;9.797073
626;0.18195933;-0.4309563;9.825804
627;0.1340753;-0.35434186;10.084377
628;0.33518824;-0.35434186;9.959879
629;0.20111294;-0.2681506;10.151415
630;0.5363012;-0.1436521;10.314221
631;0.37349546;-0.29688102;10.065224
632;0.51714754;-0.16280572;10.199299
633;0.5267244;-0.22026655;10.323798
634;0.78529817;-0.11492168;10.01734
635;0.7086837;-0.32561144;10.036493
636;0.641646;-0.31603462;9.911995
637;0.6895301;-0.59376204;9.643845
638;0.59376204;-0.60333884;9.433155
639;0.9672575;-0.641646;9.557653
640;1.1875241;-0.8619126;9.212888
641;0.63206923;-0.9959879;9.040505
642;1.0726024;-0.92895025;9.375694
643;1.091756;-0.9768343;9.136273
644;0.8619126;-0.7086837;9.404425
645;0.7278373;-0.6512229;9.56723
646;0.32561144;-0.7374141;9.442732
647;0.4213795;-0.59376204;9.56723
648;0.30645782;-0.41180268;9.816227
649;0.49799395;-0.11492168;10.04607
650;0.2681506;-0.019153614;10.132261
651;-0.30645782;0.15322891;10.141838
652;0.19153613;0.095768064;10.132261
653;-0.095768064;0.40222588;10.266336
654;0.4405331;0.45010993;10.266336
655;0.34476504;0.38307226;10.228029
656;0.16280572;0.50757074;10.103531
657;0.36391866;0.5746084;10.0269165
658;0.18195933;0.7565677;10.04607
659;0.2777274;0.8331822;10.275913
660;0.31603462;0.92895025;10.132261
661;0.38307226;0.9576807;10.0269165
662;0.41180268;1.043872;10.04607
663;0.41180268;1.091756;10.160992
664;0.641646;1.2162545;10.055647
665;0.5363012;1.1971009;10.007763
666;0.6512229;1.1683705;10.01734
667;0.7278373;1.1875241;9.758766
668;0.7182605;1.13964;9.864111
669;0.80445176;1.1492168;9.998186
670;0.90021986;1.1109096;9.883265
671;0.89064306;1.1492168;9.80665
672;1.0055647;1.0726024;9.921572
673;1.0534488;1.13964;9.892841
674;0.93852705;1.2258313;10.160992
675;0.7374141;1.2737153;10.266336
676;0.82360536;1.283292;10.04607
677;0.7661445;1.2737153;9.998186
678;0.6895301;1.3120226;10.093954
679;0.6991069;1.3503298;10.084377
680;0.34476504;1.292869;10.01734
681;0.31603462;1.283292;10.04607
682;0.22026655;1.2258313;9.643845
683;0.16280572;1.2258313;9.548077
684;-0.11492168;1.2545617;9.749189
685;-0.15322891;1.3311762;9.595961
686;-0.19153613;1.2449849;9.548077
687;-0.2873042;1.2162545;9.56723
688;-0.23942018;1.2354081;9.576807
689;-0.10534488;1.2449849;9.701305
690;0.20111294;1.3599066;10.132261
691;-0.21068975;1.3694834;10.275913
692;0.30645782;1.340753;10.084377
693;-0.019153614;1.3599066;9.959879
694;0.2777274;1.388637;10.352529
695;0.32561144;1.4269443;10.457873
696;0.22984336;1.532289;10.314221
697;0.5363012;1.5227122;10.448297
698;0.58418524;1.292869;10.0269165
699;1.1013328;1.3694834;10.275913
700;0.6991069;1.5227122;10.5440645
701;1.1683705;1.5035586;10.25676
702;1.1300632;1.436521;10.093954
703;0.842759;1.2545617;9.816227
704;1.3024458;1.1683705;9.490616
705;0.8523358;1.091756;9.500193
706;0.79487497;1.0055647;9.643845
707;0.89064306;0.91937345;9.433155
708;0.8523358;0.7278373;9.442732
709;1.1013328;0.5554548;9.682152
710;0.9672575;0.59376204;9.356541
711;1.0821792;0.78529817;10.103531
712;0.49799395;0.92895025;10.5440645
713;0.7469909;1.1875241;10.314221
714;0.29688102;1.1492168;10.132261
715;0.34476504;1.2737153;10.601525
716;0.4309563;1.4269443;10.43872
717;0.32561144;1.6376339;10.793061
718;0.31603462;1.6759412;11.042058
719;0.23942018;1.532289;10.572795
720;0.21068975;1.2545617;10.247183
721;0.2873042;1.0630256;9.998186
722;-0.15322891;0.82360536;9.059659
723;0.5267244;0.6607997;9.509769
724;-0.06703765;0.7086837;9.988609
725;0.4213795;0.36391866;8.848969
726;0.5650316;0.047884032;7.7189064
727;0.21068975;0.08619126;8.848969
728;0.7278373;0.38307226;9.011775
729;-0.05746084;0.29688102;8.647857
730;0.39264908;0.9768343;9.749189
731;0.23942018;1.2162545;10.036493
732;1.3790601;1.4077905;9.701305
733;0.45010993;1.4460979;10.898406
734;0.842759;1.8674773;11.233594
735;1.3694834;1.7908629;10.630256
736;0.7374141;1.9153614;11.492168
737;0.076614454;1.7142484;10.572795
738;1.3311762;1.484405;8.571242
739;-0.6895301;1.1204864;8.7053175
740;0.8523358;1.484405;10.170568
741;-0.038307227;1.0151415;8.772355
742;0.12449849;1.0630256;9.165004
743;2.27928;1.0630256;10.515334
744;1.1971009;0.9864111;9.931149
745;2.183512;1.2545617;10.7356
746;-0.29688102;1.3982137;11.559206
747;-0.30645782;1.5801731;9.883265
748;-0.009576807;1.6567876;9.749189
749;-1.6472107;1.7717092;10.5440645
750;0.17238252;1.4269443;9.481039
751;-1.0247183;1.1013328;8.992621
752;0.25857377;1.2066777;9.672575
753;0.6991069;1.1683705;9.442732
754;2.0111294;1.1587936;9.883265
755;1.13964;0.7374141;9.624691
756;1.2066777;1.1013328;9.088389
757;2.4133554;1.6663644;11.042058
758;-0.6512229;2.2122424;12.334928
759;-0.076614454;2.183512;10.783484
760;-0.16280572;1.532289;9.710882
761;-1.1683705;1.4269443;10.486604
762;2.3942018;1.292869;9.500193
763;0.842759;0.7374141;9.193734
764;0.8619126;0.4309563;8.935161
765;3.6583402;0.35434186;9.557653
766;0.9864111;-0.17238252;9.3661175
767;0.842759;0.545878;8.714894
768;-0.009576807;0.7086837;9.682152
769;-2.0973208;1.4173675;10.649409
770;-1.3790601;1.484405;10.697293
771;-0.30645782;1.1204864;9.078813
772;0.8523358;1.043872;10.697293
773;1.9919758;1.0151415;11.137826
774;0.6991069;0.47884035;9.088389
775;1.9919758;0.8331822;8.628703
776;-0.49799395;1.1300632;10.97502
777;-0.7757214;2.0590134;10.70687
778;0.7086837;1.8195933;9.710882
779;-2.719813;0.8810662;9.56723
780;1.3120226;1.3503298;9.203311
781;1.3215994;0.90979666;10.04607
782;1.4939818;0.80445176;10.036493
783;2.2409728;0.32561144;8.485051
784;-1.043872;-0.35434186;7.297527
785;2.4612393;0.58418524;8.781932
786;-1.532289;0.17238252;9.691729
787;0.16280572;1.0151415;10.840945
788;0.9959879;1.2162545;10.879252
789;-0.9864111;0.90021986;10.783484
790;3.4859576;1.2449849;10.342952
791;1.5897499;0.8523358;11.789049
792;0.9576807;1.0055647;9.768343
793;1.1779473;0.6607997;7.6135616
794;-2.5474305;0.9959879;9.576807
795;0.30645782;2.528277;11.57836
796;-1.1013328;1.0630256;10.0748005
797;1.1109096;1.8195933;11.798626
798;3.8498764;1.1013328;10.907983
799;0.7278373;0.49799395;8.303091
800;4.55856;1.0151415;8.973468
801;-2.0398598;0.9864111;11.348516
802;-2.72939;2.27928;11.003751
803;-0.5746084;1.6567876;9.346964
804;-1.6567876;1.1492168;9.720459
805;1.6089035;1.3024458;10.898406
806;2.9879637;1.3599066;11.702858
807;1.3120226;1.2545617;10.764331
808;-0.45010993;1.388637;8.628703
809;0.40222588;1.1875241;8.772355
810;-1.7142484;1.7525556;9.605537
811;-2.8060043;1.8387469;11.281479
812;0.6512229;2.2888567;8.7053175
813;0.48841715;1.1492168;8.695741
814;0.33518824;0.6512229;9.165004
815;3.2944214;0.91937345;7.824251
816;0.9576807;1.3503298;8.590396
817;-0.36391866;2.3750482;12.459426
818;3.0071173;3.3423057;13.196839
819;0.49799395;1.7238252;10.821792
820;-0.8714894;1.6567876;9.203311
821;2.4229321;1.3024458;8.7532015
822;-0.06703765;1.2258313;8.686164
823;-1.7238252;2.0015526;11.032481
824;0.31603462;2.882619;11.377247
825;1.2162545;2.5474305;11.15698
826;0.39264908;2.0973208;9.940725
827;3.8019924;1.7238252;10.237606
828;2.825158;1.9249382;10.007763
829;-1.0342951;2.087744;11.702858
830;2.327164;3.6774938;12.77546
831;0.2777274;3.0358477;12.98615
832;-1.3694834;2.384625;8.513782
833;0.61291564;1.3311762;7.833828
834;-0.4309563;1.436521;10.036493
835;-0.06703765;1.1109096;11.061212
836;1.1683705;1.5610195;9.682152
837;0.47884035;1.3599066;9.672575
838;1.4652514;1.0630256;9.404425
839;4.0414124;1.2258313;9.040505
840;0.80445176;1.0726024;9.165004
841;-0.22026655;2.2122424;9.251195
842;0.9959879;2.1930888;10.965444
843;-1.6567876;1.6184803;10.936713
844;-0.93852705;1.0055647;7.0485296
845;-0.2777274;0.8810662;7.699753
846;0.5554548;1.7429788;12.038046
847;1.3120226;2.6048915;13.206416
848;-2.2122424;1.5705963;9.212888
849;1.6950948;1.091756;7.28795
850;4.3478703;1.982399;9.9790325
851;-1.1492168;1.5705963;12.698846
852;1.7142484;1.9536686;9.998186
853;0.7757214;0.90979666;9.892841
854;-2.825158;1.0151415;10.25676
855;2.4133554;0.1436521;9.404425
856;-0.62249243;-0.37349546;7.8625584
857;0.1436521;0.2873042;12.53604
858;-1.9919758;-0.32561144;11.425131
859;0.9576807;-0.1340753;7.0581064
860;0.33518824;-1.3982137;8.063671
861;1.8483237;0.038307227;12.200851
862;4.4436383;-0.34476504;12.220005
863;-1.2066777;-0.1340753;10.247183
864;0.6703765;0.21068975;10.43872
865;2.3080103;-0.08619126;11.549629
866;-2.9879637;-0.7374141;10.869676
867;1.436521;0.82360536;8.829816
868;-0.50757074;0.05746084;9.988609
869;-2.1930888;0.06703765;11.779472
870;2.1739352;0.80445176;9.787497
871;0.32561144;-0.63206923;7.1059904
872;2.1164744;-0.641646;8.963891
873;1.292869;-0.22026655;10.266336
874;1.5131354;0.15322891;11.980585
875;0.7757214;-0.1436521;8.801085
876;-0.5363012;-0.40222588;7.7667904
877;0.4213795;-0.61291564;9.375694
878;0.7565677;-0.50757074;9.911995
879;-2.231396;-0.37349546;6.7708025
880;-0.7278373;-0.16280572;7.920019
881;-0.18195933;-1.2545617;8.762778
882;1.7908629;-0.7374141;5.985504
883;0.49799395;-1.4269443;11.070788
884;1.6950948;0.009576807;15.016433
885;0.61291564;-1.1300632;10.630256
886;-0.16280572;-0.9768343;6.703765
887;0.7565677;0.24899697;12.0571995
888;-1.541866;0.047884032;14.18325
889;1.4269443;1.388637;9.3182335
890;-3.1411927;0.05746084;9.126697
891;0.62249243;0.076614454;9.165004
892;4.711789;-0.0;10.94629
893;2.0398598;-0.32561144;10.927136
894;0.21068975;0.9672575;12.899959
895;-1.5705963;0.6799533;12.813767
896;0.82360536;0.5554548;9.730036
897;-0.7661445;0.32561144;9.528923
898;2.0015526;0.34476504;12.555194
899;0.94810385;0.6703765;12.11466
900;-1.5131354;0.05746084;8.944737
901;1.9919758;-0.81402856;6.4164605
902;3.6008794;-0.7374141;9.643845
903;0.2873042;-0.35434186;9.414001
904;3.4859576;-0.076614454;8.111555
905;-2.0590134;-0.62249243;6.646304
906;-1.8195933;-0.095768064;7.9870567
907;0.29688102;-0.32561144;8.322245
908;1.0055647;-0.0;9.519346
909;-0.21068975;0.24899697;10.01734
910;0.24899697;-0.0;7.565677
911;2.4708161;-1.0342951;5.7843914
912;2.2505496;-2.3080103;9.969456
913;3.667917;-0.45968673;12.258312
914;-0.8619126;-0.94810385;10.7356
915;-1.4556746;-0.47884035;9.011775
916;2.1930888;0.22984336;9.816227
917;-5.2289367;-0.8810662;12.459426
918;1.1013328;0.38307226;11.9614315
919;2.6431987;-1.1779473;11.654974
920;-3.5529952;-0.34476504;11.329363
921;1.4939818;-1.3503298;9.586384
922;3.4572272;-1.6089035;9.011775
923;-0.49799395;-0.92895025;12.392388
924;1.6376339;-0.81402856;12.928689
925;0.7374141;-1.436521;11.176133
926;0.33518824;-1.3120226;8.801085
927;-0.21068975;-0.59376204;10.5440645
928;2.4037786;0.18195933;12.670115
929;-0.2873042;-0.047884032;10.0269165
930;-3.4955344;-0.45010993;8.341399
931;-0.78529817;-0.5363012;8.868123
932;0.4405331;-0.34476504;5.4204726
933;1.0247183;-1.3503298;8.169016
934;3.2848446;-0.20111294;10.457873
935;0.20111294;-0.33518824;9.107543
936;1.340753;-0.19153613;6.7708025
937;1.436521;-0.8619126;8.37013
938;1.4077905;-0.25857377;9.931149
939;-0.7565677;-0.0;10.630256
940;-1.5993267;-0.40222588;7.565677
941;0.90979666;-0.30645782;6.799533
942;-1.0821792;-0.6991069;8.781932
943;-1.043872;-0.93852705;8.42759
944;5.133168;-0.8331822;8.0924015
945;-0.49799395;-1.6950948;11.377247
946;-0.39264908;-0.36391866;13.369223
947;2.1452048;-0.9672575;8.973468
948;-0.8810662;-1.6950948;9.404425
949;0.36391866;-0.6703765;12.229582
950;0.47884035;-0.545878;12.899959
951;-0.21068975;0.8523358;10.160992
952;-3.3614593;0.11492168;9.222465
953;1.1013328;0.15322891;9.260772
954;1.388637;-0.9576807;11.645397
955;2.6527755;0.61291564;13.168109
956;2.9400797;0.51714754;13.532028
957;-0.6991069;0.50757074;13.139379
958;2.7581203;0.6607997;9.433155
959;2.873042;-0.29688102;12.459426
960;1.484405;0.37349546;13.292608
961;0.641646;0.41180268;10.783484
962;-2.9400797;0.15322891;8.1881695
963;-1.9249382;0.08619126;7.192182
964;1.3215994;-0.047884032;7.690176
965;1.2641385;-1.1683705;7.565677
966;2.8921957;-0.05746084;9.835381
967;3.1124623;-0.2873042;12.74673
968;1.0342951;-0.4309563;8.743625
969;4.232949;-0.38307226;7.345411
970;0.6703765;-0.34476504;11.712435
971;-0.06703765;1.043872;11.722012
972;-0.32561144;1.1779473;9.758766
973;-2.6719291;-0.38307226;6.646304
974;-0.9959879;-0.16280572;6.081272
975;2.1930888;-0.8714894;10.448297
976;0.82360536;-0.37349546;10.409989
977;0.31603462;0.16280572;11.760319
978;-0.7565677;0.18195933;10.505757
979;-0.50757074;0.1436521;10.007763
980;0.24899697;0.33518824;9.32781
981;0.2777274;1.091756;13.474567
982;-0.81402856;1.1013328;12.306197
983;-4.0414124;0.19153613;9.710882
984;-0.2777274;-0.25857377;7.776367
985;1.8004397;0.019153614;9.950302
986;-0.33518824;0.4309563;13.8480625
987;0.4309563;0.9864111;10.582372
988;-0.40222588;0.2681506;8.408437
989;-3.41892;0.4309563;11.109096
990;0.80445176;0.5650316;10.936713
991;0.2873042;0.2873042;10.113108
992;-2.5091233;-0.2777274;9.749189
993;-1.0151415;0.11492168;9.394848
994;2.4133554;-0.22026655;8.532935
995;1.9632454;-1.0630256;9.509769
996;1.8387469;-1.4269443;7.8050976
997;2.1643584;-1.6759412;7.3549876
998;-0.47884035;-0.7086837;10.70687
999;-0.19153613;-0.22026655;7.7667904
1000;0.33518824;-1.5035586;6.215348
1001;-2.27928;-1.9728222;10.055647
1002;3.9743748;-0.6512229;12.200851
1003;1.4077905;-1.7238252;9.892841
1004;0.076614454;-0.33518824;11.530476
1005;3.2273839;-0.095768064;12.0571995
1006;3.3039982;-0.2777274;11.262324
1007;4.7884035;-0.11492168;12.248735
1008;-0.25857377;0.20111294;13.857639
1009;2.3654714;-0.32561144;8.992621
1010;1.7812861;-0.33518824;9.251195
1011;-3.4763808;-0.30645782;15.2367
1012;1.3599066;0.4405331;9.911995
1013;1.9536686;-1.2066777;4.903325
1014;-2.6623523;-0.7469909;9.988609
1015;3.0071173;-0.41180268;10.266336
1016;2.2409728;-1.5610195;4.548983
1017;0.80445176;-1.5897499;5.094861
1018;2.5570073;-1.1587936;10.036493
1019;0.7374141;-0.7565677;8.475474
1020;-1.5897499;-0.19153613;7.747637
1021;-0.842759;0.80445176;8.6574335
1022;-0.2681506;1.8387469;12.421119
1023;-0.8523358;1.7717092;10.505757
1024;-0.23942018;1.3024458;8.025364
1025;-1.340753;0.29688102;8.542512
1026;-0.7565677;0.17238252;10.314221
1027;1.733402;-0.8619126;9.883265
1028;1.292869;-0.38307226;9.251195
1029;-0.4405331;0.2777274;11.683704
1030;1.2354081;-0.22026655;11.18571
1031;-0.22984336;0.06703765;9.356541
1032;-0.9768343;-0.5363012;11.204864
1033;-2.7581203;-0.7565677;13.263878
1034;-2.4516625;-0.2681506;9.471462
1035;-1.7046716;-1.0342951;7.97748
1036;-0.21068975;0.038307227;11.281479
1037;2.5953147;-0.20111294;14.077906
1038;0.93852705;-0.93852705;11.482592
1039;1.7142484;0.5650316;10.668563
1040;-0.35434186;-1.1109096;13.656527
1041;-0.05746084;-1.292869;9.299079
1042;1.3694834;-0.62249243;8.676587
1043;-0.47884035;-0.25857377;11.300632
1044;-2.336741;-0.21068975;10.802638
1045;-0.038307227;-0.5267244;7.575254
1046;3.9935284;-0.9672575;8.839393
1047;-0.58418524;-1.484405;9.548077
1048;5.3438582;-0.29688102;9.624691
1049;4.8362875;-0.31603462;8.676587
1050;-1.1683705;-0.08619126;9.902418
1051;4.548983;1.1204864;7.920019
1052;-0.81402856;0.6512229;8.063671
1053;0.93852705;1.3694834;8.820239
1054;1.934515;1.0247183;7.872135
1055;-0.25857377;1.0821792;7.3645644
1056;0.39264908;1.6759412;8.858546
1057;0.33518824;1.3982137;7.833828
1058;3.169923;0.4213795;8.66701
1059;1.9153614;-0.7661445;11.310209
1060;-0.37349546;-0.9576807;7.699753
1061;3.8498764;-1.1971009;6.4547677
1062;-3.8307228;-1.7717092;11.741165
1063;-1.283292;-0.15322891;14.202404
1064;0.8619126;-0.6512229;8.0445175
1065;-7.8912888;-2.9879637;6.4739213
1066;-2.2409728;-0.10534488;10.984597
1067;0.9959879;-1.0247183;13.876793
1068;-3.6966474;-1.1109096;10.295067
1069;-2.4899697;-0.58418524;14.106636
1070;-0.047884032;-1.1683705;17.286137
1071;-2.0111294;-2.0398598;9.988609
1072;3.2082303;-0.05746084;15.705963
1073;-3.9073372;-0.41180268;17.860744
1074;-5.171476;-0.29688102;13.397953
1075;-0.39264908;0.12449849;6.301539
1076;-4.0414124;-0.12449849;12.737153
1077;-4.4436383;-1.091756;11.36767
1078;8.973468;0.047884032;6.9719152
1079;1.9728222;-1.5035586;12.593501
1080;-6.8569937;-1.4652514;12.832921
1081;7.843405;-0.31603462;3.9264908
1082;1.8579005;-1.13964;3.7445314
1083;-7.086837;-0.18195933;16.883911
1084;8.772355;1.7621324;2.7485435
1085;-2.4708161;-3.8977604;-1.8291701
1086;-3.074155;0.30645782;11.664551
1087;9.222465;2.0111294;8.619126
1088;-0.7757214;-0.94810385;5.391742
1089;2.0494366;-0.22026655;2.9879637
1090;2.4995465;0.5554548;7.8912888
1091;4.3287168;0.80445176;7.632715
1092;5.6407394;0.47884035;7.3645644
1093;0.46926352;-0.30645782;7.029376
1094;3.3901896;0.78529817;7.651869
1095;1.8866309;-0.15322891;10.43872
1096;-1.532289;0.4213795;5.93762
1097;2.6048915;0.61291564;7.192182
1098;-0.019153614;2.030283;10.840945
1099;-1.388637;2.4899697;12.066776
1100;1.982399;2.5187001;9.002198
1101;-0.25857377;2.0398598;11.779472
1102;1.1971009;2.480393;14.441825
1103;1.3311762;2.3080103;13.072341
1104;2.9113493;2.777274;14.279019
1105;1.541866;1.8100165;16.529568
1106;-1.6759412;0.62249243;13.924677
1107;1.9057846;0.40222588;7.785944
1108;-1.7621324;-0.7374141;11.147403
1109;-3.3135753;1.1300632;13.551182
1110;1.5610195;1.0630256;9.165004
1111;-1.733402;-1.4748282;7.2592196
1112;-1.7717092;-0.641646;9.768343
1113;2.6527755;-0.2777274;10.697293
1114;-3.4284968;-1.8866309;10.745177
1115;2.3558946;0.5267244;11.176133
1116;2.1068976;-1.0534488;10.879252
1117;-2.6431987;-0.94810385;11.425131
1118;5.8801594;-0.4405331;11.003751
1119;1.7621324;-1.934515;11.243171
1120;2.6144683;0.076614454;13.8480625
1121;1.8195933;-1.3503298;10.534488
1122;-4.146757;-1.1587936;6.253655
1123;-0.7469909;-0.5363012;6.2728086
1124;-2.0685902;0.4213795;13.8480625
1125;4.357447;1.2258313;11.674128
1126;5.401319;0.93852705;10.381259
1127;-0.095768064;1.1300632;11.856087
1128;3.9935284;0.8619126;13.503298
1129;6.7612257;0.7278373;11.511322
1130;2.432509;1.0534488;12.459426
1131;-0.81402856;1.2449849;18.50239
1132;0.63206923;0.9768343;9.414001
1133;-1.6472107;-0.45010993;2.0590134
1134;-1.0247183;0.45968673;14.001291
1135;-5.2385135;-0.5554548;12.344504
1136;-2.5091233;-1.2545617;4.4340615
1137;-0.90021986;-2.183512;9.816227
1138;-0.63206923;-2.078167;10.534488
1139;2.8443117;-2.2601264;7.1059904
1140;4.9703627;-2.6048915;6.703765
1141;-1.2354081;-1.2162545;13.177686
1142;-1.2545617;-0.5267244;12.785037
1143;-3.1986535;-2.2122424;7.8625584
1144;-6.4739213;-2.3175871;5.3821654
1145;-1.5801731;-0.6512229;6.205771
1146;-4.654328;-3.6296098;13.9917145
1147;-2.135628;0.7182605;8.887277
1148;1.0726024;-0.25857377;11.664551
1149;-4.261679;-3.4763808;14.30775
1150;3.7445314;0.39264908;7.4028716
1151;5.7748146;-3.8307228;11.990162
1152;-4.4244847;-2.1452048;12.976573
1153;-6.2632318;-1.5131354;11.061212
1154;-2.6144683;-2.6910827;6.0621185
1155;-0.641646;-2.432509;6.7324953
1156;-0.20111294;-1.4269443;12.449849
1157;2.327164;-2.0590134;7.5082164
1158;3.323152;-1.1300632;7.1730285
1159;-1.3982137;-1.1587936;13.43626
1160;1.3215994;-1.5131354;6.7229185
1161;7.201759;-1.4556746;0.15322891
1162;-1.9536686;-2.078167;9.701305
1163;3.6391866;-0.076614454;9.375694
1164;9.14585;-1.283292;-0.6799533
1165;-2.4995465;-3.4380736;10.371682
1166;4.3766007;-1.6184803;6.5218053
1167;8.494628;-3.1507695;-10.754754
1168;-5.056554;-2.1547816;6.885724
1169;1.4173675;0.38307226;15.820885
1170;10.295067;0.45010993;-0.17238252
1171;-6.3111157;-5.0757074;-4.4244847
1172;1.043872;0.79487497;15.428236
1173;16.021997;1.685518;14.393941
1174;-1.340753;-0.46926352;8.00621
1175;-1.532289;-1.0726024;0.89064306
1176;2.4516625;1.8962077;7.2592196
1177;-0.842759;2.7102363;14.30775
1178;2.3750482;4.3382936;14.54717
1179;2.0590134;3.5051112;12.152967
1180;0.038307227;3.5242648;12.430696
1181;1.9153614;3.8881836;18.885464
1182;-2.528277;3.4572272;19.230228
1183;-2.384625;3.2848446;12.401965
1184;1.1683705;3.8019924;14.326903
1185;-2.4708161;2.719813;21.155167
1186;0.047884032;2.7964275;17.697939
1187;0.6607997;0.19153613;11.750742
1188;-0.79487497;-0.0;15.610195
1189;-3.7349546;-0.8331822;18.339584
1190;-0.5746084;0.7469909;14.642938
1191;6.081272;1.3599066;12.823344
1192;-4.9224787;-0.18195933;18.243816
1193;-5.449203;0.02873042;14.729129
1194;11.654974;-0.02873042;1.6376339
1195;-4.7405195;-0.79487497;6.3781533
1196;-5.133168;2.135628;19.718645
1197;10.965444;0.7565677;0.81402856
1198;-10.0269165;-4.213795;-2.930503
1199;-1.283292;-0.16280572;9.337387
1200;10.132261;-1.5035586;8.475474
1201;-2.1930888;-4.414908;0.7086837
1202;-1.0630256;-1.9728222;-3.9839516
1203;1.1109096;-1.7046716;2.9879637
1204;2.480393;-0.019153614;8.121132
1205;-0.047884032;0.5746084;8.734048
1206;-0.17238252;-0.20111294;3.9743748
1207;-0.9576807;-0.59376204;4.7309427
1208;-2.183512;0.49799395;10.936713
1209;-2.0398598;1.0247183;8.963891
1210;0.61291564;-0.6895301;7.335834
1211;-0.05746084;-0.05746084;8.90643
1212;1.1492168;1.4269443;13.2351465
1213;3.6008794;2.9017725;14.058752
1214;3.9264908;2.4420857;12.220005
1215;-0.05746084;-0.15322891;9.969456
1216;0.30645782;0.1436521;10.132261
1217;3.3039982;0.94810385;11.87524
1218;-3.1411927;0.6895301;17.03714
1219;-0.82360536;-0.22026655;12.4785795
1220;4.146757;-0.11492168;10.611102
1221;-3.2944214;-0.4405331;14.796166
1222;-1.4748282;1.1683705;18.004396
1223;1.3215994;0.009576807;11.789049
1224;0.17238252;-0.5267244;12.612655
1225;1.7429788;-1.1013328;11.894394
1226;2.5474305;-2.719813;14.84405
1227;5.6120086;-2.1164744;10.304645
1228;-1.4173675;-3.0358477;10.697293
1229;-5.0757074;-3.6104562;5.315128
1230;1.1013328;-2.5091233;7.967903
1231;-5.3247046;-2.4133554;5.2480903
1232;-1.733402;-1.3599066;8.925584
1233;6.2823853;-0.5554548;7.192182
1234;-2.3558946;-0.39264908;6.4739213
1235;6.3302693;1.0534488;9.672575
1236;-0.15322891;-0.038307227;10.295067
1237;-3.3614593;0.63206923;7.4028716
1238;-0.78529817;1.7621324;7.441179
1239;-1.8962077;2.2888567;8.599973
1240;1.1013328;3.3614593;15.284584
1241;-3.4476504;1.685518;12.210428
1242;2.5761611;1.091756;6.943185
1243;7.2209125;1.685518;11.291056
1244;-5.046977;-0.62249243;17.238253
1245;2.4612393;0.6895301;11.36767
1246;6.1770406;-1.685518;0.7086837
1247;-7.153875;-3.4476504;11.932701
1248;4.5202527;-0.7278373;13.263878
1249;0.4213795;-6.6175733;-0.25857377
1250;-6.215348;-4.7022123;9.816227
1251;0.9864111;-1.8004397;10.5919485
1252;-1.9153614;-7.1059904;6.033388
1253;3.3135753;-6.5696893;1.3311762
1254;4.31914;-2.8538885;14.633361
1255;4.8841715;0.34476504;14.54717
1256;2.7006595;-1.685518;12.105083
1257;0.7757214;-1.532289;10.563218
1258;0.8714894;0.4405331;16.40507
1259;-0.16280572;3.169923;18.684351
1260;4.807557;5.401319;14.480132
1261;0.9672575;3.3423057;16.596605
1262;-3.3135753;4.3766007;16.51999
1263;2.030283;4.951209;12.832921
1264;-0.8714894;1.6376339;9.643845
1265;-0.31603462;2.767697;12.047623
1266;-0.4213795;2.4899697;10.840945
1267;-2.3175871;0.34476504;3.8402996
1268;3.6774938;2.2601264;4.548983
1269;-3.6104562;0.7182605;11.291056
1270;-2.1643584;-1.0151415;1.1683705
1271;9.136273;-0.02873042;-4.4723687
1272;-6.3206925;-1.2545617;11.760319
1273;3.169923;1.9632454;16.596605
1274;5.046977;-2.087744;-6.042965
1275;-7.201759;-2.767697;2.4708161
1276;5.7365074;2.030283;12.717999
1277;-1.292869;-1.3982137;11.329363
1278;-3.5913026;-0.79487497;1.1109096
1279;-0.6607997;-0.06703765;12.516887
1280;-3.169923;-0.2873042;13.196839
1281;0.78529817;-0.0;5.8226986
1282;1.5131354;1.8962077;10.553641
1283;-5.133168;2.3558946;20.60929
1284;-2.0207062;2.1260512;22.878992
1285;4.8841715;1.13964;9.193734
1286;-2.7964275;-0.7278373;10.831368
1287;-1.8195933;-1.5897499;15.68681
1288;7.565677;0.35434186;16.989256
1289;7.9870567;-0.9864111;16.548721
1290;-6.4547677;-3.217807;20.293253
1291;3.016694;-2.0973208;10.821792
1292;3.5051112;-5.2863975;1.0534488
1293;-6.579266;-3.323152;11.310209
1294;-4.414908;1.733402;11.109096
1295;1.4652514;-3.1028855;1.0630256
1296;-7.4028716;-4.232949;-4.3861775
1297;0.7661445;-0.39264908;7.776367
1298;9.787497;-1.436521;7.7572136
1299;2.882619;-0.46926352;5.315128
1300;4.8362875;1.0821792;5.094861
1301;4.5394063;0.6799533;7.603985
1302;1.8100165;1.3311762;7.326257
1303;3.6487634;2.834735;10.97502
1304;1.0630256;3.265691;14.834474
1305;-0.545878;4.1276035;13.101071
1306;0.6991069;3.9935284;10.984597
1307;-1.541866;2.9592333;7.249643
1308;-4.280833;1.5610195;11.827356
1309;0.23942018;2.566584;14.441825
1310;-4.146757;3.0071173;11.789049
1311;0.12449849;0.8810662;11.204864
1312;4.807557;1.0630256;12.689269
1313;1.8962077;-0.36391866;15.562311
1314;3.916914;-1.685518;14.221559
1315;5.7365074;-1.8291701;12.26789
1316;-3.1316159;-2.7964275;13.034034
1317;-1.1013328;-4.912902;9.758766
1318;5.353435;-3.4763808;-0.8523358
1319;-4.0414124;-5.6790466;3.821146
1320;-6.3685765;-2.4899697;9.586384
1321;0.047884032;-2.8443117;10.5440645
1322;-2.2122424;-4.2999864;10.505757
1323;2.030283;-2.873042;8.599973
1324;3.1507695;-1.1109096;13.01488
1325;3.514688;1.7717092;15.667656
1326;1.9249382;3.7062242;15.907076
1327;-0.78529817;2.0111294;20.714634
1328;-1.7621324;3.6774938;12.593501
1329;3.9839516;2.6144683;14.288596
1330;1.1587936;2.4995465;17.142485
1331;3.217807;3.217807;12.028469
1332;4.0892963;0.38307226;10.649409
1333;-3.3997664;-0.8619126;11.779472
1334;1.0630256;-1.4173675;3.0933087
1335;1.6567876;-2.5091233;1.6184803
1336;-5.315128;0.2777274;10.955867
1337;2.231396;0.25857377;5.497087
1338;-0.59376204;-3.6870706;-6.042965
1339;-8.542512;-2.2984335;3.371036
1340;4.0318356;-0.2681506;7.201759
1341;-2.9783869;-1.9153614;0.842759
1342;-3.5817258;-0.90979666;-1.6567876
1343;-0.39264908;-1.9057846;4.7884035
1344;1.0151415;-0.6799533;3.6391866
1345;0.19153613;-0.36391866;6.7803793
1346;-0.62249243;-0.24899697;8.37013
1347;-2.2505496;-0.4213795;6.9048777
1348;-0.33518824;0.36391866;10.266336
1349;0.0;1.1971009;13.589489
1350;-0.4309563;1.4939818;12.698846
1351;2.6623523;1.733402;12.5264635
1352;-0.50757074;0.5650316;14.5759
1353;1.7429788;0.5746084;13.302185
1354;2.4420857;0.37349546;12.469003
1355;-2.4133554;-0.38307226;13.493721
1356;0.91937345;0.6895301;10.994174
1357;-3.2848446;-2.4708161;10.630256
1358;-4.7788267;-1.043872;8.360553
1359;-1.9632454;-1.1587936;10.247183
1360;0.92895025;-0.94810385;13.110648
1361;3.323152;-0.6799533;14.60463
1362;3.9839516;0.5363012;18.071434
1363;5.3342814;2.135628;19.153614
1364;3.2752678;0.94810385;18.358738
1365;0.22026655;3.3327289;17.650055
1366;-3.323152;3.7924154;15.495274
1367;-3.265691;1.4748282;10.955867
1368;3.7062242;2.0111294;9.77792
1369;-2.2505496;-1.1779473;11.281479
1370;-2.327164;-2.231396;4.060566
1371;12.344504;-0.20111294;-0.8523358
1372;-10.304645;-2.3654714;10.860099
1373;5.659893;-0.5650316;10.189722
1374;9.289502;-4.0414124;-8.791509
1375;-9.097966;-4.510676;3.1603463
1376;5.985504;0.45968673;13.828909
1377;4.501099;-2.087744;4.3957543
1378;-5.4683566;-2.4995465;-5.4779334
1379;-1.1492168;-0.22984336;3.0454245
1380;2.2218192;-0.35434186;6.5696893
1381;0.39264908;0.2777274;11.884817
1382;-0.6607997;0.49799395;11.319786
1383;0.51714754;-0.82360536;8.973468
1384;0.6607997;-0.45010993;12.0571995
1385;3.7445314;-0.31603462;15.581465
1386;3.6391866;-0.17238252;14.729129
1387;2.777274;-0.89064306;10.160992
1388;1.8579005;-1.6759412;12.871228
1389;1.6472107;-1.043872;14.240712
1390;-0.8331822;-1.3503298;10.94629
1391;-2.1739352;-0.51714754;10.208876
1392;-1.3024458;0.35434186;12.804191
1393;-0.45968673;1.5993267;15.466543
1394;2.7006595;1.5227122;12.411542
1395;2.6048915;1.2066777;12.162544
1396;1.7812861;1.292869;14.4130945
1397;3.41892;2.087744;13.445837
1398;2.135628;1.3024458;10.04607
1399;-0.02873042;0.79487497;9.346964
1400;1.5610195;1.2545617;11.137826
1401;-1.5035586;1.3694834;10.97502
1402;-1.1013328;1.292869;9.165004
1403;-0.4405331;1.0630256;9.624691
1404;-1.0821792;0.9864111;10.7356
1405;1.1779473;-0.009576807;7.920019
1406;0.545878;-1.733402;6.2249246
1407;2.336741;-1.1683705;7.019799
1408;2.6240451;-1.5035586;9.471462
1409;-0.06703765;-2.0494366;6.8665705
1410;1.283292;-2.566584;6.0716953
1411;-3.5051112;-3.5913026;3.4572272
1412;-0.2873042;-3.6104562;4.2904096
1413;-0.33518824;-3.8019924;5.746084
1414;-4.2904096;-3.4476504;5.947197
1415;-1.4748282;-3.1124623;4.453215
1416;-2.2601264;-2.920926;8.848969
1417;-0.81402856;-1.5993267;8.628703
1418;0.18195933;-2.0685902;9.911995
1419;0.5363012;0.62249243;11.195287
1420;0.11492168;1.3503298;14.834474
1421;3.821146;3.5434184;16.654066
1422;1.436521;2.4516625;12.947843
1423;1.0151415;1.9057846;13.560759
1424;4.2042184;2.0494366;12.344504
1425;-1.5801731;1.3503298;11.760319
1426;-3.5625722;1.8962077;10.802638
1427;-1.7046716;2.2984335;8.858546
1428;-1.292869;1.2545617;7.249643
1429;-2.2984335;0.5746084;8.868123
1430;-0.31603462;-0.19153613;8.896853
1431;2.930503;-0.009576807;7.4507556
1432;0.32561144;-0.80445176;10.323798
1433;1.2258313;-0.9959879;10.620679
1434;2.327164;-1.5897499;8.255207
1435;0.15322891;-1.685518;6.981492
1436;1.1013328;-1.541866;13.101071
1437;2.384625;0.019153614;10.524911
1438;-0.39264908;-0.842759;11.942278
1439;3.1603463;0.33518824;13.417107
1440;0.5267244;-0.9672575;11.36767
1441;1.5801731;-0.7086837;9.653421
1442;4.060566;-0.047884032;10.477027
1443;-0.6703765;0.24899697;15.045163
1444;1.4077905;1.5610195;12.028469
1445;2.135628;1.733402;16.156073
1446;-3.7924154;-0.34476504;11.15698
1447;4.903325;0.019153614;5.746084
1448;2.8443117;0.6512229;14.202404
1449;-4.6255975;1.8579005;19.077
1450;5.554548;1.2162545;10.515334
1451;-0.076614454;-3.4476504;-4.10845
1452;-4.453215;-1.6089035;9.701305
1453;8.283937;0.02873042;15.887922
1454;-1.4652514;-4.7022123;3.2561142
1455;-2.7006595;-3.3518825;-1.4939818
1456;-1.7908629;-2.480393;5.5162406
1457;-0.91937345;-2.4516625;3.8786068
1458;1.3694834;-1.2641385;7.201759
1459;-2.0015526;-0.81402856;11.252748
1460;1.9249382;0.22026655;11.166556
1461;0.7565677;-0.62249243;9.490616
1462;-2.72939;-0.23942018;7.9870567
1463;3.7445314;0.33518824;9.308656
1464;3.5242648;-0.11492168;12.53604
1465;-0.37349546;1.2641385;14.757859
1466;0.6799533;0.78529817;14.346057
1467;-0.05746084;0.7374141;11.731588
1468;-1.1779473;0.16280572;10.955867
1469;3.265691;1.4077905;15.217546
1470;1.0055647;1.6376339;15.974113
1471;-2.6431987;1.2066777;12.756307
1472;2.0590134;-0.08619126;7.5082164
1473;1.7046716;-0.2873042;9.232041
1474;-1.091756;-0.29688102;12.5743475
1475;2.384625;0.095768064;11.329363
1476;1.541866;-0.9768343;8.197746
1477;-3.323152;-1.1013328;9.241618
1478;2.5761611;-1.7717092;8.350976
1479;0.82360536;-2.1164744;7.249643
1480;-0.82360536;-0.61291564;11.530476
1481;-1.4556746;-1.3120226;9.634268
1482;-1.6280571;-2.030283;3.9935284
1483;-0.8619126;-2.135628;5.161899
1484;-0.38307226;-2.078167;9.931149
1485;2.5378537;-1.4748282;9.749189
1486;2.087744;-1.5610195;6.4260373
1487;0.02873042;-1.1587936;11.243171
1488;0.6991069;-0.8810662;12.650962
1489;2.4612393;0.4309563;9.356541
1490;0.80445176;0.37349546;11.118672
1491;-0.30645782;1.2258313;14.729129
1492;2.4516625;1.7238252;10.70687
1493;-0.12449849;0.33518824;8.408437
1494;1.6567876;0.8331822;8.1881695
1495;1.7142484;0.076614454;14.355634
1496;-0.79487497;0.5650316;9.787497
1497;0.32561144;-0.2681506;8.456321
1498;2.3175871;1.8195933;11.444284
1499;-1.3120226;0.019153614;14.537593
1500;3.9264908;0.20111294;9.56723
1501;1.3599066;-0.79487497;6.435614
1502;-4.156334;-1.0055647;9.576807
1503;0.6895301;-0.22026655;6.339846
1504;1.292869;-0.92895025;6.0525417
1505;-4.817134;-0.79487497;7.97748
1506;-1.7621324;-0.10534488;8.37013
1507;3.7062242;-0.0;6.4068837
1508;-2.528277;-0.095768064;12.708423
1509;-0.17238252;0.80445176;13.733141
1510;-0.019153614;0.8523358;10.850522
1511;0.1436521;1.6376339;10.534488
1512;1.5131354;1.6280571;13.129802
1513;1.1109096;2.231396;12.200851
1514;2.2697031;2.5570073;9.691729
1515;-0.51714754;0.7757214;11.645397
1516;-0.5650316;1.1971009;9.835381
1517;1.3982137;0.1436521;8.073248
1518;2.873042;0.30645782;9.873688
1519;0.37349546;0.32561144;13.072341
1520;0.49799395;-0.29688102;12.191275
1521;-0.06703765;-1.0726024;7.536947
1522;-3.4380736;-0.1340753;10.275913
1523;0.29688102;0.16280572;9.80665
1524;0.61291564;-0.8619126;7.067683
1525;0.9959879;-0.58418524;9.385271
1526;1.1875241;0.35434186;11.827356
1527;0.24899697;-0.46926352;8.944737
1528;4.5394063;-0.6799533;7.97748
1529;1.3694834;-0.12449849;11.089942
1530;-0.7469909;-1.0151415;14.058752
1531;0.90979666;-1.8962077;7.1059904
1532;-3.514688;-0.7374141;8.743625
1533;-0.79487497;-1.4460979;11.492168
1534;3.016694;-2.2218192;6.8665705
1535;0.8714894;-0.91937345;9.672575
1536;-0.91937345;-0.80445176;12.50731
1537;1.0821792;-0.17238252;9.461885
1538;3.9935284;-0.41180268;8.0445175
1539;-1.6184803;-0.5554548;12.689269
1540;0.22984336;-0.47884035;10.266336
1541;1.1779473;0.038307227;5.793968
1542;-3.715801;-1.8004397;11.779472
1543;2.7485435;-0.641646;10.563218
1544;5.3247046;-1.5131354;6.2345014
1545;0.58418524;-0.5267244;10.764331
1546;2.8921957;1.5705963;14.863204
1547;1.9728222;0.5267244;14.84405
1548;0.24899697;-0.009576807;10.28549
1549;1.8770541;-0.29688102;7.6135616
1550;-2.2218192;-1.3215994;12.641385
1551;1.5993267;1.2162545;10.103531
1552;0.05746084;-0.19153613;11.128249
1553;1.1204864;0.59376204;11.511322
1554;4.0797195;-0.23942018;11.080365
1555;3.4284968;-0.82360536;8.6574335
1556;3.5817258;-0.45968673;9.184157
1557;2.1930888;-0.5650316;11.722012
1558;-1.2545617;-0.7565677;6.445191
1559;-0.62249243;-1.8291701;3.2944214
1560;0.12449849;-1.5705963;6.8569937
1561;-1.8004397;-0.90979666;8.1402855
1562;0.9576807;-1.6472107;3.016694
1563;-0.2873042;-2.432509;5.0757074
1564;0.545878;-1.1013328;8.226477
1565;1.0726024;-0.5267244;9.107543
1566;0.7374141;0.29688102;8.418014
1567;-0.02873042;0.11492168;13.330915
1568;-0.41180268;-0.10534488;7.7093296
1569;-0.12449849;-0.89064306;5.717354
1570;-0.30645782;-0.6512229;12.670115
1571;3.5242648;1.4077905;17.458519
1572;1.4269443;0.31603462;13.350069
1573;0.22984336;1.292869;12.708423
1574;2.566584;0.047884032;14.30775
1575;2.7868507;1.8291701;17.33402
1576;-1.2449849;0.30645782;16.4338
1577;0.9672575;0.61291564;14.700398
1578;1.6759412;0.82360536;10.812215
1579;-6.196194;-1.9632454;11.616667
1580;6.0142345;1.1204864;11.195287
1581;-1.436521;-1.3215994;10.505757
1582;-6.445191;0.019153614;12.53604
1583;10.534488;-0.5746084;4.1946416
1584;-3.8977604;-5.9663506;0.32561144
1585;1.091756;0.2873042;13.972561
1586;9.3182335;-0.7182605;13.742718
1587;-7.920019;-2.5953147;2.767697
1588;-4.8937483;-2.5091233;-6.4739213
1589;-1.6280571;-1.292869;5.2959743
1590;-3.074155;0.11492168;9.3182335
1591;0.8714894;0.17238252;7.575254
1592;1.5610195;-0.12449849;6.1004257
1593;0.12449849;0.8810662;10.218452
1594;-1.3790601;0.6799533;10.43872
1595;1.4652514;2.2505496;7.201759
1596;-2.1164744;1.2641385;11.616667
1597;-3.41892;2.327164;14.4609785
1598;-0.1340753;1.9057846;8.494628
1599;-2.5570073;-0.047884032;8.628703
1600;-2.4612393;1.2258313;14.144943
1601;4.7309427;1.6663644;17.496826
1602;0.11492168;-0.59376204;13.800179
1603;-0.5363012;0.46926352;10.6877165
1604;1.8291701;0.63206923;13.196839
1605;-1.5514427;-1.13964;15.648502
1606;2.3175871;-0.1436521;12.287044
1607;2.384625;-1.6089035;13.426683
1608;-2.3942018;-1.4556746;13.9438305
1609;2.0590134;-1.5227122;10.477027
1610;4.2425256;-3.4380736;10.879252
1611;-0.4213795;-2.6910827;9.950302
1612;-1.3215994;-3.0358477;9.002198
1613;3.6774938;-2.4037786;8.37013
1614;2.6910827;-2.336741;9.442732
1615;2.231396;-1.6950948;9.672575
1616;3.3039982;-1.1300632;6.196194
1617;1.685518;-1.2162545;6.6846113
1618;0.06703765;-0.48841715;9.11712
1619;0.9576807;0.39264908;6.3206925
1620;0.50757074;0.1340753;5.4204726
1621;1.9919758;1.4173675;9.643845
1622;2.8921957;2.1547816;9.998186
1623;2.5187001;1.4460979;7.642292
1624;3.4093432;2.336741;8.350976
1625;1.1300632;2.0973208;10.553641
1626;0.58418524;2.27928;10.821792
1627;1.5897499;2.815581;10.563218
1628;-1.6376339;1.7908629;8.542512
1629;-0.78529817;2.2505496;5.1810527
1630;0.31603462;1.0247183;7.747637
1631;-5.0374002;0.45010993;9.835381
1632;-0.60333884;0.9864111;7.9870567
1633;-0.11492168;0.40222588;9.375694
1634;-2.3080103;0.1436521;9.490616
1635;4.003105;0.50757074;8.532935
1636;1.9919758;-0.7661445;10.228029
1637;1.0247183;-0.16280572;12.966996
1638;1.6184803;-1.3024458;10.419566
1639;1.436521;-1.8483237;9.3182335
1640;0.36391866;-1.1492168;7.5465236
1641;-5.5162406;-1.9249382;10.25676
1642;1.6950948;-0.5746084;10.907983
1643;-2.078167;-2.1643584;11.482592
1644;-0.10534488;-1.1204864;11.109096
1645;4.903325;-1.8483237;11.386824
1646;0.39264908;-2.1452048;14.12579
1647;2.3175871;-0.047884032;13.484144
1648;3.5051112;-0.40222588;16.615759
1649;-1.9440918;-0.6799533;12.200851
1650;-0.31603462;-1.0630256;11.36767
1651;8.312668;1.3311762;15.093047
1652;-1.4939818;0.08619126;17.611748
1653;-2.5474305;0.92895025;13.972561
1654;5.1810527;2.834735;11.530476
1655;-12.555194;-2.030283;17.171215
1656;-5.2480903;2.9400797;12.4785795
1657;7.431602;1.0726024;1.5227122
1658;-6.703765;-0.4213795;12.6222315
1659;2.7389667;3.5051112;13.254301
1660;1.6663644;-0.45968673;7.0102224
1661;1.5227122;-1.9536686;-4.912902
1662;1.8387469;-0.23942018;5.717354
1663;-7.345411;-0.47884035;11.932701
1664;8.1881695;-0.9864111;4.3957543
1665;-1.4748282;-5.66947;-10.764331
1666;-2.4037786;-2.0207062;5.66947
1667;6.9048777;4.8937483;7.536947
1668;1.2354081;-2.719813;8.341399
1669;-13.742718;-4.721366;4.2521024
1670;-7.3071036;-2.5378537;-6.38773
1671;-2.078167;-2.528277;2.135628
1672;1.1300632;0.38307226;12.53604
1673;5.861006;1.733402;21.346703
1674;0.7278373;-0.545878;18.933348
1675;10.515334;3.0358477;13.081918
1676;2.2026656;-0.33518824;20.446482
1677;-1.7238252;2.3558946;31.105469
1678;3.9264908;4.9895163;21.030668
1679;-4.3957543;1.7429788;12.08593
1680;-2.1643584;2.7964275;25.646688
1681;3.371036;3.5338416;24.698586
1682;3.3614593;0.8619126;28.70169
1683;7.431602;4.1276035;19.699492
1684;2.4229321;0.842759;11.808203
1685;-1.4652514;-1.2162545;14.5088625
1686;1.4077905;-3.4476504;5.3342814
1687;0.038307227;-4.098873;4.261679
1688;-3.5529952;-2.5091233;5.161899
1689;-1.2449849;-3.1890767;1.8100165
1690;2.7868507;-2.5378537;1.6280571
1691;-1.6663644;-2.0494366;4.261679
1692;-0.20111294;-1.733402;2.9783869
1693;-0.17238252;-1.9057846;-0.8331822
1694;-1.7717092;-1.6376339;3.3039982
1695;2.5378537;-0.20111294;5.363012
1696;0.34476504;-1.6376339;1.4460979
1697;2.3750482;-1.9536686;-3.169923
1698;4.817134;-0.45010993;4.7788267
1699;-4.501099;-1.6950948;10.160992
1700;4.654328;-0.94810385;3.6966474
1701;0.36391866;-2.6144683;-7.73806
1702;-6.3111157;0.10534488;2.2888567
1703;2.480393;2.8538885;11.453861
1704;-2.6048915;0.047884032;4.8745947
1705;-10.524911;0.038307227;-1.5801731
1706;-1.7812861;2.72939;8.159439
1707;0.40222588;1.7812861;10.429143
1708;-1.3694834;1.1683705;13.541605
1709;1.3694834;2.3558946;16.778566
1710;-2.4133554;2.9783869;16.175226
1711;-5.5258174;2.72939;12.516887
1712;-2.3750482;3.8402996;16.64449
1713;0.22026655;3.4476504;19.412188
1714;0.35434186;2.815581;20.781672
1715;3.5434184;2.2122424;15.562311
1716;0.7565677;0.32561144;15.016433
1717;0.47884035;-0.47884035;14.432248
1718;2.087744;-0.24899697;14.489709
1719;-3.323152;-1.6472107;11.147403
1720;-0.6991069;-1.7812861;8.207323
1721;1.5801731;-2.6910827;9.519346
1722;-1.043872;-3.2752678;8.829816
1723;3.9743748;-1.0630256;9.969456
1724;5.1235914;-1.0055647;11.693281
1725;0.7565677;-1.9632454;9.739613
1726;2.5953147;-2.030283;3.2273839
1727;4.9224787;-2.1068976;12.411542
1728;0.81402856;-0.9768343;13.196839
1729;6.6271505;0.6512229;8.63828
1730;3.86903;-1.7238252;6.0238113
1731;0.60333884;-1.1013328;7.603985
1732;4.4819455;1.0630256;9.088389
1733;4.644751;1.7238252;14.719552
1734;-1.3982137;1.9536686;11.310209
1735;-1.1683705;0.4405331;7.1826053
1736;-3.0358477;-0.2873042;6.4643445
1737;4.1659107;0.2681506;11.262324
1738;2.7581203;1.292869;11.664551
1739;-0.15322891;0.61291564;10.247183
1740;3.5051112;-0.48841715;6.8186865
1741;-0.30645782;-0.641646;6.991069
1742;1.2737153;0.22984336;11.051635
1743;-0.7757214;-0.5363012;7.2783732
1744;-3.2944214;-0.5650316;5.094861
1745;-1.436521;-1.4077905;6.493075
1746;-4.0318356;-1.0630256;8.197746
1747;-3.6870706;-1.436521;6.7133417
1748;-1.3694834;-1.3503298;4.098873
1749;-0.90021986;-1.1683705;8.197746
1750;4.367024;-0.47884035;12.77546
1751;2.480393;-1.1013328;13.464991
1752;1.8100165;-1.5131354;11.942278
1753;4.8937483;-0.15322891;9.940725
1754;-0.5267244;-0.46926352;14.164097
1755;-1.7717092;0.16280572;15.428236
1756;3.1124623;1.340753;12.430696
1757;-3.6583402;-0.4213795;12.74673
1758;-1.340753;0.5363012;11.109096
1759;3.0071173;-1.0534488;15.437813
1760;0.095768064;-0.4405331;14.757859
1761;1.685518;0.49799395;14.805743
1762;2.8443117;0.62249243;12.717999
1763;3.1603463;-0.35434186;10.773908
1764;1.5035586;-0.545878;11.118672
1765;-0.6607997;-1.2641385;10.46745
1766;0.18195933;-0.9672575;7.2209125
1767;-0.9576807;-0.60333884;6.4739213
1768;-3.4859576;-0.7469909;5.544971
1769;0.095768064;-1.5801731;4.1659107
1770;-1.8195933;-2.1068976;4.2042184
1771;-1.13964;-1.6759412;5.2002063
1772;0.45968673;-1.6472107;4.7788267
1773;-2.1930888;-1.4269443;4.7884035
1774;0.16280572;-1.8866309;5.813122
1775;-0.41180268;-1.091756;5.899313
1776;-3.3135753;-1.0247183;5.3247046
1777;-0.40222588;-0.25857377;5.439626
1778;0.05746084;0.62249243;8.992621
1779;-2.6431987;0.48841715;12.191275
1780;0.5650316;0.02873042;8.973468
1781;0.7086837;-0.8523358;4.146757
1782;0.1340753;0.8331822;10.275913
1783;-0.12449849;1.3503298;15.20797
1784;0.9672575;1.7142484;10.649409
1785;-2.8060043;0.30645782;8.580819
1786;-3.371036;0.2873042;12.593501
1787;3.8881836;1.4077905;11.243171
1788;3.1603463;1.1300632;14.18325
1789;1.13964;1.6089035;17.448942
1790;1.3120226;0.8810662;15.380352
1791;-1.292869;-0.81402856;10.093954
1792;0.22026655;0.06703765;12.29662
1793;0.5363012;-0.047884032;16.079458
1794;1.1587936;-0.16280572;12.5743475
1795;0.58418524;-0.94810385;8.983045
1796;0.7278373;-0.5650316;12.612655
1797;5.746084;0.18195933;13.819332
1798;2.3942018;-1.1875241;13.857639
1799;2.633622;-2.183512;8.781932
1800;3.217807;-2.0590134;7.019799
1801;0.24899697;-1.4460979;13.330915
1802;1.6663644;-1.388637;10.084377
1803;3.3614593;-1.541866;3.6583402
1804;-0.45010993;-1.5993267;9.461885
1805;3.0262709;-1.043872;9.595961
1806;3.7924154;-1.9153614;7.9008656
1807;1.8962077;-1.292869;9.174581
1808;-1.8100165;-1.8866309;8.341399
1809;4.309563;-0.80445176;3.6008794
1810;3.0358477;-1.0726024;7.5082164
1811;-2.9017725;-0.2777274;13.867216
1812;7.383718;1.5131354;6.5505357
1813;-6.042965;-1.7717092;6.2249246
1814;0.11492168;-0.24899697;13.168109
1815;8.39886;-0.38307226;5.0278234
1816;-4.367024;-2.2601264;5.841852
1817;2.6623523;0.9576807;13.215993
1818;4.0797195;-0.1436521;10.352529
1819;-3.0550013;-1.1971009;4.2904096
1820;-3.6966474;-0.61291564;8.025364
1821;3.7732618;0.45010993;9.356541
1822;-3.5434184;0.05746084;12.957419
1823;-4.1659107;0.20111294;9.710882
1824;4.8745947;0.19153613;7.603985
1825;-1.1779473;-0.076614454;10.266336
1826;-0.5650316;1.091756;13.723564
1827;5.6407394;1.043872;13.22557
1828;-2.4420857;-0.0;9.519346
1829;-0.9864111;1.2641385;10.218452
1830;2.681506;1.13964;14.939818
1831;0.7565677;1.3215994;13.9917145
1832;-0.78529817;1.2737153;9.394848
1833;-2.6240451;1.3311762;12.0571995
1834;0.18195933;1.1109096;10.984597
1835;1.436521;-0.2777274;8.226477
1836;-0.18195933;-0.17238252;11.798626
1837;1.9440918;0.8523358;12.545617
1838;2.2888567;0.05746084;9.174581
1839;2.27928;-0.2873042;8.887277
1840;3.821146;0.40222588;10.91756
1841;-0.1436521;0.45010993;11.444284
1842;-1.4748282;0.32561144;6.7612257
1843;-2.3080103;0.49799395;8.00621
1844;-2.873042;-0.19153613;10.965444
1845;1.1971009;0.08619126;7.2687964
1846;0.17238252;-1.2162545;8.303091
1847;2.2505496;0.8810662;13.22557
1848;1.6663644;-0.047884032;11.262324
1849;2.6240451;0.12449849;9.174581
1850;3.9935284;-0.009576807;10.802638
1851;-0.4213795;0.37349546;13.340492
1852;0.39264908;0.11492168;7.422025
1853;-2.6719291;-0.545878;8.446744
1854;-0.9576807;-0.23942018;11.271901
1855;-0.842759;-0.4405331;8.896853
1856;-0.9864111;-1.5514427;7.795521
1857;-2.030283;-1.0630256;11.731588
1858;7.0581064;1.3024458;11.061212
1859;-0.9959879;-1.1013328;11.559206
1860;0.49799395;-0.1436521;10.97502
1861;7.9008656;-1.1683705;8.848969
1862;-2.27928;-1.2066777;10.783484
1863;1.1013328;0.8331822;15.50485
1864;-1.7238252;-0.9959879;5.2959743
1865;-2.930503;-2.3654714;3.7828386
1866;1.0726024;-0.0;14.403518
1867;-1.340753;0.16280572;12.287044
1868;1.3503298;-1.7142484;5.410896
1869;0.6703765;-2.336741;6.445191
1870;1.0534488;-1.8387469;10.084377
1871;3.6104562;-0.93852705;8.580819
1872;0.7086837;-1.4269443;7.469909
1873;-1.13964;-1.292869;9.107543
1874;0.1340753;-0.59376204;12.765883
1875;-1.0630256;-1.2641385;9.356541
1876;2.1260512;-1.6089035;8.1402855
1877;-1.4939818;-2.5953147;9.969456
1878;2.327164;-0.39264908;12.670115
1879;1.5993267;-0.7469909;16.309301
1880;-1.5705963;-0.36391866;10.141838
1881;2.825158;-0.6607997;8.590396
1882;-0.4213795;-2.087744;10.409989
1883;1.4077905;-1.436521;11.358093
1884;-1.484405;-1.0630256;12.105083
1885;-3.1794999;-1.0247183;12.143391
1886;4.903325;-2.1068976;7.575254
1887;-1.5897499;-3.3901896;7.1347213
1888;1.7046716;-1.5801731;11.405977
1889;2.5570073;-1.3311762;12.689269
1890;-2.4899697;-1.0821792;8.322245
1891;1.7621324;-0.79487497;10.582372
1892;1.3599066;-1.9440918;9.375694
1893;1.3215994;-2.7868507;7.192182
1894;1.13964;-2.1643584;9.576807
1895;1.388637;-0.4405331;10.515334
1896;0.51714754;-0.91937345;9.3661175
1897;-1.8674773;-1.5897499;10.352529
1898;2.9783869;-0.63206923;10.994174
1899;-1.4939818;-3.6296098;7.9008656
1900;5.209783;-1.1779473;8.868123
1901;-0.48841715;-1.436521;15.581465
1902;-3.3614593;-1.4460979;9.107543
1903;5.803545;-0.47884035;5.142745
1904;-2.4420857;-1.9440918;13.273455
1905;-1.4939818;-1.1587936;9.624691
1906;4.596867;-2.2218192;4.3287168
1907;-5.4204726;-1.7621324;13.867216
1908;1.9919758;0.06703765;15.26543
1909;3.1986535;-2.1164744;5.3342814
1910;-6.6175733;-3.8115692;5.583278
1911;3.7732618;0.31603462;15.600618
1912;2.96881;-1.6472107;11.176133
1913;-1.9536686;-2.0015526;8.082825
1914;3.1411927;-1.1492168;8.073248
1915;-2.3750482;-1.1971009;8.034941
1916;3.0454245;0.2777274;12.5743475
1917;-2.231396;-0.641646;9.030929
1918;-0.48841715;-1.3311762;9.136273
1919;1.541866;-0.6703765;12.191275
1920;-0.18195933;-1.0151415;11.262324
1921;1.6089035;-0.5554548;9.165004
1922;1.3024458;-0.35434186;10.831368
1923;-1.5897499;-0.8714894;12.497733
1924;1.7046716;-0.41180268;10.850522
1925;1.2641385;-0.842759;10.994174
1926;-1.3024458;-1.2162545;10.409989
1927;2.8060043;-1.1875241;8.513782
1928;0.31603462;-1.0534488;10.7356
1929;-1.0247183;-0.7278373;9.950302
1930;-0.7086837;-0.79487497;7.603985
1931;-0.61291564;-0.6512229;9.595961
1932;1.3790601;-1.3024458;9.461885
1933;1.532289;-1.3503298;9.078813
1934;1.0151415;-1.2258313;9.682152
1935;1.7717092;-0.15322891;10.840945
1936;-1.8195933;-0.91937345;9.624691
1937;-0.47884035;-0.32561144;7.7189064
1938;-0.29688102;-0.0;11.750742
1939;-0.7757214;-0.39264908;11.808203
1940;3.4955344;0.17238252;9.624691
1941;0.05746084;-0.8523358;8.973468
1942;-0.24899697;-0.47884035;9.528923
1943;2.3654714;0.02873042;7.97748
1944;-5.171476;-1.0630256;11.87524
1945;-0.58418524;0.4309563;12.105083
1946;0.6895301;-0.7086837;5.104438
1947;-2.0398598;-2.6431987;8.389283
1948;4.8267107;-1.4460979;10.275913
1949;-2.2218192;-1.8483237;9.911995
1950;1.5610195;-1.6376339;8.350976
1951;-1.8387469;-1.3311762;8.916007
1952;-2.1739352;-1.0247183;8.839393
1953;2.719813;-0.45010993;10.505757
1954;-1.8962077;-0.842759;10.955867
1955;-0.009576807;-0.9864111;10.28549
1956;3.074155;-0.33518824;11.951855
1957;-1.5610195;-1.4269443;10.5919485
1958;3.1794999;-0.94810385;10.927136
1959;-0.17238252;-0.16280572;13.64695
1960;-2.1930888;-0.7757214;10.927136
1961;2.3750482;-0.9576807;7.632715
1962;-1.8579005;-0.5554548;11.415554
1963;-1.9440918;-1.7238252;12.842498
1964;3.4955344;-2.0015526;7.1155677
1965;-2.3750482;-2.528277;7.0102224
1966;0.82360536;-0.20111294;13.445837
1967;0.15322891;-1.4939818;10.304645
1968;0.23942018;-2.2026656;4.462792
1969;-3.016694;-1.5227122;8.7532015
1970;2.2697031;-0.48841715;12.08593
1971;-0.20111294;-1.1587936;9.203311
1972;-1.8100165;-2.135628;10.524911
1973;3.2082303;-0.93852705;11.271901
1974;1.13964;-1.5035586;9.921572
1975;-0.29688102;-1.388637;10.505757
1976;2.4229321;-0.9576807;9.758766
1977;-0.6799533;-0.8619126;9.9790325
1978;-0.90979666;-0.58418524;10.160992
1979;-0.11492168;-0.78529817;10.764331
1980;0.2777274;-1.1204864;10.180145
1981;1.8579005;-1.1492168;9.643845
1982;1.5035586;-1.6950948;9.528923
1983;3.0454245;-1.2354081;10.879252
1984;0.5554548;-1.0630256;10.170568
1985;-0.24899697;-1.13964;8.293514
1986;1.5035586;-0.6703765;9.701305
1987;-2.825158;-0.9672575;9.816227
1988;0.58418524;-1.0151415;8.916007
1989;-0.5363012;-2.0685902;8.954314
1990;-0.30645782;-0.7565677;9.710882
1991;2.087744;-1.5514427;10.151415
1992;1.5801731;-1.7717092;9.720459
1993;1.283292;-1.6376339;10.553641
1994;1.2737153;-1.9728222;9.002198
1995;0.45968673;-1.7429788;8.954314
1996;-1.5514427;-0.842759;10.342952
1997;-1.9536686;-0.7565677;10.151415
1998;1.2641385;-1.0726024;8.274361
1999;-1.934515;-1.2545617;10.01734
2000;2.4516625;-1.3024458;9.816227
2001;2.2697031;-1.4460979;9.653421
2002;1.0247183;-1.3694834;10.898406
2003;1.9153614;-0.91937345;10.97502
2004;1.1013328;-1.1971009;10.132261
2005;0.7661445;-1.0055647;9.768343
2006;-0.2681506;-0.80445176;10.25676
2007;-1.0821792;-0.91937345;9.404425
2008;0.095768064;-0.49799395;9.461885
2009;-2.4708161;-0.79487497;10.6877165
2010;1.0342951;-1.1300632;9.739613
2011;0.81402856;-1.7908629;8.331821
2012;0.18195933;-1.9153614;9.452309
2013;3.1890767;-1.8579005;10.515334
2014;1.13964;-1.3503298;10.333375
2015;-0.29688102;-1.13964;9.873688
2016;0.10534488;-0.93852705;9.672575
2017;0.009576807;-0.58418524;10.170568
2018;-1.1683705;-0.6895301;10.28549
2019;-0.08619126;-0.93852705;9.394848
2020;0.30645782;-1.3311762;9.394848
2021;1.2737153;-1.2545617;9.940725
2022;2.1068976;-1.7429788;9.873688
2023;1.8579005;-1.388637;10.208876
2024;0.82360536;-1.1300632;10.697293
2025;1.5227122;-0.90979666;10.611102
2026;0.8619126;-0.82360536;11.15698
2027;0.24899697;-0.92895025;11.147403
2028;0.5746084;-0.82360536;10.601525
2029;-1.1587936;-1.091756;10.304645
2030;0.29688102;-1.0821792;9.749189
2031;-1.3982137;-1.3599066;9.768343
2032;-0.49799395;-1.9057846;9.232041
2033;0.63206923;-2.336741;8.571242
2034;-0.02873042;-2.432509;8.513782
2035;1.6376339;-1.8866309;9.404425
2036;1.292869;-1.6280571;10.860099
2037;0.63206923;-1.091756;10.505757
2038;0.33518824;-1.1300632;10.093954
2039;0.60333884;-1.0534488;10.103531
2040;0.59376204;-0.7374141;10.783484
2041;0.009576807;-0.7661445;10.802638
2042;-0.24899697;-1.043872;10.0748005
2043;0.06703765;-1.2258313;10.065224
2044;0.4309563;-1.6567876;9.634268
2045;0.78529817;-1.9632454;9.14585
2046;1.5610195;-2.2218192;9.394848
2047;1.2641385;-1.9919758;9.634268
2048;1.6472107;-1.8962077;9.423578
2049;1.484405;-1.7621324;9.346964
2050;0.2681506;-1.982399;8.504205
2051;1.0151415;-1.6089035;8.8777
2052;0.21068975;-1.3599066;9.672575
2053;0.7182605;-1.2258313;9.56723
2054;1.4077905;-0.79487497;11.070788
2055;-0.41180268;-0.9672575;11.147403
2056;2.815581;-0.38307226;10.515334
2057;-1.8483237;-1.1300632;10.936713
2058;2.183512;-0.12449849;11.856087
2059;-0.7757214;-1.1779473;11.587936
2060;-0.6991069;-1.043872;8.724471
2061;0.79487497;-1.436521;9.864111
2062;0.38307226;-1.4077905;10.362105
2063;0.6991069;-1.2354081;10.429143
2064;-0.7661445;-1.292869;9.423578
2065;0.0;-1.3503298;8.820239
2066;0.019153614;-1.3982137;9.337387
2067;-0.39264908;-1.3215994;8.801085
2068;0.076614454;-1.3120226;8.456321
2069;0.24899697;-1.3311762;9.050082
2070;0.46926352;-1.13964;9.682152
2071;0.89064306;-1.043872;9.749189
2072;0.81402856;-0.9672575;9.854534
2073;1.3311762;-0.7182605;10.477027
2074;1.1779473;-0.545878;10.783484
2075;0.6512229;-0.47884035;10.783484
2076;0.50757074;-0.36391866;10.869676
2077;0.37349546;-0.47884035;10.448297
2078;0.4309563;-0.61291564;10.208876
2079;0.25857377;-0.6607997;10.323798
2080;0.1340753;-0.6895301;10.04607
2081;0.18195933;-0.8331822;9.911995
2082;0.06703765;-0.9672575;9.758766
2083;0.2873042;-1.0821792;9.701305
2084;0.02873042;-1.1109096;9.892841
2085;0.41180268;-1.2258313;9.557653
2086;0.34476504;-1.283292;9.385271
2087;0.24899697;-1.2545617;9.77792
2088;0.35434186;-1.13964;9.892841
2089;0.02873042;-1.1204864;9.442732
2090;0.17238252;-1.1109096;9.490616
2091;0.31603462;-1.1492168;9.797073
2092;0.22984336;-1.1683705;9.797073
2093;0.39264908;-1.1779473;9.854534
2094;0.45010993;-1.2258313;9.873688
2095;0.4213795;-1.292869;9.873688
2096;0.7278373;-1.2641385;9.921572
2097;0.5554548;-1.3503298;9.940725
2098;0.7182605;-1.3311762;9.768343
2099;0.6512229;-1.541866;9.9790325
2100;0.7086837;-1.5705963;9.911995
2101;0.6703765;-1.7429788;9.854534
2102;0.7086837;-1.8100165;9.710882
2103;0.48841715;-1.934515;9.768343
2104;0.5554548;-1.8483237;9.864111
2105;0.30645782;-1.9249382;9.797073
2106;0.5746084;-1.8962077;9.80665
2107;0.31603462;-1.9057846;9.768343
2108;0.47884035;-1.8004397;9.931149
2109;0.4213795;-1.8962077;9.988609
2110;0.33518824;-1.934515;9.969456
2111;0.45010993;-1.9440918;9.921572
2112;0.32561144;-1.9919758;9.864111
2113;0.40222588;-2.0685902;9.864111
2114;0.4309563;-2.0590134;9.873688
2115;0.38307226;-2.1260512;9.959879
2116;0.51714754;-1.9919758;10.0748005
2117;0.51714754;-2.0494366;9.921572
2118;0.38307226;-2.0207062;9.873688
2119;0.45010993;-1.9728222;10.065224
2120;0.36391866;-1.9632454;9.988609
2121;0.30645782;-1.9632454;9.797073
2122;0.29688102;-1.934515;9.710882
2123;0.41180268;-1.9440918;9.710882
2124;0.39264908;-1.9249382;9.768343
2125;0.5554548;-1.9057846;9.624691
2126;0.47884035;-1.8962077;9.643845
2127;0.60333884;-1.7908629;9.653421
2128;0.59376204;-1.7717092;9.720459
2129;0.46926352;-1.7621324;9.797073
2130;0.45968673;-1.6663644;9.749189
2131;0.5650316;-1.5801731;9.873688
2132;0.37349546;-1.5705963;9.911995
2133;0.46926352;-1.3694834;9.921572
2134;0.48841715;-1.3024458;10.0748005
2135;0.48841715;-1.1492168;10.295067
2136;0.41180268;-1.0534488;10.228029
2137;0.4309563;-0.9768343;10.218452
2138;0.32561144;-0.89064306;10.1226845
2139;0.31603462;-0.7182605;10.055647
2140;0.2681506;-0.7374141;10.084377
2141;0.30645782;-0.60333884;10.04607
2142;0.2777274;-0.61291564;10.007763
2143;0.2777274;-0.47884035;9.9790325
2144;0.32561144;-0.46926352;10.103531
2145;0.24899697;-0.37349546;9.950302
2146;0.25857377;-0.37349546;9.969456
2147;0.2873042;-0.31603462;9.892841
2148;0.35434186;-0.36391866;9.864111
2149;0.36391866;-0.30645782;9.911995
2150;0.4309563;-0.31603462;9.883265
2151;0.40222588;-0.25857377;9.892841
2152;0.37349546;-0.37349546;9.883265
2153;0.4309563;-0.2777274;9.883265
2154;0.41180268;-0.30645782;9.854534
2155;0.41180268;-0.24899697;9.825804
2156;0.4213795;-0.25857377;9.825804
2157;0.33518824;-0.29688102;9.854534
2158;0.45968673;-0.22984336;9.911995
2159;0.4213795;-0.33518824;9.873688
2160;0.4213795;-0.2777274;9.854534
2161;0.41180268;-0.2777274;9.883265
2162;0.39264908;-0.2777274;9.864111
2163;0.40222588;-0.2777274;9.854534
2164;0.4309563;-0.2873042;9.911995
2165;0.35434186;-0.2873042;9.873688
2166;0.40222588;-0.29688102;9.816227
2167;0.40222588;-0.2681506;9.844957
2168;0.4309563;-0.2777274;9.854534
2169;0.39264908;-0.29688102;9.816227
2170;0.4213795;-0.24899697;9.854534
2171;0.4213795;-0.29688102;9.892841
2172;0.40222588;-0.2873042;9.835381
2173;0.4405331;-0.22026655;9.758766
2174;0.4213795;-0.2777274;9.911995
2175;0.39264908;-0.2777274;9.825804
2176;0.45968673;-0.25857377;9.873688
2177;0.40222588;-0.31603462;9.797073
2178;0.45010993;-0.22984336;9.902418
2179;0.40222588;-0.2681506;9.864111
2180;0.4405331;-0.31603462;9.816227
2181;0.40222588;-0.29688102;9.892841
2182;0.36391866;-0.25857377;9.864111
2183;0.4213795;-0.29688102;9.835381
2184;0.40222588;-0.30645782;9.902418
2185;0.37349546;-0.2681506;9.883265
2186;0.4213795;-0.29688102;9.844957
2187;0.35434186;-0.30645782;9.864111
2188;0.4213795;-0.25857377;9.892841
2189;0.37349546;-0.32561144;9.864111
2190;0.36391866;-0.2681506;9.80665
2191;0.45010993;-0.21068975;9.816227
2192;0.38307226;-0.2681506;9.864111
2193;0.4213795;-0.31603462;9.835381
2194;0.4213795;-0.2777274;9.892841
2195;0.39264908;-0.2777274;9.864111
2196;0.4213795;-0.23942018;9.969456
2197;0.39264908;-0.32561144;9.873688
2198;0.4405331;-0.25857377;9.921572
2199;0.4309563;-0.2777274;9.883265
2200;0.35434186;-0.31603462;9.825804
2201;0.46926352;-0.2681506;9.873688
2202;0.38307226;-0.30645782;9.825804
2203;0.4405331;-0.29688102;9.854534
2204;0.41180268;-0.2681506;9.825804
2205;0.4309563;-0.31603462;9.825804
2206;0.41180268;-0.2777274;9.902418
2207;0.40222588;-0.33518824;9.883265
2208;0.41180268;-0.2873042;9.816227
2209;0.4405331;-0.2681506;9.873688
2210;0.37349546;-0.30645782;9.911995
2211;0.45010993;-0.23942018;9.835381
2212;0.38307226;-0.32561144;9.883265
2213;0.41180268;-0.29688102;9.864111
2214;0.41180268;-0.31603462;9.844957
2215;0.36391866;-0.2777274;9.883265
2216;0.41180268;-0.25857377;9.911995
2217;0.40222588;-0.24899697;9.835381
2218;0.38307226;-0.32561144;9.873688
2219;0.40222588;-0.22026655;9.864111
2220;0.36391866;-0.32561144;9.911995
2221;0.41180268;-0.34476504;9.844957
2222;0.39264908;-0.24899697;9.758766
2223;0.45968673;-0.24899697;9.940725
2224;0.41180268;-0.30645782;9.883265
2225;0.38307226;-0.33518824;9.854534
2226;0.45010993;-0.29688102;9.950302
2227;0.4309563;-0.23942018;9.883265
2228;0.41180268;-0.25857377;9.854534
2229;0.39264908;-0.2873042;9.864111
2230;0.4405331;-0.22984336;9.873688
2231;0.4213795;-0.19153613;9.80665
2232;0.37349546;-0.2777274;9.873688
2233;0.4213795;-0.2873042;9.825804
2234;0.41180268;-0.29688102;9.816227
2235;0.41180268;-0.30645782;9.825804
2236;0.4405331;-0.2777274;9.873688
2237;0.38307226;-0.2777274;9.892841
2238;0.40222588;-0.2873042;9.844957
2239;0.40222588;-0.2681506;10.007763
2240;0.36391866;-0.33518824;9.950302
2241;0.40222588;-0.23942018;9.844957
2242;0.39264908;-0.22984336;9.921572
2243;0.4213795;-0.25857377;9.911995
2244;0.40222588;-0.24899697;9.864111
2245;0.36391866;-0.2873042;9.80665
2246;0.45010993;-0.30645782;9.80665
2247;0.38307226;-0.2681506;9.825804
2248;0.39264908;-0.34476504;9.787497
2249;0.4309563;-0.31603462;9.758766
2250;0.41180268;-0.2777274;9.768343
2251;0.4213795;-0.31603462;9.854534
2252;0.39264908;-0.2873042;9.873688
2253;0.45010993;-0.30645782;9.940725
2254;0.39264908;-0.2777274;9.931149
2255;0.39264908;-0.24899697;9.988609
2256;0.4405331;-0.29688102;9.921572
2257;0.40222588;-0.29688102;9.969456
2258;0.45968673;-0.23942018;9.9790325
2259;0.41180268;-0.38307226;9.854534
2260;0.34476504;-0.4309563;9.730036
2261;0.50757074;-0.29688102;9.739613
2262;0.35434186;-0.35434186;9.797073
2263;0.38307226;-0.40222588;9.720459
2264;0.4405331;-0.34476504;9.864111
2265;0.45010993;-0.21068975;9.662998
2266;0.29688102;-0.30645782;9.864111
2267;0.45968673;-0.36391866;9.998186
2268;0.35434186;-0.22984336;9.883265
2269;0.39264908;-0.22026655;9.940725
2270;0.36391866;-0.2681506;9.892841
2271;0.38307226;-0.2777274;9.892841
2272;0.38307226;-0.30645782;9.864111
2273;0.4213795;-0.24899697;9.854534
2274;0.39264908;-0.23942018;9.787497
2275;0.4213795;-0.2777274;9.825804
2276;0.4309563;-0.31603462;9.902418
2277;0.41180268;-0.2681506;9.835381
2278;0.41180268;-0.30645782;9.864111
2279;0.46926352;-0.22984336;9.911995
2280;0.39264908;-0.2873042;9.931149
2281;0.45968673;-0.20111294;9.825804
2282;0.4405331;-0.25857377;9.911995
2283;0.4309563;-0.24899697;9.825804
2284;0.40222588;-0.31603462;9.854534
2285;0.41180268;-0.22984336;9.787497
2286;0.39264908;-0.25857377;9.873688
2287;0.4213795;-0.23942018;9.892841
2288;0.38307226;-0.25857377;9.80665
2289;0.41180268;-0.23942018;9.873688
2290;0.34476504;-0.33518824;9.730036
2291;0.47884035;-0.19153613;9.816227
2292;0.37349546;-0.21068975;9.864111
2293;0.2777274;-0.36391866;9.902418
2294;0.47884035;-0.33518824;10.04607
2295;0.45968673;-0.21068975;9.835381
2296;0.4213795;-0.32561144;9.950302
2297;0.37349546;-0.30645782;9.816227
2298;0.39264908;-0.25857377;9.844957
2299;0.41180268;-0.31603462;9.835381
2300;0.41180268;-0.29688102;9.892841
2301;0.37349546;-0.2681506;9.911995
2302;0.47884035;-0.2873042;9.787497
2303;0.39264908;-0.2777274;9.854534
2304;0.4309563;-0.23942018;9.921572
2305;0.4213795;-0.31603462;9.873688
2306;0.4309563;-0.30645782;9.883265
2307;0.38307226;-0.32561144;9.892841
2308;0.4213795;-0.24899697;9.911995
2309;0.4405331;-0.29688102;9.873688
2310;0.41180268;-0.2873042;9.835381
2311;0.47884035;-0.22984336;9.911995
2312;0.41180268;-0.24899697;9.883265
2313;0.38307226;-0.2873042;9.80665
2314;0.4405331;-0.29688102;9.950302
2315;0.4309563;-0.2777274;9.873688
2316;0.40222588;-0.23942018;9.816227
2317;0.39264908;-0.32561144;9.864111
2318;0.4309563;-0.25857377;9.835381
2319;0.41180268;-0.30645782;9.864111
2320;0.36391866;-0.2777274;9.854534
2321;0.39264908;-0.29688102;9.854534
2322;0.4213795;-0.30645782;9.864111
2323;0.37349546;-0.29688102;9.844957
2324;0.37349546;-0.2873042;9.797073
2325;0.37349546;-0.31603462;9.902418
2326;0.4405331;-0.2681506;9.816227
2327;0.45010993;-0.30645782;9.835381
2328;0.4213795;-0.2777274;9.816227
2329;0.39264908;-0.30645782;9.921572
2330;0.40222588;-0.29688102;9.825804
2331;0.40222588;-0.31603462;9.864111
2332;0.40222588;-0.23942018;9.921572
2333;0.40222588;-0.30645782;9.835381
2334;0.4309563;-0.2777274;9.873688
2335;0.37349546;-0.31603462;9.797073
2336;0.4405331;-0.2777274;9.873688
2337;0.41180268;-0.35434186;9.911995
2338;0.4213795;-0.30645782;9.835381
2339;0.39264908;-0.30645782;9.873688
2340;0.39264908;-0.29688102;9.825804
2341;0.4405331;-0.30645782;9.844957
2342;0.40222588;-0.33518824;9.864111
2343;0.4405331;-0.24899697;9.883265
2344;0.4405331;-0.2777274;9.883265
2345;0.34476504;-0.33518824;9.883265
2346;0.39264908;-0.2777274;9.835381
2347;0.41180268;-0.29688102;9.864111
2348;0.41180268;-0.31603462;9.854534
2349;0.40222588;-0.25857377;9.854534
2350;0.41180268;-0.30645782;9.883265
2351;0.41180268;-0.23942018;9.835381
2352;0.39264908;-0.2681506;9.835381
2353;0.40222588;-0.31603462;9.883265
2354;0.40222588;-0.2777274;9.854534
2355;0.36391866;-0.2681506;9.844957
2356;0.41180268;-0.2873042;9.883265
2357;0.37349546;-0.31603462;9.902418
2358;0.4213795;-0.2777274;9.768343
2359;0.39264908;-0.2777274;9.873688
2360;0.40222588;-0.2681506;9.80665
2361;0.45010993;-0.24899697;9.825804
2362;0.39264908;-0.29688102;9.854534
2363;0.41180268;-0.23942018;9.873688
2364;0.4405331;-0.22984336;9.816227
2365;0.40222588;-0.2681506;9.864111
2366;0.41180268;-0.29688102;9.883265
2367;0.40222588;-0.2777274;9.844957
2368;0.4213795;-0.30645782;9.825804
2369;0.4405331;-0.2873042;9.854534
2370;0.36391866;-0.29688102;9.931149
2371;0.4309563;-0.30645782;9.892841
2372;0.4213795;-0.22026655;9.864111
2373;0.36391866;-0.32561144;9.892841
2374;0.4405331;-0.24899697;9.844957
2375;0.37349546;-0.37349546;9.921572
2376;0.37349546;-0.22984336;9.80665
2377;0.38307226;-0.2681506;9.931149
2378;0.40222588;-0.29688102;9.854534
2379;0.4405331;-0.2873042;9.816227
2380;0.37349546;-0.31603462;9.854534
2381;0.41180268;-0.2777274;9.911995
2382;0.4309563;-0.24899697;9.883265
2383;0.4213795;-0.30645782;9.825804
2384;0.4405331;-0.32561144;9.931149
2385;0.4213795;-0.29688102;9.854534
2386;0.45010993;-0.24899697;9.883265
2387;0.45010993;-0.2873042;9.921572
2388;0.4309563;-0.2777274;9.873688
2389;0.4309563;-0.2873042;9.873688
2390;0.40222588;-0.30645782;9.825804
2391;0.4405331;-0.25857377;9.883265
2392;0.41180268;-0.31603462;9.873688
2393;0.40222588;-0.29688102;9.873688
2394;0.45968673;-0.30645782;9.844957
2395;0.38307226;-0.29688102;9.892841
2396;0.4213795;-0.2873042;9.835381
2397;0.40222588;-0.2777274;9.931149
2398;0.33518824;-0.33518824;9.873688
2399;0.40222588;-0.29688102;9.844957
2400;0.39264908;-0.32561144;9.864111
2401;0.40222588;-0.24899697;9.835381
2402;0.4213795;-0.23942018;9.844957
2403;0.34476504;-0.30645782;9.892841
2404;0.4309563;-0.2873042;9.873688
2405;0.41180268;-0.32561144;9.835381
2406;0.39264908;-0.29688102;9.873688
2407;0.40222588;-0.2777274;9.911995
2408;0.41180268;-0.2681506;9.854534
2409;0.40222588;-0.32561144;9.883265
2410;0.40222588;-0.2681506;9.854534
2411;0.41180268;-0.2777274;9.902418
2412;0.38307226;-0.23942018;9.883265
2413;0.4213795;-0.2681506;9.854534
2414;0.4213795;-0.2873042;9.892841
2415;0.38307226;-0.25857377;9.825804
2416;0.41180268;-0.2777274;9.816227
2417;0.38307226;-0.29688102;9.902418
2418;0.36391866;-0.31603462;9.911995
2419;0.40222588;-0.29688102;9.77792
2420;0.36391866;-0.2873042;9.835381
2421;0.4405331;-0.2681506;9.816227
2422;0.41180268;-0.23942018;9.9790325
2423;0.40222588;-0.24899697;9.825804
2424;0.38307226;-0.33518824;9.758766
2425;0.37349546;-0.2777274;9.873688
2426;0.32561144;-0.2681506;9.9790325
2427;0.48841715;-0.29688102;9.80665
