;ay;ax;az
1;0.24899697;-0.17238252;9.816227
2;0.2777274;-0.17238252;9.710882
3;0.30645782;-0.17238252;9.701305
4;0.24899697;-0.15322891;10.084377
5;0.1436521;-0.12449849;10.01734
6;0.2681506;-0.18195933;9.56723
7;0.2681506;-0.2873042;9.528923
8;0.29688102;-0.22984336;9.672575
9;0.29688102;-0.18195933;9.77792
10;0.25857377;-0.22984336;9.844957
11;0.2873042;-0.19153613;9.854534
12;0.24899697;-0.19153613;9.816227
13;0.24899697;-0.095768064;10.151415
14;0.23942018;-0.17238252;10.180145
15;0.24899697;-0.16280572;9.969456
16;0.1436521;-0.16280572;10.036493
17;0.22026655;-0.11492168;10.151415
18;0.2777274;-0.08619126;10.170568
19;0.12449849;-0.08619126;10.084377
20;0.35434186;-0.19153613;10.113108
21;0.1340753;-0.22984336;9.758766
22;0.1436521;-0.20111294;9.595961
23;0.7182605;-0.047884032;9.988609
24;-0.4405331;-0.19153613;10.323798
25;0.80445176;-0.22026655;9.701305
26;0.02873042;-0.32561144;9.222465
27;0.24899697;-0.16280572;9.940725
28;0.24899697;-0.21068975;9.854534
29;0.23942018;-0.19153613;9.873688
30;0.22026655;-0.24899697;9.844957
31;0.2873042;-0.24899697;9.873688
32;0.23942018;-0.21068975;9.854534
33;0.2777274;-0.20111294;9.864111
34;0.22984336;-0.22984336;9.844957
35;0.24899697;-0.16280572;9.940725
36;0.2681506;-0.21068975;9.959879
37;0.23942018;-0.1340753;9.864111
38;0.31603462;-0.22026655;9.844957
39;0.24899697;-0.22026655;9.80665
40;0.24899697;-0.19153613;9.940725
41;0.2873042;-0.18195933;9.931149
42;0.25857377;-0.20111294;9.797073
43;0.25857377;-0.22026655;9.892841
44;0.19153613;-0.18195933;9.787497
45;0.25857377;-0.25857377;9.911995
46;0.22984336;-0.17238252;9.825804
47;0.22026655;-0.17238252;9.864111
48;0.29688102;-0.21068975;9.825804
49;0.18195933;-0.15322891;9.825804
50;0.2777274;-0.22026655;9.940725
51;0.23942018;-0.1436521;9.854534
52;0.25857377;-0.20111294;9.797073
53;0.2681506;-0.20111294;9.825804
54;0.24899697;-0.15322891;9.854534
55;0.2873042;-0.18195933;9.797073
56;0.25857377;-0.18195933;9.959879
57;0.21068975;-0.17238252;10.0269165
58;0.30645782;-0.20111294;9.864111
59;0.24899697;-0.21068975;9.77792
60;0.24899697;-0.16280572;9.931149
61;0.22026655;-0.17238252;9.9790325
62;0.2873042;-0.19153613;9.797073
63;0.30645782;-0.24899697;9.864111
64;0.22026655;-0.19153613;9.854534
65;0.22984336;-0.25857377;9.969456
66;0.2873042;-0.22026655;9.797073
67;0.24899697;-0.23942018;9.758766
68;0.2681506;-0.21068975;9.940725
69;0.23942018;-0.21068975;9.883265
70;0.31603462;-0.24899697;9.854534
71;0.24899697;-0.20111294;9.77792
72;0.18195933;-0.1340753;9.959879
73;0.30645782;-0.18195933;9.921572
74;0.22026655;-0.18195933;9.739613
75;0.2873042;-0.25857377;9.911995
76;0.19153613;-0.22026655;9.921572
77;0.23942018;-0.18195933;9.892841
78;0.31603462;-0.2681506;9.768343
79;0.22026655;-0.20111294;9.864111
80;0.22984336;-0.22026655;9.911995
81;0.2777274;-0.21068975;9.902418
82;0.24899697;-0.2777274;9.835381
83;0.2777274;-0.19153613;9.892841
84;0.22984336;-0.21068975;9.931149
85;0.29688102;-0.21068975;9.77792
86;0.23942018;-0.18195933;9.749189
87;0.23942018;-0.22984336;9.902418
88;0.2681506;-0.20111294;9.892841
89;0.24899697;-0.23942018;9.739613
90;0.2777274;-0.22026655;9.902418
91;0.24899697;-0.16280572;9.854534
92;0.24899697;-0.22026655;9.825804
93;0.2681506;-0.21068975;9.854534
94;0.22984336;-0.22984336;9.835381
95;0.2681506;-0.22026655;9.854534
96;0.24899697;-0.18195933;9.883265
97;0.29688102;-0.22984336;9.835381
98;0.21068975;-0.15322891;9.902418
99;0.24899697;-0.19153613;9.787497
100;0.32561144;-0.20111294;9.80665
101;0.20111294;-0.1436521;9.873688
102;0.29688102;-0.17238252;9.959879
103;0.22026655;-0.22026655;9.835381
104;0.31603462;-0.23942018;9.77792
105;0.21068975;-0.16280572;9.864111
106;0.25857377;-0.18195933;10.007763
107;0.2873042;-0.20111294;9.844957
108;0.24899697;-0.22984336;9.911995
109;0.2681506;-0.23942018;9.844957
110;0.2681506;-0.18195933;9.892841
111;0.25857377;-0.23942018;9.864111
112;0.21068975;-0.16280572;9.835381
113;0.29688102;-0.22984336;9.80665
114;0.24899697;-0.22026655;9.77792
115;0.22026655;-0.20111294;9.864111
116;0.25857377;-0.20111294;9.854534
117;0.25857377;-0.22984336;9.959879
118;0.24899697;-0.19153613;9.969456
119;0.24899697;-0.22026655;9.797073
120;0.2777274;-0.22984336;9.749189
121;0.22026655;-0.20111294;9.768343
122;0.21068975;-0.16280572;10.0269165
123;0.2873042;-0.25857377;9.950302
124;0.24899697;-0.22984336;9.758766
125;0.30645782;-0.18195933;9.864111
126;0.24899697;-0.18195933;9.950302
127;0.21068975;-0.16280572;9.854534
128;0.33518824;-0.22984336;9.768343
129;0.19153613;-0.16280572;9.892841
130;0.24899697;-0.22984336;9.911995
131;0.2681506;-0.25857377;9.825804
132;0.23942018;-0.16280572;9.730036
133;0.33518824;-0.21068975;9.854534
134;0.21068975;-0.17238252;9.883265
135;0.30645782;-0.20111294;9.911995
136;0.25857377;-0.20111294;9.768343
137;0.20111294;-0.15322891;9.768343
138;0.35434186;-0.22026655;10.036493
139;0.1340753;-0.21068975;9.911995
140;0.45010993;-0.19153613;9.787497
141;0.08619126;-0.15322891;9.720459
142;0.24899697;-0.2681506;10.04607
143;0.31603462;-0.16280572;9.921572
144;0.24899697;-0.22984336;9.787497
145;0.23942018;-0.16280572;9.873688
146;0.22026655;-0.1340753;9.921572
147;0.24899697;-0.19153613;9.864111
148;0.2681506;-0.22984336;9.835381
149;0.22984336;-0.18195933;9.844957
150;0.2777274;-0.1436521;9.825804
151;0.24899697;-0.19153613;9.911995
152;0.24899697;-0.22984336;9.835381
153;0.2873042;-0.17238252;9.873688
154;0.22026655;-0.17238252;9.959879
155;0.29688102;-0.20111294;9.844957
156;0.22026655;-0.16280572;9.844957
157;0.32561144;-0.22026655;9.825804
158;0.25857377;-0.21068975;9.911995
159;0.2777274;-0.18195933;9.883265
160;0.35434186;-0.19153613;9.883265
161;0.23942018;-0.16280572;9.710882
162;0.31603462;-0.22984336;9.730036
163;0.25857377;-0.18195933;9.9790325
164;0.17238252;-0.12449849;9.988609
165;0.34476504;-0.24899697;9.902418
166;0.11492168;-0.17238252;9.634268
167;0.4309563;-0.18195933;9.80665
168;-0.06703765;-0.15322891;10.141838
169;0.51714754;-0.1436521;10.0269165
170;0.12449849;-0.21068975;9.643845
171;0.12449849;-0.21068975;9.816227
172;0.5650316;-0.06703765;9.787497
173;-0.22984336;-0.18195933;9.749189
174;1.0247183;-0.0;9.950302
175;-0.32561144;-0.095768064;10.151415
176;0.37349546;-0.22026655;9.854534
177;0.18195933;-0.1436521;9.797073
178;0.24899697;-0.17238252;9.864111
179;0.24899697;-0.17238252;9.77792
180;0.31603462;-0.19153613;9.873688
181;0.22984336;-0.18195933;9.768343
182;0.21068975;-0.1436521;9.77792
183;0.30645782;-0.22026655;9.816227
184;0.25857377;-0.17238252;9.844957
185;0.2873042;-0.24899697;9.797073
186;0.22026655;-0.16280572;9.844957
187;0.29688102;-0.21068975;9.835381
188;0.24899697;-0.24899697;9.921572
189;0.2681506;-0.20111294;9.873688
190;0.2873042;-0.22984336;9.9790325
191;0.20111294;-0.22984336;9.921572
192;0.22984336;-0.1340753;9.921572
193;0.29688102;-0.18195933;10.01734
194;0.24899697;-0.20111294;9.864111
195;0.18195933;-0.16280572;9.797073
196;0.24899697;-0.21068975;10.04607
197;0.30645782;-0.2873042;9.998186
198;0.24899697;-0.095768064;9.873688
199;0.1436521;-0.22026655;10.01734
200;0.2873042;-0.20111294;9.902418
201;0.24899697;-0.16280572;9.950302
202;0.2681506;-0.24899697;9.873688
203;0.25857377;-0.22984336;9.911995
204;0.2681506;-0.20111294;9.844957
205;0.30645782;-0.18195933;9.892841
206;0.2681506;-0.23942018;9.911995
207;0.22984336;-0.18195933;9.80665
208;0.23942018;-0.21068975;9.864111
209;0.23942018;-0.17238252;9.883265
210;0.22984336;-0.22984336;9.797073
211;0.2681506;-0.19153613;9.883265
212;0.23942018;-0.16280572;9.844957
213;0.24899697;-0.24899697;9.883265
214;0.25857377;-0.22026655;9.883265
215;0.30645782;-0.18195933;9.854534
216;0.24899697;-0.22026655;9.864111
217;0.24899697;-0.22026655;9.873688
218;0.2873042;-0.21068975;9.825804
219;0.2681506;-0.20111294;9.854534
220;0.30645782;-0.23942018;9.892841
221;0.2681506;-0.22984336;9.825804
222;0.2681506;-0.19153613;9.825804
223;0.24899697;-0.16280572;9.902418
224;0.23942018;-0.16280572;9.844957
225;0.31603462;-0.19153613;9.844957
226;0.24899697;-0.15322891;9.892841
227;0.21068975;-0.18195933;9.816227
228;0.25857377;-0.17238252;9.892841
229;0.24899697;-0.20111294;9.864111
230;0.2681506;-0.22026655;9.864111
231;0.2873042;-0.21068975;9.854534
232;0.24899697;-0.23942018;9.854534
233;0.23942018;-0.20111294;9.892841
234;0.23942018;-0.18195933;9.768343
235;0.29688102;-0.22026655;9.873688
236;0.24899697;-0.17238252;9.787497
237;0.24899697;-0.17238252;9.892841
238;0.25857377;-0.18195933;9.864111
239;0.2777274;-0.18195933;9.835381
240;0.24899697;-0.18195933;9.873688
241;0.25857377;-0.21068975;9.825804
242;0.24899697;-0.23942018;9.883265
243;0.29688102;-0.20111294;9.77792
244;0.24899697;-0.21068975;9.892841
245;0.25857377;-0.15322891;9.844957
246;0.25857377;-0.19153613;9.825804
247;0.24899697;-0.18195933;9.883265
248;0.2777274;-0.1436521;9.825804
249;0.22984336;-0.17238252;9.854534
250;0.24899697;-0.19153613;9.911995
251;0.25857377;-0.21068975;9.873688
252;0.23942018;-0.16280572;9.739613
253;0.2681506;-0.18195933;9.883265
254;0.23942018;-0.15322891;9.902418
255;0.2681506;-0.18195933;9.825804
256;0.2681506;-0.23942018;9.873688
257;0.24899697;-0.22984336;9.864111
258;0.25857377;-0.21068975;9.921572
259;0.24899697;-0.095768064;9.892841
260;0.25857377;-0.17238252;9.864111
261;0.22984336;-0.12449849;9.825804
262;0.21068975;-0.1436521;9.892841
263;0.22026655;-0.21068975;9.854534
264;0.25857377;-0.19153613;9.873688
265;0.2777274;-0.22026655;9.902418
266;0.2681506;-0.19153613;9.816227
267;0.24899697;-0.22984336;9.77792
268;0.2777274;-0.22984336;9.873688
269;0.24899697;-0.095768064;9.844957
270;0.23942018;-0.17238252;9.883265
271;0.22984336;-0.17238252;9.892841
272;0.23942018;-0.20111294;9.835381
273;0.25857377;-0.21068975;9.873688
274;0.22026655;-0.17238252;9.902418
275;0.24899697;-0.16280572;9.844957
276;0.2681506;-0.24899697;9.902418
277;0.25857377;-0.17238252;9.844957
278;0.2681506;-0.23942018;9.864111
279;0.22984336;-0.19153613;9.844957
280;0.2681506;-0.17238252;9.844957
281;0.2681506;-0.25857377;9.883265
282;0.24899697;-0.1340753;9.835381
283;0.24899697;-0.25857377;9.892841
284;0.22984336;-0.21068975;9.816227
285;0.2777274;-0.21068975;9.883265
286;0.2681506;-0.22026655;9.854534
287;0.20111294;-0.19153613;9.864111
288;0.24899697;-0.18195933;9.844957
289;0.22026655;-0.16280572;9.864111
290;0.24899697;-0.22026655;9.892841
291;0.24899697;-0.22026655;9.844957
292;0.24899697;-0.2873042;9.873688
293;0.25857377;-0.16280572;9.902418
294;0.31603462;-0.23942018;9.873688
295;0.23942018;-0.20111294;9.873688
296;0.2873042;-0.21068975;9.892841
297;0.25857377;-0.21068975;9.844957
298;0.24899697;-0.11492168;9.854534
299;0.23942018;-0.23942018;9.873688
300;0.29688102;-0.15322891;9.825804
301;0.24899697;-0.25857377;9.835381
302;0.21068975;-0.19153613;9.873688
303;0.2681506;-0.18195933;9.873688
304;0.2681506;-0.21068975;9.864111
305;0.25857377;-0.22026655;9.844957
306;0.29688102;-0.21068975;9.950302
307;0.23942018;-0.25857377;9.873688
308;0.22984336;-0.1340753;9.864111
309;0.22984336;-0.1436521;9.835381
310;0.21068975;-0.21068975;9.883265
311;0.2681506;-0.18195933;9.911995
312;0.23942018;-0.21068975;9.864111
313;0.22984336;-0.1436521;9.854534
314;0.2873042;-0.16280572;9.892841
315;0.24899697;-0.17238252;9.883265
316;0.23942018;-0.15322891;9.864111
317;0.2681506;-0.17238252;9.873688
318;0.24899697;-0.18195933;9.854534
319;0.24899697;-0.20111294;9.854534
320;0.25857377;-0.17238252;9.902418
321;0.29688102;-0.21068975;9.873688
322;0.25857377;-0.18195933;9.758766
323;0.25857377;-0.20111294;9.931149
324;0.24899697;-0.19153613;9.892841
325;0.2873042;-0.19153613;9.797073
326;0.2873042;-0.22984336;9.998186
327;0.22984336;-0.17238252;9.80665
328;0.2777274;-0.22984336;9.825804
329;0.24899697;-0.18195933;9.854534
330;0.24899697;-0.21068975;9.902418
331;0.24899697;-0.21068975;9.854534
332;0.22984336;-0.17238252;9.854534
333;0.24899697;-0.21068975;9.797073
334;0.21068975;-0.18195933;9.816227
335;0.25857377;-0.21068975;9.883265
336;0.25857377;-0.22026655;9.883265
337;0.24899697;-0.19153613;9.854534
338;0.2777274;-0.19153613;9.844957
339;0.24899697;-0.18195933;9.902418
340;0.22026655;-0.20111294;9.864111
341;0.24899697;-0.20111294;9.854534
342;0.24899697;-0.21068975;9.873688
343;0.2873042;-0.24899697;9.921572
344;0.25857377;-0.18195933;9.931149
345;0.25857377;-0.21068975;9.854534
346;0.24899697;-0.22984336;9.844957
347;0.25857377;-0.22026655;9.816227
348;0.24899697;-0.2681506;9.873688
349;0.24899697;-0.18195933;9.80665
350;0.24899697;-0.23942018;9.854534
351;0.2681506;-0.23942018;9.940725
352;0.24899697;-0.21068975;9.835381
353;0.30645782;-0.19153613;9.864111
354;0.25857377;-0.20111294;9.873688
355;0.24899697;-0.22026655;9.844957
356;0.2873042;-0.23942018;9.854534
357;0.24899697;-0.1436521;9.854534
358;0.29688102;-0.23942018;9.825804
359;0.22984336;-0.15322891;9.816227
360;0.24899697;-0.21068975;9.80665
361;0.24899697;-0.19153613;9.80665
362;0.24899697;-0.20111294;9.873688
363;0.24899697;-0.23942018;9.854534
364;0.2681506;-0.19153613;9.873688
365;0.21068975;-0.12449849;9.864111
366;0.2777274;-0.16280572;9.825804
367;0.22984336;-0.21068975;9.854534
368;0.24899697;-0.15322891;9.892841
369;0.23942018;-0.1340753;9.873688
370;0.25857377;-0.1340753;9.892841
371;0.23942018;-0.12449849;9.921572
372;0.2681506;-0.22984336;9.873688
373;0.24899697;-0.18195933;9.816227
374;0.24899697;-0.16280572;9.844957
375;0.25857377;-0.18195933;9.844957
376;0.23942018;-0.15322891;9.969456
377;0.22984336;-0.19153613;9.825804
378;0.25857377;-0.17238252;9.835381
379;0.24899697;-0.20111294;9.864111
380;0.2777274;-0.15322891;9.816227
381;0.2873042;-0.22026655;9.931149
382;0.2777274;-0.18195933;9.873688
383;0.24899697;-0.17238252;9.892841
384;0.25857377;-0.12449849;9.959879
385;0.24899697;-0.16280572;9.873688
386;0.2777274;-0.22026655;9.797073
387;0.25857377;-0.17238252;9.835381
388;0.2777274;-0.20111294;9.854534
389;0.23942018;-0.1340753;9.873688
390;0.25857377;-0.20111294;9.873688
391;0.24899697;-0.22026655;9.835381
392;0.21068975;-0.16280572;9.844957
393;0.22984336;-0.16280572;9.940725
394;0.24899697;-0.22984336;9.864111
395;0.24899697;-0.22026655;9.825804
396;0.2681506;-0.22026655;9.998186
397;0.24899697;-0.19153613;9.844957
398;0.2681506;-0.19153613;9.825804
399;0.19153613;-0.22026655;9.883265
400;0.25857377;-0.24899697;9.892841
401;0.2873042;-0.31603462;9.921572
402;0.22984336;-0.23942018;9.80665
403;0.24899697;-0.22984336;9.873688
404;0.25857377;-0.2681506;9.864111
405;0.2873042;-0.2777274;9.844957
406;0.2777274;-0.23942018;9.854534
407;0.2681506;-0.25857377;9.77792
408;0.22984336;-0.2681506;9.892841
409;0.2681506;-0.29688102;9.892841
410;0.2777274;-0.2777274;9.873688
411;0.2873042;-0.2873042;9.873688
412;0.24899697;-0.24899697;9.931149
413;0.24899697;-0.21068975;9.883265
414;0.24899697;-0.25857377;9.883265
415;0.22984336;-0.2777274;9.854534
416;0.29688102;-0.22026655;9.902418
417;0.24899697;-0.24899697;9.873688
418;0.24899697;-0.22026655;9.883265
419;0.22984336;-0.16280572;9.873688
420;0.21068975;-0.1436521;9.844957
421;0.24899697;-0.20111294;9.931149
422;0.22026655;-0.21068975;9.825804
423;0.24899697;-0.20111294;9.844957
424;0.23942018;-0.17238252;9.883265
425;0.2681506;-0.16280572;9.873688
426;0.2873042;-0.17238252;9.892841
427;0.24899697;-0.17238252;9.844957
428;0.2777274;-0.19153613;9.921572
429;0.24899697;-0.11492168;9.892841
430;0.2777274;-0.20111294;9.844957
431;0.30645782;-0.17238252;9.864111
432;0.24899697;-0.05746084;9.902418
433;0.2873042;-0.1340753;9.854534
434;0.25857377;-0.08619126;9.873688
435;0.22984336;-0.10534488;9.911995
436;0.29688102;-0.16280572;9.854534
437;0.24899697;-0.18195933;9.902418
438;0.24899697;-0.08619126;9.892841
439;0.24899697;-0.12449849;9.892841
440;0.22984336;-0.10534488;9.844957
441;0.2777274;-0.12449849;9.921572
442;0.22984336;-0.1436521;9.873688
443;0.25857377;-0.095768064;9.844957
444;0.24899697;-0.15322891;9.883265
445;0.22026655;-0.11492168;9.940725
446;0.24899697;-0.12449849;9.883265
447;0.25857377;-0.1340753;9.77792
448;0.22984336;-0.17238252;9.911995
449;0.22026655;-0.08619126;9.902418
450;0.23942018;-0.11492168;9.835381
451;0.24899697;-0.12449849;9.921572
452;0.22984336;-0.17238252;9.844957
453;0.24899697;-0.15322891;9.864111
454;0.23942018;-0.16280572;9.854534
455;0.25857377;-0.22026655;9.892841
456;0.25857377;-0.17238252;9.835381
457;0.23942018;-0.22984336;9.835381
458;0.2873042;-0.22984336;9.883265
459;0.25857377;-0.21068975;9.873688
460;0.25857377;-0.25857377;9.931149
461;0.24899697;-0.21068975;9.854534
462;0.24899697;-0.25857377;9.883265
463;0.2873042;-0.29688102;9.902418
464;0.25857377;-0.30645782;9.844957
465;0.25857377;-0.2873042;9.892841
466;0.30645782;-0.35434186;9.873688
467;0.24899697;-0.2873042;9.844957
468;0.2681506;-0.35434186;9.844957
469;0.24899697;-0.32561144;9.950302
470;0.24899697;-0.36391866;9.825804
471;0.24899697;-0.31603462;9.902418
472;0.23942018;-0.29688102;9.80665
473;0.23942018;-0.33518824;9.911995
474;0.24899697;-0.33518824;9.864111
475;0.25857377;-0.36391866;9.816227
476;0.22984336;-0.32561144;9.864111
477;0.24899697;-0.29688102;9.825804
478;0.2681506;-0.32561144;9.883265
479;0.21068975;-0.29688102;9.902418
480;0.21068975;-0.30645782;9.825804
481;0.2873042;-0.29688102;9.844957
482;0.23942018;-0.29688102;9.921572
483;0.2777274;-0.21068975;9.835381
484;0.25857377;-0.22984336;9.873688
485;0.2777274;-0.22984336;9.873688
486;0.2681506;-0.19153613;9.854534
487;0.25857377;-0.18195933;9.883265
488;0.24899697;-0.19153613;9.835381
489;0.2873042;-0.20111294;9.883265
490;0.22984336;-0.16280572;9.844957
491;0.2873042;-0.15322891;9.902418
492;0.25857377;-0.17238252;9.835381
493;0.24899697;-0.1436521;9.873688
494;0.2777274;-0.1340753;9.883265
495;0.19153613;-0.095768064;9.864111
496;0.24899697;-0.05746084;9.902418
497;0.20111294;-0.11492168;9.854534
498;0.20111294;-0.06703765;9.969456
499;0.23942018;-0.047884032;9.883265
500;0.22026655;-0.038307227;9.921572
501;0.21068975;-0.047884032;9.940725
502;0.20111294;-0.0;9.902418
503;0.24899697;-0.047884032;9.940725
504;0.22026655;0.019153614;9.921572
505;0.24899697;-0.10534488;9.921572
506;0.24899697;-0.047884032;9.959879
507;0.20111294;-0.06703765;9.883265
508;0.29688102;-0.038307227;9.844957
509;0.29688102;-0.095768064;9.892841
510;0.24899697;-0.06703765;9.854534
511;0.32561144;-0.009576807;9.902418
512;0.2777274;-0.076614454;9.892841
513;0.32561144;-0.15322891;9.902418
514;0.32561144;-0.05746084;9.873688
515;0.2873042;-0.12449849;9.844957
516;0.33518824;-0.1340753;9.969456
517;0.2777274;-0.076614454;9.864111
518;0.2681506;-0.08619126;9.950302
519;0.32561144;-0.076614454;9.959879
520;0.24899697;-0.05746084;9.825804
521;0.2777274;-0.11492168;9.854534
522;0.19153613;-0.08619126;9.911995
523;0.22026655;-0.095768064;9.864111
524;0.23942018;-0.15322891;9.787497
525;0.1340753;-0.15322891;9.835381
526;0.17238252;-0.12449849;9.864111
527;0.15322891;-0.1436521;9.825804
528;0.12449849;-0.16280572;9.921572
529;0.10534488;-0.20111294;9.864111
530;0.11492168;-0.19153613;9.825804
531;0.16280572;-0.22984336;9.911995
532;0.15322891;-0.30645782;9.864111
533;0.10534488;-0.30645782;9.816227
534;0.23942018;-0.32561144;9.883265
535;0.22984336;-0.33518824;9.892841
536;0.22984336;-0.40222588;9.825804
537;0.2873042;-0.50757074;9.816227
538;0.31603462;-0.48841715;9.911995
539;0.32561144;-0.48841715;9.911995
540;0.34476504;-0.46926352;9.816227
541;0.37349546;-0.48841715;9.835381
542;0.37349546;-0.50757074;9.835381
543;0.37349546;-0.50757074;9.892841
544;0.41180268;-0.45968673;9.883265
545;0.46926352;-0.4309563;9.921572
546;0.47884035;-0.45968673;9.902418
547;0.41180268;-0.47884035;9.959879
548;0.4405331;-0.37349546;9.883265
549;0.39264908;-0.38307226;9.911995
550;0.35434186;-0.45968673;9.959879
551;0.2873042;-0.35434186;9.883265
552;0.2681506;-0.34476504;9.911995
553;0.22026655;-0.2777274;9.864111
554;0.20111294;-0.29688102;9.844957
555;0.15322891;-0.22026655;9.825804
556;0.12449849;-0.22026655;9.854534
557;0.038307227;-0.17238252;9.80665
558;0.0;-0.10534488;9.844957
559;0.009576807;-0.095768064;9.969456
560;-0.02873042;-0.047884032;9.921572
561;0.02873042;-0.0;9.873688
562;-0.019153614;0.038307227;10.007763
563;-0.047884032;0.019153614;9.998186
564;0.06703765;-0.0;10.01734
565;-0.06703765;0.06703765;9.931149
566;0.08619126;0.047884032;9.9790325
567;0.10534488;0.038307227;9.892841
568;0.038307227;0.038307227;9.921572
569;0.2777274;-0.009576807;9.902418
570;0.20111294;-0.0;9.902418
571;0.30645782;-0.038307227;9.864111
572;0.36391866;-0.06703765;9.844957
573;0.40222588;-0.047884032;9.921572
574;0.4213795;-0.06703765;9.892841
575;0.41180268;-0.019153614;9.864111
576;0.4405331;-0.0;9.864111
577;0.45010993;-0.038307227;9.892841
578;0.4405331;-0.06703765;9.873688
579;0.545878;-0.009576807;9.854534
580;0.51714754;-0.076614454;9.835381
581;0.6512229;-0.047884032;9.835381
582;0.51714754;-0.06703765;9.816227
583;0.641646;-0.0;9.873688
584;0.46926352;-0.05746084;9.844957
585;0.4309563;-0.019153614;9.835381
586;0.51714754;0.009576807;9.80665
587;0.30645782;-0.019153614;10.01734
588;0.4309563;0.095768064;9.988609
589;0.32561144;0.019153614;10.007763
590;0.29688102;0.11492168;10.036493
591;0.22026655;0.05746084;10.0748005
592;0.095768064;0.22026655;9.998186
593;-0.08619126;0.2777274;10.007763
594;-0.076614454;0.22984336;10.04607
595;-0.19153613;0.25857377;9.931149
596;-0.22984336;0.18195933;9.921572
597;-0.16280572;0.1436521;9.911995
598;-0.17238252;0.11492168;9.969456
599;-0.2873042;0.11492168;9.969456
600;-0.34476504;0.06703765;9.911995
601;-0.25857377;-0.019153614;9.825804
602;-0.38307226;-0.0;9.835381
603;-0.19153613;-0.05746084;9.931149
604;0.1436521;0.095768064;9.835381
605;-0.19153613;-0.076614454;9.720459
606;0.29688102;-0.24899697;9.509769
607;0.30645782;-0.31603462;9.988609
608;0.36391866;-0.21068975;10.04607
609;0.33518824;-0.31603462;9.77792
610;0.34476504;-0.38307226;9.816227
611;0.35434186;-0.41180268;10.01734
612;0.39264908;-0.4309563;9.624691
613;0.47884035;-0.4213795;9.682152
614;0.61291564;-0.38307226;10.170568
615;0.81402856;-0.41180268;9.959879
616;0.8523358;-0.545878;9.749189
617;0.94810385;-0.41180268;10.189722
618;0.842759;-0.48841715;10.0269165
619;0.842759;-0.36391866;9.701305
620;0.5746084;-0.2681506;10.323798
621;0.6703765;-0.30645782;10.0269165
622;0.49799395;-0.545878;9.682152
623;0.5363012;-0.45010993;10.25676
624;0.6512229;-0.32561144;10.419566
625;0.545878;-0.61291564;10.01734
626;0.5746084;-0.62249243;10.132261
627;0.095768064;-0.6512229;9.969456
628;0.2777274;-0.89064306;9.442732
629;0.21068975;-0.79487497;9.691729
630;-0.30645782;-0.79487497;9.892841
631;0.33518824;-0.93852705;9.442732
632;-0.08619126;-0.8810662;9.662998
633;-0.009576807;-0.93852705;9.586384
634;0.16280572;-1.0342951;9.433155
635;-0.08619126;-0.8331822;9.720459
636;-0.2777274;-0.7469909;9.691729
637;-0.6991069;-0.6703765;9.279925
638;-0.90021986;-0.60333884;9.701305
639;-0.6799533;-0.40222588;9.892841
640;-0.5650316;-0.34476504;9.624691
641;-0.38307226;-0.2777274;10.1226845
642;-0.11492168;-0.1436521;10.486604
643;0.15322891;-0.1436521;10.103531
644;-0.095768064;-0.22026655;10.429143
645;0.31603462;-0.1340753;10.793061
646;0.37349546;-0.076614454;10.409989
647;0.24899697;-0.18195933;9.931149
648;0.5650316;-0.31603462;9.844957
649;0.19153613;-0.5267244;9.921572
650;0.29688102;-0.34476504;10.036493
651;0.32561144;-0.5650316;9.998186
652;0.36391866;-0.59376204;9.940725
653;0.4309563;-0.5746084;9.892841
654;0.6512229;-0.51714754;9.825804
655;0.45968673;-0.545878;9.797073
656;0.34476504;-0.5554548;9.739613
657;0.37349546;-0.49799395;9.710882
658;0.4405331;-0.47884035;9.720459
659;0.22984336;-0.34476504;9.787497
660;0.2777274;-0.24899697;9.797073
661;0.30645782;-0.20111294;9.749189
662;0.39264908;-0.11492168;9.816227
663;0.36391866;-0.10534488;9.797073
664;0.51714754;0.02873042;9.883265
665;0.48841715;0.21068975;10.01734
666;0.36391866;0.30645782;10.055647
667;0.51714754;0.4213795;10.01734
668;0.4405331;0.47884035;10.055647
669;0.33518824;0.641646;10.333375
670;0.33518824;0.79487497;10.170568
671;0.4309563;0.8714894;10.093954
672;0.29688102;0.89064306;10.275913
673;0.31603462;0.9576807;10.04607
674;0.25857377;1.1779473;10.084377
675;0.076614454;1.2066777;10.151415
676;0.08619126;1.1779473;9.835381
677;0.0;1.2545617;9.739613
678;-0.18195933;1.2258313;9.940725
679;-0.05746084;1.2641385;9.787497
680;-0.10534488;1.2066777;9.662998
681;-0.095768064;1.2066777;9.998186
682;0.019153614;1.2258313;9.710882
683;0.20111294;1.1204864;9.77792
684;0.095768064;1.1204864;10.419566
685;0.22984336;1.1109096;9.959879
686;0.4309563;1.1492168;9.816227
687;0.24899697;1.1875241;10.716447
688;0.39264908;1.2162545;10.25676
689;0.7278373;1.2258313;9.80665
690;0.41180268;1.2162545;10.505757
691;0.6895301;1.3215994;10.170568
692;0.8523358;1.2066777;9.624691
693;0.29688102;1.2641385;10.151415
694;0.45010993;1.388637;9.902418
695;0.48841715;1.2545617;9.404425
696;0.641646;1.3215994;9.950302
697;0.2873042;1.4939818;9.864111
698;0.23942018;1.3503298;9.299079
699;0.7374141;1.436521;9.797073
700;0.019153614;1.484405;9.816227
701;0.50757074;1.4939818;9.509769
702;0.11492168;1.4077905;9.835381
703;-0.33518824;1.5035586;9.77792
704;0.11492168;1.5035586;9.634268
705;-0.2873042;1.4748282;9.931149
706;-0.076614454;1.5801731;10.237606
707;-0.24899697;1.4748282;10.208876
708;0.25857377;1.4556746;10.381259
709;-0.08619126;1.5131354;10.553641
710;0.076614454;1.5610195;10.524911
711;0.36391866;1.4269443;10.70687
712;-0.35434186;1.3790601;10.831368
713;0.37349546;1.3982137;10.237606
714;0.16280572;1.292869;10.333375
715;0.22984336;1.436521;10.28549
716;0.7278373;1.4173675;10.352529
717;0.12449849;1.2066777;10.093954
718;0.50757074;1.2737153;9.643845
719;0.37349546;1.1587936;9.461885
720;0.5267244;1.1875241;9.136273
721;0.7374141;1.3311762;9.32781
722;0.22984336;1.2545617;9.203311
723;0.4213795;1.2545617;9.097966
724;0.5363012;1.2737153;9.059659
725;0.10534488;1.5227122;9.375694
726;0.1436521;1.8100165;10.113108
727;0.02873042;1.9440918;10.362105
728;0.24899697;1.8674773;10.065224
729;0.4213795;1.8291701;10.352529
730;0.46926352;2.0685902;11.204864
731;-0.20111294;1.9249382;10.955867
732;0.047884032;1.7812861;10.065224
733;0.1436521;1.4939818;10.141838
734;-0.40222588;1.3694834;10.352529
735;0.79487497;1.3982137;9.749189
736;-0.33518824;0.9576807;8.724471
737;0.19153613;0.62249243;8.714894
738;0.02873042;0.89064306;9.548077
739;-0.7278373;0.9576807;8.992621
740;-0.35434186;0.94810385;8.149862
741;0.39264908;0.7565677;9.653421
742;0.009576807;1.0630256;10.984597
743;1.4460979;1.13964;10.524911
744;1.2737153;0.9576807;10.601525
745;1.436521;0.78529817;11.57836
746;1.7908629;1.0342951;11.377247
747;0.29688102;0.45968673;11.147403
748;0.40222588;0.41180268;9.969456
749;-0.9864111;0.19153613;9.030929
750;0.1340753;0.076614454;9.107543
751;-0.16280572;-0.05746084;9.730036
752;-0.38307226;-0.32561144;8.791509
753;1.2449849;-0.40222588;8.121132
754;0.93852705;-0.2777274;10.103531
755;0.93852705;0.11492168;9.892841
756;1.7046716;-0.05746084;10.199299
757;-0.60333884;0.5554548;10.70687
758;0.31603462;0.4213795;9.816227
759;0.48841715;0.61291564;9.414001
760;-1.7525556;0.93852705;11.195287
761;-1.283292;1.6089035;10.01734
762;-1.1971009;0.8714894;8.073248
763;-0.62249243;1.1587936;9.80665
764;0.1436521;1.3982137;11.233594
765;0.0;1.0055647;8.781932
766;1.8195933;1.3982137;9.002198
767;0.25857377;1.3694834;12.210428
768;1.1013328;1.6376339;10.869676
769;0.91937345;1.4077905;8.63828
770;0.10534488;1.6184803;10.0748005
771;-0.32561144;2.1164744;10.323798
772;0.50757074;2.0973208;8.437167
773;0.48841715;2.3080103;10.084377
774;-1.1492168;2.0398598;10.371682
775;1.4939818;2.0590134;8.207323
776;1.091756;2.1260512;10.601525
777;-0.36391866;2.7389667;11.405977
778;1.9536686;2.432509;9.883265
779;0.46926352;2.1164744;10.716447
780;0.545878;3.2752678;13.522451
781;1.3311762;2.8538885;10.907983
782;0.49799395;3.3327289;10.390836
783;0.16280572;3.86903;11.051635
784;-0.89064306;3.5242648;11.405977
785;0.05746084;3.217807;9.892841
786;-1.3120226;2.5091233;10.362105
787;-0.60333884;2.873042;11.444284
788;0.91937345;2.1643584;9.940725
789;1.0055647;2.6527755;11.520899
790;0.49799395;2.5091233;11.511322
791;1.340753;1.685518;7.690176
792;1.2641385;0.59376204;6.435614
793;-2.0494366;0.9672575;8.303091
794;-1.6184803;0.92895025;9.126697
795;-1.3599066;1.0534488;12.0571995
796;-2.9592333;1.9440918;9.892841
797;2.681506;1.0055647;9.931149
798;2.0494366;0.5267244;8.810662
799;1.3599066;0.16280572;11.84651
800;1.5035586;0.9768343;10.965444
801;-3.7349546;0.22026655;10.25676
802;-5.046977;0.4213795;6.8569937
803;-0.076614454;0.50757074;7.0006456
804;-1.2354081;0.25857377;10.802638
805;0.41180268;0.22026655;12.229582
806;3.9264908;-0.05746084;9.289502
807;-2.873042;-1.4748282;10.103531
808;2.480393;-0.34476504;8.149862
809;-3.0262709;-1.3311762;8.734048
810;-2.1452048;-0.45968673;11.300632
811;0.38307226;1.0055647;9.452309
812;-2.231396;-0.5650316;9.768343
813;1.3790601;-0.81402856;9.481039
814;1.436521;-1.6376339;10.630256
815;0.11492168;-0.91937345;10.151415
816;0.5267244;-0.05746084;10.5440645
817;-1.13964;-0.076614454;11.9135475
818;-0.4213795;1.1492168;9.337387
819;-2.4229321;0.4213795;8.8777
820;0.842759;0.45968673;9.481039
821;2.5570073;0.11492168;10.247183
822;-0.7278373;0.24899697;11.482592
823;3.1028855;0.12449849;10.457873
824;1.3120226;-0.23942018;9.710882
825;-0.8523358;-0.05746084;9.931149
826;1.4748282;-0.1340753;8.475474
827;-1.043872;-0.33518824;9.940725
828;-0.63206923;-0.2873042;10.01734
829;2.27928;-0.22026655;8.571242
830;1.13964;-0.4309563;9.002198
831;-0.17238252;0.45968673;11.233594
832;0.545878;0.6799533;9.500193
833;-1.3503298;0.48841715;8.580819
834;-1.8770541;0.36391866;9.940725
835;2.0494366;0.5650316;9.959879
836;0.49799395;-0.0;9.519346
837;0.38307226;0.63206923;11.760319
838;2.3558946;0.7086837;12.765883
839;-0.9768343;-0.1436521;11.530476
840;-0.80445176;-0.15322891;9.442732
841;-1.6759412;-0.08619126;9.969456
842;-1.7525556;0.2873042;10.754754
843;-1.2545617;-0.0;10.477027
844;-1.0630256;0.22026655;8.178593
845;0.59376204;-0.81402856;9.77792
846;0.24899697;-0.7374141;11.377247
847;0.46926352;-0.45010993;10.342952
848;0.24899697;-0.40222588;9.9790325
849;-1.8004397;-0.50757074;10.151415
850;0.47884035;-0.6512229;9.097966
851;1.5801731;-1.091756;7.144298
852;-0.08619126;-0.91937345;7.776367
853;2.6910827;-0.22026655;9.931149
854;0.6895301;-0.076614454;10.409989
855;0.62249243;-0.2681506;9.519346
856;0.50757074;-0.22026655;8.015787
857;-1.043872;0.038307227;7.9870567
858;0.2777274;0.16280572;9.346964
859;-0.25857377;0.4309563;9.136273
860;-0.40222588;0.6703765;10.965444
861;0.7374141;0.51714754;11.252748
862;0.038307227;0.8714894;9.069236
863;0.7469909;0.40222588;11.63582
864;0.36391866;1.1109096;13.761871
865;-1.8291701;0.31603462;11.061212
866;0.2777274;-0.12449849;8.944737
867;0.8523358;0.076614454;10.1226845
868;0.9672575;0.37349546;11.281479
869;2.1643584;0.22984336;11.501745
870;-2.384625;0.047884032;11.080365
871;-2.2409728;0.2681506;9.653421
872;-0.6799533;0.82360536;8.331821
873;-3.2465374;1.6663644;11.654974
874;-0.47884035;1.1492168;12.4785795
875;2.6527755;0.5554548;8.686164
876;-0.5267244;-0.2681506;8.523358
877;1.13964;-0.05746084;10.783484
878;-0.45010993;-0.009576807;10.362105
879;-3.1507695;-0.2681506;9.883265
880;1.2066777;0.33518824;8.283937
881;0.40222588;-0.46926352;8.465898
882;1.283292;0.7182605;11.9135475
883;5.1140146;0.5267244;11.520899
884;1.4748282;-0.8619126;8.207323
885;0.38307226;-1.1779473;6.991069
886;0.076614454;-0.30645782;9.911995
887;-2.4995465;0.40222588;10.783484
888;-1.1300632;-0.24899697;7.144298
889;-1.2545617;-0.019153614;11.022904
890;-1.8483237;0.7086837;12.306197
891;-0.36391866;0.17238252;12.74673
892;0.17238252;-0.8619126;8.350976
893;-0.7565677;0.48841715;12.919112
894;0.23942018;0.641646;11.300632
895;1.5131354;0.7086837;10.97502
896;0.29688102;0.49799395;11.568783
897;-0.7661445;0.5554548;12.689269
898;-0.4405331;-1.1013328;8.408437
899;-1.2545617;-1.1492168;8.121132
900;2.9496565;0.5746084;10.429143
901;0.60333884;-0.40222588;9.442732
902;3.5913026;-0.12449849;8.255207
903;2.5953147;-2.2505496;8.973468
904;-1.1779473;-1.0342951;9.050082
905;2.9496565;-0.51714754;7.201759
906;-2.231396;-1.3215994;9.662998
907;-0.37349546;-0.24899697;8.331821
908;-1.3790601;0.095768064;8.025364
909;-1.340753;0.7374141;12.98615
910;-1.982399;1.0534488;11.377247
911;-0.33518824;1.7142484;11.15698
912;1.8387469;0.23942018;11.319786
913;-0.81402856;-0.48841715;11.741165
914;3.8594532;0.5267244;10.7356
915;2.4995465;0.6799533;9.337387
916;-1.0151415;-1.3790601;10.323798
917;-0.18195933;0.61291564;4.280833
918;-0.7469909;-0.641646;10.247183
919;-0.5363012;0.641646;11.760319
920;1.9153614;1.5705963;9.959879
921;2.681506;0.11492168;8.963891
922;3.9552212;0.20111294;12.0571995
923;4.453215;1.1971009;10.879252
924;3.7924154;-0.6799533;7.680599
925;2.7581203;-1.5514427;10.67814
926;2.9017725;-0.15322891;10.352529
927;1.8387469;-0.08619126;6.981492
928;2.2505496;-1.0055647;5.142745
929;-1.6184803;-0.80445176;8.896853
930;-2.9975405;0.21068975;8.111555
931;-1.0534488;1.0534488;6.5122285
932;-2.5187001;1.541866;12.018892
933;-1.0055647;1.6950948;13.283031
934;3.2944214;2.6240451;11.942278
935;-1.340753;0.095768064;12.066776
936;-0.038307227;0.6991069;13.522451
937;-0.22984336;1.043872;9.126697
938;-2.777274;0.9672575;12.0093155
939;-1.2258313;1.3503298;10.658986
940;-7.9870567;1.3120226;12.239159
941;-2.9879637;0.5554548;12.143391
942;-1.3790601;-0.19153613;9.931149
943;-1.1109096;0.545878;13.350069
944;1.532289;0.12449849;7.9104424
945;4.510676;0.038307227;9.212888
946;3.9456444;-1.7717092;13.024457
947;4.5681367;-1.3120226;9.11712
948;2.231396;-3.083732;5.650316
949;-1.0630256;-2.1164744;5.353435
950;-0.4213795;-2.585738;6.8282633
951;2.2888567;-0.641646;7.920019
952;-4.357447;-1.3215994;12.29662
953;0.91937345;0.37349546;9.32781
954;1.6376339;-1.7621324;5.650316
955;-1.0342951;0.37349546;12.430696
956;3.2848446;1.2354081;15.255854
957;3.7349546;0.51714754;12.583924
958;2.8443117;-1.388637;10.754754
959;2.6910827;-0.842759;9.346964
960;1.0055647;-0.8523358;7.2783732
961;-0.24899697;-0.8619126;11.204864
962;-0.842759;-0.16280572;9.701305
963;-1.3982137;-0.7182605;5.755661
964;0.009576807;-1.5705963;5.2385135
965;2.27928;-0.076614454;9.174581
966;0.45010993;-0.9576807;9.749189
967;4.1276035;-1.091756;7.833828
968;3.5625722;-0.32561144;10.189722
969;1.541866;-0.78529817;13.723564
970;6.1195793;0.41180268;11.923124
971;1.8291701;-1.0630256;9.950302
972;-2.1547816;-0.7661445;10.43872
973;-0.2681506;-0.11492168;9.442732
974;-3.6391866;-0.11492168;9.3182335
975;1.2545617;0.47884035;11.980585
976;-1.0534488;0.6703765;9.835381
977;4.156334;-0.38307226;10.103531
978;3.3901896;-1.2258313;11.741165
979;-0.095768064;-1.7812861;10.390836
980;1.6089035;-0.8523358;7.374141
981;-0.51714754;-1.4077905;10.668563
982;1.9919758;0.24899697;9.672575
983;1.532289;-1.0534488;10.151415
984;-1.532289;-0.7469909;7.2113357
985;0.22984336;-0.7565677;12.248735
986;-1.8483237;0.08619126;10.984597
987;-0.79487497;0.40222588;10.352529
988;1.3311762;0.6512229;9.059659
989;0.89064306;-0.45010993;10.764331
990;0.8714894;-0.20111294;13.302185
991;1.1109096;0.047884032;11.444284
992;1.0055647;-1.283292;7.326257
993;3.265691;-0.12449849;9.222465
994;2.6048915;1.0726024;13.158532
995;1.292869;0.60333884;13.9151
996;3.4763808;0.63206923;7.785944
997;-3.41892;-2.1643584;7.029376
998;-2.6240451;-1.1875241;7.699753
999;-2.777274;0.06703765;7.2209125
1000;-5.535394;0.7278373;8.619126
1001;0.20111294;0.641646;9.969456
1002;-1.541866;0.15322891;10.524911
1003;3.1411927;-1.3215994;10.955867
1004;1.8770541;-0.58418524;9.615114
1005;0.25857377;-1.0342951;12.966996
1006;3.016694;-0.22026655;11.60709
1007;0.37349546;-0.009576807;7.97748
1008;2.4037786;-0.6512229;9.873688
1009;-0.06703765;-1.3215994;11.664551
1010;2.0685902;-1.733402;8.734048
1011;0.21068975;-0.18195933;8.7532015
1012;1.2545617;-0.46926352;9.442732
1013;4.5394063;-1.2258313;12.306197
1014;1.4748282;-1.6376339;11.262324
1015;4.865018;-1.6663644;8.801085
1016;4.9895163;-3.122039;6.6175733
1017;-0.32561144;-2.432509;8.0445175
1018;1.2354081;-0.93852705;8.686164
1019;0.6607997;-1.6184803;8.66701
1020;0.4213795;-1.4748282;6.253655
1021;3.4380736;-0.35434186;12.143391
1022;2.834735;0.076614454;12.727576
1023;-0.35434186;-0.30645782;11.473015
1024;1.6663644;0.038307227;12.028469
1025;-3.1603463;0.22984336;12.363658
1026;-2.5187001;1.1779473;9.873688
1027;0.40222588;-0.019153614;9.193734
1028;-3.0262709;1.2545617;10.697293
1029;1.9249382;2.777274;12.133814
1030;-1.8291701;-0.4309563;9.844957
1031;-3.0262709;-1.3215994;6.493075
1032;1.532289;-0.038307227;7.6710224
1033;-2.0398598;1.3311762;8.647857
1034;-0.40222588;0.92895025;10.093954
1035;3.016694;0.21068975;11.405977
1036;-2.2601264;0.6607997;13.330915
1037;2.6144683;1.2545617;12.459426
1038;1.6663644;-1.4077905;10.572795
1039;-2.4708161;-0.92895025;5.5258174
1040;-2.633622;-0.32561144;9.126697
1041;-2.336741;1.9728222;10.783484
1042;-3.1890767;1.8962077;12.105083
1043;-0.90979666;0.51714754;8.236053
1044;1.0342951;-0.842759;8.2169
1045;2.528277;0.11492168;8.858546
1046;2.7868507;0.009576807;9.548077
1047;0.59376204;-1.0151415;9.021352
1048;2.96881;-1.13964;8.925584
1049;0.7565677;-1.3215994;7.3071036
1050;3.0071173;-0.6991069;8.513782
1051;6.2345014;-1.2354081;9.414001
1052;-0.6512229;-1.1492168;11.980585
1053;1.5705963;-0.1436521;6.694188
1054;1.1204864;0.038307227;6.579266
1055;-0.23942018;-0.80445176;11.444284
1056;4.098873;2.2697031;12.11466
1057;2.078167;0.22984336;11.9135475
1058;1.7812861;0.18195933;12.0093155
1059;5.755661;-0.02873042;11.003751
1060;-0.11492168;-0.0;12.306197
1061;1.7525556;-0.47884035;9.825804
1062;2.432509;-0.24899697;6.6271505
1063;-1.685518;1.0055647;11.453861
1064;1.5705963;1.5897499;11.358093
1065;1.0151415;1.13964;10.103531
1066;-0.22026655;1.5993267;12.804191
1067;1.9440918;2.0590134;10.266336
1068;1.7717092;0.79487497;10.362105
1069;-1.3120226;1.5993267;9.615114
1070;0.8810662;1.13964;9.059659
1071;-0.2873042;1.388637;8.944737
1072;1.3311762;0.39264908;11.405977
1073;-0.8714894;0.5746084;8.513782
1074;0.7374141;0.5746084;6.895301
1075;0.90021986;0.93852705;9.940725
1076;1.6567876;2.336741;10.534488
1077;1.7142484;1.4077905;8.418014
1078;0.6607997;1.6759412;10.400413
1079;1.3790601;1.1109096;13.560759
1080;1.1492168;1.1683705;8.590396
1081;1.1109096;0.58418524;9.921572
1082;0.7565677;3.0071173;10.888829
1083;2.087744;2.4516625;10.352529
1084;-1.4173675;0.35434186;10.860099
1085;2.030283;2.585738;7.565677
1086;-0.2777274;1.3790601;8.628703
1087;-0.49799395;1.3311762;11.262324
1088;2.030283;2.4420857;8.90643
1089;0.60333884;2.6910827;12.832921
1090;0.6895301;2.4420857;12.880805
1091;1.4269443;2.1739352;11.051635
1092;2.480393;1.1587936;10.275913
1093;0.08619126;0.79487497;11.15698
1094;0.047884032;1.2737153;9.222465
1095;-1.6089035;0.61291564;7.4028716
1096;-2.8538885;0.80445176;7.4028716
1097;1.13964;1.733402;8.00621
1098;0.4213795;0.8331822;9.825804
1099;1.388637;0.90979666;10.429143
1100;3.8402996;2.0111294;12.287044
1101;2.777274;2.135628;12.765883
1102;1.1587936;1.4748282;11.109096
1103;2.3654714;1.3790601;8.695741
1104;2.4899697;0.2681506;8.781932
1105;-1.6950948;-0.06703765;13.053187
1106;-0.08619126;2.2601264;8.034941
1107;-2.4229321;2.0494366;7.7572136
1108;1.1204864;1.733402;10.180145
1109;-0.06703765;2.1930888;10.783484
1110;-0.20111294;2.6048915;12.018892
1111;3.4955344;1.532289;14.039598
1112;1.7238252;0.91937345;10.831368
1113;1.2162545;1.0342951;6.253655
1114;2.3942018;1.6472107;9.701305
1115;1.3790601;1.1683705;12.5743475
1116;1.6376339;1.4556746;9.174581
1117;-3.2465374;-0.39264908;6.129156
1118;-1.0151415;2.3080103;9.126697
1119;2.4899697;3.916914;12.038046
1120;0.7086837;2.7964275;15.2367
1121;5.4683566;1.9440918;11.089942
1122;1.5227122;-0.7661445;9.212888
1123;3.6966474;1.8579005;9.452309
1124;0.91937345;2.6048915;14.106636
1125;-0.6607997;2.4516625;15.945383
1126;3.620033;2.2026656;8.935161
1127;-1.3311762;0.30645782;8.437167
1128;1.043872;2.7389667;10.563218
1129;4.721366;1.8291701;9.174581
1130;-0.7757214;-0.11492168;6.493075
1131;3.5817258;0.22026655;8.532935
1132;0.47884035;1.5035586;10.821792
1133;0.24899697;2.087744;5.899313
1134;4.060566;-0.46926352;4.357447
1135;-2.681506;0.17238252;9.730036
1136;4.4340615;2.078167;8.7053175
1137;3.6774938;-1.0247183;7.6135616
1138;-6.129156;-0.15322891;3.7828386
1139;1.043872;3.2944214;8.829816
1140;-0.5554548;2.3654714;11.061212
1141;-1.2354081;3.6391866;12.449849
1142;3.5529952;2.2026656;9.624691
1143;-1.0055647;1.9632454;14.192827
1144;-0.6703765;2.9879637;10.860099
1145;1.6376339;2.5091233;8.408437
1146;0.6799533;0.6895301;11.377247
1147;-2.9113493;1.8387469;11.022904
1148;-1.0151415;1.6376339;11.760319
1149;-3.323152;2.0590134;12.670115
1150;0.90021986;3.122039;9.797073
1151;1.4173675;-0.50757074;12.6222315
1152;1.6472107;1.6567876;15.227123
1153;-2.7102363;4.156334;11.87524
1154;-1.8962077;2.0973208;12.679692
1155;0.009576807;1.2737153;13.043611
1156;-2.327164;1.5227122;13.148955
1157;1.8100165;2.27928;11.271901
1158;1.2258313;1.5897499;7.0102224
1159;2.231396;-0.8619126;7.9391727
1160;6.742072;-1.5993267;5.9280434
1161;-1.2737153;-1.532289;6.3206925
1162;2.0973208;-0.10534488;7.6135616
1163;2.3080103;0.12449849;9.241618
1164;0.6512229;-1.6759412;3.86903
1165;4.912902;-0.17238252;3.7828386
1166;2.2409728;0.93852705;9.050082
1167;-2.6527755;-0.4309563;7.4986396
1168;2.681506;-1.1109096;5.5258174
1169;-0.34476504;-1.2354081;9.241618
1170;-1.9249382;2.183512;9.050082
1171;0.06703765;2.1068976;13.378799
1172;-0.019153614;0.842759;16.922218
1173;1.9057846;2.528277;15.409082
1174;0.58418524;0.91937345;13.800179
1175;2.0685902;2.336741;15.20797
1176;3.5625722;1.5035586;17.343597
1177;4.10845;-0.9672575;14.949395
1178;3.3135753;-0.48841715;12.938266
1179;2.480393;-0.37349546;14.173674
1180;-1.0630256;-3.074155;8.437167
1181;4.951209;-3.3135753;0.6991069
1182;4.6926355;-2.633622;7.3071036
1183;-1.934515;-2.0494366;13.417107
1184;7.824251;-1.9249382;1.541866
1185;-0.62249243;-3.5434184;0.94810385
1186;-2.0111294;-0.39264908;9.5385
1187;6.0525417;-0.6895301;6.1100025
1188;3.821146;-1.9249382;5.554548
1189;-4.261679;-0.7757214;5.363012
1190;-2.5474305;0.7565677;3.1794999
1191;4.2999864;-0.22984336;4.606444
1192;-1.292869;0.36391866;9.959879
1193;-0.39264908;3.122039;7.747637
1194;3.2561142;0.5554548;9.902418
1195;-0.45010993;0.49799395;11.779472
1196;-0.20111294;-0.9864111;11.540052
1197;6.090849;1.1013328;8.954314
1198;-2.681506;-1.4652514;13.378799
1199;-3.371036;-1.1779473;13.177686
1200;2.4037786;-0.6607997;10.151415
1201;-6.6846113;-3.1603463;12.172121
1202;1.733402;-2.3080103;9.643845
1203;2.5953147;-3.3135753;8.101978
1204;-1.043872;-5.2289367;14.010868
1205;5.995081;-1.8674773;13.838486
1206;-2.7581203;-5.3438582;10.0748005
1207;-0.2873042;-5.1906295;10.352529
1208;5.9184666;-1.4939818;13.369223
1209;-0.24899697;-1.3215994;17.870321
1210;8.590396;-1.4556746;7.843405
1211;5.209783;-2.9975405;9.3661175
1212;-3.41892;-5.535394;12.631808
1213;5.592855;2.432509;4.3287168
1214;3.763685;0.35434186;15.351622
1215;-4.453215;-0.31603462;14.030022
1216;5.3342814;0.51714754;0.12449849
1217;4.31914;-2.815581;-6.0046577
1218;-6.9240313;3.1411927;16.127342
1219;6.5505357;6.847417;18.885464
1220;6.14831;2.9400797;10.534488
1221;-1.2545617;-3.3327289;15.332468
1222;13.417107;4.5681367;-0.46926352
1223;8.274361;-2.183512;12.737153
1224;-0.9576807;-0.63206923;5.3342814
1225;1.3311762;1.2737153;11.81778
1226;1.6376339;0.6512229;3.4380736
1227;-5.8322754;0.41180268;0.4213795
1228;2.5474305;1.1683705;0.45010993
1229;-3.7062242;0.16280572;17.48725
1230;-14.4130945;-0.05746084;12.4785795
1231;-8.379706;-1.436521;-3.0262709
1232;-2.2505496;-6.6367273;0.32561144
1233;-8.322245;-3.2752678;14.939818
1234;4.3766007;-5.6120086;15.993267
1235;23.27164;-1.6184803;4.2999864
1236;0.2873042;-11.501745;14.911088
1237;-8.724471;-8.686164;22.9173
1238;-0.29688102;-6.6654577;15.8783455
1239;-10.448297;-10.91756;6.2728086
1240;-20.90617;-5.45878;17.899052
1241;4.156334;0.7661445;21.20305
1242;9.414001;1.733402;8.025364
1243;-8.39886;-1.1875241;11.731588
1244;4.050989;2.6527755;26.403255
1245;9.3182335;1.8962077;19.34515
1246;2.3750482;0.1436521;15.112201
1247;1.3311762;-0.23942018;15.840038
1248;2.27928;0.7086837;14.796166
1249;1.6376339;-0.009576807;10.314221
1250;-3.2944214;-0.93852705;9.595961
1251;0.7086837;-0.29688102;6.8186865
1252;-0.10534488;-1.3024458;6.4643445
1253;-2.327164;0.81402856;9.14585
1254;-1.2258313;0.81402856;6.493075
1255;-2.873042;-1.1875241;1.6950948
1256;-1.0342951;-0.16280572;4.012682
1257;-2.3558946;1.0342951;5.439626
1258;-0.60333884;0.79487497;2.777274
1259;0.8523358;-0.22026655;1.8962077
1260;-5.085284;0.019153614;4.1946416
1261;-0.019153614;-0.18195933;2.7868507
1262;6.7229185;-0.7469909;-2.1930888
1263;-5.2002063;-0.7278373;8.465898
1264;-2.2218192;-0.60333884;7.517793
1265;10.984597;0.25857377;5.746084
1266;-4.414908;-5.592855;-12.966996
1267;-5.0661306;-1.2354081;5.5258174
1268;12.430696;0.8810662;15.466543
1269;-3.9456444;-5.3438582;5.0661306
1270;-3.064578;-3.466804;-2.9017725
1271;2.1452048;0.6895301;17.946936
1272;4.261679;-1.2737153;29.1518
1273;9.844957;3.2082303;20.149601
1274;-0.24899697;-1.2258313;14.365211
1275;-1.6950948;0.90979666;21.691467
1276;3.6966474;9.040505;23.501484
1277;-6.291962;-1.2545617;17.563864
1278;2.030283;1.043872;43.09563
1279;4.8267107;11.434708;24.938005
1280;-2.9496565;6.8091097;22.716187
1281;10.515334;6.042965;37.598545
1282;16.883911;-0.16280572;6.4547677
1283;10.084377;-1.13964;8.973468
1284;0.9959879;-0.641646;5.257667
1285;-2.633622;-1.436521;16.82645
1286;-0.047884032;3.7062242;6.703765
1287;-4.76925;0.7565677;7.2592196
1288;-12.670115;-0.5554548;11.18571
1289;6.5218053;-0.16280572;-13.129802
1290;-5.0374002;-3.0358477;-9.615114
1291;-19.718645;-1.0342951;12.823344
1292;2.8443117;3.1986535;11.243171
1293;6.3589997;3.169923;-1.6280571
1294;-15.322891;-7.6710224;-2.5378537
1295;7.9583263;0.33518824;-3.5338416
1296;7.0581064;-4.5298295;12.430696
1297;-4.8267107;-7.9966335;4.7405195
1298;21.337126;-2.8634653;-18.713081
1299;7.8146744;-10.5919485;-4.8937483
1300;-0.30645782;-3.8594532;14.834474
1301;17.51598;-2.825158;-0.37349546
1302;-6.1866174;-7.785944;-6.38773
1303;-16.232687;-3.5434184;-7.067683
1304;-5.889736;0.89064306;7.1347213
1305;-13.589489;0.6991069;11.195287
1306;-2.5953147;5.2289367;14.049175
1307;-4.1946416;0.18195933;19.843143
1308;-5.947197;8.303091;38.05823
1309;16.041151;10.572795;30.195671
1310;2.0590134;10.907983;29.57318
1311;-21.241358;8.820239;31.421503
1312;-15.820885;4.367024;17.640478
1313;-3.217807;7.97748;22.390574
1314;-10.103531;9.433155;20.57098
1315;-7.1730285;4.76925;13.9151
1316;1.1204864;-1.5514427;5.851429
1317;-8.159439;-0.9672575;10.25676
1318;7.632715;-0.05746084;5.2289367
1319;7.28795;-3.5913026;8.293514
1320;1.733402;-2.183512;6.205771
1321;1.8004397;-2.231396;8.37013
1322;0.80445176;-2.6910827;4.3478703
1323;1.7525556;-3.763685;1.6184803
1324;1.0151415;-2.4899697;6.205771
1325;1.8004397;-1.934515;9.77792
1326;2.6431987;-1.3311762;7.824251
1327;1.7142484;-1.3120226;7.5944076
1328;1.13964;-1.0534488;9.14585
1329;3.8881836;-0.48841715;9.835381
1330;3.1603463;-1.1300632;7.9008656
1331;1.4460979;-0.2777274;8.580819
1332;-1.0821792;-1.3311762;7.728483
1333;-1.3503298;-1.5610195;3.4572272
1334;1.2449849;-1.2641385;5.7269306
1335;-1.532289;-0.33518824;10.879252
1336;-0.31603462;-0.5267244;9.165004
1337;1.13964;-0.89064306;3.9935284
1338;-0.095768064;-0.45010993;9.222465
1339;2.815581;-0.22026655;13.330915
1340;2.585738;0.22984336;9.797073
1341;-0.08619126;-0.7182605;10.01734
1342;0.4405331;0.31603462;13.292608
1343;-1.0630256;0.2681506;12.497733
1344;-0.1436521;0.23942018;10.812215
1345;-0.15322891;-0.25857377;12.555194
1346;-2.633622;0.8523358;14.346057
1347;-2.1068976;1.1013328;12.449849
1348;0.038307227;0.93852705;10.812215
1349;-0.6607997;0.47884035;13.503298
1350;1.13964;0.2873042;13.426683
1351;2.9496565;-0.46926352;9.375694
1352;0.08619126;-2.078167;8.169016
1353;-0.80445176;-1.934515;5.48751
1354;-0.8523358;-2.4708161;5.5258174
1355;-1.5514427;-1.6759412;8.561666
1356;-1.5801731;-1.5227122;8.8777
1357;-0.20111294;-0.32561144;7.335834
1358;-0.009576807;-0.9864111;9.021352
1359;1.9057846;-0.58418524;9.710882
1360;4.4723687;-0.12449849;12.11466
1361;0.45968673;-0.4405331;14.451402
1362;0.5363012;0.6703765;12.909535
1363;1.6376339;-0.019153614;9.595961
1364;-1.9153614;-0.641646;9.088389
1365;-0.6512229;0.48841715;9.988609
1366;-1.283292;0.047884032;10.505757
1367;-1.0821792;-0.2777274;6.8186865
1368;-2.3750482;-0.6895301;8.7053175
1369;-1.7046716;-0.8523358;9.605537
1370;2.9113493;-0.6703765;8.475474
1371;2.2888567;-0.45968673;10.668563
1372;0.7469909;0.22984336;14.010868
1373;2.681506;0.7374141;11.664551
1374;1.3599066;-0.93852705;7.4124484
1375;-1.6376339;-0.34476504;8.130709
1376;-1.5993267;-0.095768064;9.816227
1377;-0.81402856;0.009576807;8.274361
1378;-2.528277;-0.08619126;9.097966
1379;-0.06703765;0.45010993;10.582372
1380;0.9576807;-0.7278373;7.249643
1381;0.50757074;-1.0821792;8.00621
1382;4.414908;-0.34476504;11.492168
1383;2.030283;0.31603462;14.422671
1384;-1.1492168;-0.20111294;8.073248
1385;0.25857377;-0.7374141;8.063671
1386;-1.1971009;-0.37349546;8.360553
1387;-1.8100165;-0.7469909;10.228029
1388;0.047884032;-0.35434186;8.810662
1389;-3.265691;-0.095768064;9.385271
1390;-0.047884032;0.45010993;11.760319
1391;0.1436521;-0.4309563;11.195287
1392;1.6567876;-0.36391866;9.720459
1393;3.3997664;-1.0151415;11.051635
1394;0.20111294;-0.545878;13.560759
1395;3.1507695;0.90021986;13.560759
1396;-0.9768343;0.05746084;11.57836
1397;-3.1028855;-0.22984336;9.193734
1398;1.7525556;0.46926352;8.848969
1399;-0.93852705;-0.24899697;11.118672
1400;-1.0821792;0.5554548;9.576807
1401;0.16280572;-0.48841715;10.0269165
1402;0.21068975;0.48841715;9.375694
1403;2.3558946;-1.0630256;8.494628
1404;2.566584;-1.5610195;6.339846
1405;0.78529817;-0.39264908;12.26789
1406;-1.340753;1.5993267;12.593501
1407;0.641646;0.02873042;10.1226845
1408;-0.2777274;-0.93852705;2.8538885
1409;-2.9113493;-1.3024458;7.0102224
1410;0.35434186;0.6512229;10.04607
1411;-0.5267244;1.5705963;11.722012
1412;-0.4309563;0.6703765;11.674128
1413;-0.50757074;-0.047884032;7.249643
1414;0.7086837;-1.3982137;5.2959743
1415;2.2601264;-0.16280572;12.181698
1416;1.283292;1.6663644;19.58457
1417;-0.36391866;2.5091233;14.173674
1418;-4.012682;-0.22984336;5.889736
1419;1.2737153;-0.095768064;4.213795
1420;0.59376204;-0.37349546;13.560759
1421;-1.0342951;0.6991069;15.74427
1422;1.484405;1.091756;6.981492
1423;-3.2944214;-1.7525556;5.746084
1424;0.47884035;0.5267244;6.8091097
1425;2.834735;-2.4612393;12.53604
1426;1.3215994;2.4516625;12.603078
1427;-0.90021986;2.2888567;13.273455
1428;-0.16280572;-0.47884035;11.329363
1429;0.41180268;-1.6376339;3.6487634
1430;0.79487497;-1.2641385;7.52737
1431;0.38307226;0.1340753;13.627796
1432;-0.842759;-0.7661445;10.448297
1433;-0.8810662;-1.043872;7.5848308
1434;-6.943185;-0.81402856;6.493075
1435;3.5051112;-0.35434186;5.142745
1436;3.1986535;-1.1013328;10.812215
1437;-3.7062242;-0.1340753;14.4609785
1438;4.9799395;1.1875241;12.325351
1439;-1.7238252;-1.4460979;9.040505
1440;-4.7405195;0.5267244;13.445837
1441;2.183512;-0.94810385;9.662998
1442;-1.340753;-0.9864111;6.129156
1443;-4.060566;-1.3694834;5.1235914
1444;-2.4229321;-0.48841715;10.342952
1445;1.685518;-0.076614454;8.504205
1446;-2.3750482;-0.39264908;9.165004
1447;0.9959879;-0.91937345;10.496181
1448;3.763685;-0.22984336;11.731588
1449;-1.9057846;-1.541866;12.29662
1450;0.32561144;0.25857377;11.990162
1451;0.08619126;-1.9536686;5.841852
1452;-2.9783869;-2.6910827;5.1810527
1453;1.1300632;-2.030283;8.331821
1454;-3.1124623;-1.4269443;12.124237
1455;-0.8619126;-0.6799533;9.289502
1456;1.5897499;-0.41180268;9.241618
1457;-2.719813;-1.5897499;10.055647
1458;3.3423057;0.20111294;12.124237
1459;5.257667;-0.50757074;16.136919
1460;-0.33518824;0.41180268;13.876793
1461;-0.4405331;-0.05746084;7.201759
1462;1.9728222;-2.528277;5.142745
1463;-0.79487497;-1.484405;11.022904
1464;-2.2218192;-0.59376204;12.756307
1465;1.685518;0.6991069;7.3166804
1466;0.5746084;-0.7278373;9.653421
1467;0.36391866;0.5650316;11.013328
1468;0.9576807;0.019153614;10.46745
1469;2.882619;0.7182605;12.813767
1470;-0.1436521;0.7278373;10.984597
1471;-1.6663644;0.842759;13.579912
1472;1.8100165;-0.4213795;5.401319
1473;-0.7661445;-1.8483237;2.1260512
1474;1.8291701;0.10534488;11.463438
1475;-1.4460979;0.20111294;13.168109
1476;-0.59376204;-0.0;6.5984197
1477;-1.5131354;-1.388637;4.644751
1478;-1.4460979;-0.22984336;8.00621
1479;-0.7469909;-0.5554548;9.653421
1480;3.4572272;0.10534488;10.180145
1481;3.7062242;1.2545617;15.361198
1482;-4.1371803;-0.06703765;13.22557
1483;2.4612393;1.1587936;4.7979803
1484;2.6144683;-1.0534488;4.999093
1485;-6.7229185;-0.79487497;15.389929
1486;2.0111294;2.3942018;15.859192
1487;-4.280833;-0.6799533;4.759673
1488;1.2066777;1.3790601;12.076353
1489;1.9536686;0.63206923;12.545617
1490;-2.2122424;0.33518824;14.748282
1491;8.868123;2.336741;10.486604
1492;-4.261679;-0.7565677;14.633361
1493;-6.0046577;0.5650316;11.300632
1494;7.9583263;0.29688102;0.4309563
1495;-4.673482;-1.6089035;8.130709
1496;2.0398598;2.3942018;16.108189
1497;2.4612393;-0.6607997;6.0716953
1498;-3.4572272;-3.5242648;-0.89064306
1499;-0.90021986;-1.091756;5.583278
1500;5.554548;0.9864111;13.9438305
1501;-1.9153614;-0.12449849;15.71554
1502;-0.32561144;-0.2873042;8.772355
1503;3.6391866;-1.3599066;6.244078
1504;-3.8881836;-0.15322891;9.749189
1505;3.4572272;0.91937345;14.250289
1506;2.5761611;-0.02873042;8.628703
1507;-3.4955344;-0.39264908;9.557653
1508;-2.5761611;0.21068975;9.9790325
1509;4.912902;0.7565677;9.11712
1510;0.047884032;-0.41180268;9.5385
1511;-0.50757074;0.94810385;13.129802
1512;3.2369606;0.7565677;13.359646
1513;-4.223372;-0.90979666;7.7093296
1514;2.0015526;-0.15322891;6.8665705
1515;-0.48841715;-0.545878;12.53604
1516;-4.606444;-1.6280571;12.74673
1517;5.9184666;0.05746084;4.4915223
1518;-3.9552212;-2.0590134;9.959879
1519;-5.5641246;-1.436521;8.762778
1520;6.847417;-1.4939818;4.4244847
1521;-5.353435;-3.2273839;6.742072
1522;2.9017725;0.06703765;18.109741
1523;4.8458643;-1.043872;5.085284
1524;-6.1100025;-3.3901896;2.9879637
1525;3.074155;-0.2777274;10.601525
1526;-1.0726024;0.17238252;15.974113
1527;-6.2345014;-0.93852705;9.56723
1528;0.15322891;0.82360536;3.821146
1529;-2.4995465;0.545878;10.869676
1530;-0.9672575;1.3599066;14.60463
1531;6.6654577;1.436521;15.562311
1532;0.1340753;0.038307227;12.555194
1533;-1.9919758;-0.0;12.756307
1534;2.2122424;0.22984336;11.176133
1535;-0.81402856;-0.7374141;9.232041
1536;-1.9249382;-1.4077905;7.153875
1537;-2.4708161;-1.9632454;8.475474
1538;0.6607997;-0.48841715;6.9240313
1539;-3.715801;-1.8579005;6.291962
1540;2.6527755;-1.0726024;4.185065
1541;2.2218192;-2.0398598;7.1634517
1542;-0.6799533;-0.4405331;10.323798
1543;1.4652514;0.17238252;11.271901
1544;1.1109096;-0.8714894;12.047623
1545;-0.23942018;-0.46926352;9.969456
1546;-3.0550013;-0.7278373;8.724471
1547;3.4572272;-0.61291564;10.582372
1548;-1.0247183;-0.5650316;15.073894
1549;-3.9552212;-0.31603462;11.511322
1550;1.4269443;0.35434186;5.5641246
1551;-2.6623523;-1.3120226;8.418014
1552;-0.29688102;-0.06703765;14.690822
1553;5.3821654;-0.0;14.499286
1554;-3.074155;-0.92895025;11.109096
1555;2.9592333;-1.1109096;9.289502
1556;1.6759412;-2.087744;8.781932
1557;-3.6870706;-1.4939818;11.128249
1558;3.2082303;0.61291564;11.233594
1559;-3.0358477;-1.7238252;10.180145
1560;-5.0757074;-0.48841715;6.3685765
1561;3.4763808;-0.39264908;6.5984197
1562;-3.8019924;-2.1547816;11.616667
1563;2.882619;0.22026655;14.84405
1564;0.23942018;-1.541866;7.9583263
1565;-2.920926;-0.23942018;12.382812
1566;5.401319;-0.47884035;7.9487495
1567;0.009576807;-2.8921957;7.192182
1568;-0.78529817;-1.6759412;11.061212
1569;0.10534488;-1.0534488;10.43872
1570;-2.4899697;-0.63206923;7.019799
1571;-1.4077905;-2.1643584;6.244078
1572;-3.3614593;-2.4229321;8.8777
1573;4.4819455;-0.4213795;11.013328
1574;-1.1013328;0.2873042;13.867216
1575;0.12449849;-0.5746084;14.317327
1576;3.4476504;0.35434186;9.481039
1577;-1.3790601;-2.1068976;8.063671
1578;2.1068976;0.076614454;12.248735
1579;0.2681506;0.24899697;13.40753
1580;-3.9073372;-0.41180268;7.249643
1581;0.7182605;-0.047884032;9.299079
1582;-4.606444;-0.5363012;10.888829
1583;2.7102363;-0.9576807;9.959879
1584;4.012682;-0.35434186;8.762778
1585;-5.506664;-2.3750482;11.21444
1586;4.663905;-0.095768064;13.196839
1587;-0.34476504;-2.3463178;6.3685765
1588;-4.8745947;-1.436521;10.773908
1589;3.6870706;-1.6472107;6.4739213
1590;-1.4460979;-2.0111294;7.2687964
1591;-3.1794999;-2.767697;10.007763
1592;1.292869;0.60333884;6.0716953
1593;-2.2984335;-2.7102363;12.77546
1594;-2.0207062;-0.7374141;12.785037
1595;2.432509;0.9864111;8.935161
1596;-2.8538885;-0.5650316;10.352529
1597;0.91937345;0.019153614;13.752295
1598;0.59376204;-0.9672575;10.572795
1599;-3.1794999;-1.1204864;10.7356
1600;1.3311762;-1.0821792;10.534488
1601;-1.1875241;-2.327164;11.348516
1602;2.585738;-1.484405;10.429143
1603;-0.93852705;-1.1109096;10.793061
1604;-4.462792;-1.5227122;10.007763
1605;3.2752678;-1.2066777;6.4547677
1606;-4.3766007;-2.327164;5.813122
1607;2.0973208;-0.94810385;10.247183
1608;3.3327289;-0.7757214;8.743625
1609;-4.003105;-0.5554548;10.888829
1610;6.3302693;0.32561144;10.247183
1611;-0.4309563;-2.930503;6.751649
1612;2.2409728;-3.1507695;7.326257
1613;2.7006595;-2.5187001;10.04607
1614;-7.2304893;-2.030283;8.226477
1615;1.7812861;0.58418524;12.5264635
1616;-3.9839516;-1.1779473;12.26789
1617;-1.7812861;1.2737153;7.422025
1618;9.595961;-0.7182605;9.940725
1619;-4.7500963;-1.2449849;14.451402
1620;0.6607997;0.62249243;14.346057
1621;6.196194;-1.8770541;3.715801
1622;-6.6175733;-3.5434184;10.323798
1623;3.5913026;0.7374141;11.57836
1624;0.5554548;-2.930503;7.086837
1625;0.32561144;-4.2042184;4.4723687
1626;-0.2873042;-1.8579005;9.998186
1627;-2.3175871;-0.9864111;9.911995
1628;-1.8866309;-0.29688102;9.548077
1629;0.02873042;0.31603462;11.836933
1630;-1.2641385;-0.7565677;11.530476
1631;2.2697031;-1.0247183;11.597513
1632;2.825158;-0.22026655;14.202404
1633;-1.6759412;-0.5267244;14.097059
1634;4.146757;-0.019153614;8.437167
1635;-2.5474305;-2.528277;7.0581064
1636;-2.7389667;-1.1587936;12.794614
1637;5.094861;-0.9959879;9.758766
1638;-2.5953147;-3.3135753;7.249643
1639;0.79487497;-1.4556746;7.374141
1640;1.9536686;-2.1260512;8.724471
1641;-3.9552212;-2.0015526;9.232041
1642;0.05746084;-0.12449849;8.858546
1643;-3.3806129;-0.6799533;10.275913
1644;-0.9959879;-0.34476504;10.486604
1645;2.585738;0.5746084;12.382812
1646;-1.1875241;0.37349546;12.5264635
1647;1.1683705;-0.0;10.486604
1648;1.7717092;-0.2681506;8.90643
1649;-1.292869;-0.41180268;9.959879
1650;3.3135753;0.25857377;9.950302
1651;-1.0055647;-1.733402;8.456321
1652;1.4460979;-0.45968673;6.9719152
1653;0.17238252;-2.72939;7.565677
1654;0.5363012;-0.05746084;7.9391727
1655;-1.3215994;-0.16280572;12.124237
1656;-0.11492168;-0.8619126;11.9135475
1657;2.4612393;-1.3024458;4.146757
1658;-1.1492168;0.2777274;11.511322
1659;0.25857377;0.45968673;15.332468
1660;1.8674773;0.5267244;11.003751
1661;-3.7062242;-0.9576807;9.030929
1662;-1.3694834;0.29688102;13.024457
1663;1.8579005;0.61291564;13.761871
1664;0.10534488;-0.36391866;10.907983
1665;-1.6376339;-2.2409728;9.3182335
1666;1.1587936;-2.566584;7.690176
1667;-0.545878;-3.122039;6.5601125
1668;-1.0821792;-1.340753;8.054094
1669;-0.62249243;-1.0534488;10.994174
1670;-2.8538885;-1.0247183;10.46745
1671;-1.0342951;-1.2258313;8.925584
1672;-0.7757214;-2.0494366;8.178593
1673;2.135628;-1.6759412;10.572795
1674;1.2545617;-1.0630256;12.430696
1675;1.1587936;-1.6089035;12.229582
1676;3.6008794;-2.0111294;8.781932
1677;-1.9919758;-2.6623523;7.690176
1678;3.4476504;-1.2354081;9.739613
1679;-1.2641385;-2.4995465;10.141838
1680;-1.0151415;-1.6376339;7.28795
1681;0.02873042;-2.6431987;8.590396
1682;0.37349546;-2.96881;8.781932
1683;2.6623523;-2.2026656;8.839393
1684;-0.89064306;-2.633622;9.078813
1685;1.8195933;-1.5514427;10.601525
1686;-0.16280572;-1.091756;10.840945
1687;-0.93852705;-0.5746084;10.496181
1688;0.5650316;-1.4077905;9.873688
1689;-0.62249243;-1.5227122;9.011775
1690;0.47884035;-1.13964;10.907983
1691;-0.095768064;-0.90979666;12.038046
1692;-0.641646;-0.2777274;11.022904
1693;-0.12449849;-0.48841715;10.620679
1694;0.7661445;-0.5363012;10.860099
1695;1.0151415;-0.9864111;11.176133
1696;-0.02873042;-1.0151415;11.262324
1697;-0.19153613;-1.2545617;9.835381
1698;-0.06703765;-1.1492168;8.7532015
1699;0.019153614;-1.4269443;10.505757
1700;0.7086837;-1.4652514;11.549629
1701;-2.087744;-1.982399;9.490616
1702;1.7238252;-1.6663644;8.025364
1703;-1.934515;-2.030283;9.461885
1704;0.82360536;-1.4077905;11.281479
1705;1.0821792;-1.1779473;9.232041
1706;-2.9879637;-1.6663644;9.002198
1707;0.90979666;-2.6910827;9.519346
1708;2.3463178;-1.6567876;8.619126
1709;-0.9672575;-1.5993267;9.289502
1710;1.6663644;-0.91937345;11.204864
1711;-0.095768064;-0.8714894;11.473015
1712;-0.02873042;-0.58418524;9.5385
1713;-0.8810662;-0.7565677;10.160992
1714;0.08619126;-0.9864111;9.883265
1715;1.532289;-0.92895025;9.595961
1716;-1.541866;-0.9864111;10.457873
1717;1.3982137;-0.50757074;10.91756
1718;0.39264908;-1.2162545;10.793061
1719;-1.8291701;-1.4939818;9.854534
1720;1.1971009;-1.9632454;9.672575
1721;-1.7908629;-2.1739352;8.523358
1722;0.23942018;-1.3694834;10.5440645
1723;-0.30645782;-1.4460979;12.220005
1724;-1.532289;-1.0342951;9.883265
1725;0.009576807;-1.2545617;9.136273
1726;-0.545878;-1.5610195;9.797073
1727;0.12449849;-1.4460979;10.323798
1728;-0.08619126;-1.6950948;9.126697
1729;-0.7086837;-1.934515;9.184157
1730;0.36391866;-1.8579005;10.084377
1731;-0.4405331;-2.0590134;9.174581
1732;1.7238252;-2.0685902;9.232041
1733;-0.7757214;-2.078167;9.165004
1734;0.10534488;-1.436521;10.534488
1735;0.32561144;-1.7717092;10.151415
1736;-0.49799395;-1.5801731;9.586384
1737;0.0;-1.436521;8.7532015
1738;1.0247183;-1.292869;9.969456
1739;0.22026655;-1.1300632;11.137826
1740;1.13964;-1.043872;10.630256
1741;0.4213795;-1.292869;11.118672
1742;0.21068975;-1.5035586;10.5919485
1743;0.62249243;-1.7812861;9.528923
1744;-0.9768343;-1.8866309;9.758766
1745;-0.06703765;-1.5514427;10.764331
1746;-0.62249243;-1.6950948;9.758766
1747;-1.3503298;-2.0685902;9.222465
1748;0.59376204;-1.8962077;9.873688
1749;-0.9576807;-2.135628;9.270349
1750;0.79487497;-1.982399;8.8777
1751;0.15322891;-1.5610195;9.969456
1752;-1.0534488;-1.3311762;9.375694
1753;-0.6607997;-1.6950948;8.2169
1754;-0.40222588;-1.8291701;8.331821
1755;-0.61291564;-1.5801731;9.299079
1756;-0.31603462;-1.4173675;9.490616
1757;-0.6703765;-1.3120226;9.519346
1758;-0.92895025;-1.1587936;10.151415
1759;0.11492168;-0.8619126;10.668563
1760;-1.0342951;-0.89064306;11.032481
1761;0.21068975;-0.641646;11.15698
1762;-0.5267244;-0.5746084;11.089942
1763;-1.2066777;-0.6991069;10.927136
1764;0.79487497;-0.59376204;10.400413
1765;-1.7525556;-0.93852705;10.0748005
1766;1.4269443;-0.6895301;10.601525
1767;-1.2258313;-1.3599066;9.232041
1768;0.038307227;-0.9576807;9.050082
1769;0.41180268;-1.2354081;10.419566
1770;-0.30645782;-0.8714894;9.768343
1771;-0.21068975;-0.9672575;9.605537
1772;0.076614454;-0.8810662;9.998186
1773;-0.009576807;-0.8331822;10.371682
1774;0.32561144;-0.9768343;9.816227
1775;-0.05746084;-1.0630256;10.1226845
1776;0.17238252;-0.9768343;10.333375
1777;0.10534488;-1.043872;10.01734
1778;-0.1340753;-0.9864111;9.825804
1779;-0.047884032;-1.0247183;9.998186
1780;-0.22026655;-1.0726024;9.998186
1781;0.05746084;-1.0151415;10.093954
1782;-0.19153613;-0.9576807;10.25676
1783;-0.038307227;-0.9959879;10.093954
1784;0.06703765;-1.043872;10.1226845
1785;-0.009576807;-1.1204864;10.036493
1786;0.22984336;-1.2641385;10.0269165
1787;-0.1436521;-1.3311762;9.844957
1788;0.02873042;-1.4173675;9.701305
1789;-0.095768064;-1.4173675;9.653421
1790;-0.038307227;-1.532289;9.662998
1791;-0.02873042;-1.5897499;9.653421
1792;-0.15322891;-1.5610195;9.471462
1793;-0.019153614;-1.4556746;9.662998
1794;-0.22984336;-1.5131354;9.940725
1795;-0.076614454;-1.4556746;9.797073
1796;-0.19153613;-1.4748282;9.892841
1797;-0.047884032;-1.4269443;9.998186
1798;-0.20111294;-1.5610195;10.04607
1799;-0.15322891;-1.6376339;9.864111
1800;-0.35434186;-1.7908629;10.04607
1801;-0.20111294;-1.8195933;9.844957
1802;-0.10534488;-2.0398598;9.56723
1803;-0.45010993;-2.1930888;9.615114
1804;-0.22026655;-2.2409728;9.576807
1805;-0.36391866;-2.4229321;9.414001
1806;-0.24899697;-2.4133554;9.576807
1807;-0.31603462;-2.4420857;9.701305
1808;-0.32561144;-2.4899697;9.490616
1809;-0.11492168;-2.5091233;9.691729
1810;-0.15322891;-2.432509;9.854534
1811;-0.2681506;-2.4133554;9.892841
1812;-0.095768064;-2.327164;9.797073
1813;-0.21068975;-2.384625;9.902418
1814;-0.24899697;-2.3175871;9.940725
1815;-0.12449849;-2.2409728;9.844957
1816;-0.17238252;-2.1930888;10.093954
1817;0.06703765;-2.1164744;10.113108
1818;-0.11492168;-2.183512;9.892841
1819;-0.06703765;-2.0111294;9.825804
1820;-0.095768064;-1.9728222;10.01734
1821;-0.24899697;-2.0111294;9.844957
1822;-0.02873042;-1.934515;9.950302
1823;-0.2777274;-1.9440918;9.911995
1824;-0.12449849;-1.7908629;9.864111
1825;-0.21068975;-1.8100165;9.816227
1826;-0.15322891;-1.5993267;9.883265
1827;-0.18195933;-1.5514427;9.902418
1828;-0.076614454;-1.4173675;9.873688
1829;-0.095768064;-1.340753;10.01734
1830;-0.25857377;-1.283292;9.950302
1831;-0.095768064;-1.1779473;9.950302
1832;-0.19153613;-1.1971009;10.0269165
1833;-0.20111294;-1.1013328;9.911995
1834;-0.12449849;-1.0247183;10.0269165
1835;-0.30645782;-0.9576807;9.988609
1836;-0.21068975;-0.9672575;9.902418
1837;-0.29688102;-0.90979666;9.911995
1838;-0.2681506;-0.8523358;9.969456
1839;-0.2777274;-0.7757214;9.825804
1840;-0.23942018;-0.62249243;9.768343
1841;-0.2681506;-0.63206923;9.854534
1842;-0.23942018;-0.59376204;9.864111
1843;-0.2777274;-0.60333884;9.844957
1844;-0.22984336;-0.5554548;9.864111
1845;-0.2777274;-0.5363012;9.911995
1846;-0.21068975;-0.50757074;9.931149
1847;-0.22984336;-0.5267244;9.969456
1848;-0.1436521;-0.47884035;9.883265
1849;-0.19153613;-0.45968673;9.921572
1850;-0.16280572;-0.45010993;9.873688
1851;-0.16280572;-0.4213795;9.950302
1852;-0.17238252;-0.40222588;9.873688
1853;-0.12449849;-0.4405331;9.883265
1854;-0.1436521;-0.45968673;9.864111
1855;-0.16280572;-0.40222588;9.873688
1856;-0.18195933;-0.45968673;9.892841
1857;-0.17238252;-0.4309563;9.911995
1858;-0.17238252;-0.48841715;9.911995
1859;-0.18195933;-0.49799395;9.969456
1860;-0.20111294;-0.45010993;9.854534
1861;-0.15322891;-0.4405331;9.825804
1862;-0.19153613;-0.45010993;9.921572
1863;-0.16280572;-0.46926352;9.969456
1864;-0.18195933;-0.45010993;9.892841
1865;-0.18195933;-0.4213795;9.864111
1866;-0.1436521;-0.40222588;9.892841
1867;-0.16280572;-0.45968673;9.911995
1868;-0.17238252;-0.45968673;9.902418
1869;-0.17238252;-0.48841715;9.854534
1870;-0.23942018;-0.45010993;9.883265
1871;-0.19153613;-0.45010993;9.940725
1872;-0.24899697;-0.5267244;9.9790325
1873;-0.15322891;-0.4213795;9.825804
1874;-0.19153613;-0.4213795;9.892841
1875;-0.21068975;-0.46926352;9.844957
1876;-0.12449849;-0.4405331;9.911995
1877;-0.17238252;-0.45010993;9.892841
1878;-0.18195933;-0.4405331;9.921572
1879;-0.18195933;-0.47884035;9.959879
1880;-0.20111294;-0.4213795;9.892841
1881;-0.1436521;-0.4405331;9.892841
1882;-0.22026655;-0.4309563;9.940725
1883;-0.19153613;-0.47884035;9.883265
1884;-0.18195933;-0.50757074;9.998186
1885;-0.18195933;-0.39264908;9.873688
1886;-0.1436521;-0.47884035;9.902418
1887;-0.16280572;-0.45010993;9.892841
1888;-0.18195933;-0.5363012;9.873688
1889;-0.1436521;-0.45968673;9.835381
1890;-0.18195933;-0.46926352;9.816227
1891;-0.15322891;-0.46926352;9.873688
1892;-0.20111294;-0.4405331;9.873688
1893;-0.16280572;-0.41180268;9.883265
1894;-0.19153613;-0.46926352;9.892841
1895;-0.21068975;-0.41180268;9.892841
1896;-0.18195933;-0.38307226;9.892841
1897;-0.20111294;-0.46926352;9.959879
1898;-0.20111294;-0.4309563;9.892841
1899;-0.1340753;-0.47884035;9.940725
1900;-0.23942018;-0.4309563;9.902418
1901;-0.15322891;-0.45968673;9.864111
1902;-0.22026655;-0.47884035;9.892841
1903;-0.20111294;-0.46926352;9.854534
1904;-0.17238252;-0.45968673;9.921572
1905;-0.22026655;-0.46926352;9.80665
1906;-0.16280572;-0.4405331;9.835381
1907;-0.20111294;-0.4405331;9.825804
1908;-0.22026655;-0.45010993;9.988609
1909;-0.16280572;-0.51714754;9.911995
1910;-0.19153613;-0.45968673;9.902418
1911;-0.18195933;-0.4405331;9.950302
1912;-0.17238252;-0.48841715;10.007763
1913;-0.19153613;-0.45968673;9.998186
1914;-0.17238252;-0.4309563;9.825804
1915;-0.20111294;-0.45010993;9.931149
1916;-0.18195933;-0.41180268;9.883265
1917;-0.19153613;-0.45968673;9.921572
1918;-0.21068975;-0.4405331;9.816227
1919;-0.18195933;-0.47884035;9.80665
1920;-0.16280572;-0.46926352;9.864111
1921;-0.17238252;-0.45010993;9.825804
1922;-0.17238252;-0.51714754;9.883265
1923;-0.19153613;-0.47884035;9.921572
1924;-0.21068975;-0.46926352;10.0748005
1925;-0.21068975;-0.45968673;9.921572
1926;-0.21068975;-0.4213795;9.940725
1927;-0.22026655;-0.4309563;9.959879
1928;-0.10534488;-0.36391866;9.911995
1929;-0.2873042;-0.48841715;9.902418
1930;-0.18195933;-0.45968673;9.825804
1931;-0.02873042;-0.41180268;9.77792
1932;-0.29688102;-0.50757074;9.77792
1933;-0.11492168;-0.4309563;9.892841
1934;-0.18195933;-0.39264908;9.634268
1935;-0.12449849;-0.51714754;9.586384
1936;-0.15322891;-0.48841715;10.228029
1937;-0.15322891;-0.36391866;9.787497
1938;-0.17238252;-0.45010993;9.883265
1939;-0.20111294;-0.40222588;9.854534
1940;-0.23942018;-0.4213795;10.01734
1941;-0.21068975;-0.39264908;9.825804
1942;-0.18195933;-0.45968673;9.950302
1943;-0.22026655;-0.36391866;9.873688
1944;-0.20111294;-0.45010993;9.892841
1945;-0.18195933;-0.4405331;9.902418
1946;-0.1340753;-0.4309563;9.825804
1947;-0.21068975;-0.45968673;9.969456
1948;-0.19153613;-0.51714754;9.883265
1949;-0.1340753;-0.46926352;9.873688
1950;-0.17238252;-0.50757074;9.873688
1951;-0.15322891;-0.48841715;9.940725
1952;-0.18195933;-0.45968673;9.921572
1953;-0.19153613;-0.46926352;9.816227
1954;-0.22984336;-0.5267244;10.0269165
1955;-0.15322891;-0.4405331;9.835381
1956;-0.21068975;-0.49799395;9.873688
1957;-0.24899697;-0.49799395;9.902418
1958;-0.17238252;-0.51714754;9.883265
1959;-0.15322891;-0.50757074;9.959879
1960;-0.19153613;-0.46926352;9.921572
1961;-0.22026655;-0.4405331;9.797073
1962;-0.1340753;-0.45968673;9.835381
1963;-0.17238252;-0.40222588;9.902418
1964;-0.17238252;-0.4309563;9.902418
1965;-0.20111294;-0.46926352;9.9790325
1966;-0.17238252;-0.45010993;9.80665
1967;-0.1340753;-0.41180268;9.9790325
1968;-0.17238252;-0.4213795;9.911995
1969;-0.21068975;-0.47884035;9.911995
1970;-0.17238252;-0.45968673;9.873688
1971;-0.1340753;-0.45968673;9.873688
1972;-0.21068975;-0.33518824;9.883265
1973;-0.16280572;-0.48841715;9.911995
1974;-0.18195933;-0.4309563;9.892841
1975;-0.17238252;-0.41180268;9.883265
1976;-0.18195933;-0.5554548;9.873688
1977;-0.19153613;-0.49799395;9.892841
1978;-0.17238252;-0.45968673;9.902418
1979;-0.15322891;-0.41180268;9.902418
1980;-0.21068975;-0.45010993;9.864111
1981;-0.20111294;-0.4309563;9.873688
1982;-0.22984336;-0.41180268;9.873688
1983;-0.23942018;-0.4405331;9.883265
1984;-0.10534488;-0.45010993;9.883265
1985;-0.22026655;-0.45968673;9.998186
1986;-0.22026655;-0.41180268;9.835381
1987;-0.12449849;-0.37349546;9.883265
1988;-0.16280572;-0.41180268;9.864111
1989;-0.1340753;-0.40222588;9.864111
1990;-0.18195933;-0.50757074;9.959879
1991;-0.1340753;-0.46926352;9.902418
1992;-0.21068975;-0.47884035;9.911995
1993;-0.15322891;-0.40222588;9.835381
1994;-0.18195933;-0.47884035;9.902418
1995;-0.18195933;-0.46926352;9.854534
1996;-0.21068975;-0.4213795;9.902418
1997;-0.20111294;-0.47884035;9.950302
1998;-0.16280572;-0.4213795;9.873688
1999;-0.15322891;-0.45010993;9.902418
2000;-0.19153613;-0.4405331;9.883265
2001;-0.16280572;-0.4213795;9.835381
2002;-0.18195933;-0.45968673;9.892841
2003;-0.17238252;-0.4309563;9.931149
2004;-0.16280572;-0.39264908;9.864111
2005;-0.16280572;-0.4213795;9.844957
2006;-0.12449849;-0.4309563;9.988609
2007;-0.20111294;-0.4213795;9.902418
2008;-0.20111294;-0.4405331;9.921572
2009;-0.1340753;-0.39264908;9.902418
2010;-0.20111294;-0.4309563;9.873688
2011;-0.1340753;-0.40222588;9.854534
2012;-0.16280572;-0.47884035;9.911995
2013;-0.18195933;-0.46926352;9.883265
2014;-0.12449849;-0.41180268;9.902418
2015;-0.22984336;-0.46926352;9.864111
2016;-0.18195933;-0.39264908;9.883265
2017;-0.19153613;-0.4213795;9.883265
2018;-0.22026655;-0.4309563;9.883265
2019;-0.18195933;-0.46926352;9.902418
2020;-0.17238252;-0.45010993;9.911995
2021;-0.18195933;-0.45968673;9.902418
2022;-0.19153613;-0.45968673;9.902418
2023;-0.20111294;-0.40222588;9.854534
2024;-0.19153613;-0.50757074;9.931149
2025;-0.19153613;-0.45968673;9.892841
2026;-0.16280572;-0.45968673;9.854534
2027;-0.21068975;-0.46926352;9.911995
2028;-0.21068975;-0.45968673;9.892841
2029;-0.18195933;-0.4309563;9.844957
2030;-0.18195933;-0.4309563;9.902418
2031;-0.18195933;-0.45010993;9.902418
2032;-0.16280572;-0.4405331;9.883265
2033;-0.16280572;-0.41180268;9.873688
2034;-0.17238252;-0.4213795;9.931149
2035;-0.22026655;-0.49799395;9.940725
2036;-0.16280572;-0.37349546;9.844957
2037;-0.16280572;-0.47884035;9.844957
2038;-0.22026655;-0.4405331;9.940725
2039;-0.1436521;-0.41180268;9.902418
2040;-0.19153613;-0.545878;9.931149
2041;-0.19153613;-0.41180268;9.864111
2042;-0.16280572;-0.45010993;9.883265
2043;-0.18195933;-0.4213795;9.816227
2044;-0.1436521;-0.45968673;9.892841
2045;-0.22026655;-0.4309563;9.892841
2046;-0.19153613;-0.45010993;9.892841
2047;-0.18195933;-0.51714754;9.902418
2048;-0.18195933;-0.45010993;9.902418
2049;-0.19153613;-0.45010993;9.911995
2050;-0.18195933;-0.45968673;9.892841
2051;-0.18195933;-0.45010993;9.892841
2052;-0.17238252;-0.4405331;9.911995
2053;-0.19153613;-0.45010993;9.864111
2054;-0.1436521;-0.33518824;9.816227
2055;-0.22984336;-0.4405331;9.931149
2056;-0.1436521;-0.45010993;9.892841
2057;-0.20111294;-0.49799395;9.902418
2058;-0.17238252;-0.45968673;9.873688
2059;-0.21068975;-0.47884035;9.911995
2060;-0.17238252;-0.4405331;9.911995
2061;-0.18195933;-0.4405331;9.873688
2062;-0.18195933;-0.41180268;9.9790325
2063;-0.2681506;-0.47884035;9.864111
2064;-0.18195933;-0.5267244;9.969456
2065;-0.23942018;-0.45968673;9.921572
2066;-0.21068975;-0.45010993;9.892841
2067;-0.16280572;-0.45968673;9.892841
2068;-0.18195933;-0.41180268;9.940725
2069;-0.20111294;-0.45968673;9.892841
2070;-0.19153613;-0.45968673;9.902418
2071;-0.18195933;-0.49799395;9.902418
2072;-0.17238252;-0.40222588;9.911995
2073;-0.20111294;-0.45010993;9.873688
2074;-0.16280572;-0.40222588;9.883265
2075;-0.20111294;-0.45010993;9.844957
2076;-0.18195933;-0.45010993;9.931149
2077;-0.19153613;-0.4309563;9.950302
2078;-0.15322891;-0.51714754;9.873688
2079;-0.19153613;-0.45010993;9.883265
2080;-0.22026655;-0.47884035;9.988609
2081;-0.15322891;-0.4309563;9.80665
2082;-0.18195933;-0.5363012;9.940725
2083;-0.18195933;-0.4309563;9.892841
2084;-0.1340753;-0.4309563;9.950302
2085;-0.20111294;-0.38307226;9.873688
2086;-0.17238252;-0.45010993;9.835381
2087;-0.12449849;-0.4309563;9.940725
2088;-0.20111294;-0.41180268;9.892841
2089;-0.1340753;-0.4405331;9.921572
2090;-0.22026655;-0.47884035;9.787497
2091;-0.20111294;-0.45968673;9.892841
2092;-0.18195933;-0.41180268;9.950302
2093;-0.16280572;-0.4309563;9.902418
2094;-0.18195933;-0.41180268;9.835381
2095;-0.18195933;-0.45010993;9.854534
2096;-0.18195933;-0.4405331;9.921572
2097;-0.17238252;-0.41180268;9.969456
2098;-0.18195933;-0.46926352;9.950302
2099;-0.17238252;-0.37349546;9.797073
2100;-0.19153613;-0.48841715;9.883265
2101;-0.16280572;-0.4405331;10.007763
2102;-0.18195933;-0.45968673;9.892841
2103;-0.16280572;-0.45010993;9.758766
2104;-0.22026655;-0.51714754;9.883265
2105;-0.1436521;-0.38307226;10.0269165
2106;-0.17238252;-0.45010993;9.921572
