;ay;ax;az
0;0.19153613;-0.02873042;9.643845
1;0.40222588;-0.095768064;9.662998
2;0.2681506;-0.10534488;10.180145
3;0.24899697;-0.047884032;10.132261
4;0.31603462;-0.05746084;9.816227
5;0.29688102;-0.19153613;9.730036
6;0.32561144;-0.095768064;9.787497
7;0.24899697;-0.05746084;10.093954
8;0.31603462;-0.08619126;9.80665
9;0.33518824;-0.076614454;9.825804
10;0.31603462;-0.047884032;9.873688
11;0.30645782;-0.019153614;9.959879
12;0.2681506;-0.08619126;9.911995
13;0.35434186;-0.05746084;9.816227
14;0.24899697;-0.019153614;9.892841
15;0.2873042;-0.047884032;9.892841
16;0.34476504;-0.095768064;9.911995
17;0.2681506;-0.076614454;9.998186
18;0.32561144;-0.076614454;9.835381
19;0.31603462;-0.08619126;9.825804
20;0.2777274;-0.076614454;9.969456
21;0.2777274;-0.095768064;9.883265
22;0.30645782;-0.10534488;9.835381
23;0.2873042;-0.08619126;9.844957
24;0.2777274;-0.076614454;9.873688
25;0.29688102;-0.06703765;9.940725
26;0.25857377;-0.08619126;9.864111
27;0.30645782;-0.10534488;9.902418
28;0.2873042;-0.038307227;9.835381
29;0.2681506;-0.06703765;9.864111
30;0.30645782;-0.095768064;9.950302
31;0.23942018;-0.08619126;9.835381
32;0.2873042;-0.12449849;9.921572
33;0.31603462;-0.11492168;9.844957
34;0.2681506;-0.076614454;9.892841
35;0.34476504;-0.1340753;9.883265
36;0.2873042;-0.095768064;9.825804
37;0.30645782;-0.076614454;9.864111
38;0.31603462;-0.076614454;9.911995
39;0.2681506;-0.05746084;9.921572
40;0.35434186;-0.095768064;9.883265
41;0.25857377;-0.08619126;9.883265
42;0.33518824;-0.08619126;9.883265
43;0.30645782;-0.076614454;9.911995
44;0.29688102;-0.06703765;9.844957
45;0.31603462;-0.11492168;9.883265
46;0.31603462;-0.02873042;9.892841
47;0.29688102;-0.06703765;9.892841
48;0.29688102;-0.08619126;9.902418
49;0.2873042;-0.05746084;9.844957
50;0.25857377;-0.05746084;9.921572
51;0.2777274;-0.076614454;9.864111
52;0.31603462;-0.095768064;9.931149
53;0.2681506;-0.076614454;9.892841
54;0.30645782;-0.05746084;9.844957
55;0.30645782;-0.095768064;9.873688
56;0.2777274;-0.02873042;9.892841
57;0.29688102;-0.12449849;9.854534
58;0.31603462;-0.038307227;9.902418
59;0.25857377;-0.02873042;9.940725
60;0.32561144;-0.038307227;9.825804
61;0.2873042;-0.06703765;9.873688
62;0.29688102;-0.06703765;9.959879
63;0.31603462;-0.095768064;9.911995
64;0.31603462;-0.06703765;9.854534
65;0.30645782;-0.047884032;9.959879
66;0.32561144;-0.1436521;9.873688
67;0.2873042;-0.06703765;9.873688
68;0.38307226;-0.047884032;9.883265
69;0.32561144;-0.12449849;9.816227
70;0.31603462;-0.038307227;9.921572
71;0.31603462;-0.1340753;9.883265
72;0.24899697;-0.095768064;9.825804
73;0.31603462;-0.10534488;9.902418
74;0.2873042;-0.10534488;9.844957
75;0.31603462;-0.10534488;9.864111
76;0.2873042;-0.10534488;9.873688
77;0.30645782;-0.095768064;9.883265
78;0.33518824;-0.10534488;9.902418
79;0.31603462;-0.076614454;9.835381
80;0.32561144;-0.12449849;9.864111
81;0.31603462;-0.10534488;9.902418
82;0.2873042;-0.076614454;9.854534
83;0.30645782;-0.05746084;9.864111
84;0.24899697;-0.076614454;9.854534
85;0.30645782;-0.05746084;9.864111
86;0.2873042;-0.16280572;9.873688
87;0.29688102;-0.076614454;9.873688
88;0.33518824;-0.038307227;9.940725
89;0.2777274;-0.06703765;9.816227
90;0.2777274;-0.06703765;9.9790325
91;0.32561144;-0.076614454;9.883265
92;0.2777274;-0.076614454;9.844957
93;0.33518824;-0.06703765;9.911995
94;0.2777274;-0.10534488;9.854534
95;0.2681506;-0.038307227;9.940725
96;0.33518824;-0.1340753;9.854534
97;0.2777274;-0.10534488;9.921572
98;0.2777274;-0.076614454;9.892841
99;0.2777274;-0.08619126;9.921572
100;0.32561144;-0.05746084;9.911995
101;0.32561144;-0.076614454;9.921572
102;0.30645782;-0.1436521;9.873688
103;0.29688102;-0.06703765;9.921572
104;0.2681506;-0.06703765;9.873688
105;0.31603462;-0.10534488;9.873688
106;0.30645782;-0.08619126;9.921572
107;0.25857377;-0.10534488;9.950302
108;0.31603462;-0.038307227;9.921572
109;0.2873042;-0.076614454;9.911995
110;0.31603462;-0.11492168;9.844957
111;0.2681506;-0.08619126;9.892841
112;0.29688102;-0.06703765;9.844957
113;0.29688102;-0.05746084;9.873688
114;0.2681506;-0.1340753;9.825804
115;0.29688102;-0.095768064;9.959879
116;0.35434186;-0.076614454;9.873688
117;0.2777274;-0.076614454;9.825804
118;0.35434186;-0.076614454;9.969456
119;0.24899697;-0.06703765;9.864111
120;0.35434186;-0.047884032;9.911995
121;0.30645782;-0.1436521;9.844957
122;0.2873042;-0.08619126;9.931149
123;0.35434186;-0.10534488;9.873688
124;0.29688102;-0.08619126;9.844957
125;0.2873042;-0.06703765;9.892841
126;0.29688102;-0.095768064;9.883265
127;0.2777274;-0.076614454;9.873688
128;0.31603462;-0.10534488;9.864111
129;0.30645782;-0.10534488;9.835381
130;0.31603462;-0.10534488;9.844957
131;0.2681506;-0.10534488;9.883265
132;0.29688102;-0.06703765;9.873688
133;0.31603462;-0.06703765;9.873688
134;0.30645782;-0.12449849;9.844957
135;0.32561144;-0.08619126;9.864111
136;0.2873042;-0.05746084;9.940725
137;0.33518824;-0.11492168;9.787497
138;0.32561144;-0.02873042;9.864111
139;0.2681506;-0.095768064;9.873688
140;0.29688102;-0.11492168;9.902418
141;0.31603462;-0.095768064;9.911995
142;0.32561144;-0.16280572;9.844957
143;0.31603462;-0.17238252;9.988609
144;0.32561144;-0.20111294;9.854534
145;0.36391866;-0.20111294;9.959879
146;0.33518824;-0.20111294;9.892841
147;0.30645782;-0.17238252;9.873688
148;0.33518824;-0.23942018;9.835381
149;0.24899697;-0.21068975;9.768343
150;0.33518824;-0.2777274;9.864111
151;0.32561144;-0.23942018;9.921572
152;0.29688102;-0.20111294;10.04607
153;0.33518824;-0.22026655;10.093954
154;0.2681506;-0.22984336;10.04607
155;0.29688102;-0.30645782;10.266336
156;0.36391866;-0.34476504;10.323798
157;0.2873042;-0.41180268;10.208876
158;0.36391866;-0.48841715;10.266336
159;0.17238252;-0.59376204;10.036493
160;0.08619126;-0.59376204;10.141838
161;-0.009576807;-0.78529817;10.141838
162;-0.009576807;-0.90021986;9.844957
163;0.019153614;-0.9672575;9.844957
164;-0.17238252;-1.0534488;9.797073
165;-0.16280572;-1.091756;9.758766
166;-0.05746084;-1.2737153;9.80665
167;-0.076614454;-1.292869;9.931149
168;0.05746084;-1.4460979;9.720459
169;-0.16280572;-1.5801731;9.77792
170;0.1436521;-1.7238252;10.323798
171;0.34476504;-1.8579005;9.883265
172;0.63206923;-1.8579005;9.797073
173;0.79487497;-2.0015526;10.180145
174;0.90979666;-2.2505496;9.988609
175;0.8523358;-2.3175871;9.730036
176;0.7757214;-2.432509;10.04607
177;0.50757074;-2.5091233;9.825804
178;0.58418524;-2.719813;9.414001
179;0.5363012;-2.6623523;9.605537
180;0.46926352;-2.7102363;9.9790325
181;0.45968673;-2.882619;9.749189
182;0.5267244;-2.8634653;9.586384
183;0.35434186;-2.7389667;10.132261
184;0.4405331;-2.8060043;9.883265
185;0.5363012;-2.6144683;9.710882
186;0.17238252;-2.5187001;10.0269165
187;0.7661445;-2.3463178;10.055647
188;-0.17238252;-2.3080103;9.959879
189;0.5650316;-2.0015526;9.854534
190;-0.08619126;-2.0111294;9.883265
191;0.1436521;-1.733402;9.940725
192;0.24899697;-1.6280571;9.825804
193;0.0;-1.5610195;9.730036
194;0.39264908;-1.541866;9.5385
195;0.36391866;-1.4460979;9.557653
196;0.60333884;-1.2354081;9.595961
197;0.5554548;-1.340753;9.500193
198;0.5554548;-1.2258313;9.232041
199;0.38307226;-1.1779473;9.279925
200;0.22984336;-1.0726024;9.471462
201;0.60333884;-0.81402856;9.56723
202;0.23942018;-0.842759;9.662998
203;0.30645782;-0.8619126;10.113108
204;0.60333884;-0.7661445;10.208876
205;0.24899697;-0.8619126;10.70687
206;1.1587936;-0.5554548;10.726024
207;0.4213795;-0.81402856;10.840945
208;0.48841715;-0.63206923;10.505757
209;0.47884035;-0.4405331;10.6398325
210;-0.25857377;-0.2873042;10.46745
211;0.05746084;-0.30645782;9.873688
212;-0.1436521;-0.23942018;9.816227
213;0.095768064;-0.38307226;9.988609
214;0.02873042;-0.25857377;9.509769
215;0.17238252;-0.22026655;9.730036
216;0.22026655;-0.15322891;9.988609
217;-0.08619126;-0.02873042;9.873688
218;0.7565677;0.009576807;9.749189
219;-0.32561144;-0.1340753;9.56723
220;1.1300632;0.038307227;9.394848
221;-0.2873042;-0.0;9.739613
222;-0.05746084;-0.095768064;9.892841
223;0.50757074;-0.17238252;9.279925
224;-0.095768064;-0.40222588;9.998186
225;0.9576807;-0.4405331;10.266336
226;0.02873042;-0.5650316;9.691729
227;0.9864111;-0.45010993;10.103531
228;0.8714894;-0.5267244;11.425131
229;0.8810662;-0.5746084;10.764331
230;0.1436521;-0.4213795;9.232041
231;-1.1013328;-0.78529817;10.5440645
232;1.3215994;-0.20111294;10.67814
233;-2.078167;-0.7374141;10.553641
234;1.2258313;-0.5267244;10.0748005
235;-0.22984336;-0.63206923;9.844957
236;0.19153613;-0.61291564;10.342952
237;1.0342951;-0.7182605;10.084377
238;0.8523358;-1.0534488;10.371682
239;2.1164744;-1.0247183;9.873688
240;0.1436521;-1.541866;9.155427
241;0.91937345;-1.6472107;8.647857
242;0.29688102;-1.8195933;9.308656
243;-0.545878;-1.5993267;9.3661175
244;-0.30645782;-1.9249382;8.360553
245;-0.38307226;-1.6663644;8.322245
246;-0.12449849;-1.4652514;9.940725
247;0.19153613;-1.5897499;9.998186
248;1.0247183;-1.4173675;9.988609
249;1.2449849;-1.2737153;11.291056
250;0.40222588;-1.3024458;11.109096
251;0.90021986;-1.283292;9.883265
252;0.47884035;-1.3694834;9.768343
253;-0.50757074;-1.3790601;10.295067
254;0.545878;-1.685518;9.672575
255;0.50757074;-2.2409728;9.414001
256;0.8810662;-2.1068976;9.528923
257;1.2737153;-1.9153614;9.184157
258;1.2354081;-1.685518;9.9790325
259;0.7565677;-1.4460979;10.409989
260;0.45968673;-1.340753;9.883265
261;-0.35434186;-1.3503298;9.040505
262;-0.06703765;-1.1587936;8.90643
263;-0.6607997;-1.1204864;9.931149
264;0.31603462;-1.1204864;10.160992
265;0.18195933;-1.1971009;9.289502
266;-0.545878;-1.4748282;9.768343
267;1.934515;-1.3024458;11.252748
268;2.2601264;-1.2737153;12.066776
269;1.5705963;-1.2449849;10.189722
270;0.33518824;-1.2162545;9.816227
271;1.3311762;-0.9672575;10.304645
272;-1.043872;-0.7086837;11.310209
273;-0.5650316;-0.6991069;9.394848
274;-0.40222588;-0.545878;8.619126
275;-2.633622;-0.38307226;9.682152
276;-0.019153614;-0.842759;10.860099
277;3.4380736;-0.89064306;10.505757
278;1.13964;-1.0151415;10.888829
279;1.733402;-1.1109096;9.14585
280;2.4133554;-0.94810385;9.404425
281;-0.08619126;-1.0247183;11.36767
282;0.05746084;-0.1436521;9.672575
283;-1.5131354;-0.7278373;8.226477
284;0.4213795;-0.48841715;9.059659
285;-1.283292;-0.02873042;10.180145
286;-0.37349546;-0.22026655;10.333375
287;1.484405;-0.545878;10.237606
288;0.50757074;-0.9959879;11.099519
289;1.7238252;-0.8714894;10.840945
290;1.484405;-0.6991069;8.686164
291;-1.0630256;-0.39264908;8.820239
292;0.9959879;0.1340753;10.5919485
293;-2.0590134;-0.21068975;9.11712
294;-1.1779473;-0.22984336;8.628703
295;-1.532289;-0.545878;9.021352
296;-2.0494366;-0.81402856;9.509769
297;2.1068976;-1.0821792;11.405977
298;2.9113493;-0.22026655;11.415554
299;0.46926352;-1.0726024;11.003751
300;3.1316159;-0.1340753;9.643845
301;-1.5514427;-0.6895301;10.113108
302;-0.39264908;0.12449849;11.080365
303;-1.9057846;-0.22984336;10.371682
304;-1.1300632;-0.7086837;10.036493
305;0.8810662;-1.3024458;9.624691
306;0.076614454;-1.436521;10.342952
307;1.8483237;-1.6759412;10.141838
308;2.9975405;-1.5993267;10.448297
309;1.1779473;-1.8004397;9.414001
310;-0.79487497;-1.3694834;8.494628
311;0.45010993;-1.3215994;8.7053175
312;-1.8483237;-0.6512229;10.496181
313;-1.1300632;-1.8195933;9.528923
314;1.733402;-1.8579005;7.8146744
315;-0.45010993;-2.030283;9.299079
316;2.27928;-1.2354081;10.237606
317;2.920926;-1.4077905;9.682152
318;1.388637;-1.4939818;10.007763
319;1.4077905;-1.0055647;9.854534
320;-0.89064306;-0.7565677;9.385271
321;-1.7525556;-0.24899697;9.136273
322;-0.37349546;-0.82360536;11.559206
323;0.36391866;-0.7374141;10.860099
324;-0.41180268;-2.0111294;9.050082
325;2.3750482;-2.1164744;9.988609
326;1.7046716;-2.030283;10.352529
327;-1.1492168;-1.2066777;10.199299
328;0.94810385;-1.5801731;10.793061
329;-2.5761611;-1.5131354;10.496181
330;-2.96881;-2.5091233;9.471462
331;2.719813;-1.7525556;8.983045
332;-0.02873042;-2.0685902;10.821792
333;2.8634653;-1.0726024;10.716447
334;4.501099;-0.20111294;12.152967
335;-2.078167;-0.6991069;12.028469
336;-0.90021986;0.08619126;10.132261
337;-2.078167;0.10534488;8.772355
338;-0.5554548;-1.0055647;13.034034
339;1.4460979;-0.7278373;9.260772
340;-0.16280572;-1.7621324;7.8146744
341;3.083732;-1.4748282;9.672575
342;-0.038307227;-0.91937345;8.485051
343;-1.541866;-1.8387469;6.7803793
344;1.3120226;-1.6089035;9.136273
345;-1.1971009;-2.1643584;7.642292
346;2.432509;-2.3942018;7.2113357
347;2.7389667;-2.2601264;9.624691
348;0.58418524;-1.1300632;8.456321
349;1.3694834;-0.6607997;9.500193
350;0.8810662;0.38307226;11.999739
351;-1.3599066;0.30645782;11.712435
352;-0.545878;0.29688102;8.963891
353;1.532289;0.05746084;10.524911
354;1.6089035;0.22984336;14.355634
355;1.13964;0.60333884;10.007763
356;-0.48841715;-0.2681506;8.580819
357;-0.39264908;-0.7469909;9.414001
358;-1.8866309;-0.93852705;13.972561
359;3.7732618;-0.9864111;12.354081
360;1.9057846;-1.541866;10.065224
361;-0.06703765;-0.7469909;8.523358
362;0.48841715;-0.30645782;8.676587
363;-2.0207062;-0.8523358;10.295067
364;-2.183512;-0.29688102;11.616667
365;0.82360536;-1.1300632;8.868123
366;1.8579005;-1.2545617;7.469909
367;1.0630256;-0.8331822;9.346964
368;-1.0726024;-1.3982137;11.109096
369;0.8523358;-0.7182605;7.6135616
370;-1.1109096;-0.36391866;9.404425
371;-1.8483237;-1.091756;10.170568
372;3.1028855;-1.0151415;7.642292
373;1.4652514;-0.23942018;10.170568
374;0.38307226;-0.5363012;11.089942
375;0.6799533;0.019153614;10.247183
376;-0.038307227;0.21068975;9.279925
377;-1.0821792;-0.7086837;14.12579
378;3.5625722;-0.02873042;12.258312
379;2.5761611;-0.25857377;10.448297
380;-1.8004397;-0.7757214;10.505757
381;0.24899697;-0.095768064;8.42759
382;-2.3750482;-0.2777274;10.783484
383;-2.327164;-1.043872;10.984597
384;1.8195933;-2.1164744;7.3166804
385;0.8810662;-1.7142484;6.8569937
386;2.8060043;-1.6089035;10.25676
387;2.7485435;-0.9864111;11.84651
388;-0.30645782;-1.3503298;8.418014
389;4.8745947;-1.982399;11.252748
390;0.4405331;-2.0590134;10.783484
391;-1.8004397;-1.1109096;7.1155677
392;0.7469909;-0.60333884;7.9583263
393;-2.681506;-0.45010993;10.218452
394;-2.5570073;-0.9864111;9.126697
395;-0.63206923;-2.0973208;6.8282633
396;-2.1068976;-2.4229321;6.943185
397;3.821146;0.009576807;11.434708
398;2.6623523;-0.49799395;12.928689
399;2.336741;-1.2258313;10.390836
400;-0.009576807;-0.7086837;8.820239
401;-0.6703765;-2.6527755;10.821792
402;0.9959879;-0.545878;12.028469
403;-3.514688;-1.9632454;10.812215
404;2.3750482;-1.0534488;10.409989
405;-1.388637;-0.8714894;8.954314
406;-1.8100165;-3.0071173;9.481039
407;3.7253778;0.19153613;11.482592
408;-0.9576807;-1.1492168;12.287044
409;2.1260512;-1.5897499;11.224017
410;2.2026656;-1.3982137;7.201759
411;-1.3024458;-1.9057846;9.346964
412;2.183512;-0.9864111;12.832921
413;-1.3311762;-1.2641385;10.812215
414;0.48841715;-2.3942018;7.240066
415;-3.7253778;-3.0262709;5.841852
416;-1.6472107;-1.8770541;9.730036
417;0.51714754;-2.2697031;10.91756
418;-0.36391866;-2.767697;10.831368
419;3.0454245;-1.2641385;9.854534
420;0.34476504;-1.7717092;12.516887
421;1.8962077;-0.6512229;10.093954
422;2.6527755;-2.0111294;9.787497
423;1.6472107;-0.7565677;9.911995
424;-1.7812861;0.02873042;9.701305
425;-1.2354081;-1.5705963;7.469909
426;-1.685518;-1.4939818;6.5505357
427;-4.807557;-2.3175871;7.920019
428;-0.63206923;-1.0247183;9.442732
429;2.2697031;-0.30645782;9.136273
430;1.8387469;-1.4556746;10.266336
431;4.405331;-0.78529817;11.386824
432;0.18195933;-0.80445176;9.921572
433;4.3478703;-0.39264908;12.200851
434;1.1300632;1.4269443;13.599066
435;-6.3781533;-0.47884035;11.836933
436;3.620033;-0.1340753;8.810662
437;-0.35434186;0.32561144;9.787497
438;-2.8060043;-0.59376204;12.315774
439;5.583278;1.1300632;12.152967
440;0.5363012;-0.02873042;11.080365
441;-0.6991069;0.35434186;11.224017
442;-1.3503298;0.34476504;10.524911
443;0.94810385;0.047884032;9.595961
444;1.1300632;0.50757074;10.400413
445;-0.48841715;0.18195933;10.065224
446;-0.78529817;-0.8523358;8.293514
447;0.50757074;-0.20111294;5.094861
448;-3.4093432;-0.19153613;8.954314
449;-0.8810662;-0.2873042;9.136273
450;0.58418524;-0.7469909;6.9527617
451;-0.18195933;-0.31603462;7.192182
452;2.5761611;0.5267244;9.471462
453;2.4708161;0.7374141;11.597513
454;2.585738;0.47884035;9.634268
455;0.08619126;0.7757214;8.274361
456;-1.2354081;0.21068975;9.222465
457;-2.5570073;-0.095768064;9.787497
458;-3.1794999;-0.6895301;7.776367
459;-0.49799395;1.541866;10.697293
460;-2.2409728;1.091756;13.713987
461;3.1890767;1.8100165;12.583924
462;2.1452048;1.9728222;14.863204
463;3.1316159;1.541866;17.899052
464;4.357447;2.2697031;16.318878
465;-1.5227122;0.8523358;10.477027
466;-0.47884035;0.7182605;9.586384
467;-1.7142484;1.7046716;13.704411
468;-3.2944214;-0.41180268;11.60709
469;4.003105;0.11492168;5.9759274
470;-3.2082303;-1.5227122;7.3549876
471;-0.2777274;-0.51714754;8.331821
472;2.5378537;0.40222588;7.536947
473;0.78529817;-0.34476504;7.690176
474;0.35434186;-0.11492168;10.266336
475;1.7525556;-0.46926352;7.872135
476;1.0821792;-0.39264908;5.4683566
477;-0.4405331;-0.10534488;5.046977
478;0.45010993;0.51714754;6.6846113
479;-2.087744;-1.6950948;8.446744
480;4.7979803;-0.51714754;6.7612257
481;-1.982399;0.15322891;10.802638
482;-2.9400797;-1.091756;4.4436383
483;5.93762;0.7661445;8.848969
484;-2.1930888;0.31603462;12.325351
485;0.78529817;0.48841715;11.84651
486;2.1739352;0.5650316;9.299079
487;-1.6472107;0.009576807;11.118672
488;1.0726024;0.89064306;12.162544
489;-0.89064306;0.7278373;12.325351
490;1.4460979;0.90979666;13.876793
491;3.1986535;1.1204864;13.876793
492;0.24899697;-0.1436521;13.924677
493;1.8387469;1.0151415;11.042058
494;0.0;0.095768064;10.783484
495;-0.17238252;0.22026655;14.240712
496;-0.23942018;0.6703765;14.5567465
497;-2.7485435;-0.2777274;9.710882
498;-0.25857377;-0.61291564;6.339846
499;-1.1013328;-0.41180268;10.180145
500;-1.0821792;-0.79487497;11.808203
501;1.982399;-0.79487497;7.2113357
502;-0.93852705;-1.0342951;6.435614
503;1.8866309;-1.1013328;10.6877165
504;3.0454245;-0.38307226;10.840945
505;0.45010993;-1.484405;7.4507556
506;-0.6607997;-1.4556746;4.606444
507;-1.9728222;-0.23942018;7.067683
508;-2.882619;-0.7661445;9.011775
509;-0.41180268;-0.5363012;6.38773
510;-0.31603462;-1.340753;7.374141
511;2.3942018;-0.25857377;10.275913
512;1.4077905;-0.5363012;8.858546
513;1.9440918;0.6512229;8.686164
514;2.2697031;1.532289;14.374787
515;0.25857377;-0.06703765;14.671668
516;1.4269443;-0.06703765;8.8777
517;0.06703765;-0.37349546;6.694188
518;-0.7374141;0.6895301;12.29662
519;-1.733402;1.2162545;10.840945
520;1.733402;-0.08619126;10.840945
521;-0.1436521;-0.5554548;11.166556
522;-2.4420857;-0.6703765;10.228029
523;3.9743748;-0.7374141;8.082825
524;1.4077905;-0.047884032;10.409989
525;-4.185065;-0.4309563;13.484144
526;3.8881836;-0.91937345;9.835381
527;1.0726024;-0.37349546;9.959879
528;-1.1492168;-1.2354081;7.699753
529;2.1068976;-0.7086837;9.11712
530;-2.4708161;-1.436521;7.5944076
531;-2.327164;-1.9057846;7.441179
532;-0.24899697;-1.3599066;8.121132
533;1.7142484;0.06703765;9.346964
534;-1.1300632;-0.78529817;11.128249
535;5.2863975;0.34476504;6.9048777
536;0.82360536;0.47884035;11.808203
537;-2.1930888;-0.1340753;10.668563
538;3.6870706;0.2681506;8.523358
539;-0.05746084;-0.10534488;8.513782
540;-1.9249382;-0.10534488;7.422025
541;-0.4405331;-0.7278373;5.765238
542;3.916914;-0.5746084;10.563218
543;-0.7469909;0.545878;11.951855
544;-3.1986535;-0.89064306;8.034941
545;5.3342814;-0.0;7.52737
546;-2.5091233;0.49799395;14.911088
547;-0.35434186;-0.24899697;11.999739
548;4.9224787;0.25857377;8.350976
549;-1.8004397;0.1340753;8.762778
550;0.40222588;0.61291564;12.277467
551;-1.3024458;0.641646;10.994174
552;-2.183512;-1.3024458;9.576807
553;1.3790601;-0.32561144;8.839393
554;-2.8443117;0.39264908;9.5385
555;2.2026656;-0.45968673;12.344504
556;6.0238113;0.19153613;12.162544
557;-2.585738;-0.05746084;10.093954
558;-1.5227122;-0.6799533;7.1155677
559;3.4380736;0.5267244;8.858546
560;-2.2409728;0.90979666;11.980585
561;-5.6407394;-0.58418524;8.513782
562;4.098873;-0.50757074;5.2289367
563;-2.2697031;-0.58418524;9.969456
564;-2.8538885;-1.541866;3.2273839
565;4.156334;0.11492168;5.5641246
566;-1.7238252;-0.16280572;16.031574
567;3.1603463;-0.19153613;11.358093
568;4.0222588;-0.1340753;4.7500963
569;-0.29688102;0.20111294;6.7708025
570;-0.05746084;2.0973208;13.962984
571;0.6703765;0.8714894;12.26789
572;-1.6184803;0.35434186;9.959879
573;0.20111294;0.61291564;13.493721
574;0.90979666;1.1013328;10.984597
575;-1.4748282;0.51714754;10.505757
576;5.985504;2.087744;11.482592
577;-1.340753;1.6089035;15.370775
578;1.1779473;0.19153613;11.81778
579;6.7229185;2.5187001;10.563218
580;-2.3463178;1.4077905;11.63582
581;1.982399;1.2066777;14.958972
582;4.060566;2.873042;13.01488
583;-1.2545617;1.8579005;11.942278
584;1.982399;0.80445176;13.579912
585;2.1164744;0.34476504;11.137826
586;1.3982137;0.8714894;9.548077
587;0.05746084;1.0534488;11.21444
588;0.047884032;0.9672575;11.597513
589;0.8810662;0.8714894;2.585738
590;-8.24563;-2.1547816;-2.1547816
591;1.5993267;-0.842759;6.129156
592;0.39264908;-1.1204864;14.240712
593;-0.6703765;-2.834735;4.6351743
594;2.3175871;-1.532289;-1.3215994
595;-0.12449849;-1.3599066;-0.06703765
596;-4.453215;-1.685518;5.66947
597;1.9440918;-0.80445176;4.711789
598;1.9728222;1.3599066;8.226477
599;-4.0701427;-1.8770541;4.271256
600;1.7429788;-0.78529817;-2.7485435
601;-1.0151415;1.541866;10.802638
602;-5.631162;2.2888567;13.876793
603;6.244078;2.3750482;15.907076
604;8.207323;7.144298;20.197485
605;-6.579266;7.3166804;24.152706
606;5.3342814;17.583017;24.957159
607;2.384625;11.070788;47.309425
608;-0.1436521;10.333375;33.499672
609;5.7365074;14.777013;26.757599
610;-6.0238113;5.094861;26.317064
611;4.0701427;8.130709;17.477673
612;10.630256;3.9743748;24.104822
613;-7.5944076;-2.6240451;24.938005
614;18.55985;-3.016694;21.212627
615;3.4380736;3.6870706;-9.11712
616;-8.494628;-7.6135616;6.7133417
617;2.9113493;-3.9935284;-5.6790466
618;-4.2425256;-10.352529;-4.3861775
619;7.8050976;-2.4516625;2.4612393
620;4.5394063;-1.0630256;-6.655881
621;-10.429143;-7.9104424;-15.093047
622;8.858546;-3.4284968;-6.5122285
623;3.1986535;0.24899697;7.6135616
624;-12.947843;-3.371036;2.384625
625;3.1411927;-1.1492168;-4.5298295
626;0.33518824;-0.82360536;-4.405331
627;-10.409989;-0.62249243;6.033388
628;-2.2888567;-0.10534488;-1.6280571
629;0.36391866;-1.3599066;-6.397307
630;-8.590396;-0.16280572;5.1523223
631;-5.094861;-1.2258313;4.8841715
632;-0.641646;1.6472107;-4.807557
633;-8.762778;-0.08619126;8.379706
634;6.2728086;1.6184803;24.938005
635;7.575254;3.7732618;22.132
636;-1.4939818;1.7046716;11.836933
637;5.535394;5.1906295;16.16565
638;4.817134;4.1276035;35.395878
639;0.78529817;6.081272;34.658463
640;0.8810662;5.707777;32.312145
641;-11.760319;3.0550013;7.843405
642;1.1013328;1.7908629;22.208614
643;7.1251445;3.323152;26.355371
644;-1.7429788;0.30645782;22.629995
645;2.087744;-1.9249382;18.176779
646;6.7229185;-2.3654714;10.371682
647;4.3766007;-2.4516625;10.812215
648;4.8267107;-2.0590134;17.803284
649;4.644751;-3.620033;10.0748005
650;4.711789;-4.596867;-1.3982137
651;-1.4748282;-3.4284968;1.8483237
652;-6.0716953;-3.9456444;0.6703765
653;-2.2984335;-4.223372;-5.851429
654;0.41180268;-3.3614593;3.715801
655;-0.60333884;-0.21068975;7.192182
656;-1.6376339;-2.1739352;-1.2162545
657;7.9583263;-2.4995465;-7.9008656
658;6.042965;0.4405331;11.310209
659;0.40222588;-0.61291564;14.5567465
660;3.016694;0.34476504;3.715801
661;5.3821654;-1.5993267;-0.35434186
662;-0.59376204;1.5227122;10.04607
663;-3.371036;1.292869;16.22311
664;3.371036;3.0071173;10.783484
665;-3.1124623;1.2737153;10.0269165
666;-7.6231384;0.9672575;11.319786
667;-0.19153613;3.4093432;10.821792
668;-6.493075;3.41892;14.298173
669;-2.0494366;3.7445314;14.642938
670;0.7374141;4.4244847;13.771448
671;-4.0222588;2.1930888;13.388376
672;3.2465374;-0.9768343;13.723564
673;6.799533;3.9456444;17.937359
674;-3.6296098;-0.61291564;16.500837
675;5.449203;-1.9919758;15.514427
676;5.841852;-4.6160207;5.8226986
677;-3.7732618;-6.6846113;6.531382
678;-7.6710224;-5.746084;-1.388637
679;-10.94629;-4.9320555;3.9264908
680;-4.232949;-6.83784;5.142745
681;5.841852;-6.4547677;10.840945
682;3.8402996;-8.42759;9.921572
683;2.384625;-6.655881;6.8665705
684;7.067683;-4.3957543;9.854534
685;5.5737014;-0.05746084;19.58457
686;5.793968;-0.009576807;20.159178
687;6.1770406;2.3463178;11.358093
688;-1.8004397;0.62249243;8.714894
689;0.91937345;3.6391866;12.08593
690;2.1260512;7.240066;14.33648
691;-5.2959743;3.8786068;13.196839
692;2.4708161;1.6472107;12.852075
693;2.3942018;4.8362875;13.148955
694;-0.82360536;-0.05746084;7.4028716
695;4.8267107;5.1235914;13.541605
696;0.50757074;1.292869;11.856087
697;7.422025;1.0247183;7.4986396
698;1.7621324;2.8634653;-1.8579005
699;-4.663905;0.9672575;-4.596867
700;-1.7621324;-0.076614454;3.7828386
701;4.7500963;0.8331822;6.9240313
702;-0.17238252;3.083732;11.405977
703;-8.0924015;-1.733402;1.5897499
704;-4.5872903;-0.89064306;-10.275913
705;-5.3725886;-1.0534488;3.3518825
706;-2.681506;-3.6008794;29.36249
707;4.31914;-5.7748146;4.654328
708;9.461885;-6.588843;-0.1340753
709;3.323152;-8.734048;6.9240313
710;-1.9440918;-4.8362875;13.053187
711;-5.765238;-5.6982;10.103531
712;-1.3120226;-2.4995465;23.913286
713;-1.1204864;-2.1164744;13.867216
714;-0.18195933;-3.9935284;8.111555
715;4.414908;-1.6663644;10.237606
716;1.6950948;2.5474305;26.910828
717;-0.45968673;2.4037786;29.266722
718;2.1164744;3.4380736;20.705057
719;0.6799533;1.6280571;11.84651
720;1.388637;2.719813;13.8480625
721;2.719813;5.3247046;17.027563
722;-1.685518;4.3478703;17.0946
723;3.4763808;2.9400797;11.032481
724;0.32561144;2.4708161;8.66701
725;-5.2480903;1.6089035;3.7828386
726;1.4460979;3.8019924;6.3302693
727;-4.606444;0.2873042;4.2904096
728;-3.6774938;-0.545878;-2.5953147
729;4.999093;1.5993267;15.610195
730;2.1068976;0.19153613;6.6367273
731;-1.5035586;-3.7349546;-12.631808
732;13.637373;-1.9919758;0.6799533
733;-3.8786068;-0.009576807;12.239159
734;-2.633622;-4.596867;11.530476
735;13.01488;-1.292869;-5.2768207
736;-3.2561142;-2.2984335;0.29688102
737;-5.803545;-2.3558946;6.1770406
738;0.34476504;-2.1547816;2.6240451
739;-4.060566;-2.9783869;9.375694
740;-0.12449849;-0.8619126;14.451402
741;2.882619;-1.5705963;14.853627
742;3.6104562;0.842759;13.704411
743;2.1739352;2.5091233;16.960526
744;-1.0151415;3.3518825;22.457611
745;1.7908629;2.1068976;21.097706
746;2.96881;2.96881;18.071434
747;0.21068975;2.4516625;20.254946
748;1.5227122;4.2999864;20.66675
749;-1.2449849;3.3423057;14.326903
750;-2.777274;2.7964275;11.971008
751;-1.3790601;3.4859576;17.381905
752;-1.0151415;1.8674773;13.330915
753;0.1436521;0.9959879;6.1770406
754;1.4460979;0.58418524;8.418014
755;0.22984336;1.283292;10.831368
756;1.2449849;0.8523358;8.341399
757;2.1547816;-0.46926352;3.6774938
758;-0.41180268;-1.2162545;2.882619
759;-4.999093;-3.169923;0.45968673
760;0.095768064;-3.1890767;-2.3463178
761;7.9487495;0.47884035;6.5601125
762;-7.0006456;-1.1587936;9.069236
763;6.4547677;-2.432509;-6.4068837
764;6.4260373;0.8331822;4.55856
765;-9.356541;-1.2354081;12.26789
766;3.2944214;-0.62249243;6.799533
767;5.1906295;-0.34476504;4.903325
768;-3.2944214;-0.78529817;10.132261
769;0.60333884;0.02873042;11.099519
770;0.78529817;0.50757074;10.237606
771;-0.2777274;1.6089035;15.255854
772;0.8331822;1.4269443;16.338032
773;2.2122424;1.2066777;14.010868
774;0.8619126;1.484405;15.045163
775;-0.2873042;2.5187001;16.031574
776;1.0630256;2.4612393;18.713081
777;2.2601264;1.6950948;20.168755
778;2.2409728;2.3175871;13.618219
779;-2.681506;1.934515;11.616667
780;0.2777274;0.4213795;12.277467
781;1.091756;0.32561144;13.062764
782;-2.0111294;-0.8810662;11.473015
783;0.8523358;-0.7661445;7.249643
784;-0.5650316;-0.25857377;6.4643445
785;-1.8866309;0.08619126;12.018892
786;2.5570073;-0.019153614;10.6398325
787;1.0055647;-0.91937345;5.631162
788;-1.2258313;-1.2162545;5.1523223
789;-0.48841715;-0.6703765;4.596867
790;-3.5529952;-1.8962077;2.815581
791;2.4229321;-0.5363012;8.504205
792;2.2026656;1.484405;13.2351465
793;-1.6759412;-1.541866;2.7581203
794;5.5641246;-0.9672575;1.8100165
795;-3.7924154;-0.0;9.56723
796;-2.873042;0.6991069;11.3964
797;1.5801731;0.30645782;8.628703
798;-1.3120226;-0.29688102;12.947843
799;-0.89064306;-0.34476504;9.940725
800;-0.37349546;0.49799395;10.381259
801;0.7278373;-0.047884032;10.477027
802;1.7525556;0.45968673;14.5567465
803;2.6144683;0.45968673;15.600618
804;1.484405;-0.076614454;13.67568
805;0.90979666;-0.15322891;9.471462
806;-5.1235914;-0.31603462;10.352529
807;5.3247046;1.1875241;11.84651
808;0.7086837;0.4405331;16.759413
809;-2.087744;-2.6240451;10.1226845
810;4.711789;0.1436521;4.2042184
811;-2.72939;-1.2162545;8.916007
812;-1.3024458;-0.48841715;12.53604
813;3.169923;0.9672575;10.534488
814;-0.7565677;-0.6703765;8.0924015
815;0.1340753;-0.2873042;7.632715
816;-0.17238252;0.18195933;7.7572136
817;0.62249243;0.4405331;9.414001
818;0.2873042;1.7238252;12.832921
819;1.4556746;-0.17238252;11.971008
820;2.3175871;-0.50757074;7.9008656
821;1.3503298;-0.22984336;7.3645644
822;-1.3599066;-0.37349546;7.335834
823;-0.31603462;0.095768064;8.8777
824;-2.2218192;0.45010993;7.728483
825;0.37349546;0.06703765;8.283937
826;0.06703765;0.02873042;7.374141
827;-2.183512;-0.038307227;7.3166804
828;1.982399;0.5363012;10.400413
829;2.9113493;0.21068975;12.5743475
830;-0.10534488;-0.4213795;11.674128
831;0.9959879;-1.043872;9.595961
832;1.1300632;-0.45968673;8.00621
833;-2.72939;-0.08619126;11.654974
834;0.11492168;0.30645782;12.842498
835;-0.32561144;-0.02873042;12.459426
836;-1.5131354;-0.15322891;8.169016
837;0.5267244;0.2873042;12.038046
838;-0.4213795;0.20111294;14.144943
839;2.384625;0.009576807;13.541605
840;1.8291701;-0.2873042;12.287044
841;0.0;0.31603462;10.160992
842;1.4939818;0.6991069;12.689269
843;-0.9672575;0.21068975;9.097966
844;-0.58418524;0.9864111;9.854534
845;-4.357447;0.8523358;9.174581
846;0.40222588;0.29688102;9.749189
847;3.4859576;1.0630256;10.084377
848;-2.5761611;-0.4405331;10.055647
849;1.7717092;0.45968673;7.326257
850;1.1779473;1.2354081;12.315774
851;0.9672575;0.24899697;12.631808
852;3.5242648;0.24899697;8.322245
853;-0.6895301;0.25857377;6.8665705
854;-1.7812861;-1.4460979;7.8146744
855;0.23942018;1.3982137;5.257667
856;-2.9783869;-0.58418524;9.174581
857;0.49799395;0.22026655;10.965444
858;-0.2681506;-0.8810662;8.571242
859;-0.641646;-0.41180268;4.7979803
860;0.4405331;0.24899697;9.710882
861;0.5650316;1.0630256;13.608643
862;2.6527755;0.17238252;14.097059
863;3.2848446;-0.29688102;11.166556
864;0.7086837;-0.5267244;9.174581
865;-5.401319;-0.32561144;9.892841
866;-0.7086837;0.7469909;8.513782
867;1.9057846;1.9919758;16.577452
868;-2.8921957;-0.92895025;12.717999
869;2.1260512;0.08619126;7.6614456
870;1.2449849;-0.5650316;8.264784
871;-1.091756;1.0247183;14.5088625
872;2.6527755;1.7525556;14.930242
873;4.721366;-0.45968673;12.50731
874;-1.2545617;-1.1013328;6.2632318
875;-1.8866309;-0.6703765;5.0278234
876;1.3120226;1.0342951;9.222465
877;-2.8634653;0.9672575;12.765883
878;-2.3175871;-0.35434186;10.199299
879;4.309563;-0.62249243;6.4164605
880;-0.60333884;-0.6512229;9.088389
881;-1.2641385;-0.62249243;10.04607
882;4.3957543;0.7565677;7.728483
883;-1.8004397;1.043872;12.076353
884;1.3120226;0.4309563;12.497733
885;4.175488;0.009576807;6.8282633
886;-2.9400797;-0.8523358;4.5872903
887;0.24899697;0.095768064;9.126697
888;1.4077905;0.35434186;11.808203
889;-1.9632454;-0.58418524;8.896853
890;2.0398598;-0.35434186;9.471462
891;0.641646;-1.2545617;9.710882
892;-0.51714754;-0.6991069;8.676587
893;-0.7278373;1.2545617;9.461885
894;-1.388637;1.2737153;13.962984
895;2.1547816;1.0821792;15.284584
896;2.0398598;-0.11492168;11.999739
897;1.436521;-0.8331822;5.851429
898;-0.9959879;-0.2681506;8.264784
899;-1.4556746;0.29688102;9.969456
900;0.08619126;1.3503298;14.633361
901;1.1013328;0.095768064;12.162544
902;0.5363012;-0.6895301;7.0006456
903;-0.79487497;-0.33518824;5.391742
904;-0.81402856;1.5514427;9.787497
905;1.388637;1.1971009;15.677233
906;4.0318356;1.0630256;14.930242
907;0.7661445;-0.1340753;9.988609
908;-0.2681506;-1.484405;4.280833
909;0.63206923;-0.93852705;6.1004257
910;-2.2888567;0.38307226;12.038046
911;1.2066777;-0.10534488;12.919112
912;3.2465374;-0.12449849;8.820239
913;-1.6376339;-1.6280571;6.2249246
914;0.50757074;-0.2777274;6.9048777
915;-0.47884035;0.4405331;10.515334
916;-1.283292;0.23942018;12.469003
917;1.8004397;2.2984335;12.861651
918;0.33518824;-0.30645782;8.810662
919;1.934515;-0.7278373;7.3166804
920;-1.1109096;-0.82360536;7.3166804
921;-1.4077905;-0.0;9.816227
922;1.0726024;0.59376204;12.899959
923;0.1340753;-0.62249243;12.344504
924;-1.685518;-1.2258313;6.081272
925;-2.2697031;-2.0398598;2.5570073
926;-1.7429788;0.6799533;12.018892
927;0.6799533;1.3311762;16.098612
928;2.6431987;0.095768064;13.302185
929;2.777274;-0.9864111;9.078813
930;1.1683705;-0.08619126;8.082825
931;0.31603462;-0.21068975;11.482592
932;2.2888567;1.1779473;9.174581
933;0.35434186;1.5705963;12.392388
934;-1.6184803;0.60333884;11.434708
935;1.292869;0.5363012;5.5641246
936;-1.2737153;0.8810662;7.795521
937;-0.47884035;2.0973208;12.555194
938;1.3790601;2.2026656;13.637373
939;3.4380736;1.2545617;11.36767
940;4.0318356;1.0726024;9.222465
941;0.5267244;1.0821792;9.787497
942;0.5746084;0.8619126;8.896853
943;1.7238252;1.9632454;6.397307
944;-4.3478703;1.292869;9.787497
945;-0.4213795;1.1587936;9.605537
946;-0.047884032;1.9440918;7.469909
947;-1.1492168;0.8714894;10.093954
948;2.2026656;1.7908629;11.128249
949;0.82360536;2.6623523;11.089942
950;1.4173675;2.4037786;14.585477
951;4.0414124;2.4133554;13.579912
952;1.1492168;1.283292;10.802638
953;-1.0342951;0.5363012;7.441179
954;-1.0534488;1.9632454;7.776367
955;-4.654328;3.2465374;12.880805
956;-1.9440918;2.9975405;12.909535
957;1.5227122;1.4748282;8.983045
958;0.30645782;1.6950948;9.385271
959;2.030283;1.9536686;10.793061
960;-1.340753;2.7581203;11.080365
961;-0.7374141;2.2026656;7.0006456
962;1.4269443;3.0933087;13.838486
963;2.6719291;0.90979666;11.9614315
964;3.2082303;1.2258313;7.441179
965;-1.5035586;0.7374141;6.6654577
966;1.6472107;2.078167;6.895301
967;-3.1316159;2.5570073;9.940725
968;-4.4244847;1.292869;7.9870567
969;2.9975405;2.4037786;6.6654577
970;-0.7374141;2.5474305;10.170568
971;2.336741;2.5761611;12.852075
972;3.4284968;2.3750482;12.593501
973;1.5131354;1.6376339;9.5385
974;0.6895301;1.6567876;10.821792
975;-1.2258313;1.6280571;9.414001
976;0.33518824;2.7102363;11.080365
977;-0.22984336;2.96881;12.6222315
978;2.078167;2.327164;10.936713
979;1.7908629;1.8387469;9.940725
980;-0.1436521;0.62249243;9.107543
981;0.7757214;1.8483237;9.414001
982;-2.480393;1.9728222;9.605537
983;-1.1683705;1.1683705;10.658986
984;0.30645782;2.2888567;9.816227
985;-0.21068975;1.4556746;11.300632
986;3.064578;2.3750482;11.233594
987;-0.15322891;2.1930888;9.844957
988;-1.9249382;1.1492168;9.490616
989;0.36391866;1.3599066;10.237606
990;-2.2505496;1.7238252;12.603078
991;0.33518824;1.3311762;9.165004
992;1.4460979;1.3503298;8.111555
993;0.1340753;1.2737153;9.222465
994;1.3120226;1.5705963;10.7356
995;-0.1436521;1.283292;10.247183
996;-1.0055647;1.3503298;8.465898
997;-0.18195933;1.0726024;8.858546
998;0.4213795;0.5267244;8.2169
999;0.11492168;0.5363012;8.063671
1000;0.8331822;0.58418524;9.519346
1001;0.7661445;1.1109096;8.8777
1002;0.17238252;1.1683705;9.969456
1003;1.2449849;1.0151415;12.287044
1004;-0.63206923;0.842759;10.141838
1005;0.076614454;0.7086837;9.720459
1006;0.6799533;0.40222588;10.668563
1007;-0.22984336;0.58418524;9.011775
1008;0.02873042;0.61291564;9.346964
1009;1.283292;1.1971009;10.812215
1010;0.92895025;1.3024458;12.421119
1011;1.9632454;1.1204864;11.654974
1012;1.4269443;0.62249243;10.065224
1013;0.2873042;0.6991069;9.528923
1014;-0.29688102;1.0342951;9.969456
1015;0.7182605;1.1013328;10.46745
1016;-0.06703765;1.3120226;10.342952
1017;-0.02873042;0.8619126;8.810662
1018;1.9919758;1.0534488;8.829816
1019;-0.22984336;1.13964;9.873688
1020;0.90979666;1.6950948;11.233594
1021;1.6472107;1.7142484;11.645397
1022;0.35434186;1.292869;11.128249
1023;-0.18195933;1.091756;9.3661175
1024;0.06703765;0.8523358;8.39886
1025;0.047884032;1.3790601;9.5385
1026;-0.5554548;1.3311762;10.342952
1027;0.90021986;1.0534488;8.274361
1028;-1.0534488;1.0534488;7.067683
1029;-2.1930888;1.1492168;8.082825
1030;-0.91937345;1.1971009;9.3182335
1031;-0.92895025;1.5131354;9.624691
1032;-0.34476504;1.7238252;10.572795
1033;1.6184803;1.1013328;11.310209
1034;2.2409728;1.091756;10.151415
1035;1.8770541;1.292869;10.67814
1036;1.3120226;1.4748282;10.994174
1037;-0.5363012;1.6663644;9.528923
1038;-0.40222588;1.8100165;9.385271
1039;-1.0342951;2.0207062;10.97502
1040;-1.1683705;1.7908629;9.375694
1041;0.39264908;1.6950948;8.963891
1042;1.2258313;1.8579005;11.348516
1043;2.3558946;1.9632454;12.545617
1044;2.8538885;2.2122424;11.540052
1045;2.0973208;2.0685902;10.611102
1046;0.41180268;1.7238252;10.208876
1047;0.5650316;2.135628;9.509769
1048;-1.0534488;2.135628;9.11712
1049;-1.3790601;1.8866309;9.490616
1050;0.009576807;2.0111294;8.858546
1051;0.34476504;1.5131354;8.916007
1052;1.13964;1.5801731;9.461885
1053;0.08619126;1.7812861;9.816227
1054;0.63206923;1.8004397;10.812215
1055;-0.1436521;2.0973208;9.749189
1056;-1.1300632;1.4269443;9.615114
1057;0.23942018;1.541866;9.165004
1058;-0.91937345;1.4173675;9.356541
1059;0.16280572;1.6472107;10.390836
1060;0.47884035;1.4939818;10.419566
1061;0.36391866;1.3694834;10.218452
1062;1.7046716;1.3120226;10.6398325
1063;0.2873042;0.9959879;10.132261
1064;1.0151415;1.13964;9.691729
1065;0.4213795;1.2162545;10.218452
1066;-0.7182605;1.0630256;9.950302
1067;1.0247183;1.1587936;9.375694
1068;-0.35434186;0.91937345;9.586384
1069;1.0247183;1.091756;9.911995
1070;1.3503298;1.0247183;9.931149
1071;1.3503298;1.1300632;10.314221
1072;1.5897499;1.2066777;10.237606
1073;0.46926352;0.9576807;9.481039
1074;0.6895301;1.0342951;9.030929
1075;-0.2777274;1.0630256;9.423578
1076;0.08619126;1.2162545;9.615114
1077;0.16280572;1.2258313;9.653421
1078;0.2681506;1.3024458;9.797073
1079;0.7278373;1.484405;9.873688
1080;0.30645782;1.2545617;10.007763
1081;0.58418524;1.3599066;9.911995
1082;-0.08619126;1.2545617;9.969456
1083;0.1436521;1.2641385;9.768343
1084;-0.10534488;1.2641385;9.653421
1085;-0.06703765;1.13964;9.682152
1086;0.45010993;1.0534488;9.835381
1087;0.2777274;1.0342951;9.969456
1088;0.6512229;1.0821792;9.940725
1089;0.46926352;0.9959879;10.0748005
1090;0.8619126;1.0821792;10.323798
1091;0.6703765;1.1204864;10.611102
1092;0.90979666;1.2449849;10.831368
1093;0.92895025;1.2066777;10.812215
1094;0.81402856;1.13964;10.342952
1095;0.8810662;1.2641385;10.228029
1096;0.47884035;1.2066777;10.295067
1097;0.6703765;1.1492168;9.662998
1098;0.37349546;1.2545617;9.404425
1099;0.1436521;1.1779473;9.414001
1100;0.49799395;1.2737153;9.232041
1101;0.0;1.292869;9.471462
1102;0.21068975;1.283292;9.375694
1103;0.47884035;1.3790601;8.925584
1104;-0.18195933;1.541866;9.825804
1105;0.25857377;1.541866;9.950302
1106;0.24899697;1.3982137;9.557653
1107;0.37349546;1.6759412;10.208876
1108;0.08619126;1.7525556;10.6398325
1109;0.6607997;1.6663644;10.055647
1110;0.7565677;1.7046716;10.362105
1111;0.4405331;1.6663644;10.984597
1112;0.8810662;1.6184803;10.457873
1113;0.78529817;1.5705963;10.007763
1114;0.6607997;1.6376339;10.409989
1115;0.7374141;1.5705963;10.065224
1116;0.63206923;1.484405;9.873688
1117;0.6799533;1.484405;10.065224
1118;0.6512229;1.4652514;9.911995
1119;0.7661445;1.4652514;9.77792
1120;0.6703765;1.5610195;9.883265
1121;0.545878;1.4556746;9.797073
1122;0.7565677;1.340753;9.634268
1123;0.40222588;1.5705963;9.854534
1124;1.1971009;1.2354081;10.7356
1125;2.087744;0.7374141;10.180145
1126;2.2888567;0.61291564;10.362105
1127;2.087744;0.46926352;11.444284
1128;2.1930888;0.30645782;10.764331
1129;1.4748282;0.22026655;9.940725
1130;1.1109096;0.23942018;10.362105
1131;0.7469909;0.08619126;10.5440645
1132;1.0247183;0.08619126;10.0269165
1133;1.3311762;-0.40222588;9.959879
1134;0.30645782;-0.45010993;9.030929
1135;0.9672575;-0.10534488;8.159439
1136;-0.45010993;0.047884032;8.37013
1137;-0.11492168;0.18195933;8.801085
1138;1.091756;0.47884035;8.791509
1139;-3.0358477;-0.38307226;9.136273
1140;-1.7238252;-0.6512229;8.178593
1141;-1.7525556;-0.076614454;9.634268
1142;-1.8195933;-0.1436521;9.615114
1143;-1.1683705;-0.1436521;8.580819
1144;-0.7278373;0.37349546;9.969456
1145;-1.1109096;0.35434186;10.6398325
1146;-0.5554548;0.4405331;9.299079
1147;-0.06703765;0.59376204;9.844957
1148;-1.1013328;0.40222588;10.6398325
1149;-0.12449849;0.20111294;9.184157
1150;-0.16280572;0.06703765;9.739613
1151;-0.095768064;-0.095768064;10.486604
1152;0.61291564;-0.25857377;9.241618
1153;0.94810385;-0.2681506;9.797073
1154;0.62249243;-0.32561144;11.080365
1155;1.6089035;-0.47884035;9.375694
1156;1.4556746;-0.4309563;9.002198
1157;1.3790601;-0.15322891;10.620679
1158;1.9057846;-0.1436521;10.01734
1159;1.9919758;-0.22026655;9.758766
1160;1.0247183;-0.45010993;10.745177
1161;2.2984335;-0.30645782;10.036493
1162;2.231396;-0.16280572;9.873688
1163;1.3694834;-0.06703765;10.6877165
1164;1.6376339;-0.1340753;10.228029
1165;1.436521;-0.1340753;9.691729
1166;0.41180268;-0.095768064;9.816227
1167;0.90979666;-0.038307227;10.007763
1168;0.8810662;-0.19153613;9.720459
1169;0.46926352;-0.1340753;9.921572
1170;0.6895301;-0.23942018;9.595961
1171;0.37349546;-0.1436521;9.174581
1172;0.17238252;-0.0;9.864111
1173;-0.2681506;-0.019153614;9.730036
1174;-0.58418524;-0.05746084;9.3661175
1175;-0.842759;-0.12449849;9.873688
1176;-0.32561144;-0.05746084;9.864111
1177;-0.6895301;-0.0;9.299079
1178;-0.2777274;0.08619126;9.835381
1179;-0.32561144;0.20111294;9.988609
1180;-0.37349546;0.22026655;9.873688
1181;-0.15322891;0.32561144;9.768343
1182;-0.2873042;0.32561144;9.950302
1183;-0.2681506;0.33518824;9.883265
1184;0.18195933;0.39264908;9.9790325
1185;0.20111294;0.25857377;10.275913
1186;0.58418524;0.22026655;10.0748005
1187;0.5554548;0.15322891;9.988609
1188;0.5363012;0.047884032;10.170568
1189;0.6512229;-0.0;10.04607
1190;0.7086837;-0.12449849;9.816227
1191;1.2162545;-0.21068975;9.835381
1192;1.0630256;-0.25857377;9.662998
1193;1.4460979;-0.35434186;9.720459
1194;1.5610195;-0.29688102;9.835381
1195;0.6512229;-0.4405331;9.950302
1196;1.4269443;-0.24899697;9.758766
1197;0.7086837;-0.2777274;9.883265
1198;0.90979666;-0.18195933;9.902418
1199;1.0247183;-0.20111294;9.720459
1200;0.78529817;-0.11492168;9.892841
1201;1.0630256;-0.0;10.275913
1202;0.6991069;-0.05746084;9.701305
1203;0.7469909;-0.009576807;9.730036
1204;0.038307227;-0.0;9.797073
1205;0.22026655;0.009576807;9.662998
1206;-0.06703765;-0.0;9.749189
1207;-0.33518824;-0.019153614;9.768343
1208;0.095768064;0.05746084;9.739613
1209;0.05746084;0.23942018;9.883265
1210;0.047884032;0.22026655;10.0748005
1211;0.12449849;0.22026655;9.701305
1212;0.076614454;0.36391866;10.160992
1213;-0.10534488;0.33518824;10.228029
1214;-0.038307227;0.40222588;9.844957
1215;0.06703765;0.36391866;9.959879
1216;0.047884032;0.31603462;10.103531
1217;0.2777274;0.18195933;10.04607
1218;0.4213795;0.06703765;10.036493
1219;0.4213795;-0.0;9.902418
1220;0.5554548;-0.02873042;9.797073
1221;0.545878;-0.06703765;9.844957
1222;0.5267244;-0.18195933;9.758766
1223;0.8714894;-0.16280572;9.643845
1224;0.91937345;-0.23942018;9.902418
1225;0.9864111;-0.22026655;9.921572
1226;1.1971009;-0.34476504;9.710882
1227;1.0055647;-0.22984336;9.959879
1228;0.9959879;-0.095768064;9.969456
1229;0.7086837;-0.12449849;9.844957
1230;0.7278373;-0.076614454;10.0269165
1231;0.58418524;-0.10534488;9.864111
1232;0.58418524;-0.095768064;9.883265
1233;0.58418524;-0.095768064;10.084377
1234;0.41180268;-0.1436521;9.873688
1235;0.40222588;-0.1340753;9.959879
1236;0.31603462;-0.1436521;9.854534
1237;0.15322891;-0.12449849;9.80665
1238;0.16280572;-0.08619126;9.835381
1239;0.08619126;-0.05746084;9.797073
1240;0.19153613;-0.076614454;9.825804
1241;0.12449849;-0.009576807;9.816227
1242;0.19153613;-0.08619126;9.864111
1243;0.24899697;-0.06703765;9.892841
1244;0.16280572;-0.08619126;9.864111
1245;0.24899697;-0.10534488;9.844957
1246;0.30645782;-0.095768064;9.892841
1247;0.30645782;-0.11492168;9.883265
1248;0.40222588;-0.12449849;9.959879
1249;0.45968673;-0.1340753;9.864111
1250;0.5554548;-0.12449849;9.854534
1251;0.58418524;-0.17238252;9.892841
1252;0.6895301;-0.11492168;9.77792
1253;0.7182605;-0.16280572;9.835381
1254;0.6799533;-0.1340753;9.80665
1255;0.79487497;-0.16280572;9.854534
1256;0.80445176;-0.15322891;9.873688
1257;0.7278373;-0.12449849;9.835381
1258;0.7661445;-0.11492168;9.940725
1259;0.6607997;-0.095768064;9.844957
1260;0.59376204;-0.05746084;9.931149
1261;0.59376204;-0.10534488;9.902418
1262;0.41180268;-0.18195933;9.873688
1263;0.41180268;-0.095768064;9.864111
1264;0.34476504;-0.12449849;9.873688
1265;0.34476504;-0.15322891;9.911995
1266;0.2777274;-0.10534488;9.835381
1267;0.23942018;-0.11492168;9.797073
1268;0.29688102;-0.12449849;9.854534
1269;0.22984336;-0.038307227;9.854534
1270;0.25857377;-0.08619126;9.844957
1271;0.31603462;-0.08619126;9.864111
1272;0.29688102;-0.019153614;9.902418
1273;0.32561144;-0.047884032;9.883265
1274;0.34476504;-0.047884032;9.883265
1275;0.37349546;-0.009576807;9.873688
1276;0.41180268;-0.05746084;9.940725
1277;0.45968673;-0.038307227;9.864111
1278;0.5650316;-0.009576807;9.959879
1279;0.5746084;-0.009576807;9.959879
1280;0.641646;-0.076614454;9.883265
1281;0.6895301;-0.076614454;9.902418
1282;0.641646;-0.076614454;9.873688
1283;0.61291564;-0.05746084;9.873688
1284;0.61291564;-0.05746084;9.797073
1285;0.641646;-0.0;9.883265
1286;0.59376204;-0.047884032;9.883265
1287;0.5650316;-0.08619126;9.873688
1288;0.50757074;-0.009576807;9.873688
1289;0.4213795;-0.02873042;9.921572
1290;0.4213795;-0.038307227;9.931149
1291;0.4309563;0.019153614;9.892841
1292;0.33518824;-0.095768064;9.921572
1293;0.33518824;-0.05746084;9.911995
1294;0.29688102;-0.05746084;9.883265
1295;0.29688102;-0.08619126;9.844957
1296;0.34476504;-0.06703765;9.921572
1297;0.2777274;-0.08619126;9.787497
1298;0.36391866;-0.047884032;9.911995
1299;0.37349546;-0.095768064;9.902418
1300;0.35434186;-0.06703765;9.854534
1301;0.36391866;-0.019153614;9.921572
1302;0.40222588;-0.06703765;9.844957
1303;0.46926352;-0.05746084;9.931149
1304;0.49799395;-0.009576807;9.844957
1305;0.50757074;-0.1340753;9.873688
1306;0.58418524;-0.05746084;9.844957
1307;0.5746084;-0.10534488;9.873688
1308;0.61291564;-0.095768064;9.854534
1309;0.5363012;-0.038307227;9.835381
1310;0.60333884;-0.08619126;9.873688
1311;0.61291564;-0.02873042;9.931149
1312;0.49799395;-0.10534488;9.825804
1313;0.5267244;-0.06703765;9.854534
1314;0.49799395;-0.11492168;9.892841
1315;0.45010993;-0.1436521;9.844957
1316;0.46926352;-0.076614454;9.892841
1317;0.35434186;-0.1436521;9.873688
1318;0.4213795;-0.08619126;9.902418
1319;0.34476504;-0.1436521;9.873688
1320;0.35434186;-0.1340753;9.854534
1321;0.36391866;-0.10534488;9.864111
1322;0.38307226;-0.095768064;9.80665
1323;0.34476504;-0.095768064;9.80665
1324;0.37349546;-0.1436521;9.873688
1325;0.34476504;-0.17238252;9.835381
1326;0.4309563;-0.095768064;9.940725
1327;0.39264908;-0.10534488;9.854534
1328;0.4309563;-0.12449849;9.9790325
1329;0.46926352;-0.1340753;9.892841
1330;0.50757074;-0.06703765;9.864111
1331;0.50757074;-0.095768064;9.9790325
1332;0.4405331;-0.1436521;9.873688
1333;0.5267244;-0.06703765;9.959879
1334;0.50757074;-0.076614454;9.864111
1335;0.5554548;-0.05746084;9.940725
1336;0.5554548;-0.10534488;9.873688
1337;0.47884035;-0.095768064;9.835381
1338;0.5554548;-0.06703765;9.911995
1339;0.46926352;-0.08619126;9.959879
1340;0.4213795;-0.076614454;9.902418
1341;0.48841715;-0.095768064;9.883265
1342;0.41180268;-0.1436521;9.864111
1343;0.4309563;-0.06703765;9.854534
1344;0.4405331;-0.10534488;9.883265
1345;0.33518824;-0.076614454;9.864111
1346;0.40222588;-0.095768064;9.864111
1347;0.33518824;-0.038307227;9.797073
1348;0.41180268;-0.10534488;9.902418
1349;0.36391866;-0.019153614;9.969456
1350;0.41180268;-0.06703765;9.892841
1351;0.40222588;-0.076614454;9.921572
1352;0.38307226;-0.076614454;9.835381
1353;0.4213795;-0.047884032;9.950302
1354;0.41180268;-0.076614454;9.911995
1355;0.41180268;-0.076614454;9.825804
1356;0.47884035;-0.038307227;9.902418
1357;0.47884035;-0.095768064;9.902418
1358;0.47884035;-0.02873042;9.883265
1359;0.50757074;-0.019153614;9.854534
1360;0.5267244;-0.08619126;9.921572
1361;0.5267244;-0.047884032;9.911995
1362;0.45968673;-0.06703765;9.835381
1363;0.50757074;-0.038307227;9.883265
1364;0.47884035;-0.019153614;9.911995
1365;0.45968673;-0.076614454;9.883265
1366;0.45010993;-0.095768064;9.902418
1367;0.4213795;-0.05746084;9.835381
1368;0.41180268;-0.076614454;9.835381
1369;0.4309563;-0.06703765;9.931149
1370;0.39264908;-0.038307227;9.844957
1371;0.4405331;-0.076614454;9.940725
1372;0.32561144;-0.10534488;9.80665
1373;0.39264908;-0.06703765;9.921572
1374;0.40222588;-0.047884032;9.873688
1375;0.4213795;-0.06703765;9.825804
1376;0.41180268;-0.10534488;9.959879
1377;0.39264908;-0.05746084;9.892841
1378;0.4309563;-0.1436521;9.902418
1379;0.4213795;-0.047884032;9.844957
1380;0.38307226;-0.1340753;9.892841
1381;0.45010993;-0.06703765;9.988609
1382;0.45968673;-0.076614454;9.835381
1383;0.47884035;-0.076614454;9.844957
1384;0.45968673;-0.08619126;9.902418
1385;0.46926352;-0.095768064;9.873688
1386;0.50757074;-0.12449849;9.864111
1387;0.46926352;-0.12449849;9.844957
1388;0.47884035;-0.095768064;9.921572
1389;0.45968673;-0.11492168;9.921572
1390;0.4213795;-0.11492168;9.902418
1391;0.49799395;-0.095768064;9.911995
1392;0.4213795;-0.10534488;9.844957
1393;0.4213795;-0.10534488;9.883265
1394;0.40222588;-0.15322891;9.921572
1395;0.40222588;-0.16280572;9.80665
1396;0.4309563;-0.076614454;9.902418
1397;0.39264908;-0.1340753;9.835381
1398;0.4309563;-0.05746084;9.911995
1399;0.4213795;-0.1340753;9.844957
1400;0.40222588;-0.08619126;9.825804
1401;0.4309563;-0.10534488;9.931149
1402;0.45968673;-0.11492168;9.825804
1403;0.39264908;-0.06703765;9.902418
1404;0.48841715;-0.06703765;9.883265
1405;0.4405331;-0.095768064;9.883265
1406;0.4309563;-0.11492168;9.864111
1407;0.4213795;-0.10534488;9.825804
1408;0.45968673;-0.05746084;9.835381
1409;0.45010993;-0.076614454;9.892841
1410;0.45968673;-0.095768064;9.873688
1411;0.45010993;-0.06703765;9.883265
1412;0.4405331;-0.095768064;9.864111
1413;0.48841715;-0.047884032;9.921572
1414;0.4213795;-0.038307227;9.921572
1415;0.41180268;-0.095768064;9.883265
1416;0.47884035;-0.0;9.950302
1417;0.4309563;-0.05746084;9.892841
1418;0.4309563;-0.1340753;9.873688
1419;0.45968673;-0.06703765;9.902418
1420;0.39264908;-0.076614454;9.864111
1421;0.45968673;-0.047884032;9.9790325
1422;0.4213795;-0.06703765;9.825804
1423;0.41180268;-0.095768064;9.883265
1424;0.45010993;-0.05746084;9.835381
1425;0.35434186;-0.06703765;9.921572
1426;0.4213795;-0.06703765;9.902418
1427;0.4213795;-0.076614454;9.787497
1428;0.4309563;-0.11492168;9.883265
1429;0.45010993;-0.076614454;9.902418
1430;0.4309563;-0.12449849;9.844957
1431;0.45010993;-0.076614454;9.835381
1432;0.41180268;-0.06703765;9.864111
1433;0.46926352;-0.076614454;9.864111
1434;0.45010993;-0.10534488;9.911995
1435;0.45010993;-0.10534488;9.864111
1436;0.45010993;-0.15322891;9.835381
1437;0.545878;-0.038307227;9.998186
1438;0.4213795;-0.076614454;9.864111
1439;0.49799395;-0.038307227;9.921572
1440;0.4405331;-0.076614454;9.864111
1441;0.48841715;-0.047884032;9.883265
1442;0.4213795;-0.10534488;9.892841
1443;0.4213795;-0.10534488;9.854534
1444;0.50757074;-0.019153614;9.892841
1445;0.4213795;-0.08619126;9.854534
1446;0.4405331;-0.06703765;9.950302
1447;0.4309563;-0.1340753;9.854534
1448;0.4309563;-0.17238252;9.873688
1449;0.4213795;-0.11492168;9.911995
1450;0.39264908;-0.1340753;9.844957
1451;0.41180268;-0.10534488;9.864111
1452;0.46926352;-0.08619126;9.883265
1453;0.4405331;-0.06703765;9.921572
1454;0.40222588;-0.10534488;9.921572
1455;0.4309563;-0.12449849;9.864111
1456;0.45010993;-0.076614454;9.864111
1457;0.4405331;-0.11492168;9.816227
1458;0.45010993;-0.047884032;9.911995
1459;0.45010993;-0.038307227;9.950302
1460;0.45968673;-0.06703765;9.835381
1461;0.4405331;-0.06703765;9.940725
1462;0.49799395;-0.038307227;9.950302
1463;0.33518824;-0.12449849;9.998186
1464;0.41180268;-0.08619126;9.931149
1465;0.50757074;-0.076614454;10.141838
1466;0.34476504;-0.11492168;9.816227
1467;0.51714754;-0.038307227;9.911995
1468;0.4405331;-0.08619126;9.883265
1469;0.38307226;-0.12449849;9.911995
1470;0.39264908;-0.12449849;9.873688
1471;0.41180268;-0.076614454;9.950302
1472;0.45968673;-0.06703765;9.940725
1473;0.37349546;-0.1340753;9.921572
1474;0.46926352;-0.06703765;9.883265
1475;0.45010993;-0.047884032;9.854534
1476;0.4405331;-0.1340753;9.959879
1477;0.49799395;-0.11492168;9.835381
1478;0.39264908;-0.06703765;9.921572
1479;0.4213795;-0.038307227;9.883265
1480;0.48841715;-0.06703765;9.883265
1481;0.41180268;-0.08619126;9.864111
1482;0.4405331;-0.12449849;9.940725
1483;0.4405331;-0.095768064;9.902418
1484;0.4213795;-0.08619126;9.844957
1485;0.45010993;-0.047884032;9.835381
1486;0.41180268;-0.10534488;9.864111
1487;0.4405331;-0.08619126;9.950302
1488;0.46926352;-0.05746084;9.902418
1489;0.48841715;-0.047884032;9.911995
1490;0.4213795;-0.10534488;9.883265
1491;0.45968673;-0.08619126;9.902418
1492;0.4405331;-0.06703765;9.835381
1493;0.40222588;-0.06703765;9.835381
1494;0.45968673;-0.047884032;9.883265
1495;0.40222588;-0.047884032;9.883265
1496;0.4405331;-0.02873042;9.892841
1497;0.39264908;-0.095768064;9.844957
1498;0.46926352;-0.08619126;9.902418
1499;0.45010993;-0.06703765;9.911995
1500;0.45968673;-0.05746084;9.864111
1501;0.45968673;-0.038307227;9.921572
1502;0.45010993;-0.08619126;9.844957
1503;0.4405331;-0.076614454;9.883265
1504;0.46926352;-0.05746084;9.883265
1505;0.45010993;-0.095768064;9.873688
1506;0.4405331;-0.095768064;9.844957
1507;0.48841715;-0.08619126;9.911995
1508;0.4405331;-0.076614454;9.825804
1509;0.45968673;-0.009576807;9.911995
1510;0.45010993;-0.12449849;9.835381
1511;0.47884035;-0.10534488;9.921572
1512;0.45010993;-0.095768064;9.864111
1513;0.45968673;-0.08619126;9.873688
1514;0.4309563;-0.12449849;9.816227
1515;0.4309563;-0.076614454;9.825804
1516;0.47884035;-0.05746084;9.940725
1517;0.45968673;-0.08619126;9.959879
1518;0.4405331;-0.076614454;9.844957
1519;0.45010993;-0.095768064;9.844957
1520;0.4405331;-0.095768064;9.940725
1521;0.46926352;-0.08619126;9.854534
1522;0.5267244;-0.05746084;9.854534
1523;0.4405331;-0.05746084;9.969456
1524;0.4309563;-0.10534488;9.883265
1525;0.45010993;-0.06703765;9.864111
1526;0.4405331;-0.1340753;9.940725
1527;0.47884035;-0.02873042;9.864111
1528;0.41180268;-0.11492168;9.864111
1529;0.41180268;-0.05746084;9.883265
1530;0.41180268;-0.08619126;9.844957
1531;0.45010993;-0.095768064;9.911995
1532;0.47884035;-0.06703765;9.902418
1533;0.4213795;-0.06703765;9.835381
1534;0.47884035;-0.08619126;9.902418
1535;0.47884035;-0.02873042;9.662998
1536;0.1340753;-1.091756;6.540959
1537;2.3080103;2.4133554;15.47612
1538;-1.3599066;0.38307226;11.549629
1539;2.2601264;-0.45010993;6.4260373
1540;0.1436521;-0.49799395;8.015787
1541;-0.6895301;-0.45968673;10.457873
1542;1.8004397;0.842759;11.386824
1543;-0.047884032;0.5363012;12.210428
1544;0.23942018;-0.24899697;9.682152
1545;1.292869;-0.2777274;7.240066
1546;0.047884032;-0.0;10.716447
1547;0.48841715;0.22026655;11.664551
1548;0.58418524;0.02873042;9.768343
1549;0.47884035;-0.12449849;9.270349
1550;0.25857377;-0.16280572;9.375694
1551;0.5746084;-0.038307227;9.653421
1552;0.50757074;0.06703765;10.381259
1553;0.24899697;-0.009576807;10.477027
1554;0.6799533;-0.05746084;9.184157
1555;0.35434186;-0.1340753;9.931149
1556;0.1436521;-0.05746084;10.180145
1557;0.90021986;0.02873042;10.151415
