;ax;ay;az
0;0.21558166097504483;0.29679608538375923;9.873065058892433
1;0.23771162821672231;0.12667749620155397;9.814243817103167
2;0.37973538139076723;0.43734263756387176;9.984822540698689
3;0.12317265169210923;0.3889585497266708;10.125685547893763
4;0.45865385629122635;0.39961368749753845;10.035707993033053
5;0.3314429699032636;0.23686868229241992;9.835006240820073
6;0.14823409937389379;0.15088316792783463;9.762107525750672
7;0.026102742797681572;0.08577253072806715;10.106136422383852
8;0.2817863065669839;0.17418651670686536;9.91138650867703
9;0.17437953462196729;0.23741349100984657;9.77369965042744
10;0.3348651294687065;0.33156206944731353;9.838165754720105
11;0.21159437695139727;0.46309789871028073;9.87816587683232
12;-0.0056741230615997285;0.36286943397007315;9.996844009714627
13;0.3508401722548382;0.5675471227623624;10.175049256665627
14;0.44453463740731247;0.4915253174229215;9.781657921031139
15;0.2650936573642629;0.28801966476355184;9.895044830823368
16;0.2581290706144912;0.26069782769048727;9.758464466173647
17;0.29753400595683993;0.42151465146233263;9.83553977491229
18;0.2944769255867965;0.36348830302354185;9.92941942400675
19;0.3890441686732095;0.6443833821004024;9.821054190374797
20;0.2396900911871261;0.4255883635680747;9.906268439375651
21;0.46252165661172306;0.2730304104067421;9.992411500805689
22;0.2857986978229937;0.15630725550593524;9.74518226501692
23;0.1730934750825992;0.2668157813390188;9.927560855472132
24;0.3028856338054984;0.28036775091692734;10.066055006714832
25;0.21162839333542122;0.43123809114468925;9.74441373344844
26;0.15774176442316312;0.28818756274141794;9.912564625611678
27;0.07593129139659396;0.25516846868469195;10.11212586400789
28;0.27789772404502167;0.4239734017037635;9.74828496065193
29;0.043597489358481456;0.27431625097127715;9.96067938157641
30;0.26227104106192606;0.3070029624487745;9.7543318871905
31;0.29296644909148506;0.32187491162543636;9.81708494747877
32;0.13708227653786761;0.18610630494698877;9.62225212052163
33;-0.024031222038075034;0.2561267863258587;9.82346273199464
34;0.08288724936875058;0.28785495285282464;9.694511743195234
35;0.29185647175218427;0.4009947544230463;9.715406926162856
36;0.25561793861345794;0.32045483461231966;9.809352731398809
37;0.2760681584813631;0.1806227308745149;10.049848418102169
38;0.30920331930924994;0.4448916002962643;9.752436725665008
39;0.17375342986247894;0.30658597634335016;9.743153620534041
40;0.21298685010280494;0.4447373679924874;10.01595115549344
41;0.27143209008718816;0.28634618111034094;9.81772182528244
42;0.3094164775744276;0.3269853312274156;9.731209482291103
43;0.36449959064641085;0.23383998368644696;9.859378824141897
44;0.32087730601347997;0.3641372359853034;9.949878129514026
45;0.4132338825129568;0.23549634818052717;10.050518271214864
46;0.3189669216365954;0.38462617760465045;9.785584496404098
47;0.4256910969849341;0.31777393472141946;10.000078461965622
48;0.30891773785055227;0.148805713213322;9.754308307494673
49;0.22475110551412092;0.2955328784048311;9.891904656125392
50;0.1989464237322344;0.28431197522838625;10.130568583183166
51;0.176534486275448;0.2384739518400375;10.063841054681696
52;0.21354174788099325;0.24127248284861622;9.964481083297525
53;0.363789739672798;0.38204440292274555;9.78472370966092
54;0.41525944026461264;0.30771605840800587;9.868460382277089
55;0.33139155179376056;0.19087996636185772;9.872527429821957
56;0.16534515058533017;0.3649357325697309;10.073931042044368
57;0.09069987109674951;0.2822491822380763;9.80798050419548
58;0.3126103432496177;0.32695772019731983;10.036792910642008
59;0.16492464197744855;0.28756921964386895;9.982378545055841
60;0.19821432819184137;0.4007520841919787;9.97682156343009
61;0.2927273379553129;0.5530232249575263;9.847153441570404
62;0.09334322599613636;0.3034358422244756;9.948869159251336
63;0.45157405961781993;0.23973784190493092;10.047541201702346
64;0.22162999950677137;0.5006236742290324;9.860259585370121
65;0.18498070865096622;0.35624663158752573;10.004977916739294
66;0.4037153690864181;0.21869641739501788;9.92265029935329
67;0.1447130024530126;0.28949752851401234;9.716652126191214
68;0.3905922874081585;0.3177249267148214;9.843863618919803
69;0.34756443334456355;0.25637941642014783;9.848521734503617
70;0.11016231500723986;0.32066106005880607;9.763469789701862
71;0.2432283561175861;0.4055169406138319;9.812868350483246
72;0.2595836370346109;0.4086274490515809;9.858005963245365
73;0.33959037000773673;0.37908523449583786;9.973662306505883
74;0.1882540703555484;0.3533091937411031;9.742230987613599
75;0.2471378028812916;0.25147066348522057;9.807590787407339
76;0.10150768317525644;0.4523017743204489;9.910047052811636
77;0.4148987989107483;0.22972870399729398;9.984511879504169
78;0.19927213306721117;0.23945642131802564;9.891729370118377
79;0.25841265047336054;0.31137279827843967;10.036324185582817
80;0.2874028076574767;0.5064291727574435;9.915716801362132
81;0.21154574109223906;0.2568180260007277;10.042259395032824
82;0.37283799093801206;0.2661479024751461;9.83614882809377
83;0.2521120093303322;0.36989305313759085;9.866057400737173
84;0.21045241904520495;0.11520173486615648;9.823237990783777
85;0.3932088363740066;0.2165857989629452;9.8442461151341
86;0.27667034821960956;0.19152244811543281;9.747195124652881
87;0.299006924110521;0.28980053887239826;9.983960933978762
88;0.3467022439311925;0.40700918755993765;9.866147322588246
89;0.25665062932914656;0.3341827885764534;9.798773784021437
90;0.2082981859689487;0.4802727213730007;10.017312134494878
91;0.30126417811042056;0.21364839442058942;9.748900645737422
92;0.2999251481104414;0.26662614966749654;9.84066400895451
93;0.3108621027052961;0.4582686399617426;9.85244631980244
94;0.07621571879920971;0.0901221524097005;9.808656231256935
95;0.34397258043283346;0.30590625280946404;9.854189584095373
96;0.020679825118805895;0.14432684304684193;9.93921306788426
97;0.17074122337917136;0.11725818441870386;9.800806114173902
98;0.4104473104538342;0.32484218161490275;9.919042857124568
99;0.2766467313706094;0.4806804182558205;9.961411399278658
100;0.3035507182233659;0.5403255597575904;9.797315730258669
101;0.30249361130339814;0.13467172882084252;10.149738101772863
102;0.30327103092421404;0.5178204674394611;10.007466858396576
103;0.21238657244102904;0.3124633468488149;9.823625176272154
104;0.3432368414001057;0.37647105608672066;9.916785623757697
105;0.14655636488979645;0.46572425911910637;9.743379020244232
106;0.36632382452872897;0.377864460081276;10.01826062733902
107;0.32397527036118257;0.12733356035824236;9.723103871729089
108;0.11291718664177097;0.18357001795665173;10.019354640581621
109;0.28957743868944774;0.3234398609435017;9.827948602857628
110;0.25682669378580614;0.31798379544001465;9.80618526738432
111;0.40805373432186526;0.3711785580934951;9.661093282616708
112;0.13470270205592563;0.45218413688733916;9.871117854719797
113;0.31456945806150066;0.2940030919695384;9.74416168348605
114;0.2721977645947387;0.4206794277558111;9.891058025339412
115;0.1178984564101967;0.3843752781239795;9.787134248145058
116;0.2506405344611165;0.3791355013296459;9.896654239734605
117;0.12996240942965684;0.3007825361611476;9.994757150148242
118;0.03724464675426034;0.26896344931639526;9.892771171145666
119;0.18539682257836287;0.31049737239309927;9.766997351094783
120;0.3601188681341747;0.19086546747689354;10.07665684041234
121;0.3707119915319871;0.28097674405658346;9.979616488030732
122;0.1814348164249065;0.37419157537561976;9.76654103646925
123;0.09217333997199947;0.2885539726946195;9.90365369084503
124;0.28013625744867077;0.31895402377110643;10.0529292414969
125;0.16754755720197995;0.5035708534653701;9.866928066966052
126;0.23827527155536216;0.2992387415407751;9.68822262652175
127;0.29837196705750857;0.35100787276144446;9.75844758926032
128;0.243072102645304;0.22649773891693978;9.967115889014373
129;0.36628644607781474;0.3178592731624797;9.84787439643203
130;0.3596936066593612;0.5292278130991845;9.867324450681453
131;0.38656802307036536;0.309289867621822;9.893342807063602
132;0.29499842846234653;0.17734953946107343;9.951703490130559
133;0.4850905095847681;0.36717480656427526;9.84936704752923
134;0.2929716730205105;0.3179988455764675;9.811169140161889
135;0.14859581685010131;0.517964573040463;10.080552237025097
136;0.3325607333962952;0.373393119902479;9.871348449264731
137;0.1372267907094495;0.37272309913293683;9.800696212990498
138;0.17079289881718512;0.19049751724585706;9.802715950990098
139;0.33069943410127545;0.40275220996359307;10.003670935287955
140;0.0930217776517689;0.4321886461135555;9.745729489349824
141;0.5042305625557526;0.2036385864269652;9.903952225419895
142;0.23503296671254154;0.26706827284439083;9.61602219408196
143;0.44344276567517993;0.25789778021391185;9.996063565791575
144;0.1629486258929436;0.21885493552849952;9.966834413136747
145;0.13560811744989143;0.21148453129567596;9.870452423238378
146;0.293888170443935;0.4414723485018176;9.84065488026758
147;0.2663721416811416;0.46631206302334005;9.787936917565684
148;0.3196394600630005;0.24200379388751614;9.679110793303762
149;0.19879171638693194;0.397645501990098;9.976147502028564
150;0.3043029430620172;0.1819501524755352;9.846631385893184
151;0.0813842440801221;0.4020150156266637;9.968763598987524
152;0.2838596883782619;0.3428080524807342;9.953410223882814
153;0.22809248559639533;0.25820648967168464;9.999981085055868
154;0.2228251106752437;0.29983685265451776;9.907126867797551
155;0.19079100203001614;0.31330566464735804;9.829779972097253
156;0.27971299769014996;0.27982562851888554;10.070007720062751
157;0.09518656673105874;0.2747128410681694;9.956770049609526
158;0.37223019557686826;0.23753400663230295;9.79509949732393
159;0.3791747485637694;0.23492783492409275;10.09169469606619
160;0.27897439690419723;0.33240462196307724;9.956811008956333
161;0.3142479785356594;0.2694898845059689;9.820088089033474
162;0.2811517748066701;0.28378850349536083;9.945571975786725
163;0.34264863360442954;0.303504133773666;9.802504536839619
164;0.1725506747801151;0.20240143238103545;9.920065581578234
165;0.22302985173130682;0.32727974075623617;10.045160398765464
166;0.2914592838250902;0.29293432370119465;9.867764955303903
167;0.06815027294211373;0.45895286096246646;9.918766160613465
168;0.5078922095197265;0.3883964332768554;10.051659890159241
169;-0.022679685564896093;0.38994226363915707;10.113657349576286
170;0.538536051061286;0.21650474679681897;9.944440380796072
171;0.11435338858409355;0.45711281557353384;9.685003550189085
172;0.2645009321167068;0.3152497999252165;9.779315735996036
173;0.15576477539528588;0.4148151703727031;9.854994051642263
174;0.31141998034823637;0.3808064350685914;9.834372691175238
175;0.3961080331285717;0.4032080483498379;9.756928490491378
176;0.41354262540873177;0.3843049825944834;10.138740993161065
177;0.37588805149007354;0.275771796603093;10.001007088355411
178;0.20891813715098356;0.20529850109607733;9.88438289548445
179;0.19166550948567773;0.3046129980763655;9.89185049342307
180;0.32566849382356033;0.4696030868833463;9.874212497207136
181;0.30213417419274236;0.40799822473263986;10.052293559894277
182;0.12345130618482694;0.38564306634008255;9.842943755431165
183;0.38095892733221287;0.34323603052420265;9.947594049444868
184;0.18495740856542914;0.3617159242239998;9.755262163762712
185;0.10227029836768811;0.3781703411529839;9.943327774233545
186;0.2227659342653287;0.3604130642963363;9.789266734703915
187;0.2875353698944518;0.2882566290820661;9.769574703878845
188;0.3977294931696885;0.4789179714268026;9.896482883778264
189;0.20489336999786123;0.37150923343254455;9.926319802410983
190;0.33837344778949013;0.19553292681378698;9.962388997165451
191;0.16298162178148778;0.33250770735419694;9.803642898893083
192;0.1776472731658667;0.3838386981750358;9.715755808335418
193;0.3300413396133492;0.3673303696485998;9.916835125878086
194;0.2730193609445708;0.3458011228673424;9.885218728483995
195;0.23607902593130384;0.2585878407700558;9.903180468380523
196;0.22252689004258425;0.23140578765775197;9.974013795637227
197;0.17615271092777263;0.29607147894023583;9.970588472379932
198;0.1482903633172033;0.2541297230998917;9.983700821616495
199;0.32038853322344774;0.46441334309220206;9.950104214623313
200;0.34506705757843914;0.262173369559368;9.835736390150895
201;0.25970021639576185;0.2662827631078073;10.020846799734306
202;0.12640074282871777;0.4237700213081099;9.76626847623063
203;0.2699065642116184;0.32377641953025593;9.872082459394225
204;0.4414032259510251;0.14274492961563878;10.01969744877902
205;0.30377743192233997;0.27418944542733187;9.924316638088852
206;0.3501576790765351;0.3903739722629317;9.989315457345002
207;0.272685117259099;0.267995076311251;9.826263013109639
208;0.24697888227656284;0.4484844976514231;9.884845676693686
209;0.29431263873952784;0.4054900976908191;9.936034846839792
210;0.28840131508938927;0.33685138200797676;9.72177924585794
211;0.2055950756068078;0.49727912341726527;9.795076792331727
212;0.30005335426483837;0.48088225013686675;9.621771704569298
213;0.3047345291961816;0.22769747053612152;9.943817256857331
214;0.31716193602223125;0.38957882759635504;9.81853890317889
215;0.14024602841545591;0.165661253795158;9.852438015103901
216;0.30644767489361496;0.10448276229384937;9.88992645348135
217;0.15453779927690758;0.274881118247738;9.656586649713047
218;0.2053657466692701;0.3652762376257065;9.723687082561964
219;0.1786608323671361;0.2891620220501754;9.885765703066221
220;0.3470008525437025;0.4269987453431555;9.777090442782624
221;0.1617153033883297;0.2656814184383638;9.745972871339095
222;0.2631342864613507;0.3770408621730282;9.814427858236703
223;0.20692423641253832;0.4156707409419871;9.876525134000243
224;0.3482614836712229;0.4074553409925301;9.976366157265627
225;0.3540677210529848;0.3366698671774887;9.913231607862068
226;0.3032109535322177;0.32262133886385547;9.895072908802657
227;0.2349725451673767;0.4910568706328543;9.596233989674102
228;0.4909171876166793;0.3755493166123574;9.778148406605666
229;0.37387413967078353;0.33984159138313513;9.784419762947978
230;0.2898721271485081;0.3569312561848713;9.94786156984881
231;0.20034124983889123;0.39784090664004845;9.794598655888004
232;0.2108435931762983;0.420757398303045;9.709926928278728
233;0.43794239119025635;0.3831876219154844;9.990119295272365
234;0.48111408659124;0.3547567385064062;9.827048009185978
235;0.33338533844276147;0.34066255451531335;9.68621006676998
236;0.2357523843454362;0.2393692561486549;9.971667047834979
237;0.12665530304631928;0.25106842163764126;9.875885765782137
238;0.1795712763961969;0.24974230077829;9.922780105430975
239;0.17953537290342875;0.2969008784683596;9.864455793737882
240;0.2465358051435453;0.10958450134955383;10.103909834148585
241;0.18177209662820112;0.3620667079561392;9.875022174209713
242;0.2727673448143929;0.39752330607933417;9.951933232372
243;0.03082307859593353;0.2990488061549349;10.05592844081841
244;0.2943166564774197;0.3309169337459821;9.801942580806767
245;0.36381673887209315;0.28938455547580993;9.654646286899517
246;0.11740768977882865;0.43024713051028224;9.873295133464849
247;0.08358529690312441;0.2952067356510426;9.879687570219744
248;0.40911077789182704;0.23198442422143767;10.001065547579538
249;0.32046349845191446;0.5156916032635114;9.891729499905994
250;0.3415609540515986;0.1829755784721354;9.754765680497485
251;0.4229017652062428;0.4298913191059053;9.863162502813458
252;0.3030947599267618;0.31116343909177213;9.942449614926778
253;0.27959869955362504;0.44854070958968284;9.853367882971593
254;0.28828612137292897;0.2897754170156571;9.798747261620049
255;0.23558975956823458;0.4250418571459671;9.961258258725797
256;0.30603198500496326;0.48947853038255695;9.766004488546288
257;0.2765985880322914;0.49748035788004313;9.987214505675617
258;0.5998334964987254;0.6023723528831241;9.947449990384454
259;0.49308133280670013;0.4620713973949398;9.713657343518655
260;0.37418831264866675;0.5963915111828273;9.80328770261136
261;0.6475843959230441;0.6122271220230902;9.882061044149692
262;0.22126249032753953;0.7161322032179919;9.966023789616262
263;0.5283816043771332;0.7103282040792086;10.107144328895009
264;0.3067710411089962;0.8024349045056548;10.027961203321592
265;0.37535431966544663;0.8767034727967445;9.887260555692489
266;0.4733378089896275;0.9297271351100048;9.900872130496518
267;0.4093363012429334;0.9623309646245732;9.94638427646731
268;0.193367830278548;0.9644356108145821;9.848428694465735
269;0.3464133764874794;1.1780133784773905;10.030428474990012
270;0.15636710761775355;0.9784747077549639;9.889730383935362
271;0.3032960568105707;1.335596877707678;10.110370889819912
272;0.26661853593926577;0.9504057062373236;9.985331804477283
273;0.20081334764374334;1.3069690618715597;9.825677905090265
274;0.09791370048913717;1.159827539481777;9.952206242479138
275;0.19254493480284787;1.2712018547943085;9.908302037369785
276;0.2794674609194965;1.498386017354695;9.898330587499876
277;-0.017031947710253792;1.6820744860777248;10.403440301621792
278;0.2329690799454322;1.383879014680172;9.646771026385174
279;0.011269382305733837;1.5923161885224255;9.855768877502715
280;-0.03127326609704056;1.6884021129883473;10.189366534811594
281;0.3252776221123275;1.5066466631611508;10.350967179074397
282;0.09745068168165333;2.0764263813114807;9.780423282359516
283;0.18410519750875856;2.2132360254798003;9.904400707041477
284;0.09295638327838374;2.3610800048618845;9.849092466238213
285;-0.09917483518319108;2.328782001276567;9.982066725981408
286;0.2679165448018587;2.479243680995512;9.427435845851006
287;0.25442751576787326;2.381344441391802;9.584420054135228
288;-0.121904443503079;2.3555901089823217;10.075237930961581
289;0.290196215596658;2.3635715823003505;9.500402161250847
290;0.35063772874204696;2.4486397955238157;9.197795655822151
291;0.14546530490386383;2.3158272737763133;9.76394684540488
292;0.24944431366870334;2.391929651804587;9.79229164208986
293;0.23071781880486197;2.231341928736139;9.496296567439012
294;0.2589324192834286;2.329668978342418;9.828950669383822
295;0.030958746224215267;2.2737273517409426;9.92853186394933
296;0.5420038459704066;2.2312487249541704;9.804708155831566
297;0.1903861253174775;2.1499379501249534;10.245466429605134
298;0.2769886523439754;2.096675274851787;10.417816815503302
299;0.3782571513891847;2.2888578046182504;10.135774918076937
300;0.47014520115785235;1.7531726179911997;10.134350793559399
301;0.116768287132692;1.9778479278147867;10.593593179174055
302;0.20308451285958015;1.9906235677058384;9.822772289254928
303;0.3906264762720846;1.8611589996746098;10.2361419266115
304;0.42799280530017914;1.729730080493498;10.360108234200748
305;0.37218887886782714;1.7736452041108492;9.836346055735415
306;0.6227810652045049;1.7757658565876668;9.469453939861115
307;0.1532183470547069;1.7693406810124694;9.735613794144744
308;0.17431012208310181;1.5610781823089899;9.88574870267983
309;0.38815530099823375;1.5005758244764047;9.18191763658662
310;-0.024774684049768896;1.677014201080932;9.223411163796264
311;0.26219623505165335;1.618219867652566;9.205942030118685
312;0.15955285264265504;1.4733670040405924;9.261019931206668
313;0.21414196312317513;1.2011910606309348;9.202293161006821
314;0.42648918256572965;1.2076493177882959;9.703290593119505
315;0.27703751658697395;1.4228669724363407;9.474159977126673
316;0.4646001829868471;1.2204520124316807;9.492560820716621
317;0.3019798494366685;1.22175783255148;9.595315046211631
318;0.4683491928202547;0.9022064937030216;9.824749554641732
319;0.5383414085292245;1.125826094276136;9.946051387779928
320;0.4324346535262659;0.9502852433660763;10.050351872814794
321;0.5509433723417733;0.7194718676928209;10.240495245290662
322;0.25401300627142254;0.9350398451169539;10.156981460511656
323;0.4866645209474349;0.9401952185060172;10.573191669004927
324;0.5768206418159476;1.0892335627821892;10.540163551716173
325;-0.41814492188205543;1.0210484136553553;10.358108902325384
326;0.18487148077868165;1.2038118292033917;10.195474155789949
327;0.2742746626464714;1.1022439824232206;10.450546099725942
328;-0.14216288548371758;1.1368411073062223;10.075682431091979
329;0.10427090809768226;0.9573614849816758;9.889804578386197
330;0.4573492044038208;1.2441841183104576;9.785454710858655
331;-0.389889130646649;1.1221274415161064;9.718594840567162
332;0.18408887196670026;0.840879380864905;9.628255364057624
333;-0.39372883878814197;0.9570772305003565;9.628438631155204
334;-0.40179792892373506;0.5067935075242904;9.927077069264348
335;-0.008422647152680665;0.518060906179981;9.8653103418945
336;-0.22636733078904692;0.4621481860737232;9.613814418151478
337;-0.22228600275482494;0.32162062730389374;10.202901099824516
338;0.2027138347929866;0.631795898508627;10.00890772070958
339;0.20866187860698654;1.055703213534681;9.129679991309462
340;0.4383461019925249;1.3806157188581265;10.0317439841975
341;0.985873054688646;1.082607246175357;10.724787101539366
342;0.7092896597093602;1.3672323924229008;9.822046654474915
343;1.000717324842653;1.3818678415651722;9.496597894421493
344;-0.0850709906063496;1.5219314310830578;10.409508314120462
345;0.08580483491690581;1.295656884498614;10.405660482373033
346;-0.10259416910983854;1.491651802364431;9.554497231340545
347;0.06363134327020299;1.386488543214364;9.704633532120075
348;0.02840690752526283;1.4760032520298678;9.697652594213288
349;0.2804459829478541;1.4746862579736177;9.450604374318539
350;0.6947885826157829;1.2501566385158795;10.210252851766212
351;0.1234503052397885;1.2103862253879012;10.089323680096594
352;0.6607485463754214;1.2943110810031977;9.716115692206012
353;0.4332831296667194;1.0582556122365268;9.80874589772625
354;0.40245030169934237;1.0956217400803354;10.146868764332977
355;0.4643743402062298;0.9320706086334465;9.932840439036758
356;0.6327707111420102;1.1004796308316727;9.94441358893636
357;0.8182413385632645;1.2306257078134786;10.236442385753802
358;0.7811433100321885;1.692782651690748;9.635158599443052
359;0.7038845436285494;1.8947231128747908;9.102141663330881
360;0.8469243205448012;1.935674244135964;9.734552567939975
361;0.04419747052980752;2.045707435714854;10.08784099015945
362;0.36596995653890374;2.315658822033665;9.552240011687017
363;0.29888026635050524;1.8858007739628457;8.743759323194888
364;-0.08406942477797355;2.0269903537030665;9.474989774891728
365;1.0495366495344916;1.508010942137825;9.522485032007156
366;-0.5261690441823418;1.4558000113561285;9.206783472580593
367;0.23777990499581425;1.3014250556318376;10.232373323520171
368;0.3189474908672356;1.4055320393937967;10.126245696052997
369;-0.47873611874145694;1.1585590618594346;9.956752311321331
370;-0.17197687913031467;0.8241328993059104;11.690850084025362
371;1.2483675647312853;1.0997898705043707;12.123737752346543
372;1.5587847923921339;1.1837840278016567;10.865466646912786
373;0.11356878133439846;1.3111796558493953;9.500184702631415
374;0.32477023998824595;1.5018745375147338;10.100718615814143
375;-0.040451758860577725;1.1978196046885232;9.677293299767369
376;-1.052761474029561;1.4404356709134696;9.543114903043461
377;-0.4085415468216504;1.1023067890208538;8.745104045193091
378;-1.194227175417744;1.2502444006047666;8.597972608275187
379;-0.8702138916125478;1.5085174063073876;9.285381222949063
380;1.2795216883031477;0.9344088364113464;9.760492543986734
381;0.8693663138254042;0.9922266961575097;11.014386574089201
382;2.4184920090496917;1.097724912309419;11.17214876835777
383;1.0828973911488373;1.5020339786033923;9.76024975117921
384;1.2413370494529161;1.460938000071422;9.012892533299093
385;0.08216571560194003;1.601181855133464;9.774537645493176
386;-1.7469853010197842;1.2674015951973188;8.55808950934075
387;-0.953603527224125;1.48106278247187;8.01018161436979
388;0.8692409968402308;0.947294601894265;9.86922135632785
389;-1.3038144717247395;1.2619934922291118;9.921566973955716
390;1.139660057655194;1.2027411665122432;8.857713659451452
391;0.6459393097915385;1.1373173399622556;11.298809777822104
392;-0.12820875698258682;0.9278846704411743;11.671935197284677
393;2.3109047399992213;0.9405704465777172;10.466715325448272
394;1.0231889556322293;1.5677035147203826;10.570343351034749
395;0.018058029256132223;1.7164692139176623;10.31066703478773
396;1.7755432933524455;0.9797468403404477;9.383739367113458
397;-1.5697894449480905;1.6345654391108653;9.097034727128918
398;-1.126216300112661;0.7999391307370517;9.67357349580156
399;-1.6283605357509023;0.8584930462218613;9.716459605349332
400;-1.5942433456530967;0.7408545241371128;9.201691167452593
401;-0.5384804702538051;0.49533170348747957;10.121509974939569
402;-0.11830600272341492;0.3118320054019652;10.599028346129922
403;2.340621225791135;0.5039535539072691;12.720793790320178
404;2.8841831276592655;1.193178554918563;10.680413503181656
405;0.518799616341917;2.056890538822539;8.452031780544273
406;0.7536444211153953;1.7657718212306548;8.575341653988579
407;-0.07504102155301681;1.6169428790852296;9.457404436350405
408;-0.4932644712894045;1.262194387578762;9.626957415508741
409;-2.6902214151884762;0.9838117761542579;8.51140217368811
410;-2.593751424547199;1.1233340533347285;10.565941916382107
411;0.14538992834143388;0.7026057027421811;9.926085172380263
412;-0.5572958836737706;1.2944900835648492;10.873037549371688
413;4.526408873840547;1.2128647092664797;11.014000175048729
414;2.4986863235874783;1.106676949249958;11.814723870845413
415;1.7064956113470988;1.231731580835358;9.959404995944539
416;1.5321899515772057;1.132783422688337;9.798265285234521
417;-1.254363301606674;1.054025717799586;9.873547519296384
418;-0.7971861306878928;1.3059697276553042;10.052912202107226
419;-0.005349718118216239;1.0553826593508833;8.458035080745308
420;-2.3606570118981627;0.4446961432943719;10.032853991977358
421;-0.1822167248418032;0.4653030871743858;10.303363596498501
422;3.026030424065236;0.8272375186755195;11.473944494488565
423;3.0406487316373245;0.855549867014648;10.640896988184101
424;0.7559103410392596;2.7336712533690726;8.631846751070237
425;2.8966753791219166;2.6429588794210233;7.125659584624425
426;0.5802600659530447;1.867381489439294;9.10265503397582
427;-3.6868175461966644;1.775635032397282;9.121387632550116
428;0.07898388916397764;1.7892364487922328;7.564443751440163
429;0.6008234414268847;0.675773418582303;9.650955351741473
430;-2.698526099258241;0.7780019748752601;12.224630728415855
431;2.028386725600464;1.7640392380860899;9.968139020654876
432;2.489622466354708;1.3685792762840543;9.535041356611941
433;-1.7540932599768548;0.9744961624811264;12.163159303735794
434;2.391995526811367;0.8887886866075665;12.882201802320424
435;0.6656933521712844;0.666683300890741;9.857888074499835
436;-2.020876602036085;0.6206733237880018;11.65938330838744
437;-1.3243876952746798;0.02280448342309839;11.258635734673964
438;-1.4912106129434703;0.6192259864163361;9.629689515703445
439;1.1388879166163508;1.003803508560952;10.214080582356681
440;0.2778796063443934;1.3202666636238287;10.59798609578062
441;0.8610992534284636;2.3975909494332583;7.489357671259824
442;1.6513092391082969;1.6910605299882093;6.214052723685061
443;-2.6762510019352845;1.5098343866370492;8.737871447896069
444;1.0550902044501602;1.1687413151448114;9.36144177392799
445;0.08284399140617266;0.7683737928637387;10.10456405644114
446;-3.0130295640554166;2.246279488886341;10.190008137207826
447;1.812460432494162;2.1790810808370695;8.895517849684191
448;2.1678905210065254;1.779292543774717;7.683606667438665
449;-1.6982128545843327;1.3124144394645914;9.800968768148806
450;1.1166372246895107;1.0284927357215388;10.74181669955378
451;0.5767781313153694;0.10851221108136784;10.672836454994831
452;-0.5564267019849936;-0.21960174831305418;11.50317824055344
453;0.07483891105199358;0.3333288765020493;10.557187817289872
454;-0.45020374190187257;0.7531758971813352;9.201237302230396
455;1.2603848690549642;0.6358676448958177;10.795971746968117
456;0.1293086046339607;1.4614611747513189;10.416230726932197
457;0.1429817689689835;2.140565018108245;7.06331476592485
458;1.7832189790348802;1.9331155699211235;7.973313974198835
459;-3.5854121758403155;1.13140533040822;9.244293356459199
460;-1.551946074707295;1.5220185798893957;9.98313426610081
461;2.7290064856426746;1.0206878757643871;12.053493578694331
462;0.18112336166841866;1.8723182565848104;10.075623174003738
463;1.6119825244321755;1.6529956273592932;7.7573391834735235
464;1.1189153333462685;1.1765498241780894;8.112917663868537
465;-1.0986194774042572;0.6386263740645883;11.63231522179196
466;-1.2573085265438249;0.4929981179236602;12.300356537695551
467;0.9240099250648005;0.46547341819972077;11.505211590100467
468;-0.14594979027452581;0.5012972551909749;9.331016247969599
469;-1.5873159151689875;0.757763599467218;8.375564347267321
470;1.8054809727281602;1.1491736656931018;9.771928986887525
471;1.887509422237406;1.7618982936694452;9.24255255453504
472;1.1379292166830386;1.6729043306480154;7.983681732579625
473;1.1400136397587468;1.5375784546518463;10.75844677875888
474;1.7867863784139926;0.7200905505460274;11.996424592611646
475;0.27623211063448505;0.9135651105119127;10.38007530428482
476;0.6186826531623885;1.5807300526875252;7.394783091093959
477;-1.1450909098900695;1.311000176426155;9.096721447776279
478;-0.5257551541415606;0.9321019845273871;10.910304413023468
479;0.854258204757176;0.6964058789871312;11.509222268803967
480;0.7730937291434753;-0.6240419521761784;10.973927634894538
481;-0.3166360841232779;0.838100394929145;10.563243638068537
482;1.6082846115175513;1.1817626570461073;12.098253641166178
483;0.922346563579166;0.9220170061859131;8.846809394166028
484;-1.2707569170448256;2.1939993631503647;7.6406493566855564
485;0.9168040042844584;1.258400982290091;9.323462560686448
486;-0.34290677726487906;0.8441764518743925;10.21486432192144
487;-1.9899237195444666;1.0246961136123836;10.948191789951402
488;2.1724138507936237;0.9757654897399265;10.266388704962267
489;-0.4447284548568442;1.8791437373441873;8.057756659794508
490;-0.8376737821249302;1.1634452689025072;7.581979987478661
491;0.30840444625003366;0.4001053134108462;9.286249567320384
492;-1.0587486213283932;0.4171979487360203;12.021819882876972
493;-0.9258159229052199;1.1321933056383418;11.38389500278744
494;0.6113514134406226;1.304038881503876;8.036891520535073
495;0.5613053572584017;1.9156540518700567;7.781851386642385
496;-0.8878238692935059;1.7665439111419765;8.500482457305901
497;-0.4826107971993174;0.9933079325338035;8.046387497391054
498;-2.2874102753050747;1.0369795216127808;9.976047902249228
499;0.9364143927156348;-0.7097478828414926;12.61151465766197
500;0.45257922258977096;1.1882442774263837;12.802734182822585
501;1.1148962441139258;1.3003983288952852;8.378604288196698
502;0.4907895109828441;0.5542178206152887;8.496904690466312
503;-0.0021443363221822637;0.8652806756941736;11.979149559104211
504;1.3072177772501488;-0.6399273787653891;12.84290345641283
505;0.8382283144440904;-0.2979542401661837;13.057100038045974
506;0.21583602962008583;0.8022097482282536;10.60117030520401
507;1.9708072086348567;0.9857939959749336;8.558364090985185
508;1.0326411091809988;1.2443688737963616;7.862742722026767
509;0.03891155296829396;1.930301396915984;8.665392931044076
510;1.063580200148897;1.2534598771173644;9.371889495460639
511;-1.3316793855103743;0.8534289384251417;11.322407451330387
512;2.835751366651485;0.6385892122987863;10.700064594039596
513;0.26128448997644843;1.3530229415982982;8.199991340863498
514;0.14312095436189326;2.486760639472982;7.718740971860717
515;1.9904251761845333;1.0526548580355761;8.677376985661594
516;-2.826987000375881;0.0706463576262189;11.706944135666978
517;1.5444860557545244;0.5298901594112428;12.682047464144935
518;2.741017735058142;1.1337352135338765;10.150744143832053
519;-0.35601214396887515;1.6881766651714336;7.587812196442445
520;-0.9274986383640866;2.3616577621180594;6.559982196273753
521;-0.4497876795449168;0.9731059084844798;9.947029954503027
522;1.425535284986261;-0.07463719126754706;15.609707131196622
523;2.1380946033722554;-0.37316380745346023;13.526272423599233
524;-1.7380064928460126;2.035441073551723;7.391213015170251
525;1.2630898831408475;1.6785841212420765;8.200829382787314
526;0.30562744899790034;0.8802742922518669;10.242687428293891
527;-1.9659090806679824;0.44636234904004574;12.86013721751936
528;2.509809180090281;-1.295853454543272;13.322031986479674
529;-0.1952411281332731;0.7190441252644205;10.171922617229166
530;-1.1001074924427907;1.8469454574243338;5.744154702333774
531;0.7730357111680999;1.4904258195720248;4.787426701349671
532;-1.4238737184424215;1.6658198472931525;8.28522723386696
533;0.531934612492063;0.21511528222882048;10.580032547808967
534;1.7957478847124155;0.4592658016877664;10.283176678391357
535;0.2579059894337947;1.4551439535168411;8.899652630809777
536;1.4788301106817205;2.7531316225103097;8.391184025219156
537;1.585160984026817;1.7805484985248388;6.409221830020357
538;-1.1227438181009644;0.7246186121427071;10.80048086322843
539;-0.16988080533340585;0.8338642248106597;13.475006329238408
540;0.9306216088313504;1.6131728642736411;8.087668347505186
541;-1.4865798936464645;1.2339499239763616;4.90712795288328
542;-2.018486257789685;1.5499228243716467;9.16724220460266
543;2.012749955798795;0.11797601023282515;11.095053957869215
544;-1.1026784946286246;0.08333950934710391;12.86861129957119
545;-0.8428444405207134;-0.026390936624474795;12.650427735752643
546;3.4471654862870524;0.6024346450173158;12.87216387743112
547;-0.932658152534757;0.960009464217447;8.158031325223504
548;-0.9600533882609033;1.1064710492594063;8.489176134765117
549;3.1024132063914056;-0.9377584156658669;13.996250958199136
550;0.02132095164589823;0.15051481620713797;12.042836750203081
551;0.4667037467802586;1.0084788903963862;5.892860826227957
552;-1.165460736885204;1.3298914273438354;5.961106871461777
553;-1.9504511648529042;-0.06823845784250829;10.565869482363999
554;-0.36208335013995335;-0.2602607754281143;11.397438823686677
555;2.5901578463110817;-0.1877308534873319;10.963169483726722
556;0.9094667240947552;-0.6100481130341074;10.583858206883678
557;-1.1272836747696635;0.7722633068521969;9.312434126803733
558;1.1921387630333395;1.058500470795404;8.587201383118098
559;1.2373810433558234;-0.3837128880815944;9.628842321419832
560;1.640690836689629;-0.36966925164155373;12.661377008310206
561;1.3933693813217176;0.16740743438593036;9.360285039579765
562;-1.6976302293957948;0.8150899610029141;6.830403717616001
563;-0.9023793915691675;0.13514807590874814;7.338533845495251
564;-0.3643488412054259;-0.9573167400917479;11.396883355781853
565;-0.6857221748679438;-0.7469593422677909;13.185909281528899
566;-0.06166588823582318;-1.2569660261649773;9.642170207181596
567;0.2291994185178036;-1.1849854415426033;9.376678551592587
568;0.007263909376363953;-0.9625933248984837;12.181966172593745
569;1.687576769474768;-0.11714143815664056;11.78762634750283
570;5.149942956641542;-1.0192802972723367;11.369153949908398
571;-2.771439400237057;-0.2149716693651632;10.619856123496492
572;-0.4010634607602095;-0.21396610886991715;10.01958814068684
573;0.518928287330163;-0.03163782820489779;7.88732840229861
574;-2.182280166150124;-0.6764661381618853;9.5191331923492
575;0.17161557552585813;0.04564778646936972;13.405913689890907
576;2.5635982676015026;0.3832025648764377;9.176036054113021
577;-1.238641660922983;0.33120976791799067;7.867644312696056
578;-0.2705487500458203;-0.41191274465266553;9.362611064821616
579;1.414093094016256;-1.0339430379345684;13.698120375195643
580;1.452894009490389;0.7008518627860756;9.666852869989714
581;0.09546911512043375;0.43271993433011713;5.666372015512789
582;-3.9470325859596094;-0.3721623534136774;8.823186317994947
583;-0.5624608626498824;-0.8141636654274174;10.156180462791362
584;1.14987696267722;-0.8994198092193176;10.715005337027206
585;0.5239526229565803;-0.7652995439371927;10.56698035887297
586;1.6199366279368943;-1.0027393901589077;9.50639098645104
587;0.5512164042467883;-0.16835584415319607;8.515907201370007
588;-0.059315171997252;-0.7385469887413452;7.349426307949005
589;-0.08767297685603456;-1.3734892680043695;11.43685592739902
590;1.2534272242238067;-1.5170728534717122;12.457763000970829
591;1.2985854459529724;-0.410624548051927;6.720029642062859
592;-2.7681672548407437;0.04562424656326202;5.7253269334000665
593;-1.2554921676056614;-0.9157916234255874;8.561961740184989
594;0.2826136435321688;-1.2068740758371206;10.669026281105516
595;-0.3912377561968284;-0.6673409497234034;10.691719225633337
596;2.5989128281238294;-1.1657696416084808;13.778257330878336
597;1.7646537912089657;-0.6242185813415573;11.58287919459091
598;-0.4426543702378455;0.07892252516122727;9.253536891529254
599;4.072584820566199;-1.1159761512388466;10.565802222410905
600;1.569425745368143;-1.8068578130735822;16.046086408975
601;-1.100368180312071;0.13625854504675333;8.338874793629934
602;1.3041719249238255;-0.021346968270114987;5.5714172480522475
603;-5.0286266119355085;-0.028005496626711035;7.186609428702165
604;-2.46001233107036;-0.48158252965442516;10.587992750790608
605;2.6925606258597714;-0.3493789562144215;10.877223569589127
606;0.2905192384497025;-0.3957945520358872;10.35791003134972
607;-1.3838748381897799;-0.14079516434338513;8.80513493395237
608;1.006158155333851;-1.2002872940898845;7.999597870139703
609;0.965971967405636;-0.8136219255886897;11.067378194857605
610;0.6676552428069985;-0.7821519986697919;13.810588488354277
611;1.381085557252784;-0.7662622467207296;11.179717714264651
612;-0.5257415629126505;0.2728108944820403;6.709783563780926
613;0.5086153858330572;0.5748256116056762;7.479865731121979
614;-0.48194330545599573;-0.9445888814965518;8.428175450249428
615;-4.102172157761109;-1.9943946332366647;10.651773026835206
616;-1.4323371169092998;-2.231523604014182;13.565150859400495
617;2.69091099789339;-3.4750690632092947;14.720414500203477
618;-0.7955372773410931;-3.2265529177469596;17.740900789254148
619;-0.7474942320592467;-2.410297865151072;16.744119623122515
620;5.45261229679817;-3.2551840956569937;15.551372487394362
621;2.3876370218498573;-2.6900204186415997;15.424494000225495
622;0.12936658872810253;-1.0851762272765395;16.02005089404501
623;2.601864708846349;-1.7396936464745993;11.704678067056715
624;-5.5227204621212405;0.04395687260386211;8.142291120152853
625;-0.7462624393529704;-0.9517960560258327;12.27343061731806
626;2.24176628440556;-1.7685247260211308;14.065918510018907
627;-1.2603841905163287;0.13201131402831529;9.98740669137159
628;0.8609610921630612;1.5848966560576856;7.573556469533724
629;1.8971111608594378;0.3506455213787521;6.8087422334713885
630;-1.047511327464278;1.0851180387310497;9.552283934998274
631;0.46250014239727705;0.8840078500309033;7.44059935311815
632;2.7815886910427827;0.25528588541969943;5.4785588446236035
633;-3.9623214867698304;2.9651484730545086;1.3026384351939095
634;-0.29793217714234627;0.6343923574210916;2.8430815933371196
635;5.663084955637294;-0.6678182114214049;6.201532840465817
636;-4.237907342100716;0.40803106947065787;11.181647661020166
637;-1.320582073094885;2.0250952125826482;5.450514468574584
638;5.8442967864828494;-0.017542082995861685;4.239002860927618
639;-4.230997976588693;0.6666781589105859;9.969121878855315
640;-0.16453749128183093;0.34560450707176593;10.194813119681779
641;4.434529908209731;-1.1748082610845407;7.358633125622795
642;-1.193548096059304;0.04105812177996407;11.340685034905723
643;3.428889176437152;-0.5920783723423725;11.701348052124256
644;0.44038517745038974;0.10407063196941863;9.236097407236418
645;-2.590546954661212;1.181271322060787;8.528917427697525
646;1.021194031630842;0.19103820203644126;9.894041408098166
647;-0.8858915204990879;-0.8090705173619447;13.751494557910274
648;-0.3384775707529935;-0.5438118420698503;14.12773206507457
649;1.9358370363730109;0.13103843305439256;10.755314444070878
650;-0.01886583214739694;0.3155987059887971;9.135936900073364
651;0.20607158792705532;-0.6232460760902717;11.68244463160684
652;0.6244327419500675;-0.37476259307282755;13.872513735810498
653;1.9555790033352156;-0.634403318771075;13.49570300696818
654;1.1750614363930207;0.687006722818482;10.960498499481277
655;-2.5602101696503974;2.182513831552462;5.535355218024773
656;0.17008961153000202;1.0586916286053456;6.805574919651832
657;-1.9210158607996957;0.6456764810843126;10.195505875450054
658;1.3735240701408802;0.5435700223279872;12.241389765442735
659;0.7972805779986287;1.6237445081680995;9.001764591005456
660;-1.0006982374981441;1.391021329713903;6.25405352754278
661;0.41669510954875427;1.7961272030274922;7.826418443017774
662;0.6773857642555865;-0.13804594685187513;8.96727995849129
663;0.9968673974788402;-0.7082215326639275;14.262000674668684
664;1.6714449853805784;1.1275979536154235;8.979412055275043
665;-0.5122810601783873;1.2455201896468169;5.281045128403008
666;-0.6997162798301457;1.4851759178609925;7.205537782885566
667;-0.21132150004682215;1.381051513449908;8.680104757451785
668;1.2677061917067483;-0.070250609922804;9.96484570677799
669;0.9139568916490719;-0.2662602996916503;12.193653638409438
670;-0.5711211570888052;1.1924326595311139;10.11509388318864
671;1.2986000352231757;1.3765721364416246;7.340631831394296
672;-0.19664890232293558;0.8371512064844505;8.455890172671774
673;-0.6006410319760198;0.17186785032732718;11.516265875316547
674;2.1732541050394185;0.23838893835073502;11.559359834142684
675;1.5015047605512908;1.069659429935814;7.839574628529034
676;-1.8618021587573024;0.2300889591505334;7.419409231312858
677;0.7622936326178157;0.6456587224315243;9.164343285226522
678;1.9517685182601743;0.2788933118523211;9.79394694234392
679;-1.9138298578925976;-0.027596854584535258;10.983821631767627
680;1.9571280673982663;0.3601358550852689;12.163354996818597
681;-0.0037080217598969567;0.6877587026923897;9.707124881811845
682;-2.6248949397134353;1.244983139388682;6.79231936387869
683;1.4743534177721456;1.5867202932012838;8.84319891929551
684;0.007963030460663684;-0.027243460147986495;13.493775804041624
685;2.2433859595615773;-0.038141754396286365;12.464313119595644
686;4.732627128313175;1.1280593622987656;9.444368893420135
687;-1.0416731032981832;1.6577456002983928;9.071254655440876
688;0.2377427787555357;1.5934572567138687;10.667456703750698
689;4.126709940853217;1.3816143083578698;9.042208748648404
690;-5.711031948088966;0.19623459257644113;5.688375592984628
691;-6.862057473008062;1.8633110726977846;12.816072734616492
692;4.004525462462462;0.13132986736949104;11.904736148080007
693;-0.6267398710801807;2.6568199605008114;10.108325542024923
694;-0.8829351384434034;2.469746361245148;7.685692369222864
695;5.938126557996837;-0.12905523938113894;10.75231152706642
696;1.4101255272992668;0.43697099203235484;13.625412714052807
697;-3.1070349803923984;1.211705831969197;10.72005666145026
698;0.3375285080978205;1.0724317728479469;7.872793259217426
699;-0.5252232785061386;0.8868086780580832;10.045285752325597
700;-0.41179389204602923;-0.046972994945430314;9.757148358960494
701;1.2854130604715968;-0.7753560151661846;10.787912527416072
702;-0.6141434389188726;-1.6430314249911835;10.194405911004372
703;-1.0662735555153455;-1.007712352085235;10.773366142639134
704;-0.8780640128403472;-0.8274501958381884;9.048756540287272
705;0.9196686903763464;-1.4490774214061608;10.804220359635277
706;2.463320150050014;-1.54502328131842;10.707810820036828
707;0.15847868020690303;-0.13162261224542626;9.20653696846856
708;2.00554659496975;-0.16081442300485194;5.685092050240765
709;-0.34681511439421836;0.09823021150531816;8.782818575374359
710;0.3176138915257701;-1.448095782775927;10.764846810352267
711;-0.6014613969069575;-0.3934593944139362;10.843796706653304
712;-0.4764613993264142;-0.07640146021579863;6.870275480993487
713;1.5663432593905589;0.11750736065008419;10.603442024111995
714;-0.19572784768881363;0.4244699356209187;10.996191045289725
715;1.6983921054858395;0.9634658614608616;7.905557152730491
716;1.8761500370870277;0.022310389679097528;8.045644719873922
717;-0.08909217535111533;0.9895654084647012;11.999255980916304
718;-0.0933374539166129;1.774388147055406;7.345772440081158
719;-0.6691726922132901;1.699768509208069;4.786023782540612
720;-2.0887640184451186;1.0069282285761352;10.04785527147655
721;0.9396713874947373;0.9017104165294861;15.510881784393385
722;0.4013852723881024;1.0333676133164276;7.877146025207175
723;-0.28901677075813687;1.3405035161354273;11.019928928058686
724;1.861854018113325;-0.8398847991274551;13.611863528064292
725;1.3804201791748387;-0.13044860827095042;12.761825469723714
726;1.4313271430760508;-0.19781346400002747;9.994968464037132
727;0.44552687539403546;0.2929014423192709;10.734641788084476
728;-2.515696246757145;-0.5015382916164887;9.31526422200513
729;-4.374212137795552;-0.1199536113729832;8.041390864502688
730;0.9042740396018263;-0.41491843351828334;9.405844466355537
731;1.4134496795766873;-1.6584571932386007;11.878103598200617
732;-0.702992656054581;-1.4091326365840882;13.182829625170715
733;1.8463715572005865;-0.6279323167999941;10.208636254267262
734;1.749822328842868;-0.5578131978654094;7.49904668217375
735;-0.4649183607399818;-1.6517115125795718;12.175508587012771
736;0.34798101152763244;-0.9709621864043609;11.848456287469869
737;2.1430109223100176;-1.2821166732569733;5.259162399597153
738;-2.303132839786507;0.3916750028213554;7.116837611561606
739;-1.3595324481507511;0.11971276354192467;8.180135511322439
740;0.755695087594161;0.2504475461879119;6.530113261489037
741;1.1271790134261694;-0.22906670799979356;7.894304774065112
742;0.5780940402475707;-0.3414067425959707;12.01044889553056
743;0.7574836733158206;1.4619641683823024;9.908514488976639
744;2.5650258259956855;0.7321855036757491;6.44854659742539
745;0.48417145845899845;0.444650684122317;11.13632570467679
746;1.7386966964067418;0.17428160218123465;12.791711766180947
747;2.5263316536247;0.5752041775983292;10.169366891713011
748;-1.2497258289707431;0.7330047508966411;7.52412042016973
749;-2.257039613012118;0.08279124387782982;8.179946895422821
750;-0.6737473477792834;-0.6744087683941996;12.370137563864288
751;0.8722815275430633;-0.32320322865260076;12.801955164603156
752;2.8895634356944044;-0.3545424083245162;11.945506716532128
753;0.6388765632141465;-0.8259661461446088;11.405378052909827
754;2.040860166752548;-0.8818246834003994;11.366785301221062
755;-0.3112153848778516;-0.7822710755606321;10.586310297044134
756;-1.551458272995713;-1.2325538942772538;12.68706171699878
757;1.6397064891761295;-0.6534658289988106;12.452431655377044
758;-0.5395793468505777;0.29258221018450803;6.423088932543979
759;-2.0194362933352874;1.0470437199425386;5.324082765538134
760;-1.0177437644783829;-0.495745167273751;9.45304994747608
761;-3.1342399353045405;-0.4804980415368598;9.96546999272662
762;0.8230122586238119;0.0822401421139229;8.687494216217734
763;1.1707312439125872;-0.5609294102265556;8.841998608801989
764;-0.642557621566413;0.576265258054695;8.667352706981065
765;1.6385599193651719;0.44969861513600473;8.563193260883962
766;1.3365707614193372;0.13905918950194163;9.793619059078289
767;-0.03279410590182745;0.08005129919712102;10.673637438639902
768;1.2669001568681766;0.1685764227115172;7.972056079643472
769;-2.3257774152622677;1.1018671954093167;5.460135545547612
770;-0.8291889614412908;0.21532612076887309;8.832747130529942
771;-1.8536095054496684;-0.4017447895034328;11.77188621899044
772;0.7223735626564642;-0.4082575268739363;12.430274677709713
773;2.253652692881654;0.11369698781656809;9.725098447564049
774;0.27013690314179956;-0.2829699964117447;10.223391246082047
775;2.3691135808769914;-0.50052774824111;14.46102657055048
776;2.389614286293697;-0.6892438192476682;13.312217562998393
777;0.868090989402583;-0.6269841312532645;10.321529644129015
778;1.3997341778189654;-0.6824718852038584;12.68773974237422
779;-2.0330088568087126;-0.12508136856940766;10.887299038651268
780;-2.8196719427803574;0.42264282407222403;7.1248255631432205
781;-1.3150634103032965;-0.10934887603572185;8.399621952766754
782;0.8978397215879576;-0.43712796498583434;14.098343296233567
783;0.373676312919204;0.15533396007983163;10.276197147031406
784;0.6284635560324208;0.6547065938372132;5.5586423945188805
785;1.7061498778234965;0.12334496306201533;8.889954068082433
786;-1.597827541053163;-0.28028375962861324;11.725360465867277
787;0.4808512783035714;0.4540841959109664;11.506808840973786
788;3.6336676767029803;0.23478575731481888;6.692903887918266
789;-2.2610234271551004;0.6703275544382127;6.715922553875264
790;-1.6321051699958415;0.6659387508508776;6.915652565172389
791;-0.4379208385307398;0.25519236823817676;6.675909212535714
792;-1.7496984248240612;-0.34796704110206383;8.789395312188718
793;1.1243018098411948;-1.1267759677829063;11.424125251639024
794;1.8904226585471826;-0.9898160379844411;8.792005644252374
795;-0.589547565378663;-0.34508796032309147;7.736402949044894
796;1.1864302081325309;-1.1408076195035113;9.47861514428633
797;0.030383654367929558;-2.215511083392751;13.861342449426637
798;1.0169353053632306;-1.2472592653338859;12.534731347394736
799;3.025192506659719;-0.736253714350567;9.294883670584953
800;0.7424152048971251;-0.01894490255043326;8.49057884993943
801;-1.6175920683417846;-0.5147610851823544;7.678773501626133
802;1.9628727929941516;-1.4241191661454253;11.47010537304726
803;0.3008833366770933;-0.8314806033839068;13.478035142601554
804;-0.15063412209942295;-0.8477712683425853;12.046423293153532
805;1.8378333386632348;-1.808159228193898;10.082370974994651
806;-1.3731545272032766;-1.0211965659737758;10.156063810576223
807;-0.38665263257960436;-2.4138100517065317;9.596947023459908
808;0.3456531575754105;-2.616779993964679;13.741819846853494
809;1.7149227233201634;-2.0176520630628154;14.71826586428587
810;2.5524333751451023;-1.019240623385241;10.779237878652477
811;-0.09907173477109849;-0.29210826121105504;5.325712311671308
812;-0.3574603384866657;-1.7327318016990216;8.625498825949652
813;-2.023749715238294;-2.783089283842245;11.530942658681754
814;-1.4344857640242115;-1.5387930325479362;12.313131173893272
815;2.5412663336123726;-1.3508143010982245;9.40291803147
816;-1.787002659498016;-1.5148070058445833;8.755564399710535
817;-0.044174622758601956;-1.143205974352395;7.6558513410630065
818;2.3311880720289193;-1.6603219078390896;6.9570385556186025
819;-0.18801258328075984;-2.561741707263968;13.166910287755355
820;1.6668053807396206;-1.5506255252799535;13.7561983778654
821;3.4559019210291995;-0.999108185973643;6.358214682255299
822;-1.212921339805283;-0.23842433121138157;5.677511704332291
823;0.3212924488493068;-1.1773169676924127;6.996791562581334
824;-1.1029312457346847;-2.4440641429257677;9.29041996295424
825;-2.3487672575312812;-2.3088894014739916;13.284243104146112
826;1.6408873149029664;-1.5278622861273097;12.559222278176396
827;0.9836069590467144;-1.4158139276958235;8.609036592975157
828;0.8360258047548316;-1.6971847027337745;8.793526579698698
829;1.3488978652448729;-2.465246400573442;8.596166628933753
830;-0.4056749724757529;-3.3333909050853148;12.479150390029227
831;-0.5527590575265222;-3.3618851527182034;13.509261689014068
832;2.487068453267876;-2.271649852470372;11.18520353648151
833;1.1228171198464807;-1.7543911952853934;9.152252179443552
834;-0.06031216634610423;-1.3172103419220087;9.223195271027423
835;-0.9794839205080001;-2.0491179838151226;8.008862081430525
836;0.1657860159551696;-3.364866613300044;10.974890802904635
837;-2.211121171970826;-2.884514361584169;12.190129826461273
838;-0.07141619389483403;-2.1684569047992914;10.229565462563336
839;2.908563169763028;-1.9509491596201038;9.396981746648693
840;0.36036140278433326;-1.4940330025276054;9.517599982037098
841;1.4151691059742992;-1.9928478415209134;10.009078704335641
842;-0.3263552186289642;-2.5743017455921224;10.327904819609717
843;-3.236165182456384;-3.3932424361338223;12.334957590946559
844;-0.015182284747293957;-3.180866503779487;13.433319869718824
845;1.5198435913755322;-1.7019281183479038;10.136738832173167
846;1.289860131679085;-1.3545353326867284;8.204686888395536
847;0.9376188061091691;-1.9327264888296574;9.201359860414986
848;0.23858314729685215;-2.162456270179184;11.03570915847526
849;-1.1204322682631682;-2.5243723086176693;9.125813547657748
850;-0.7822971726501997;-2.198594567085829;8.146829261752357
851;-1.4730294967582707;-1.3683567096336389;8.629103756561086
852;0.8230498011082368;-1.9663966432408093;9.414749780938704
853;1.515057640859515;-1.8075700815983355;10.70165757723044
854;1.8895825262349797;-1.1767122098349725;11.71679891639855
855;2.4595747307781126;-1.3514797795379345;9.467739804633911
856;0.26415606961446586;-1.3117686185163182;8.490881385525036
857;-1.355294734069348;-1.3106323129328348;9.568994971617581
858;-0.3468757975974103;-2.0826729713057404;8.971790153894258
859;0.12893566767477227;-2.17100917421996;10.415261042346566
860;-0.6252497131040019;-1.712389952641704;11.46604471730666
861;0.43239318498084617;-1.5287553862993974;9.147132776030151
862;2.0568468126589274;-0.700776272674112;8.018569367801312
863;0.8353342694751129;-0.6955110709961276;9.566236686723293
864;1.4048070196882516;-1.0766560027673437;8.078252480119108
865;0.16784463812812628;-1.3351219856629144;10.080164262259045
866;-0.7587240381847675;-1.53073619757335;10.662894975169065
867;0.9422606874737137;-1.9179024459402838;9.928963221754413
868;-0.14046112995197013;-1.199397017257487;11.28387140070295
869;0.9489474344612483;-1.568136871606973;11.075896428561483
870;1.8770876906917375;-1.1419144129988181;11.039898984158778
871;-0.2489978097952698;-0.340147837063886;8.019457154886764
872;0.7640249635245009;-1.1206574849448911;9.481845818104722
873;-1.319784273358836;-1.709834661329425;9.79273065029196
874;-2.0061900176437266;-1.6706488197555407;8.857831006512335
875;0.5708056363612788;-2.2322834651344996;10.121693930621053
876;-0.5851067402232955;-2.073337974572659;11.752323398189708
877;0.14647220638487568;-1.921927990455374;10.914141842217052
878;3.8372229635969903;-2.4412392009076602;11.20869199306902
879;0.6977781508746533;-0.9182235694454279;10.780838377037357
880;1.2958879736506177;-1.034824683631897;9.089794117776538
881;0.4473416851493239;-0.9454243989762061;7.539236824724375
882;-1.4739795954617403;-0.6827757957856844;7.754202870582494
883;-0.8488619689401764;-1.0862823936008599;8.78404829530799
884;-1.8668534005834163;-1.61890671322756;9.236071983222969
885;0.25636933069362694;-1.9473865030696174;9.59535808687201
886;0.45956063729953267;-1.589840764391496;9.784045507621506
887;1.785561510756975;-1.579132299448196;11.053222674756613
888;2.3957809982838087;-1.3651287704728339;10.107265452838002
889;1.5811077741122994;-1.1406693644928194;11.28962131060248
890;0.4542093997508781;-1.0973743211042166;9.539174815630162
891;-0.5059795847237953;-1.4482852174379308;8.585074053804894
892;-1.387647142099007;-1.5968686645004744;9.891044616815675
893;-2.881082586499793;-2.3987741926696042;9.346211572184023
894;-0.6695649831796038;-2.2046530926701724;9.55558155014877
895;-0.21691498509168952;-2.3657220010269775;10.853521020908877
896;-0.3453683862401091;-1.9271241355996198;11.270063846287249
897;2.232569775180418;-2.3423113876355575;11.8018605461644
898;1.9777712921750152;-1.77113419363158;12.679764000327502
899;2.06607713447456;-1.3142433199812071;10.086388951308923
900;1.9874982992050403;-1.244240266802894;8.833909081116483
901;-0.17821669086774647;-1.188113941962429;8.77642348862799
902;-0.9239623145720889;-1.3851354915292589;8.789925637953194
903;-0.29012235473862436;-1.651209442338801;8.296737993554181
904;-2.0620712712158387;-1.4465150859611702;8.591870359237715
905;0.08557391566129138;-1.4229236118946649;8.641430604229145
906;0.46720709044175157;-1.4495661891045744;9.337556572127035
907;1.3321972131741298;-1.2498878951443404;9.565362629996894
908;3.0994551947311075;-1.8932660724309616;11.582433438992847
909;1.2510452795781921;-1.1548374181723537;11.228280511056154
910;1.9737038109583598;-0.9230237716269521;9.978256085027658
911;1.0362206938461438;-1.021729768440474;10.045146340413115
912;-1.6698836258843817;-0.8945740784827197;9.588663638114014
913;-1.544207053005158;-0.8268251099451635;7.438147594171406
914;-1.2315715616073237;-1.802612915600758;10.80691135941215
915;-2.070372202855101;-1.2598936904615816;9.743310070636952
916;0.36726377059388465;-1.2065500211630193;9.329502541119899
917;-0.1698099663932988;-1.3354366156613284;8.196583942436183
918;0.35832883738759697;-1.8125054155826492;11.327081771968533
919;-0.006761505195649303;-2.1482037890979315;10.453982161327987
920;0.776733540958369;-1.848193566071855;10.162962302694497
921;0.1984665231124499;-1.7347235226952002;11.529586394441127
922;0.4116947712582315;-1.2965029538787989;11.621979226772876
923;0.8219023988934607;-1.4584224035827371;9.726213965883765
924;-0.024894761325822898;-1.1338851843711684;10.30397035165319
925;0.5879880949519497;-1.3616676882248953;10.606932532033296
926;0.3140093798612907;-0.7870715519081595;9.008407957433015
927;0.8159174263241924;-0.5371112443209228;8.789613615482368
928;0.7987916655739723;-0.47386146023007153;8.878523955784107
929;0.9557097292209829;-0.23478075125334502;8.527796501699207
930;1.4264676608459834;-0.6421804327980857;9.051485494735537
931;0.513300676996688;-0.8939880594926882;9.493238410660902
932;0.4884841496196317;-1.317353657405577;9.5724922366256
933;0.7450711117050244;-1.5285440754937638;9.803521405688667
934;0.5905001643874958;-1.5249938119805373;10.044772390995787
935;0.6242630945082693;-1.862298431988111;10.194147639012806
936;0.6857554750717008;-1.913005155747437;10.630364698348034
937;0.6066613294815432;-2.3997190445935437;11.53686940799601
938;0.5518463668258047;-1.9872935712839335;10.991959195852846
939;0.17611037483978995;-2.1200224527304896;10.145684713089505
940;0.4292699057414781;-2.0312654583034533;10.897588826379403
941;0.15715061261436353;-1.858102885080674;11.143068171598262
942;-0.1464440247250655;-1.9501349587955896;10.428007490159603
943;-0.37085507867558526;-1.5701303319122246;9.444966655427004
944;-0.8125528189485859;-1.5104702315413463;10.138108021539473
945;-0.09824672943423432;-1.560219183981591;9.277876443338817
946;-0.7263316216281145;-1.630116657056615;9.278176860870474
947;-0.43184004871176773;-1.6400542450603142;9.744356229925433
948;-0.3025794144859875;-1.6835542117443874;9.347235042178276
949;0.027407404954164466;-1.514240498968639;9.18518167467491
950;-0.26882029259187007;-1.8775108302675596;9.836682819232681
951;0.05524892272761334;-1.9182991443572877;9.744746955813413
952;-0.13510771211701925;-2.0577995370848594;9.391543815549287
953;-0.18714805602444834;-2.309167963964198;10.143039839217058
954;0.2223612252573835;-2.0522571474830578;10.183905222956605
955;0.11874468351079911;-2.074560261967465;9.760500614053852
956;0.283322653928071;-1.8750526675725916;10.283342384705753
957;0.08923656309155535;-1.8564500119012008;10.51085680357518
958;0.3090546890718215;-1.7005971778330256;10.463400779032249
959;0.4206976510397339;-1.4921731945156695;10.302435563154562
960;0.3700067152847534;-1.4020227137255181;9.935643440347539
961;0.8582571617800839;-1.4211009076490095;10.128096297834938
962;0.6802828557549113;-1.342755486282291;10.188521122217828
963;0.9936806817481373;-1.0377191021772125;10.161164243018911
964;0.7905143720725665;-1.235047955627445;10.150124071372398
965;0.6229547909940994;-0.9655765056492774;9.559250628221687
966;0.47433670014994916;-1.2012133928908293;9.940626824342905
967;0.10723307233561083;-1.2992360631088042;10.04659954379131
968;0.07319506940306715;-1.4601975842466528;9.974585879822468
969;0.8114963266559747;-1.5745542256105423;10.043961729657093
970;0.19730172672982405;-1.446412321670548;9.70617272523716
971;0.7539694839463958;-1.6310172365189224;10.443287730415582
972;0.6124560445778121;-1.4307400194995075;9.665702372587802
973;0.6464168342957872;-1.290707568064117;9.732914759716898
974;0.6357583059687135;-1.3224212776523125;10.193231823892742
975;-0.016868971452867018;-1.3637711044871754;9.639529098045722
976;0.17906831372985715;-1.3601637515205485;9.464238138110025
977;-0.07740360161922033;-1.096179333279463;9.723132708613935
978;-0.024564183487711874;-1.4479637158049734;9.67733937794602
979;-0.03857269205497922;-1.2916919118836039;9.608810455780421
980;-0.03126549838950157;-1.3145053525540173;9.909485871339074
981;0.2501900667787555;-1.2115600643669495;9.913772818047423
982;0.14586291873176327;-1.3361529481442185;9.739525565990183
983;-0.06701757946199877;-1.4182601317204464;10.056591132151425
984;0.0536160071994071;-1.5188360798969474;10.38931332475437
985;0.11930067896474306;-1.3884360859752862;10.037510771446858
986;0.03158871187245791;-1.5216700813061907;10.221512785221083
987;-0.06770121087064233;-1.6311119425530474;10.070383013034844
988;-0.0014950342137961675;-1.6698564141692993;9.913343298616333
989;0.24144526305519964;-1.6580006830223604;10.226146835686766
990;0.20009218310217847;-1.3499827136664377;10.194154206089687
991;0.20631049910378335;-1.4370607891965943;9.877556973544658
992;0.32366927196423695;-1.4225254583040958;9.745663944698418
993;0.08409136526630973;-1.2403087821339627;9.766241971866625
994;0.29825007614311605;-1.3687489975842195;9.972917037126104
995;0.3552814219096485;-1.5272011867318525;9.848221546532807
996;0.47383110088045277;-1.2884112553102562;10.460841262929678
997;0.5458112020675729;-1.3468868705066295;10.627054215525945
998;0.046465995305668806;-1.1354681037821592;10.587675701633659
999;0.0733435112184344;-1.2104786756619346;10.622963273998348
1000;0.13779328097970564;-1.0249432973782373;10.408761742554198
1001;-0.6934154336824345;-0.4408267436278903;10.338569481456714
1002;-1.2782994463595188;-0.3146134171923637;9.891916691660077
1003;-0.18664030414094493;-0.6256691461650976;10.704276448745002
1004;-0.2768346664907567;-0.3394185765637868;10.225910327191233
1005;0.5932672242863324;-0.13197008386921086;10.46937167857319
1006;0.9623515782366621;0.38929761714724187;9.508816867378705
1007;0.5652153046470104;0.667928695436099;9.236114193463841
1008;1.2687463718433503;0.476317704436763;9.788522479494462
1009;0.6031837083264815;0.6215092059466376;9.749477956804533
1010;0.7962877006908615;0.8088042835694522;9.332167535648518
1011;0.6145930443034681;0.9444546130283105;9.101046569930684
1012;0.08858524236230862;0.9879670215273615;8.771203237329185
1013;0.40568256020570137;0.8748563951467553;8.704461192489438
1014;0.2946891444199121;0.5690371117966888;9.53712603575065
1015;0.610823852755321;0.4104563983939291;9.81899564633584
1016;0.3333119509001944;0.26115897871687654;9.411909933092687
1017;0.26926611697914216;0.5930928372181845;9.956739817709918
1018;0.30615865256817015;0.09699832535737535;9.909545059372611
1019;0.17854837962520193;0.020021322308740753;10.13651536024016
1020;0.14433148672321977;-0.06974230616169994;10.554992860413506
1021;-0.012970803948536891;-0.10469036601996855;10.157195348117767
1022;0.004255904520368482;0.061393724181282174;10.071399899287716
1023;0.013716464670410294;-0.09285328312666805;10.190015531055124
1024;-0.1528212521268588;-0.1011930069428014;10.061383266239767
1025;0.06180265820604252;0.12811557248806849;9.916266118238648
1026;0.021833633173467953;0.2696689168971239;10.050447150505146
1027;-0.09463934239307334;0.40916737833375166;9.747074922503533
1028;-0.03844873782524817;0.29391422637948744;9.442067552817207
1029;0.18671068767900934;0.06758771708057992;9.84048569343292
1030;0.12485360382383641;0.26654039272092994;9.845889881648649
1031;0.3272706115423858;0.35323153282883785;9.570288445121514
1032;0.321741583013917;0.18321944964665943;9.814517970272004
1033;0.31060347757285545;0.2628325840348627;9.77918329690075
1034;0.3748921638921401;0.2785803290178852;9.789270003141576
1035;0.3405968426903563;0.11355867646713522;9.772402085104085
1036;0.32897105869080434;0.02360399176458084;9.923226734921256
1037;0.21549016730115605;0.05044294766752544;9.840084763166564
1038;0.509109549644024;0.2609321845722834;9.983788725422114
1039;0.42362870134627856;-0.033709622841124935;9.934028359927785
1040;0.3494558181932532;0.2365856834492635;10.087014429062522
1041;0.3164915706727409;-0.09876501898172084;10.27358192875075
1042;0.4649128100321863;0.25053740406785285;9.790307188498952
1043;0.552945185791285;0.2082973103594372;9.679551927190552
1044;0.403567124038674;0.1918139177304124;9.80837640472664
1045;0.397284407407228;0.20488996564861783;10.070293613301146
1046;0.3311197049579209;0.46461884494159794;9.76738454127324
1047;0.0378017825797205;0.2903265986264217;9.93037491575054
1048;0.3062484985405967;0.45958331664004093;9.812487999337792
1049;0.3429695398024609;0.2946936527854255;9.811875190035687
1050;0.12146762384177379;0.17513716561628645;9.972421747346129
1051;0.1210905252216823;0.11438394467065272;9.75617674679093
1052;0.004540169284479173;0.1590224394662113;10.00223380760488
1053;0.09339664650120336;0.2978690794187888;9.883927414605091
1054;-0.002291274832879414;0.057603651952784496;9.704144836245955
1055;0.1879515093148493;0.16987689395781908;9.739735226526284
1056;0.03349574123317593;0.19258789153677294;9.917316272712752
1057;0.13882803886630898;0.11489077156111871;9.840526822540058
1058;0.3200864491290477;0.11881337607268239;9.735434021827954
1059;0.23518735885764686;0.12832956809317486;9.81870075591039
1060;0.26283196096434175;0.23030109999475892;9.861016868168385
1061;0.421730240562912;0.18487067746910243;9.83362967165209
1062;0.23857430109714137;0.23880611060386742;9.81156047268921
1063;0.30676329922735246;0.1141094391102068;9.921532613889154
1064;0.2970359286105356;-0.044242498036056455;9.886554743219039
1065;0.2713460720803293;0.22430600714776217;9.982868354844015
1066;0.28100469069720946;0.12247657626502303;10.015181972025532
1067;0.5089758405200182;-0.11717762706313947;9.881943657311146
1068;0.24525026498032798;-0.05670406001414727;9.784487556827733
1069;0.5118586350409859;-0.08654850448095429;9.809664356769158
1070;0.4215582769321009;-0.16208888047186268;9.728561068783463
1071;0.4877112933366572;0.24648652952466923;9.744689089633725
1072;0.3250650259118022;0.076124224125784;9.887781025108884
1073;0.3859245523168797;0.04634263651819782;9.931304112739966
1074;0.2909449050244943;0.10763890015518454;10.012073676210528
1075;0.34638181062654866;-0.010406921121576929;9.89026908279543
1076;0.2575432735628388;0.15939012726444826;9.895879773742779
1077;0.26158155515012915;-0.07620353347835873;10.017548787593181
1078;0.1625331933462706;0.019981135166592577;9.898268878289603
1079;-0.16354548672507616;0.17151378455140104;9.76420233628653
1080;0.1446403786974195;0.07178662577841337;9.880180969503781
1081;0.04012778315019756;0.15216640327030995;9.798702184149311
1082;-0.007384550383341099;-0.014316937035280697;9.874625365516566
1083;-0.1006000090250869;-0.12105701538770676;10.067218688773966
1084;0.17770570288563303;-0.09305696638339214;9.947582268200163
1085;0.26625260580406795;0.05341201668217999;9.728489779262695
1086;0.3454855080387277;-0.01573127915193518;9.803351671453557
1087;0.4690996416200306;-0.08575789796946252;9.793010439831576
1088;0.17726838329598255;-0.07662803232053068;9.853143212804333
1089;0.33337717293080266;-0.13135984143183127;9.858131611409991
1090;0.22207379158233476;-0.21839901718754773;9.906881674896518
1091;0.22821350289434938;-0.14776329635625685;9.895128952483907
1092;0.48797781681383734;-0.2846814779675674;9.783496845729054
1093;0.5613940827308345;-0.3266795374927046;9.860945609988656
1094;0.2844183778777812;-0.09121161512092868;9.76029753613396
1095;0.24648160150483361;-0.20761675573614213;9.783351955633602
1096;0.19158879768348902;-0.5089246789910186;9.987165110149014
1097;0.30387478456420075;-0.22373707656020692;10.057105419888405
1098;0.4915239765588579;-0.3128519809680875;9.933780371359141
1099;0.19659838734084434;-0.11568853398466988;9.92607197573487
1100;0.5414736433305232;-0.4754611344082646;9.971875675438657
1101;0.09958798549791462;-0.32917747709463085;9.91118379363179
1102;0.40661022304890926;-0.5657765927510904;9.995491343822188
1103;0.2657927421949265;-0.593603915712833;10.01894812647497
1104;0.26522357830623444;-0.28568125564043384;10.049796706469948
1105;0.281340639919954;-0.30868276085830015;9.886854574123946
1106;0.35012574439587973;-0.7284697132306751;10.034119476891275
1107;0.15097563014715673;-0.5944898482777015;10.100713078199806
1108;0.2045497477556789;-0.4342290414251484;9.97453970831536
1109;0.1412964409589109;-0.5216457866604801;10.00860108814882
1110;0.03928138610119289;-0.23741068833018442;9.914429085371243
1111;0.08903384019897755;-0.3578181834069984;9.855923074894598
1112;0.10340681731123873;-0.23583539939390957;9.682647503013499
1113;0.030990595627544165;-0.25921234324907577;10.03094853752499
1114;0.2530091997467031;-0.33432022496159064;9.932488870266427
1115;0.2755711280483903;-0.24320215170433213;9.86028573962064
1116;0.19619703081562745;-0.25641962536467694;9.755722524069139
1117;0.2534152092766458;-0.09320779567764359;9.817953717167175
1118;0.3890497677613868;-0.07017673392262591;9.893900409358261
1119;0.16414979739228114;-0.03885122630173056;9.78668767473205
1120;0.3258921620265977;0.05211094208127776;9.826872607854698
1121;0.23286848224069365;0.059550216016076865;9.712098884321849
1122;0.4718522754599611;0.03531302926539902;9.997134484635925
1123;0.3391947796328564;-0.052160121187097126;9.908374501430075
1124;0.31712671347581944;0.15321390178868166;9.98182333022487
1125;0.333229899918414;0.030850423307308972;9.65051146583281
1126;0.11968653619989139;0.33493296794428684;9.895550145383478
1127;0.20705719741571013;0.2228978408001504;9.951381625504622
1128;0.31276313751531404;0.0955479682565552;9.739711127160263
1129;0.3128928352618751;0.2404582758832462;9.952604832625644
1130;0.1884227716688459;0.2783391417212603;9.712225849077294
1131;0.2396696403527388;-0.03112989507526298;9.915961787938562
1132;0.24130530178611614;0.05207518456285275;9.730362783046791
1133;0.2640281721058725;0.2539946091093025;9.659987174401284
1134;0.1859200538398244;0.12856852209312303;9.850831120726108
1135;0.0915913984744687;0.09835339029582424;10.026609489155174
1136;0.053295728881222706;0.19819369069710996;9.696786473316937
1137;0.3073242257780416;0.1266475143017652;9.722690856740872
1138;0.1268967492406131;0.02238602169406046;9.994423090960646
1139;0.38137433525310804;0.11295599874631226;9.962510356315812
1140;-0.012276583764773391;-0.01079340137858964;9.698269369562553
1141;0.32843200485613133;0.1680668343619002;9.943010397004464
1142;0.2315904548606051;0.20387841981684068;9.74183274437432
1143;0.4002769297982568;-0.029329819825797215;9.933774918934523
1144;0.2540539467621502;0.176883574540834;9.805699047919983
1145;0.2231285928454213;0.20542972936748674;9.93964650548064
1146;0.3897842554431843;0.3591520597679785;9.863102667779803
1147;0.3408981526335421;0.08107022984464629;9.884960054580608
1148;0.24123167383104258;0.10672756979972396;9.897789082833
1149;0.3674660296728931;0.21453370977801206;9.961774371534908
1150;0.4827761682835685;0.02907612008655336;9.836857568457415
1151;0.30674014996555615;0.174291082967709;9.704989905855998
1152;0.34585569457724885;0.3191462434225163;9.97036995564271
1153;0.3366958717774262;0.46634430768187884;9.736628030144303
1154;0.2132277088590293;0.21418137029313294;9.853374364350108
1155;0.21638956269200718;0.09889936221635134;9.987730696645299
1156;0.24428313412746872;0.23746150497531454;9.803595221027242
1157;0.09418178452378559;-0.01374725541838731;9.736237949315365
1158;0.3331788051104779;0.14534094399898542;10.13751001770316
1159;0.20484932622524266;0.13367651727408558;9.861544912521483
1160;0.13475322060404388;-0.06427281333869225;9.904301746072303
1161;0.34903315221589504;-0.03750060101976177;9.832425208418636
1162;0.2306476561578684;0.14212871834095284;9.835036067418544
1163;0.31478593401838934;0.07902533149400823;9.7537257720304
1164;0.24774906759609794;0.05680268204405436;9.849578504013607
1165;0.27727774797642124;-0.003766536868889031;9.91456593179838
1166;0.0673721077412594;0.006338144560297378;9.991114368660138
1167;0.25391361994260253;0.027279651979053215;9.870344482383837
1168;0.30468780771398135;-0.10244097023623538;9.902528707681709
1169;0.4364544997123733;-0.019868612926907923;9.887940367725507
1170;0.3214962358804637;-0.02956423264970861;9.834216006048633
1171;0.30583477376353874;-0.02966980292287882;9.886667968235008
1172;0.3398989140408827;-0.06852328387670983;9.698234352933579
1173;0.3398664354152978;0.08121919351378613;10.008558634979874
1174;0.3282172207664136;-0.007601396600382645;9.927075941900222
1175;0.38332274071872774;0.11133400633731505;9.865842749806848
1176;0.31641435459132905;-0.12184436112073904;9.941536592081986
1177;0.3433990401629275;0.06333436529971652;9.831111303465486
1178;0.5426523787333295;-0.07594026486278528;9.850210617699096
1179;0.08280578633003491;-0.026388135703641534;9.865866831664519
1180;0.5261118022950488;-0.1084879588409175;9.825433888060008
1181;0.33258481080854957;-0.05419815493823248;10.122095966639282
1182;0.40098043898631697;-0.13272296423010477;10.035484864279898
1183;0.33862454898718625;-0.05797820981278798;9.865239651963574
1184;0.3566027435216934;-0.016984767679063026;9.968478030300416
1185;0.3428600084644826;-0.18049978279717926;10.104479603395516
1186;0.2623672639407985;-0.2170954057927375;10.062152649164606
1187;0.17378522118975887;-0.07666829583535795;9.990734238478002
1188;0.3589841005738799;-0.1567171262615338;9.848420366211649
1189;0.17040468242579837;-0.2603932280041382;9.977941230979477
1190;0.18938282005365567;-0.35673192144860016;9.824443344550362
1191;0.2967882701834816;-0.16196549784514924;10.042943393689201
1192;0.1942776824116043;-0.20933908933608056;9.903550626775923
1193;0.13237211857383718;-0.4117984110064026;9.974112880381107
1194;0.2473142616243948;-0.05392534287728998;9.865931679912226
1195;0.11607397804033226;-0.07039161496101859;9.972246870934786
1196;0.2125595369639684;-0.22558642821570257;9.847100151438498
1197;0.3410507220515608;-0.06840500993511045;9.871063663495155
1198;0.12377005035209673;-0.1599446449139256;9.831019609819547
1199;0.08423987088489845;-0.25293352793927215;9.612953282796326
1200;0.5425316534299252;0.09029251691131007;9.2341677750475
1201;0.47371864138299685;-0.33401061094069295;9.881883661073426
1202;0.07649537945174771;-0.3823824017597784;10.13763271470826
1203;0.29659568373864537;-0.06422024372593216;10.065632205781553
1204;0.361926356323762;0.110257578759663;9.89491081168588
1205;0.2693934402755838;0.021194053971859014;9.833461731936628
1206;0.5581659221835592;0.025803667358010637;10.041160712186656
1207;0.04740520638401563;-0.13167706467445683;10.036202110844908
1208;0.776038756669786;-0.3521798921562655;10.328106040057383
1209;-0.0074166923667334;-0.02619345436230466;10.351528571139054
1210;0.12280733817433054;0.10722989858965325;9.840183551199148
1211;0.7678401647373747;-0.11113689786860573;9.736741756482022
1212;0.09503550883388204;-0.1192226659903686;10.136647656898727
1213;0.0900094435917404;-0.06442073576213589;10.22221210091411
1214;0.5378589760139938;0.07268055941546753;9.824639156346509
1215;0.3226048394532752;0.1923404595817888;9.830412346273292
1216;0.32865202467283594;0.04434410480960542;9.89156071993689
1217;0.08162859961346255;0.06536166221158317;10.123311761145498
1218;0.22059570191771796;-0.11588765832112616;9.931303376019532
1219;0.30925138906421973;-0.09971239112476023;9.790114277753549
1220;0.3098826258843835;0.07251622666579954;9.826901871402017
1221;0.3146020773133234;-0.009625318693113435;9.795872062915825
1222;0.2599701493573091;0.21342980525838745;9.602212345983261
1223;0.37922645851789233;0.08433270058461567;9.897984936992325
1224;0.33462592557243453;-0.0337277258577522;9.90294442423564
1225;0.35861574889666903;0.03312412856651699;9.816641665159079
1226;0.3367302459274402;-0.10857972582338762;9.610536244246681
1227;0.20686532725168041;0.18902246014853313;9.753588581900877
1228;0.20587812592375979;-0.03636406811441;9.91499356614886
1229;-0.01061428250892163;0.058477533199550735;10.09244420241226
1230;0.47015385089678147;0.13209821998459842;9.920057485881102
1231;0.21987577828009486;-0.02102466823904755;9.948305571499303
1232;0.09546689119272203;0.07316766324052139;9.814434138483318
1233;0.48041550583838316;0.1311149183380519;9.953924131876041
1234;0.32069920380120087;-0.09401435995762228;9.873579879444094
1235;0.2998045670017947;0.08130534851944356;9.906734712430346
1236;0.2272876925510911;0.035731638629448406;9.817729077295914
1237;0.36282302403946065;0.04197342372780089;9.976208253900323
1238;0.2636824022054569;-0.06654316706555943;9.838997693192207
1239;0.24130486541832435;0.2115354262775042;10.122425316933976
1240;0.3471464267524414;-0.051163837965360406;9.848711225606673
1241;0.35518061929847095;0.0711778751839772;9.939901131644387
1242;0.3680889676395496;-0.043643268491248575;9.649194451889503
1243;0.28273174947024887;0.07803460243399024;9.73803118603349
1244;0.21452859373715105;0.2146504915660244;9.873970630516537
1245;0.3054729262635764;-0.009754205004456368;9.97319903166599
1246;0.2045243880124203;-0.019742890323722534;9.798589732302688
1247;0.25848784769140726;-0.09851892708410386;9.83964014491407
1248;0.1211701588787173;-0.028247351855444806;9.843972109021756
1249;0.1699083591854502;0.15924767345967142;9.889452831626592
1250;0.19760903224067497;-0.11387310285642496;10.015605714211622
1251;0.25152185548557815;-0.26358745108600073;9.978093675341837
1252;0.2532425279668523;-0.06699241652078881;9.922702266608512
1253;0.30460235234941896;-0.11884766881977496;9.665665769878942
1254;0.3054988671105055;0.028258521270535426;9.797817826633567
1255;0.16135297672806598;0.061022465165633165;9.96551108708344
1256;0.25668481960104256;-0.06626291162725448;9.914576463995859
1257;0.28756786915989696;-0.08400068389360241;10.021365012443349
1258;0.36514146073665027;-0.10458858454511685;10.010511432730818
1259;0.40597894704434306;-0.029648507712957337;9.861402645884342
1260;0.3449595179056793;-0.09479358263132846;9.831334396546758
1261;0.1540726652510529;0.029446163498620573;9.855622711692439
1262;0.4136787390900948;-0.09724350729967861;10.026744841701431
1263;0.23952253633502749;-0.059060980047395455;9.905566040694751
1264;0.29607067543233995;-0.06231290715441895;9.912438533902453
1265;0.17326460536610777;0.166240381865559;9.655758709511693
1266;0.3052710024610243;-0.13419588156052595;9.095579760025776
1267;-0.4975197119158626;1.1709498703593306;6.412316478299622
1268;1.45801982516523;-1.970060104303414;13.688669068842115
1269;-0.39841971245710384;-0.5749304312323258;13.464265379371467
1270;0.20246878488303835;0.40357344685377905;7.937765687420383
1271;0.4466233401994417;0.105176875364069;8.961149955678355
1272;-0.6803436199207409;0.2018982818471921;9.915129398077953
1273;1.0579788933745544;-0.7266178384591282;11.344085856914598
1274;0.3058156807295313;-0.2945969275900484;11.65091875688772
1275;-0.04324888052070505;0.1260470864527629;9.376832060334268
1276;0.8829700211692132;-0.08079051740289481;8.563331889410483
1277;-0.039810940177594914;-0.38452884669949805;10.376358655319569
1278;-0.03445227215577256;-0.32291738677994114;10.970361184749084
1279;0.6598041479157629;-0.21686646489312544;9.958397816882137
1280;0.2554841633126802;-0.09222173860034749;9.941793091754375
1281;0.05448101689044781;-0.012447312866466576;9.810911315628518
1282;0.46612418111962023;-0.13710058201859282;9.600859231119205
1283;0.14846938834494208;-0.09302067073921794;10.028030115321851
1284;0.14609373330621475;0.03370538630746082;9.894259533827821
1285;0.3423730635290956;-0.02638510912049747;9.715780900880207
1286;0.3556055759697367;-0.041050635931652014;9.763593802868131
1287;0.3707065516336626;0.10023797702022805;10.053295401174566
1288;0.2676875939014288;0.009631399820335926;9.877489388520381
1289;0.3853093324330784;-0.03277169017410789;9.788614479210135
1290;0.040558455788843095;0.05171536425934428;9.868115315771199
1291;0.12044687651978749;-0.014330842701438248;9.744508757336629
1292;0.3856861337632375;-0.01232880394463288;9.73540155064115
