;ay;ax;az
0;-0.019153614;-0.05746084;9.595961
1;0.37349546;-0.095768064;9.557653
2;0.1340753;-0.047884032;10.141838
3;0.10534488;-0.02873042;10.275913
4;0.34476504;-0.12449849;9.892841
5;0.17238252;-0.1340753;9.643845
6;0.29688102;-0.08619126;9.816227
7;0.1436521;-0.038307227;9.959879
8;0.29688102;-0.18195933;9.835381
9;0.2873042;-0.1436521;9.797073
10;0.24899697;-0.16280572;9.739613
11;0.32561144;-0.16280572;9.950302
12;0.19153613;-0.095768064;9.902418
13;0.2873042;-0.15322891;9.873688
14;0.2873042;-0.095768064;9.835381
15;0.23942018;-0.05746084;9.911995
16;0.31603462;-0.11492168;9.902418
17;0.24899697;-0.12449849;9.892841
18;0.2681506;-0.15322891;9.854534
19;0.2777274;-0.12449849;9.816227
20;0.24899697;-0.11492168;9.825804
21;0.23942018;-0.047884032;9.873688
22;0.22026655;-0.11492168;9.911995
23;0.17238252;-0.0;9.864111
24;0.21068975;-0.06703765;9.816227
25;0.21068975;-0.06703765;9.835381
26;0.21068975;-0.06703765;9.883265
27;0.23942018;-0.095768064;9.883265
28;0.19153613;-0.047884032;9.854534
29;0.22984336;-0.038307227;9.959879
30;0.22026655;-0.047884032;9.825804
31;0.23942018;-0.05746084;9.902418
32;0.24899697;-0.1436521;9.883265
33;0.21068975;-0.095768064;9.873688
34;0.23942018;-0.095768064;9.931149
35;0.24899697;-0.10534488;9.931149
36;0.24899697;-0.16280572;9.883265
37;0.25857377;-0.08619126;9.825804
38;0.2681506;-0.1436521;9.835381
39;0.24899697;-0.12449849;9.835381
40;0.24899697;-0.1340753;9.844957
41;0.29688102;-0.12449849;9.844957
42;0.30645782;-0.1436521;9.844957
43;0.24899697;-0.10534488;9.883265
44;0.29688102;-0.12449849;9.854534
45;0.23942018;-0.076614454;9.816227
46;0.22026655;-0.12449849;9.902418
47;0.2681506;-0.076614454;9.931149
48;0.25857377;-0.11492168;9.835381
49;0.2681506;-0.095768064;9.883265
50;0.21068975;-0.10534488;9.864111
51;0.24899697;-0.11492168;9.940725
52;0.23942018;-0.11492168;9.844957
53;0.18195933;-0.11492168;9.816227
54;0.23942018;-0.1340753;9.864111
55;0.25857377;-0.15322891;9.80665
56;0.18195933;-0.15322891;9.902418
57;0.25857377;-0.11492168;9.835381
58;0.21068975;-0.047884032;9.883265
59;0.22026655;-0.05746084;9.902418
60;0.19153613;-0.08619126;9.864111
61;0.24899697;-0.1340753;9.902418
62;0.22026655;-0.06703765;9.844957
63;0.24899697;-0.10534488;9.892841
64;0.24899697;-0.02873042;9.940725
65;0.24899697;-0.11492168;9.844957
66;0.24899697;-0.08619126;9.902418
67;0.25857377;-0.095768064;9.902418
68;0.24899697;-0.076614454;9.844957
69;0.23942018;-0.095768064;9.864111
70;0.24899697;-0.076614454;9.854534
71;0.24899697;-0.12449849;9.883265
72;0.24899697;-0.076614454;9.883265
73;0.22026655;-0.076614454;9.80665
74;0.2681506;-0.1340753;9.892841
75;0.19153613;-0.06703765;9.864111
76;0.18195933;-0.12449849;9.844957
77;0.23942018;-0.047884032;9.921572
78;0.24899697;-0.1436521;9.835381
79;0.24899697;-0.06703765;9.892841
80;0.22984336;-0.076614454;9.864111
81;0.23942018;-0.10534488;9.911995
82;0.24899697;-0.095768064;9.873688
83;0.22026655;-0.08619126;9.883265
84;0.24899697;-0.08619126;9.883265
85;0.24899697;-0.08619126;9.854534
86;0.23942018;-0.06703765;9.873688
87;0.23942018;-0.076614454;9.883265
88;0.23942018;-0.076614454;9.883265
89;0.24899697;-0.095768064;9.864111
90;0.24899697;-0.1436521;9.873688
91;0.2681506;-0.076614454;9.883265
92;0.24899697;-0.10534488;9.921572
93;0.2777274;-0.076614454;9.80665
94;0.2777274;-0.10534488;9.892841
95;0.22984336;-0.10534488;9.854534
96;0.2777274;-0.12449849;9.864111
97;0.29688102;-0.15322891;9.835381
98;0.22984336;-0.05746084;9.80665
99;0.25857377;-0.08619126;9.883265
100;0.2681506;-0.12449849;9.787497
101;0.24899697;-0.12449849;9.873688
102;0.23942018;-0.06703765;9.844957
103;0.22026655;-0.095768064;9.844957
104;0.2681506;-0.17238252;9.80665
105;0.22984336;-0.08619126;9.883265
106;0.22984336;-0.12449849;9.864111
107;0.24899697;-0.18195933;9.844957
108;0.24899697;-0.1340753;9.864111
109;0.24899697;-0.08619126;9.921572
110;0.25857377;-0.1436521;9.873688
111;0.24899697;-0.095768064;9.816227
112;0.24899697;-0.1436521;9.892841
113;0.24899697;-0.076614454;9.883265
114;0.23942018;-0.095768064;9.835381
115;0.2681506;-0.08619126;9.892841
116;0.24899697;-0.047884032;9.844957
117;0.25857377;-0.12449849;9.854534
118;0.25857377;-0.11492168;9.816227
119;0.24899697;-0.06703765;9.883265
120;0.23942018;-0.10534488;9.835381
121;0.25857377;-0.10534488;9.80665
122;0.25857377;-0.12449849;9.80665
123;0.22984336;-0.038307227;9.883265
124;0.24899697;-0.10534488;9.854534
125;0.24899697;-0.06703765;9.835381
126;0.25857377;-0.11492168;9.883265
127;0.25857377;-0.10534488;9.835381
128;0.21068975;-0.1436521;9.816227
129;0.24899697;-0.11492168;9.950302
130;0.24899697;-0.15322891;9.883265
131;0.24899697;-0.12449849;9.797073
132;0.24899697;-0.06703765;9.892841
133;0.23942018;-0.08619126;9.80665
134;0.22026655;-0.06703765;9.911995
135;0.25857377;-0.10534488;9.892841
136;0.22984336;-0.05746084;9.835381
137;0.23942018;-0.10534488;9.959879
138;0.23942018;-0.1340753;9.835381
139;0.25857377;-0.1340753;9.835381
140;0.24899697;-0.1340753;9.902418
141;0.24899697;-0.10534488;9.864111
142;0.2681506;-0.12449849;9.892841
143;0.20111294;-0.076614454;9.825804
144;0.2777274;-0.12449849;9.873688
145;0.24899697;-0.1436521;9.883265
146;0.23942018;-0.08619126;9.873688
147;0.24899697;-0.11492168;9.902418
148;0.23942018;-0.095768064;9.873688
149;0.23942018;-0.06703765;9.873688
150;0.23942018;-0.076614454;9.892841
151;0.20111294;-0.08619126;9.883265
152;0.22026655;-0.076614454;9.816227
153;0.22026655;-0.10534488;9.873688
154;0.24899697;-0.095768064;9.835381
155;0.2681506;-0.1340753;9.864111
156;0.20111294;-0.06703765;9.854534
157;0.25857377;-0.1436521;9.873688
158;0.2777274;-0.11492168;9.854534
159;0.2681506;-0.11492168;9.873688
160;0.24899697;-0.11492168;9.864111
161;0.23942018;-0.019153614;9.883265
162;0.20111294;-0.1340753;9.921572
163;0.23942018;-0.18195933;9.816227
164;0.24899697;-0.1436521;9.892841
165;0.24899697;-0.10534488;9.931149
166;0.23942018;-0.11492168;9.940725
167;0.2681506;-0.15322891;9.883265
168;0.17238252;-0.11492168;9.883265
169;0.2681506;-0.22984336;9.835381
170;0.25857377;-0.19153613;9.854534
171;0.24899697;-0.29688102;9.844957
172;0.22984336;-0.24899697;9.768343
173;0.21068975;-0.2777274;9.749189
174;0.2681506;-0.21068975;9.902418
175;0.2681506;-0.22026655;9.80665
176;0.2777274;-0.18195933;9.797073
177;0.2873042;-0.21068975;9.854534
178;0.24899697;-0.1436521;9.959879
179;0.2777274;-0.21068975;9.911995
180;0.24899697;-0.22026655;9.902418
181;0.23942018;-0.29688102;9.902418
182;0.32561144;-0.22026655;10.0269165
183;0.2681506;-0.24899697;9.864111
184;0.41180268;-0.23942018;10.0748005
185;0.38307226;-0.35434186;10.25676
186;0.38307226;-0.34476504;10.25676
187;0.45968673;-0.37349546;10.266336
188;0.1340753;-0.4405331;9.921572
189;0.038307227;-0.60333884;9.988609
190;0.30645782;-0.61291564;10.084377
191;-0.076614454;-0.81402856;9.9790325
192;-0.095768064;-1.0821792;9.816227
193;0.15322891;-0.7565677;9.864111
194;0.34476504;-1.043872;10.103531
195;0.02873042;-1.2258313;9.864111
196;0.31603462;-1.2162545;9.835381
197;0.019153614;-1.4269443;10.477027
198;0.11492168;-1.5131354;10.448297
199;0.36391866;-1.8387469;10.103531
200;0.17238252;-2.1739352;10.390836
201;0.33518824;-2.585738;10.572795
202;-0.10534488;-3.122039;9.864111
203;0.40222588;-2.4612393;9.279925
204;0.59376204;-3.1603463;10.275913
205;-0.11492168;-3.4284968;9.883265
206;0.63206923;-3.1316159;9.308656
207;0.35434186;-3.5529952;9.548077
208;0.11492168;-3.4476504;9.528923
209;0.34476504;-3.5338416;9.222465
210;0.33518824;-3.4380736;9.356541
211;-0.06703765;-3.3614593;9.481039
212;0.22026655;-3.0933087;9.576807
213;0.45968673;-3.083732;9.691729
214;-0.10534488;-2.9975405;9.9790325
215;0.59376204;-2.815581;9.634268
216;0.24899697;-2.96881;9.461885
217;-0.095768064;-2.432509;10.371682
218;0.8523358;-2.1739352;10.189722
219;-0.18195933;-2.3654714;9.500193
220;0.89064306;-1.8962077;9.816227
221;-0.038307227;-1.6950948;10.228029
222;0.48841715;-1.7046716;9.730036
223;0.36391866;-1.6759412;9.394848
224;0.25857377;-1.388637;9.835381
225;0.641646;-1.292869;9.749189
226;0.6895301;-1.3024458;9.184157
227;0.7374141;-1.2258313;9.548077
228;0.19153613;-1.1971009;9.576807
229;0.29688102;-1.2258313;9.174581
230;-0.047884032;-1.2162545;9.078813
231;0.16280572;-1.2162545;9.251195
232;0.40222588;-1.1300632;9.021352
233;0.40222588;-1.0247183;8.992621
234;0.2873042;-0.22026655;9.730036
235;0.37349546;-0.49799395;10.275913
236;0.5746084;-0.62249243;9.883265
237;0.15322891;-0.4309563;9.854534
238;0.2873042;-0.0;10.0748005
239;0.9864111;-0.02873042;11.271901
240;0.45010993;0.33518824;11.204864
241;0.18195933;-0.0;11.18571
242;1.6663644;0.5363012;11.501745
243;-0.7086837;0.33518824;11.683704
244;0.7182605;0.39264908;11.463438
245;-0.1340753;0.21068975;10.170568
246;-0.1340753;0.20111294;10.25676
247;-0.2681506;-0.02873042;9.730036
248;-0.78529817;-0.10534488;9.193734
249;-0.02873042;-0.1340753;9.844957
250;-1.2354081;-0.545878;9.232041
251;-0.095768064;-0.5746084;8.714894
252;-0.4213795;-0.7757214;9.251195
253;-0.81402856;-0.47884035;9.461885
254;0.5363012;-0.39264908;9.701305
255;0.34476504;-0.40222588;10.67814
256;0.0;-0.30645782;10.5440645
257;-0.545878;-0.16280572;9.279925
258;-0.22984336;-0.19153613;10.409989
259;-0.2873042;0.11492168;11.415554
260;-0.32561144;-0.30645782;9.835381
261;2.0207062;-0.11492168;10.04607
262;0.02873042;-0.58418524;10.065224
263;1.6376339;-0.5650316;9.80665
264;0.8810662;-0.79487497;9.251195
265;0.61291564;-0.8523358;10.160992
266;0.94810385;-0.93852705;9.279925
267;0.2777274;-1.3790601;8.255207
268;0.7374141;-1.3311762;9.222465
269;0.33518824;-1.4077905;9.739613
270;1.0055647;-1.4077905;10.036493
271;0.45968673;-1.484405;9.931149
272;0.6991069;-1.2737153;9.931149
273;0.25857377;-1.2737153;10.237606
274;0.40222588;-1.1875241;10.649409
275;0.91937345;-1.1875241;10.563218
276;-0.1340753;-1.3503298;10.275913
277;-0.24899697;-1.3311762;9.5385
278;-0.92895025;-1.5705963;9.528923
279;-0.63206923;-1.2449849;9.835381
280;-1.1109096;-1.1875241;10.25676
281;-0.20111294;-1.4269443;10.477027
282;0.6799533;-1.3215994;10.955867
283;-0.11492168;-1.2641385;10.793061
284;0.7278373;-1.4460979;11.099519
285;0.63206923;-1.4173675;10.91756
286;-0.39264908;-1.4748282;10.448297
287;0.15322891;-1.9632454;9.32781
288;-0.8619126;-1.8100165;7.469909
289;-1.934515;-2.4133554;7.920019
290;1.3599066;-1.4556746;9.710882
291;-1.8770541;-2.1547816;7.73806
292;0.50757074;-2.327164;5.410896
293;0.9576807;-1.3599066;8.973468
294;0.095768064;-1.4460979;12.066776
295;2.6623523;-1.7812861;8.762778
296;2.135628;-1.8770541;8.274361
297;1.9153614;-1.0151415;12.315774
298;-0.7757214;-1.0726024;10.812215
299;0.21068975;-1.2258313;9.260772
300;-1.4460979;-0.23942018;12.105083
301;0.009576807;-0.6895301;12.4785795
302;2.135628;-0.82360536;10.180145
303;-0.7757214;-1.5897499;10.25676
304;2.2984335;-0.6607997;12.172121
305;0.1436521;-1.1204864;11.81778
306;1.8866309;-0.7374141;11.405977
307;-0.047884032;-0.8714894;11.061212
308;1.6567876;-0.6895301;10.448297
309;-1.3024458;-1.13964;9.672575
310;0.05746084;-1.283292;8.954314
311;0.05746084;-1.3024458;7.97748
312;-1.4269443;-1.0726024;8.197746
313;2.6910827;-0.80445176;9.634268
314;-0.37349546;-0.7469909;9.394848
315;-2.432509;-1.5610195;9.002198
316;5.3247046;-0.22984336;9.691729
317;-2.566584;-0.7182605;11.530476
318;0.15322891;-1.3120226;7.335834
319;0.10534488;0.076614454;9.643845
320;-3.0933087;-0.20111294;9.835381
321;2.6527755;0.11492168;9.787497
322;-0.46926352;-0.6512229;10.084377
323;-0.8523358;-1.1779473;9.634268
324;1.5514427;-0.93852705;8.925584
325;-1.13964;-0.7469909;11.15698
326;0.60333884;-0.21068975;11.827356
327;1.3982137;-0.095768064;11.003751
328;-1.3120226;-0.89064306;10.160992
329;2.0207062;-0.5650316;8.647857
330;-2.6144683;-1.3599066;9.212888
331;1.1683705;-1.0821792;10.180145
332;1.2066777;-1.0821792;9.519346
333;0.2777274;-0.82360536;10.802638
334;3.4284968;-0.78529817;11.099519
335;-1.340753;-1.091756;11.3964
336;-0.1340753;-1.3024458;8.714894
337;0.076614454;-1.1204864;8.322245
338;-2.9496565;-1.4173675;10.429143
339;1.0055647;-1.3790601;8.0445175
340;-0.9576807;-1.8674773;8.1881695
341;0.62249243;-1.541866;10.141838
342;0.2873042;-1.388637;9.615114
343;1.5705963;-0.7182605;10.869676
344;1.1971009;-0.095768064;11.520899
345;-1.5035586;-1.5705963;11.003751
346;2.1452048;-0.641646;7.795521
347;-2.4133554;-1.3215994;11.099519
348;1.3790601;-0.7086837;11.836933
349;-0.18195933;-0.60333884;8.896853
350;1.541866;-0.35434186;10.409989
351;2.4708161;0.19153613;12.564771
352;0.5746084;-0.80445176;11.942278
353;1.4652514;-1.4173675;9.040505
354;-3.3423057;-1.1683705;9.107543
355;-0.02873042;-1.8004397;12.612655
356;1.388637;-1.1971009;10.831368
357;-2.4229321;-2.3558946;7.1826053
358;4.2425256;-1.5801731;9.107543
359;-1.9153614;-2.528277;10.275913
360;-0.5363012;-2.0398598;7.422025
361;1.3503298;-2.2026656;7.6710224
362;-0.18195933;-1.8004397;9.404425
363;2.1164744;-2.0494366;7.326257
364;2.5570073;-1.6280571;7.326257
365;-1.4460979;-1.8962077;8.379706
366;-0.8523358;-1.0726024;8.350976
367;-3.3423057;-1.8866309;6.9623384
368;-0.7565677;-1.2258313;7.9008656
369;0.46926352;-1.3311762;12.660539
370;1.6950948;-1.3503298;11.291056
371;1.4556746;-0.8810662;11.224017
372;2.0111294;-0.9768343;13.053187
373;2.777274;-0.48841715;17.238253
374;-1.1300632;-1.2545617;13.081918
375;0.9864111;-0.30645782;11.769896
376;0.35434186;-0.6895301;10.936713
377;-2.4516625;-1.0534488;7.6614456
378;1.1492168;-1.3215994;10.390836
379;2.0685902;-0.4309563;15.98369
380;0.24899697;-1.1492168;13.148955
381;1.091756;-1.3024458;6.895301
382;1.1587936;-0.7469909;8.073248
383;-1.13964;-0.48841715;11.999739
384;-1.091756;-0.31603462;9.251195
385;-0.36391866;-1.4556746;6.981492
386;-0.7565677;-1.2066777;5.9280434
387;-0.89064306;-1.2545617;7.872135
388;2.3175871;-0.91937345;7.0964136
389;-0.34476504;-1.4173675;6.943185
390;2.0494366;-2.5091233;8.858546
391;1.4173675;-1.1300632;11.722012
392;0.15322891;-0.90021986;11.15698
393;-1.5705963;0.45010993;7.565677
394;0.93852705;0.8810662;11.769896
395;-1.436521;0.61291564;11.022904
396;-3.8019924;0.038307227;8.6574335
397;-2.5761611;0.12449849;7.201759
398;-0.19153613;0.076614454;11.654974
399;1.0726024;0.019153614;14.058752
400;3.5529952;-1.1204864;11.520899
401;5.3342814;-1.5610195;10.199299
402;-0.7086837;-0.7278373;9.701305
403;1.1683705;-1.0821792;11.884817
404;2.7006595;0.11492168;11.722012
405;-1.2066777;-0.7469909;12.976573
406;1.292869;-0.7661445;9.691729
407;-0.29688102;-1.3982137;5.5641246
408;-1.7812861;-0.7278373;9.557653
409;3.4572272;-0.11492168;14.719552
410;2.6527755;0.15322891;12.880805
411;0.46926352;-1.7717092;9.222465
412;3.8977604;-0.7374141;7.038953
413;-2.6144683;-1.3503298;10.936713
414;0.08619126;-1.8483237;6.885724
415;-2.2409728;-1.9249382;6.789956
416;0.5650316;-1.0726024;8.935161
417;-1.8674773;-1.7046716;11.233594
418;0.24899697;0.7469909;7.07726
419;5.793968;-1.0055647;11.042058
420;-5.085284;-0.545878;12.717999
421;2.6431987;-0.34476504;9.509769
422;2.2888567;-2.1068976;11.080365
423;-5.9759274;-1.8483237;8.312668
424;4.7884035;0.038307227;8.66701
425;-4.5777135;-1.7525556;7.0485296
426;-1.1683705;-1.5897499;8.762778
427;4.1180267;-0.60333884;9.691729
428;-2.3654714;-2.0685902;11.204864
429;2.5474305;0.22984336;10.840945
430;1.5610195;-1.4556746;12.995727
431;1.9153614;-0.58418524;12.593501
432;1.9728222;-0.24899697;10.534488
433;-0.60333884;-2.1739352;12.220005
434;2.1452048;-1.2066777;10.524911
435;-1.2545617;-2.0111294;6.9527617
436;-2.2218192;-1.9728222;6.5218053
437;1.2162545;-2.2505496;9.662998
438;-0.31603462;-2.3942018;9.634268
439;1.8483237;-0.6703765;10.266336
440;3.122039;-1.0342951;10.802638
441;-0.89064306;-1.3694834;9.77792
442;1.3120226;-1.6950948;8.283937
443;2.087744;-0.24899697;12.373235
444;-1.4556746;-1.9153614;13.953407
445;2.930503;-1.6472107;6.9240313
446;-0.92895025;-2.72939;1.982399
447;-2.6623523;-2.5378537;7.4986396
448;-0.93852705;-1.4748282;12.239159
449;-1.2162545;-2.0398598;6.8186865
450;2.4037786;-1.5514427;7.2113357
451;-0.91937345;-0.7086837;6.349423
452;-2.8443117;-2.7389667;8.743625
453;4.060566;-0.7182605;8.504205
454;-0.8810662;-1.5705963;15.974113
455;0.63206923;-1.3982137;11.061212
456;5.094861;-1.3599066;9.078813
457;-0.5746084;-2.3558946;5.4204726
458;-0.36391866;-1.4077905;9.232041
459;1.7238252;-0.7182605;10.25676
460;-0.7469909;-1.1683705;11.147403
461;-1.532289;-1.2545617;7.8050976
462;-3.122039;-0.89064306;4.8937483
463;-0.31603462;-0.05746084;9.241618
464;1.1587936;-1.0630256;13.378799
465;1.3982137;-0.2873042;12.277467
466;1.3120226;-0.6991069;10.333375
467;1.7142484;-1.1875241;8.686164
468;2.882619;-0.45010993;8.743625
469;0.06703765;0.5363012;12.315774
470;1.7142484;0.7661445;12.842498
471;-0.92895025;0.4309563;8.63828
472;-2.4037786;0.5554548;7.7667904
473;-0.4213795;1.0247183;11.654974
474;0.1340753;-0.0;12.095507
475;1.9153614;0.05746084;8.619126
476;0.5650316;0.11492168;10.91756
477;1.8579005;0.48841715;11.741165
478;1.292869;-0.4405331;8.054094
479;0.89064306;0.5554548;10.007763
480;-0.8714894;0.16280572;11.712435
481;-2.1547816;0.019153614;7.192182
482;1.091756;0.46926352;7.335834
483;0.6991069;0.1436521;12.842498
484;0.6703765;0.02873042;10.965444
485;2.5187001;-0.7278373;5.8801594
486;0.7757214;-0.019153614;7.6614456
487;-0.7278373;-0.22984336;11.980585
488;2.5953147;-0.25857377;8.015787
489;0.82360536;-0.7182605;6.8186865
490;0.36391866;-0.47884035;8.599973
491;-0.7086837;-0.17238252;7.603985
492;-1.0534488;0.1340753;7.6614456
493;0.41180268;0.5650316;11.032481
494;2.480393;0.29688102;10.850522
495;2.078167;0.30645782;7.6231384
496;-0.47884035;0.32561144;7.2592196
497;2.3463178;1.2737153;11.597513
498;0.35434186;1.0630256;13.666103
499;0.7757214;-0.1436521;8.973468
500;2.4899697;0.30645782;7.086837
501;-3.9360676;-0.17238252;7.833828
502;-0.7469909;1.3215994;11.042058
503;0.51714754;1.8483237;13.120225
504;-2.2122424;1.5801731;12.497733
505;0.095768064;1.532289;9.998186
506;-1.283292;1.5514427;13.292608
507;1.2066777;1.7142484;14.853627
508;3.4859576;1.982399;13.867216
509;-2.1739352;0.37349546;10.093954
510;1.283292;0.46926352;8.408437
511;-2.5474305;0.9672575;7.422025
512;-7.038953;1.8387469;9.030929
513;-1.5801731;2.882619;13.072341
514;-0.36391866;2.7102363;13.034034
515;-0.78529817;2.4133554;8.743625
516;0.038307227;2.1643584;12.53604
517;0.82360536;2.3080103;14.738706
518;0.6895301;1.5897499;13.972561
519;1.4556746;1.1013328;9.911995
520;2.9113493;1.6472107;9.682152
521;-2.3654714;0.9576807;8.983045
522;-0.5554548;0.81402856;6.6750345
523;0.17238252;0.8619126;7.6231384
524;-0.11492168;0.22984336;8.6574335
525;2.183512;-1.2545617;3.9073372
526;-4.146757;-4.0222588;-3.5913026
527;4.1276035;-2.7581203;3.074155
528;4.55856;3.1986535;10.773908
529;-8.858546;-2.0015526;5.401319
530;9.892841;-0.59376204;-2.078167
531;2.1164744;1.091756;7.747637
532;-9.346964;-2.777274;9.864111
533;10.381259;0.2873042;-1.3311762
534;-10.151415;-0.4309563;8.810662
535;-3.3614593;1.7429788;11.683704
536;8.0445175;5.6407394;11.587936
537;-4.223372;9.452309;16.730682
538;1.8100165;9.643845;30.29144
539;7.4603324;8.676587;32.436646
540;-3.8402996;8.66701;31.804575
541;0.7757214;9.11712;28.960264
542;1.6280571;8.494628;21.586123
543;-0.38307226;9.452309;24.114399
544;-2.8538885;6.435614;29.803022
545;1.7238252;3.6487634;22.725763
546;4.5872903;2.4229321;21.643583
547;-2.2888567;-1.6759412;10.764331
548;5.142745;-1.3215994;4.0701427
549;0.5267244;-2.3750482;-2.1739352
550;-11.137826;-6.0621185;-5.7365074
551;9.423578;-3.5529952;-3.763685
552;5.9759274;-3.1124623;12.516887
553;-3.8307228;-7.1730285;-1.6089035
554;9.720459;-1.733402;-13.790602
555;-1.7717092;-1.8387469;4.3957543
556;-3.3518825;-1.13964;7.2113357
557;4.5777135;-0.29688102;2.4995465
558;-1.2354081;-2.9400797;-10.457873
559;-0.18195933;-1.1492168;-1.9728222
560;-3.6487634;0.19153613;5.497087
561;-3.1507695;-0.6512229;3.083732
562;-0.9768343;0.9576807;0.18195933
563;-4.9224787;0.1340753;5.7269306
564;1.1300632;1.7908629;13.761871
565;0.4213795;2.0398598;7.565677
566;0.50757074;2.2697031;12.047623
567;6.483498;3.8881836;24.095245
568;3.6487634;3.7349546;23.233334
569;3.8498764;5.7269306;18.492813
570;3.6583402;5.085284;19.019539
571;-5.66947;3.86903;21.001938
572;2.480393;1.5993267;18.962078
573;-1.541866;1.3120226;21.164743
574;-2.4420857;-1.3120226;14.164097
575;5.1810527;0.047884032;12.172121
576;-3.9552212;-1.6280571;12.53604
577;-3.715801;-1.1779473;15.160085
578;5.93762;-2.0494366;16.280571
579;-3.9456444;-2.2601264;4.2425256
580;-5.746084;-5.6215854;-2.4133554
581;12.765883;-3.8498764;1.9728222
582;0.0;-1.3694834;15.035586
583;-10.46745;-3.3518825;6.5696893
584;10.352529;0.21068975;0.89064306
585;-4.5394063;-0.9576807;2.825158
586;-6.349423;-2.2888567;6.3302693
587;4.855441;2.231396;1.1300632
588;-5.497087;-1.1492168;1.283292
589;-4.1276035;-0.7278373;2.2122424
590;-0.46926352;-1.1779473;5.746084
591;2.5474305;-1.9440918;10.400413
592;7.517793;1.4460979;5.45878
593;-1.6759412;0.29688102;14.020445
594;5.851429;1.8195933;10.936713
595;7.632715;4.1946416;14.777013
596;-7.73806;2.1452048;13.982138
597;1.2354081;4.548983;15.658079
598;1.0151415;4.5681367;12.133814
599;-3.514688;2.8634653;16.730682
600;1.2354081;4.1180267;14.767436
601;4.654328;3.2465374;14.633361
602;5.1235914;2.183512;11.683704
603;4.912902;1.8866309;13.579912
604;1.7812861;2.7102363;12.095507
605;-4.3957543;-1.8579005;10.141838
606;3.7253778;-1.8387469;5.7365074
607;-6.540959;0.24899697;15.734694
608;-12.076353;-5.353435;0.047884032
609;10.524911;-5.7365074;-4.510676
610;4.759673;-2.078167;16.069881
611;-3.9073372;-4.5298295;11.3964
612;15.437813;-7.4124484;-0.11492168
613;-0.30645782;-8.255207;5.497087
614;-19.201498;-8.90643;6.196194
615;-0.6799533;-6.5696893;-2.2601264
616;2.1643584;-1.1300632;16.893488
617;-2.9783869;-4.1371803;16.184803
618;12.0093155;0.58418524;14.566323
619;2.336741;2.930503;15.294161
620;-2.681506;0.9576807;15.725117
621;2.9400797;5.0661306;19.6133
622;-3.2561142;4.654328;17.113754
623;-3.3901896;5.2863975;19.038692
624;1.1875241;4.2904096;13.2351465
625;-3.3997664;2.0685902;8.954314
626;-2.825158;3.6296098;13.40753
627;1.292869;2.0398598;14.958972
628;1.8483237;4.462792;9.404425
629;1.7429788;2.7485435;7.469909
630;4.7022123;0.48841715;8.686164
631;-1.2545617;0.05746084;-5.7843914
632;-3.5817258;-2.930503;-0.49799395
633;9.002198;0.17238252;4.1180267
634;1.4173675;-0.6895301;11.664551
635;4.721366;-3.4763808;0.1340753
636;4.453215;-3.265691;-10.132261
637;-3.2752678;-2.681506;3.41892
638;0.24899697;-2.27928;16.395493
639;7.603985;-0.51714754;14.393941
640;-0.7374141;-3.3423057;4.2521024
641;1.0821792;-4.8937483;4.280833
642;9.615114;1.2162545;3.9743748
643;-9.308656;0.9672575;17.420212
644;-3.6296098;-0.5267244;17.161638
645;5.506664;-0.21068975;19.057846
646;-2.9879637;-3.5434184;11.310209
647;5.2959743;-0.8810662;13.570335
648;3.1986535;1.3215994;19.594147
649;-1.8387469;1.2066777;22.419304
650;3.4380736;1.340753;23.18545
651;-1.3503298;0.9768343;15.753847
652;-6.033388;0.21068975;12.382812
653;0.1436521;1.7142484;9.892841
654;-2.1930888;2.183512;13.158532
655;-2.480393;1.541866;15.150508
656;-2.384625;-0.81402856;5.1523223
657;-4.232949;-2.9400797;7.469909
658;-0.23942018;-0.90021986;0.45010993
659;3.074155;5.535394;12.248735
660;-2.2409728;-0.095768064;12.162544
661;-1.4939818;-2.5187001;-8.360553
662;7.7189064;0.91937345;1.8866309
663;-6.081272;-0.8810662;10.275913
664;6.5984197;-0.9576807;6.253655
665;-0.12449849;-2.5378537;-6.215348
666;-0.08619126;-1.685518;6.789956
667;6.8761473;1.5705963;13.67568
668;-4.050989;-1.1109096;11.865664
669;-0.7182605;-0.6703765;1.3503298
670;4.012682;2.1930888;9.107543
671;-4.8458643;-0.9959879;14.403518
672;3.8786068;0.6512229;7.3549876
673;-0.6703765;0.9576807;13.081918
674;-0.40222588;1.8770541;16.328455
675;2.5570073;0.12449849;18.89504
676;4.10845;-0.0;14.039598
677;0.06703765;0.48841715;17.448942
678;3.7828386;0.5267244;17.199945
679;2.9400797;2.7581203;16.108189
680;-0.45968673;0.40222588;14.18325
681;3.7541082;1.2545617;13.752295
682;1.2641385;0.48841715;11.798626
683;-1.5897499;0.49799395;11.051635
684;-0.59376204;1.1492168;8.207323
685;-0.89064306;0.2873042;8.954314
686;0.545878;-0.02873042;6.3781533
687;-1.2258313;-1.1013328;7.8625584
688;2.0015526;-0.63206923;6.9719152
689;-0.076614454;-0.7757214;4.663905
690;-1.0247183;-0.095768064;6.042965
691;2.7581203;-0.2777274;8.676587
692;-1.1587936;-0.8714894;5.0661306
693;1.8483237;-0.31603462;2.7102363
694;0.19153613;-0.49799395;6.7133417
695;-1.3215994;0.2777274;7.575254
696;2.0207062;0.009576807;6.3589997
697;0.7278373;-0.25857377;6.8761473
698;0.51714754;0.7661445;9.969456
699;-0.63206923;0.9672575;9.414001
700;0.31603462;0.08619126;7.642292
701;1.2066777;1.4460979;11.63582
702;-1.2545617;0.82360536;14.106636
703;1.541866;0.89064306;12.181698
704;1.6759412;0.6512229;11.281479
705;0.40222588;0.4309563;13.560759
706;1.5131354;2.087744;14.288596
707;2.231396;0.8331822;13.512875
708;1.436521;1.292869;12.325351
709;-1.8004397;1.4173675;12.459426
710;-0.18195933;0.9864111;13.139379
711;-0.02873042;0.9864111;11.587936
712;-1.4556746;0.45010993;10.907983
713;1.8579005;0.9768343;9.059659
714;0.4309563;1.1683705;9.126697
715;-1.292869;0.78529817;9.662998
716;2.930503;1.0726024;10.496181
717;0.8714894;1.1300632;9.500193
718;-2.135628;0.93852705;6.8569937
719;1.7908629;0.8810662;7.8529816
720;0.50757074;1.1492168;6.9048777
721;-1.1779473;1.1875241;8.599973
722;2.4516625;2.0685902;8.350976
723;1.1300632;2.3080103;6.742072
724;-0.49799395;1.4652514;7.335834
725;1.733402;2.0207062;8.350976
726;1.3790601;1.532289;10.7356
727;2.2984335;2.1164744;9.931149
728;1.1300632;1.484405;8.082825
729;1.0630256;1.6663644;8.025364
730;0.91937345;1.7525556;10.70687
731;1.3982137;2.1260512;11.760319
732;1.4939818;1.5897499;10.630256
733;-1.1875241;2.327164;10.208876
734;0.58418524;1.8962077;12.4785795
735;1.934515;2.4133554;13.062764
736;-2.183512;1.0726024;9.9790325
737;1.8483237;1.8866309;10.170568
738;0.32561144;2.6719291;13.589489
739;0.6512229;2.825158;15.112201
740;1.3790601;2.96881;10.352529
741;-1.0055647;1.8674773;7.97748
742;1.1300632;2.5761611;9.059659
743;-1.7046716;2.2697031;10.342952
744;-2.0685902;2.72939;9.251195
745;0.2777274;3.466804;11.032481
746;0.7565677;2.9592333;11.348516
747;-1.6567876;2.078167;7.479486
748;1.9440918;1.436521;7.5465236
749;3.8115692;1.9536686;10.189722
750;-0.18195933;2.030283;10.295067
751;1.0247183;0.94810385;10.065224
752;1.5035586;0.9672575;5.45878
753;-2.528277;1.3215994;8.207323
754;0.49799395;1.8100165;9.595961
755;2.2218192;1.2449849;8.858546
756;-0.50757074;1.3311762;7.1730285
757;1.9919758;1.4077905;9.797073
758;2.078167;1.9536686;12.890382
759;1.0630256;2.5187001;13.761871
760;0.6799533;1.5514427;11.061212
761;1.9057846;1.6184803;9.739613
762;-0.20111294;1.3503298;9.634268
763;1.6472107;1.4269443;11.827356
764;-0.16280572;0.8523358;10.524911
765;-0.12449849;1.0342951;10.67814
766;0.7182605;1.4652514;10.103531
767;-0.8714894;0.9864111;12.344504
768;1.2449849;0.46926352;9.797073
769;0.45968673;0.30645782;9.174581
770;0.18195933;0.49799395;9.749189
771;0.90021986;-0.05746084;9.959879
772;0.20111294;-0.24899697;9.500193
773;0.9864111;0.32561144;9.998186
774;1.1587936;-0.2681506;10.362105
775;1.6280571;-0.25857377;9.212888
776;-0.4309563;0.06703765;8.475474
777;-0.41180268;-0.90021986;9.423578
778;1.388637;0.12449849;9.021352
779;-1.5993267;-0.6607997;7.728483
780;0.58418524;-0.8619126;7.2209125
781;0.2681506;-0.7374141;8.446744
782;0.39264908;-0.5267244;11.444284
783;-1.2066777;-0.009576807;10.869676
784;2.3175871;0.076614454;9.988609
785;-0.1340753;-0.20111294;11.051635
786;0.06703765;-0.51714754;9.825804
787;3.41892;0.31603462;8.820239
788;-0.93852705;-0.2873042;11.473015
789;1.292869;0.45968673;12.5743475
790;0.82360536;0.9864111;10.457873
791;-0.79487497;-0.076614454;11.520899
792;2.1260512;0.35434186;10.726024
793;-0.31603462;-0.40222588;9.299079
794;2.8443117;-0.7469909;9.80665
795;0.9576807;-0.51714754;9.950302
796;-0.8331822;-1.2162545;10.658986
797;2.5953147;-1.0247183;10.477027
798;-2.0590134;-1.283292;9.155427
799;-1.043872;-1.1492168;9.452309
800;3.371036;-0.24899697;10.342952
801;0.5650316;-1.2737153;11.137826
802;2.633622;-2.1260512;6.885724
803;-0.6607997;-1.4939818;7.9583263
804;4.855441;0.019153614;13.034034
805;-6.4643445;-0.4309563;12.756307
806;0.48841715;-1.934515;4.1946416
807;4.4915223;1.5993267;10.189722
808;-5.085284;-3.083732;11.760319
809;7.4603324;-1.541866;6.8761473
810;0.6512229;-1.8291701;7.469909
811;-0.18195933;-1.2737153;11.33894
812;-0.34476504;-0.7469909;10.572795
813;-1.2354081;-1.6950948;8.360553
814;0.641646;-0.32561144;9.222465
815;-0.90979666;-0.9576807;8.992621
816;3.5338416;-0.7661445;9.931149
817;-0.33518824;-0.4213795;10.180145
818;-0.30645782;0.06703765;13.254301
819;1.4269443;0.7278373;12.909535
820;-1.7717092;-0.5650316;10.170568
821;1.1492168;0.5650316;9.097966
822;-0.9672575;-0.32561144;10.448297
823;2.0973208;-0.7374141;12.287044
824;1.6472107;-0.29688102;10.91756
825;-2.3080103;-1.541866;8.350976
826;2.030283;-0.6512229;7.153875
827;-0.36391866;-0.038307227;10.764331
828;-1.8962077;-0.82360536;10.1226845
829;1.6184803;-0.58418524;7.5082164
830;1.0726024;-0.32561144;11.348516
831;-0.7469909;-0.4309563;11.233594
832;3.9935284;0.7278373;8.101978
833;-0.2777274;0.18195933;10.5919485
834;-0.08619126;0.93852705;12.0093155
835;0.1436521;0.29688102;8.465898
836;0.62249243;-0.6895301;9.433155
837;1.13964;0.08619126;9.222465
838;-2.2888567;-0.45968673;8.456321
839;2.0398598;0.62249243;10.649409
840;-1.8579005;0.5554548;10.94629
841;0.59376204;-0.2873042;8.523358
842;2.087744;-0.30645782;6.9719152
843;0.8619126;0.8619126;10.97502
844;1.1492168;0.41180268;10.927136
845;3.6391866;1.0630256;10.486604
846;0.17238252;0.31603462;10.927136
847;0.08619126;0.59376204;10.381259
848;0.8714894;1.043872;9.586384
849;-0.7661445;1.2449849;10.793061
850;1.5227122;0.9672575;10.6877165
851;0.5650316;0.2777274;11.042058
852;1.2258313;0.59376204;10.28549
853;0.24899697;0.46926352;10.0748005
854;0.20111294;0.7757214;10.0748005
855;3.265691;1.0151415;10.429143
856;-0.93852705;0.51714754;9.270349
857;1.1204864;0.93852705;8.1881695
858;0.51714754;0.8714894;10.515334
859;0.63206923;1.1204864;12.679692
860;-0.23942018;0.9959879;8.6574335
861;0.35434186;0.46926352;7.6231384
862;-0.5554548;1.2449849;9.490616
863;-0.9672575;1.1683705;10.754754
864;3.3518825;0.6799533;9.299079
865;0.08619126;-0.23942018;8.7053175
866;1.1300632;0.2873042;8.121132
867;-0.5554548;0.5267244;9.548077
868;0.06703765;0.9768343;10.132261
869;1.2737153;1.2449849;9.854534
870;-1.292869;0.30645782;7.345411
871;1.3311762;1.1683705;8.714894
872;1.0630256;1.4652514;11.9614315
873;1.5035586;1.6184803;12.804191
874;2.4612393;1.4652514;10.333375
875;0.29688102;1.1683705;9.021352
876;-0.63206923;1.0151415;9.471462
877;-0.7469909;1.5993267;8.42759
878;-0.93852705;1.5801731;10.180145
879;0.81402856;1.1109096;11.252748
880;1.4269443;0.61291564;9.394848
881;1.7429788;0.24899697;9.241618
882;1.1683705;0.7374141;10.764331
883;0.25857377;0.8714894;9.672575
884;1.8674773;1.1492168;10.333375
885;-0.50757074;1.1779473;10.352529
886;1.541866;1.685518;9.720459
887;1.2066777;1.9632454;10.25676
888;-0.5650316;1.9057846;11.654974
889;2.5091233;2.183512;11.568783
890;0.80445176;2.2409728;10.371682
891;-0.7086837;1.8579005;8.810662
892;1.7046716;2.3942018;8.820239
893;0.78529817;2.1643584;11.530476
894;0.2681506;1.8195933;11.884817
895;2.6719291;2.1930888;10.390836
896;0.5650316;2.0398598;9.279925
897;-0.047884032;1.3982137;10.381259
898;0.2777274;1.0821792;9.605537
899;0.641646;1.5131354;8.350976
900;-0.8523358;1.7046716;8.389283
901;-0.641646;1.7908629;9.414001
902;2.078167;2.4229321;10.342952
903;0.11492168;2.4995465;11.501745
904;2.7102363;2.384625;11.319786
905;3.217807;2.4133554;10.70687
906;-0.25857377;1.9632454;10.352529
907;1.3120226;2.3463178;9.519346
908;-1.1971009;2.1739352;8.992621
909;-1.1109096;1.733402;8.762778
910;0.20111294;1.7908629;8.561666
911;-1.9057846;0.94810385;8.24563
912;1.2545617;1.1492168;8.6574335
913;0.06703765;1.5131354;10.572795
914;2.1068976;1.6089035;12.181698
915;1.7812861;1.3599066;10.534488
916;0.92895025;1.2162545;10.093954
917;0.50757074;1.388637;10.6398325
918;0.1436521;1.5227122;10.333375
919;1.2354081;1.7812861;9.56723
920;0.49799395;1.8004397;10.658986
921;0.40222588;1.3120226;9.452309
922;0.9576807;1.4556746;8.408437
923;-0.7374141;1.733402;10.515334
924;1.6567876;1.8195933;11.3964
925;2.2505496;1.7525556;10.907983
926;1.1109096;1.091756;10.055647
927;2.7006595;1.0342951;10.208876
928;0.7374141;0.81402856;9.3661175
929;0.5746084;1.0151415;9.337387
930;0.61291564;1.0534488;9.500193
931;-1.340753;0.5267244;7.4507556
932;0.5650316;0.5650316;7.07726
933;-0.59376204;0.5267244;8.810662
934;1.0247183;0.50757074;9.203311
935;2.4229321;1.1779473;9.691729
936;1.4077905;1.2354081;11.63582
937;0.89064306;1.6950948;11.501745
938;-0.45010993;1.532289;10.218452
939;0.80445176;1.8866309;11.262324
940;-0.8810662;2.1930888;12.516887
941;0.49799395;2.1164744;10.907983
942;0.6607997;1.8195933;10.0269165
943;0.62249243;1.733402;10.965444
944;1.1971009;1.7908629;11.281479
945;1.4556746;1.7525556;10.247183
946;1.091756;1.982399;10.113108
947;-0.10534488;1.8674773;10.505757
948;2.1547816;1.8291701;10.113108
949;1.1875241;1.6089035;10.783484
950;0.34476504;1.283292;8.935161
951;1.9919758;1.3694834;8.42759
952;0.4309563;1.3215994;9.490616
953;1.283292;1.5610195;9.634268
954;0.8331822;1.2354081;8.312668
955;0.9959879;1.2162545;8.494628
956;0.38307226;1.3790601;8.944737
957;0.842759;1.5897499;8.868123
958;0.58418524;1.8195933;8.983045
959;-0.30645782;1.7046716;9.634268
960;0.23942018;1.8962077;9.509769
961;-0.6799533;1.6280571;9.414001
962;0.25857377;1.5705963;10.0269165
963;-0.641646;1.3503298;10.170568
964;0.78529817;1.5610195;10.658986
965;-0.02873042;1.4269443;10.812215
966;0.22984336;1.4077905;10.802638
967;0.5554548;1.5705963;10.409989
968;-0.32561144;1.4748282;10.773908
969;1.2354081;1.6950948;10.793061
970;-0.22984336;1.3694834;10.5440645
971;1.4269443;1.4748282;10.189722
972;0.8810662;1.4077905;10.0748005
973;0.7086837;1.2737153;10.132261
974;1.7046716;1.4077905;9.940725
975;0.63206923;1.2066777;9.691729
976;1.1013328;1.1683705;9.126697
977;1.2066777;1.1013328;8.935161
978;1.1875241;1.1587936;9.385271
979;1.2258313;1.2162545;9.375694
980;0.8714894;1.1587936;9.394848
981;1.2354081;1.292869;9.471462
982;0.81402856;1.3024458;9.873688
983;1.2449849;1.3503298;9.864111
984;0.62249243;1.3982137;9.854534
985;0.48841715;1.3982137;10.247183
986;0.58418524;1.5897499;10.448297
987;0.62249243;1.6759412;10.534488
988;0.46926352;1.532289;10.46745
989;0.6799533;1.7238252;10.630256
990;0.40222588;1.6663644;10.840945
991;0.46926352;1.5801731;10.630256
992;0.24899697;1.5514427;10.141838
993;0.33518824;1.5514427;10.007763
994;0.29688102;1.484405;10.036493
995;0.4213795;1.5705963;9.797073
996;0.45968673;1.4556746;9.653421
997;0.47884035;1.5035586;9.557653
998;0.7565677;1.4939818;9.519346
999;0.5650316;1.5131354;9.461885
1000;0.7469909;1.3982137;9.509769
1001;0.7661445;1.4269443;9.452309
1002;0.7374141;1.4269443;9.682152
1003;0.8619126;1.4173675;9.883265
1004;0.7469909;1.388637;9.720459
1005;1.043872;1.388637;10.065224
1006;0.7086837;1.3694834;10.228029
1007;0.9768343;1.4077905;10.208876
1008;0.6512229;1.4077905;10.007763
1009;0.6799533;1.3982137;10.180145
1010;0.8714894;1.3503298;10.170568
1011;0.5363012;1.3790601;9.969456
1012;0.6799533;1.3790601;9.902418
1013;0.5746084;1.3120226;9.854534
1014;0.51714754;1.3215994;9.854534
1015;0.50757074;1.388637;9.80665
1016;0.39264908;1.2737153;9.768343
1017;0.50757074;1.3599066;9.768343
1018;0.38307226;1.3024458;9.873688
1019;0.4309563;1.2545617;9.940725
1020;0.47884035;1.2641385;9.969456
1021;0.40222588;1.1683705;10.103531
1022;0.5267244;1.13964;10.151415
1023;0.5554548;1.0151415;10.055647
1024;0.59376204;0.92895025;9.998186
1025;0.641646;0.79487497;10.275913
1026;0.7469909;0.7661445;10.113108
1027;1.1875241;0.4309563;10.43872
1028;0.8619126;0.45010993;9.892841
1029;0.7661445;0.46926352;10.093954
1030;0.8331822;0.41180268;10.0748005
1031;0.7182605;0.34476504;10.141838
1032;0.8331822;0.35434186;10.141838
1033;0.90979666;0.17238252;9.844957
1034;0.78529817;0.06703765;9.768343
1035;0.8523358;-0.009576807;9.844957
1036;0.7565677;-0.047884032;9.662998
1037;0.6703765;-0.1436521;9.576807
1038;0.6607997;-0.17238252;9.595961
1039;0.7757214;-0.32561144;9.662998
1040;0.78529817;-0.29688102;9.452309
1041;0.641646;-0.37349546;9.461885
1042;0.7469909;-0.35434186;9.414001
1043;0.48841715;-0.30645782;9.260772
1044;0.5650316;-0.29688102;9.528923
1045;0.4213795;-0.30645782;9.701305
1046;0.51714754;-0.19153613;9.720459
1047;0.48841715;-0.15322891;9.902418
1048;0.46926352;-0.08619126;10.160992
1049;0.5746084;0.009576807;10.036493
1050;0.51714754;-0.06703765;10.093954
1051;0.5363012;0.009576807;10.247183
1052;0.545878;0.047884032;10.295067
1053;0.46926352;-0.05746084;9.988609
1054;0.5363012;-0.1436521;9.950302
1055;0.62249243;-0.08619126;10.04607
1056;0.6512229;-0.20111294;9.797073
1057;0.6799533;-0.2777274;9.825804
1058;0.7565677;-0.34476504;9.835381
1059;0.7757214;-0.40222588;9.873688
1060;0.8523358;-0.45968673;9.797073
1061;0.82360536;-0.50757074;9.720459
1062;0.81402856;-0.5363012;9.902418
1063;1.0247183;-0.47884035;9.902418
1064;0.8714894;-0.50757074;9.864111
1065;0.90021986;-0.5267244;9.80665
1066;0.842759;-0.5650316;9.864111
1067;0.82360536;-0.48841715;9.931149
1068;0.8331822;-0.5554548;10.007763
1069;0.7278373;-0.5363012;9.921572
1070;0.7757214;-0.62249243;9.825804
1071;0.6703765;-0.58418524;9.80665
1072;0.60333884;-0.60333884;9.873688
1073;0.641646;-0.58418524;9.921572
1074;0.48841715;-0.6607997;9.77792
1075;0.5363012;-0.63206923;9.883265
1076;0.4309563;-0.63206923;9.825804
1077;0.46926352;-0.6607997;9.825804
1078;0.46926352;-0.58418524;9.883265
1079;0.4405331;-0.545878;9.80665
1080;0.47884035;-0.51714754;9.959879
1081;0.48841715;-0.47884035;9.892841
1082;0.58418524;-0.38307226;9.816227
1083;0.60333884;-0.35434186;9.892841
1084;0.61291564;-0.25857377;9.940725
1085;0.6991069;-0.22026655;9.816227
1086;0.6895301;-0.19153613;9.80665
1087;0.6991069;-0.19153613;9.911995
1088;0.7565677;-0.11492168;9.844957
1089;0.7182605;-0.12449849;9.902418
1090;0.7757214;-0.12449849;9.816227
1091;0.78529817;-0.10534488;9.892841
1092;0.7757214;-0.095768064;9.892841
1093;0.8619126;-0.10534488;9.902418
1094;0.7565677;-0.06703765;9.864111
1095;0.78529817;-0.009576807;9.931149
1096;0.7565677;-0.009576807;9.873688
1097;0.7278373;0.02873042;9.921572
1098;0.7565677;-0.019153614;9.883265
1099;0.6991069;0.047884032;9.816227
1100;0.6703765;0.05746084;10.007763
1101;0.6799533;-0.0;9.892841
1102;0.61291564;0.038307227;9.892841
1103;0.641646;0.047884032;9.959879
1104;0.61291564;0.02873042;9.825804
1105;0.62249243;0.05746084;9.950302
1106;0.61291564;0.047884032;9.883265
1107;0.59376204;0.05746084;9.873688
1108;0.59376204;0.009576807;9.854534
1109;0.58418524;0.009576807;9.844957
1110;0.62249243;0.08619126;9.873688
1111;0.5650316;0.06703765;9.940725
1112;0.6512229;0.02873042;9.873688
1113;0.6895301;0.02873042;9.892841
1114;0.63206923;-0.009576807;9.902418
1115;0.7086837;0.08619126;9.864111
1116;0.6991069;0.06703765;9.892841
1117;0.6895301;0.02873042;9.902418
1118;0.7565677;0.095768064;9.969456
1119;0.6991069;0.038307227;9.864111
1120;0.6895301;0.06703765;9.902418
1121;0.7182605;0.1340753;9.864111
1122;0.6799533;0.095768064;9.883265
1123;0.7278373;0.10534488;9.902418
1124;0.641646;0.076614454;9.825804
1125;0.7086837;0.12449849;9.9790325
1126;0.6895301;0.15322891;9.854534
1127;0.641646;0.08619126;9.873688
1128;0.6895301;0.11492168;9.959879
1129;0.63206923;0.1340753;9.854534
1130;0.63206923;0.076614454;9.883265
1131;0.63206923;0.1340753;9.883265
1132;0.641646;0.1340753;9.902418
1133;0.63206923;0.16280572;9.940725
1134;0.59376204;0.12449849;9.892841
1135;0.63206923;0.17238252;9.950302
1136;0.6607997;0.18195933;9.969456
1137;0.6607997;0.21068975;9.835381
1138;0.7086837;0.11492168;9.969456
1139;0.60333884;0.12449849;9.911995
1140;0.6703765;0.095768064;9.931149
1141;0.6512229;0.19153613;9.931149
1142;0.6607997;0.1340753;9.883265
1143;0.7182605;0.12449849;9.921572
1144;0.62249243;0.1340753;9.873688
1145;0.7182605;0.16280572;9.911995
1146;0.6799533;0.17238252;9.940725
1147;0.6607997;0.095768064;9.892841
1148;0.7278373;0.16280572;9.940725
1149;0.6895301;0.16280572;9.959879
1150;0.6895301;0.18195933;10.01734
1151;0.7278373;0.15322891;9.902418
1152;0.6799533;0.18195933;9.921572
1153;0.7182605;0.16280572;9.950302
1154;0.6607997;0.22026655;9.883265
1155;0.7374141;0.22984336;9.892841
1156;0.7182605;0.21068975;9.950302
1157;0.6512229;0.20111294;9.931149
1158;0.6607997;0.095768064;9.9790325
1159;0.641646;0.1436521;9.883265
1160;0.6799533;0.1436521;9.873688
1161;0.6607997;0.11492168;9.921572
1162;0.6607997;0.15322891;9.911995
1163;0.6607997;0.08619126;9.873688
1164;0.641646;0.076614454;9.911995
1165;0.6895301;0.05746084;9.931149
1166;0.641646;0.05746084;9.921572
1167;0.61291564;0.038307227;9.902418
1168;0.7278373;0.019153614;9.902418
1169;0.63206923;0.11492168;9.873688
1170;0.7086837;0.05746084;9.940725
1171;0.6512229;0.038307227;9.911995
1172;0.6512229;0.05746084;9.883265
1173;0.78529817;0.009576807;9.911995
1174;0.7086837;0.047884032;9.931149
1175;0.6895301;-0.019153614;9.816227
1176;0.7469909;-0.009576807;9.80665
1177;0.6991069;0.038307227;9.902418
1178;0.7469909;-0.0;9.921572
1179;0.6799533;-0.009576807;9.80665
1180;0.63206923;-0.0;9.902418
1181;0.6895301;0.038307227;9.902418
1182;0.6895301;0.019153614;9.854534
1183;0.6703765;0.019153614;9.969456
1184;0.6991069;-0.0;9.844957
1185;0.58418524;-0.038307227;9.864111
1186;0.6895301;-0.02873042;9.883265
1187;0.58418524;0.019153614;9.797073
1188;0.6895301;0.02873042;9.911995
1189;0.62249243;-0.0;9.892841
1190;0.7182605;-0.009576807;9.883265
1191;0.641646;-0.009576807;9.844957
1192;0.62249243;-0.019153614;9.825804
1193;0.7374141;-0.019153614;9.873688
1194;0.6607997;0.02873042;9.844957
1195;0.6607997;-0.076614454;9.892841
1196;0.6895301;0.02873042;9.873688
1197;0.6799533;-0.009576807;9.854534
1198;0.6991069;-0.0;9.911995
1199;0.62249243;-0.009576807;9.854534
1200;0.7182605;-0.02873042;9.921572
1201;0.6991069;0.02873042;9.864111
1202;0.6607997;-0.038307227;9.80665
1203;0.6895301;-0.10534488;9.873688
1204;0.6895301;-0.019153614;9.921572
1205;0.61291564;-0.02873042;9.873688
1206;0.6991069;-0.0;9.921572
1207;0.641646;-0.11492168;9.787497
1208;0.6991069;-0.02873042;9.940725
1209;0.641646;-0.047884032;9.921572
1210;0.6991069;-0.02873042;9.911995
1211;0.6799533;0.038307227;9.902418
1212;0.58418524;-0.076614454;9.80665
1213;0.6512229;-0.06703765;9.854534
1214;0.60333884;-0.009576807;9.911995
1215;0.641646;-0.02873042;9.883265
1216;0.641646;-0.02873042;9.911995
1217;0.61291564;-0.009576807;9.902418
1218;0.7278373;-0.009576807;9.883265
1219;0.63206923;-0.009576807;9.873688
1220;0.6895301;-0.05746084;9.911995
1221;0.6799533;-0.02873042;9.864111
1222;0.641646;-0.047884032;9.902418
1223;0.6799533;0.019153614;9.9790325
1224;0.7086837;-0.038307227;9.825804
1225;0.6991069;-0.047884032;9.864111
1226;0.6991069;0.02873042;9.940725
1227;0.63206923;-0.05746084;9.892841
1228;0.6895301;0.019153614;9.883265
1229;0.6799533;-0.06703765;9.864111
1230;0.6703765;-0.019153614;9.883265
1231;0.7182605;-0.05746084;9.883265
1232;0.6799533;-0.06703765;9.77792
1233;0.63206923;-0.038307227;9.892841
1234;0.6703765;0.009576807;9.940725
1235;0.61291564;-0.047884032;9.854534
1236;0.6991069;-0.019153614;9.883265
1237;0.63206923;0.009576807;9.825804
1238;0.6607997;-0.009576807;9.873688
1239;0.62249243;-0.05746084;9.931149
1240;0.63206923;-0.009576807;9.864111
1241;0.6799533;-0.009576807;9.854534
1242;0.60333884;-0.02873042;9.883265
1243;0.6799533;0.009576807;9.921572
1244;0.6607997;-0.038307227;9.902418
1245;0.6607997;-0.047884032;9.864111
1246;0.7086837;-0.0;9.921572
1247;0.61291564;-0.02873042;9.892841
1248;0.7374141;0.009576807;9.902418
1249;0.63206923;0.019153614;9.902418
1250;0.6607997;-0.009576807;9.854534
1251;0.7374141;-0.076614454;9.883265
1252;0.6512229;-0.038307227;9.825804
1253;0.6703765;-0.0;9.911995
1254;0.7086837;0.009576807;9.969456
1255;0.6799533;-0.02873042;9.835381
1256;0.7565677;-0.0;9.921572
1257;0.641646;-0.05746084;9.816227
1258;0.6607997;-0.02873042;9.940725
1259;0.7086837;-0.019153614;9.864111
1260;0.6703765;-0.047884032;9.883265
1261;0.641646;-0.0;9.892841
1262;0.6703765;-0.019153614;9.835381
1263;0.62249243;-0.02873042;9.864111
1264;0.6895301;-0.009576807;9.844957
1265;0.6607997;-0.02873042;9.883265
1266;0.6703765;-0.02873042;9.80665
1267;0.641646;-0.038307227;9.892841
1268;0.7469909;-0.0;9.816227
1269;0.5554548;-0.08619126;9.768343
1270;0.58418524;-0.02873042;10.065224
1271;0.7278373;0.047884032;9.835381
1272;0.78529817;0.076614454;10.208876
1273;0.38307226;-0.05746084;9.825804
1274;0.8331822;0.06703765;10.084377
1275;0.4309563;-0.18195933;9.586384
1276;0.7661445;0.038307227;9.988609
1277;0.6703765;0.047884032;10.160992
1278;0.49799395;-0.047884032;9.892841
1279;0.89064306;-0.05746084;9.710882
1280;0.61291564;0.009576807;9.816227
1281;0.6991069;0.06703765;10.208876
1282;0.6607997;0.038307227;10.0748005
1283;0.6895301;0.009576807;9.931149
1284;0.79487497;-0.02873042;9.662998
1285;0.6895301;-0.0;9.883265
1286;0.6895301;0.009576807;10.0748005
1287;0.7374141;-0.009576807;9.883265
1288;0.641646;-0.019153614;9.816227
1289;0.6991069;-0.009576807;9.844957
1290;0.6799533;-0.02873042;9.864111
1291;0.6607997;0.02873042;9.883265
1292;0.6512229;-0.0;9.921572
1293;0.6703765;0.047884032;9.911995
1294;0.6703765;-0.02873042;9.80665
1295;0.641646;-0.0;9.892841
1296;0.60333884;0.009576807;9.921572
1297;0.63206923;0.02873042;9.835381
1298;0.7278373;-0.009576807;9.864111
1299;0.6703765;-0.0;9.902418
1300;0.61291564;-0.047884032;9.854534
1301;0.6607997;0.009576807;9.854534
1302;0.63206923;-0.02873042;9.854534
1303;0.6607997;-0.019153614;9.864111
1304;0.6799533;-0.0;9.892841
1305;0.6991069;0.038307227;9.959879
1306;0.6799533;-0.019153614;9.969456
1307;0.7086837;-0.009576807;9.892841
1308;0.7182605;0.009576807;9.921572
1309;0.7469909;0.08619126;9.931149
1310;0.7278373;-0.019153614;9.892841
1311;0.7278373;-0.019153614;9.864111
1312;0.7182605;0.019153614;9.864111
1313;0.7661445;0.009576807;9.9790325
1314;0.6991069;0.076614454;9.931149
1315;0.6799533;0.02873042;9.835381
1316;0.6799533;0.009576807;9.844957
1317;0.63206923;0.06703765;9.940725
1318;0.6991069;0.019153614;9.835381
1319;0.6607997;0.009576807;9.825804
1320;0.641646;-0.0;9.816227
1321;0.59376204;0.019153614;9.844957
1322;0.641646;-0.0;9.825804
1323;0.6799533;-0.009576807;9.873688
1324;0.641646;0.009576807;9.911995
1325;0.6512229;0.05746084;9.77792
1326;0.6607997;0.02873042;9.883265
1327;0.62249243;-0.038307227;9.797073
1328;0.60333884;-0.0;9.969456
1329;0.6512229;-0.038307227;9.835381
1330;0.6512229;-0.009576807;9.940725
1331;0.6895301;-0.0;9.959879
1332;0.6991069;-0.009576807;9.883265
1333;0.6607997;-0.009576807;9.940725
1334;0.6895301;0.019153614;9.892841
1335;0.7565677;-0.038307227;9.969456
1336;0.6895301;-0.009576807;9.864111
1337;0.7086837;-0.019153614;9.921572
1338;0.7182605;-0.009576807;9.988609
1339;0.6895301;0.02873042;9.854534
1340;0.7182605;-0.047884032;9.911995
1341;0.6991069;0.019153614;9.969456
1342;0.7469909;-0.009576807;9.844957
1343;0.6703765;-0.019153614;9.844957
1344;0.7086837;0.02873042;9.921572
1345;0.6799533;-0.047884032;9.883265
1346;0.6991069;-0.047884032;9.902418
1347;0.6512229;0.009576807;9.835381
1348;0.6607997;0.009576807;9.9790325
1349;0.60333884;-0.05746084;9.864111
1350;0.63206923;-0.02873042;9.854534
1351;0.6895301;-0.02873042;9.883265
1352;0.641646;-0.05746084;9.864111
1353;0.7182605;-0.0;9.921572
1354;0.6991069;0.009576807;9.883265
1355;0.6799533;0.047884032;9.950302
1356;0.6991069;0.02873042;9.844957
1357;0.7278373;-0.009576807;9.864111
1358;0.6991069;-0.0;9.959879
1359;0.6607997;0.009576807;9.864111
1360;0.7086837;-0.0;9.873688
1361;0.7278373;-0.0;9.892841
1362;0.6895301;-0.009576807;9.902418
1363;0.6799533;-0.02873042;9.835381
1364;0.7661445;-0.02873042;9.844957
1365;0.6512229;-0.0;9.864111
1366;0.7182605;0.019153614;9.892841
1367;0.63206923;-0.0;9.873688
1368;0.39264908;0.22984336;4.9895163
1369;2.2505496;-1.541866;10.295067
1370;-2.633622;0.81402856;22.064962
1371;-0.59376204;-1.0534488;5.899313
1372;4.6830587;0.10534488;4.9416323
1373;-2.6240451;-0.5554548;9.193734
1374;0.8810662;0.095768064;11.252748
1375;2.480393;0.7374141;12.74673
1376;-1.1971009;0.038307227;11.731588
1377;1.3215994;-0.11492168;8.379706
1378;1.4269443;-0.15322891;6.339846
1379;0.19153613;0.18195933;11.520899
1380;0.7086837;0.38307226;12.430696
1381;0.842759;0.095768064;9.710882
1382;0.8619126;-0.11492168;8.724471
1383;0.4405331;-0.21068975;9.557653
1384;0.6607997;-0.0;9.844957
1385;0.78529817;0.047884032;10.28549
1386;0.46926352;0.047884032;10.362105
1387;0.8619126;-0.06703765;9.548077
1388;0.6512229;-0.08619126;9.069236
1389;0.78529817;0.047884032;10.314221
1390;0.40222588;-0.047884032;10.381259
1391;0.79487497;-0.05746084;9.816227
1392;0.7469909;-0.047884032;9.634268
1393;0.5363012;-0.009576807;9.80665
