;ax;ay;az
0;0.19669827757341002;0.07917672392278922;10.029494021990317
1;0.30805378990827903;0.07584330255901392;10.033843857698265
2;0.19465703568966017;0.15091569232023663;9.881150870647575
3;0.33652447417949655;0.252825216243805;9.85782857897959
4;0.01285143232317873;0.10053511240905234;9.93718888309327
5;0.13818607641104158;0.14714390547796408;10.132407491433026
6;-0.03938710011799529;0.2874591699657615;9.916288087512132
7;0.2954757743393412;0.05552132855235309;9.97770921092319
8;0.1393515021466903;0.020794359697047904;9.835935351680856
9;0.10286433246363914;0.41165264414708613;9.903766346660415
10;-0.08364530231732897;0.2069179058666571;9.839980706416947
11;0.12114500638491245;0.22587983894773922;9.959482312066566
12;0.11193331880525777;0.01956738525803517;9.882121310735528
13;0.05604966403296205;0.2116856513937842;9.923274925530734
14;0.05667420853102138;0.29944759894367823;9.844909503602397
15;0.17280687298786618;0.23433297673452344;9.749899806869234
16;0.03251635141288478;0.29007497407715377;10.135653471074177
17;0.2667611888567599;0.12596610804725794;9.928763218392424
18;0.086974958546268;0.27532775349647576;9.755010865736855
19;-0.10485769307270039;0.10547362951739678;9.943906160622095
20;-0.03232751243200574;0.20511767102500933;9.796450519491007
21;0.15634557178460406;0.26425349553155886;9.962318529469256
22;0.2850595925109465;0.14566313997436864;9.975001195474212
23;0.08948626389922984;0.11414708074105231;9.943903460126831
24;0.15212168698961448;0.23666323376287327;9.730954074457712
25;0.1469448268166744;0.09461853449936401;9.726220471269457
26;0.25553920176404954;0.12309458584900704;9.74059469649955
27;0.025941566895028967;0.03956809575931336;10.149893872459938
28;0.25663224408838736;0.3296500711659617;9.890385417734606
29;0.1864550822895213;0.1908093952236839;9.94790850704523
30;0.22053307923882612;0.38886189231588;9.812000581381653
31;0.268676985541474;0.2121448965582175;9.93832901092238
32;0.15489198047905647;0.23928730140847396;10.19170173855375
33;0.29223588294787944;0.2377853994319418;10.02467520099052
34;0.21946444009513288;0.23536156317657667;9.87956153530649
35;0.30165467793234;0.23001797393019333;9.930679293290545
36;0.15647599655250027;0.3181628459653513;9.96605368914247
37;0.170911681998012;0.14876522393521133;9.779246316725972
38;0.11151244566232578;0.17116206078953974;9.705131608051522
39;0.2749653806044827;0.41398664064191404;9.710279274905986
40;0.1980622926199583;0.11811609164504806;9.836153100690272
41;0.14551054173450578;0.18938975563344618;9.949583148292483
42;-0.09159354567317313;0.17761748630310015;9.86227928030192
43;0.2960077585192201;0.23383011210915916;9.682509781794055
44;0.002943523406135226;0.08118269084913743;9.69480404188851
45;0.3030839377318602;0.36436314885475424;9.720655139108574
46;0.16460625769988566;0.16049082063240577;9.90766684651113
47;0.19421484934993022;0.2005699224924859;9.793961514841081
48;0.27174342849678235;0.1008557349488099;9.830638134025282
49;0.13968031881499424;0.13845952600880845;9.901551600285735
50;0.13438364910801517;0.1798730331353617;9.861779134442594
51;0.2166149553509245;0.1326293145966576;9.90469017248857
52;0.21317738948133194;0.15613329310051244;10.030799812716104
53;0.2390392413619693;0.039691781346733596;9.807323562201601
54;0.5754202554769245;0.16088520177901489;9.776026749340323
55;-0.013144841484207276;0.2594953072993273;9.693022665982676
56;0.299278233965624;0.1560316636128828;9.617977020614909
57;0.23871864183248556;0.09691333675614035;9.997816823698354
58;0.28532953367744807;0.1981493070802103;9.803053121143568
59;-0.05186338500096255;0.057412740935329803;9.79039258817072
60;0.12914012322870197;0.12464698850632516;9.958157519596883
61;-0.06555939848504042;0.33534498587071826;9.79288563801095
62;0.1453742392683041;0.24456726678837665;9.878340374959185
63;0.1720430389183809;0.005992611122253522;9.946735567903152
64;0.1588165939130597;0.3171318516617774;9.905268979890606
65;0.29847189624358916;0.24587301619039742;9.765453665797232
66;0.23037580111109404;0.011442584895676594;9.841711816179885
67;-0.08385631511170583;0.27474346185394066;9.869467305581912
68;0.17462713029127103;0.1111957302188313;9.944510103755233
69;0.11247440218462165;0.06681384778337941;9.75687916590529
70;0.4215092550023588;0.11946124764228779;9.900822692999247
71;0.21997904419170705;0.12419301216513413;9.910764367578414
72;0.21302406635930385;0.25850504143495745;9.88617798170181
73;0.10841618858092275;0.07375322509286582;9.975520826755993
74;0.33167089853860443;0.20089803713867213;9.778240832961735
75;0.225818650387826;0.24884569205687063;9.895491655165326
76;0.2894393677504956;0.2087897937574313;9.882461197556434
77;0.18886724844758673;0.2500514753944532;9.871049751472384
78;0.3140274916027862;-0.003909628801715415;9.933879355986809
79;0.15686885721246283;0.12067106729125654;9.833345655726614
80;0.2322564639334104;0.17915207493305868;9.742629448272254
81;0.22417241975615837;0.27613089892433634;9.955918829734033
82;0.2062990592506981;0.1827565409869417;9.683812838528311
83;0.1319344402548217;0.18779551161022287;9.646214481673685
84;0.1747774125796972;0.11541632442787926;9.792675560587009
85;0.07125977931953435;0.22630725196870552;9.87908553476749
86;-0.03129746509331363;0.08142369894858206;9.854333370320743
87;0.15950523513970494;0.14173422614556525;9.82471660862526
88;0.2772987915471493;0.26379372045495786;9.91827573728894
89;-0.015455199018880345;0.031720330218456994;9.957262409576147
90;0.29649749892332944;0.15430641766149622;9.804214952125845
91;0.1499156523440616;0.3308733141726107;9.956622438868301
92;0.09976665387658723;0.17474174209827195;9.951035605601865
93;0.2651655985870978;0.15330911681465484;10.086655462516292
94;0.1890393129401451;0.2581314238356506;9.859896645730029
95;0.21449642968697846;0.3541201965943004;9.683954703070363
96;0.16870149514993438;0.1311918462480277;10.051252701588114
97;0.3838349025510842;0.2708105548196658;10.071923734989342
98;0.27913580480154226;0.017361326293510476;9.847577559435912
99;0.12220876389351484;0.18240480479314347;9.738139930000463
100;0.1664009410640487;0.20798431758626226;9.911543955904763
101;0.25783433912374926;0.12800312017554338;10.110490888561989
102;0.16237675331099424;0.14066846691524962;9.909206372102595
103;0.08776383569473;0.04905596195428219;9.929073004735343
104;0.22938025565185216;0.15681005554805205;9.896786084150435
105;0.15442895012944033;0.20325692658445;9.877474932110523
106;0.1930801975291449;0.18605169008490724;9.755309542476928
107;0.12298326396207657;0.36112113118804895;9.675818228360205
108;0.013011239448025652;0.2475756341665038;9.840563933294835
109;0.2764855551985471;0.30606065561900286;9.856951478722616
110;-0.00011728906099131575;0.12171939335915148;9.822246493509397
111;0.23946449674453418;0.2071738810060309;9.872079331521608
112;0.1119290011940885;0.3471599383629312;9.747561714268052
113;0.18444633792776247;0.1305197290203371;9.755947169110271
114;0.22867857604290878;0.21063498487133925;9.955758451547858
115;0.25884561209190166;0.045658976604382784;9.761831389220923
116;0.07707785446712448;0.16247606222574162;10.02299290327464
117;0.07589325587498581;0.2394709340089539;9.804326699265657
118;0.1931383232849676;0.12666734343785663;10.074357629187602
119;0.18144734927754907;-0.02417512720807108;9.88345598645674
120;0.24953277725941797;0.32605211021881875;9.969677315175048
121;0.14788438793740782;0.13497596786975935;9.82092208711621
122;0.05494670000430222;0.10053470195311998;9.95135813689032
123;0.14176562102733778;0.1733280740499891;9.786147635442934
124;0.26626780263109046;0.20682318877147945;9.840857370411614
125;0.1555706341175264;0.2800975385762039;9.831921593204003
126;0.07065827299874114;0.11478332700426844;9.994386841550341
127;0.145791718593238;0.09410608708075517;9.68649118338271
128;0.1641118545482262;0.012558547089022959;9.844711068500501
129;0.2657749156137243;0.40256342420529256;9.948831251002005
130;0.18154552743157235;0.17811953335162306;9.678745289282613
131;0.3663639143031261;-0.09112926661143103;9.856299779522745
132;0.23144639709991555;0.17521082382315073;9.926958699974511
133;0.05603355947058028;0.16739442190390966;9.919553617565526
134;0.24442364432266994;0.24983059003168548;9.94106176143894
135;0.10596093119245327;0.09685036631343201;10.069513901123335
136;0.34066449274475746;0.1924070234688002;9.890614683228968
137;0.27751571833031313;0.18145424088022472;9.918034080147779
138;0.2455861215853814;-0.14625555446855054;9.738889646184889
139;0.21917200639212872;0.3811105932233476;9.782084165562523
140;0.23592264673455077;0.008267014076273865;9.914433473326115
141;0.154656719152221;-0.0028261012055401102;9.845423006526646
142;0.23803542675653538;-0.10351004622325946;9.963391406757909
143;0.06665700301521033;0.15275270497084315;9.891377052600664
144;0.37992680555256503;0.06207589971190704;9.902769194242783
145;-0.02906623743823529;-0.01467955113694272;10.050083137927336
146;0.16844336172041868;0.0812611280683212;9.915082338630166
147;-0.02610772224064209;-0.06385564568680334;9.804362500213209
148;0.01879903192884287;0.22399575512590814;9.791038229804506
149;0.1477743157846679;0.15750026675960171;10.07245127010243
150;0.1858070344983798;-0.08079891034945277;9.83367533292484
151;0.08651750591041624;0.08031774536151445;9.987677263366342
152;0.25032409499238395;0.1869884719776618;9.792879953756048
153;0.07286638665968485;0.12556405847089164;9.80292268471754
154;0.19728690870217783;0.025272694470171775;10.075798634161078
155;0.11300764137228303;0.19281099841560512;9.961310846712681
156;0.2666955545271164;0.08707830390337432;9.872722926370193
157;0.3101885922106661;0.16830481440055067;9.89077191524585
158;0.28561991826750843;0.20180420390773568;9.946631841407447
159;0.12031161030133064;0.2637365332318232;9.884203691406661
160;0.2105152970324896;0.4339941545615764;9.660737399369983
161;0.2867414584346343;0.23773775433784075;9.938407883461297
162;0.014672911221437324;0.11518867908366812;9.986405733292035
163;0.4057669165642107;0.31431400151134536;10.330432380566021
164;1.175441651526972;-0.335621517761891;10.584933708631127
165;-0.7836418934021935;0.8160124380401403;9.825075407048752
166;-0.04563636319653275;0.6583039594282514;9.547921986832822
167;1.1224315582597324;-0.08279128896481144;9.212441685079154
168;-0.30351598666630425;0.45638868650219416;9.771625227817188
169;0.4074673356966451;-0.24438949650729352;10.6546466359288
170;0.5324702430942119;0.12130339288208197;9.541828363416066
171;-0.2480110937212167;0.39392489292649957;9.570781243412343
172;-0.07777666740947234;0.18928184226727443;9.805280078388625
173;0.3780245734903179;0.1901405206900022;9.815958048218764
174;0.06363352607890221;-0.04479337542526046;10.477521883821588
175;-0.35793834931034596;0.21358318200538526;10.121785009524498
176;0.5016549719460265;0.11792992599579064;9.731774337816983
177;0.16800038411930976;0.08924194663522822;9.859804420956513
178;-0.04058455312705028;0.2618894208338133;9.947777322287493
179;0.6005063791370254;0.06424428673230043;10.202160262918836
180;-0.005308267343594074;0.29243361116342514;9.964301137801536
181;-0.1869899365306103;0.2596751871283518;9.658569360368116
182;0.5458695138589998;0.10824324678929875;9.634032817861902
183;0.10087007536036013;0.08994732048698637;9.770008938533788
184;-0.11179114189223274;-0.014155977427118716;10.099155521696243
185;0.4754455864106217;0.161243459228662;9.886926859310254
186;0.06106542072468982;-0.06217055225673679;9.775115678938288
187;0.10150719082932547;0.08615180942572641;9.969745925137406
188;0.4358773755976952;0.3208296083498942;9.885713051369107
189;0.10367520302653266;0.17706469519767115;9.91837827352685
190;-0.008995628707945041;0.17671671846232784;10.029776242700635
191;0.32114093218791256;0.23840100348302395;9.849360662905386
192;0.248601665254242;0.34442644620285157;9.899418736487359
193;0.26734782807443724;-0.0019920174451901612;9.928379371327557
194;0.2690766221582153;0.19436998326504673;9.887430085944896
195;0.21498508092954144;0.25683988881757247;9.95576512078418
196;-0.15435116469696253;0.3690970647760379;9.787266546932354
197;0.3732577022527719;0.15048888351221915;9.888838846102015
198;0.31324063953875325;0.14179264405311812;9.60431048500018
199;-0.004186225201130246;0.20356482914504018;9.922556096212412
200;0.190897185092109;0.15618434526856753;9.766751943169073
201;0.2192584603054678;0.02027524515755151;10.09822972861784
202;-0.10354440218164981;0.2724392781702548;9.96780943723192
203;0.15621807527647652;0.12083306200196106;10.023873873559486
204;-0.009493901376303321;0.11219441480526426;9.967688055838744
205;-0.02881190702989063;0.0879636457974292;10.091786812666285
206;0.11430688919704748;0.09116633337830611;9.978754902035634
207;0.06003984023126374;0.21353298252699007;10.004008124105724
208;0.20701047764381594;0.15908603096837606;10.049438603790122
209;0.060435261442416566;-0.014526508438519936;9.781387156567222
210;0.23912602103114214;0.017564718973282434;9.938398509306657
211;0.09356495960353785;0.14730100647560673;9.872342767930283
212;0.360062746592955;0.006374071445774454;9.86700820410063
213;0.21201717604000506;0.28280321287177645;9.858927750065902
214;0.21813396734315568;0.17098583354430275;9.80858505889821
215;0.14113000770783427;0.15110537402162408;9.73732605262055
216;0.4186512967135705;-0.12477442508126035;9.864165131503311
217;0.13221950487493284;0.09309022222565858;9.981570669415113
218;0.1984628665150512;0.29455913478943374;9.81560778362938
219;0.26579961993353574;0.4154761128354132;10.038899326098907
220;0.1618351522146057;0.15311828239616498;9.674912061112824
221;0.07766014725911738;0.16051650750569896;9.849279810632222
222;0.24471604583153092;0.39177908213672485;9.8007450051984
223;0.022868993152051223;0.04316325757749599;9.938375821736255
224;0.24193944772925058;0.27878257736133183;9.890823972754598
225;0.18423031914906224;0.214721576495222;9.911351863656096
226;0.08365880843930579;0.23250449276548416;10.004975440976992
227;-0.006781757340738881;0.01294868594271087;9.933344956508014
228;0.05723609015366042;0.07313259200760988;9.925627815300832
229;0.08760976014780394;0.34985576213960257;9.827018703755694
230;0.064636655973602;0.14300883550912996;9.996864182978499
231;-0.012279820417848697;0.13472963976630095;9.682604497250068
232;0.09623910710566226;0.1063302927678609;9.803282075658055
233;-0.03648595261897475;0.17572484339241193;9.854372668955822
234;0.3221711998535308;0.24417763419818567;9.94182760701033
235;0.2237153528167063;0.17600388987836968;9.719779846559081
236;0.12958367265674497;0.3151641521359343;10.00748598954866
237;0.2530259552743385;0.13753042518253394;9.889490028861195
238;0.2760612743181855;0.08624425513106501;9.744925241134261
239;0.06326086309513304;0.12088966666760032;9.909913967024247
240;0.17915493325826234;0.16659363300716956;9.846527509220083
241;0.020622227028006618;0.13443110258228125;9.950499716468476
242;0.0025220529912600986;0.313637245089158;9.901960108987542
243;0.06868608407564174;0.07797380740374106;9.81887817058332
244;0.2852192470458842;0.27076249450483786;9.746497839710326
245;0.10400143583391544;0.25231025639629673;9.898779154681314
246;0.3619610694498392;0.10457507748876023;9.776943434644421
247;-0.007912737531109021;0.27095687227382265;9.973221970524566
248;0.2424837039311993;0.1122433661645786;10.083621479167613
249;0.12711330872853957;0.2716068543811768;9.8058528277408
250;0.3255011221748155;0.10836379102702881;10.005247703442448
251;0.20756983190626227;0.10308295392483302;9.871575646467505
252;0.05240428101105113;0.07865115466710713;9.788193821661457
253;0.08618507898665452;0.2487336198335486;9.847723826351379
254;0.04896512068826392;0.17087376914212962;9.860428329089762
255;-0.009825945013673593;0.1879758715504833;9.766210957317302
256;0.26719302845282356;0.0877428576830242;9.706321140927287
257;0.11246571560867116;0.10273483041792686;9.837249601458751
258;0.2612260438002946;0.09869438167640882;9.834438212553714
259;0.11903702925530114;0.3791250836810796;9.830882469843258
260;0.22650195030268966;0.1848305188156782;10.021325970751512
261;0.21184259927291252;-0.028178290801048236;10.014483413347483
262;0.09124725205141176;-0.03934049488734909;9.827058993684105
263;0.3090302566330727;0.055394515032689884;9.926122910728505
264;0.13342163605375026;0.18299130404496108;9.920389172256575
265;0.2810255510366383;0.18479359357428907;10.088836463347796
266;0.17145297676261836;0.3123795782674938;9.913003893364202
267;-0.01599001884572923;0.3865164379603033;9.786015139887617
268;0.09586954226314638;-0.05649658950732153;9.952754428130826
269;0.30462400544048396;0.32716886097473963;9.809715658110818
270;0.18918589503476035;0.10073334694067045;9.786327789478023
271;0.2646237891926937;0.16249768919651478;10.029718294329768
272;0.20697502990954297;0.23128501575875496;9.991892389135174
273;0.09859251374754578;0.021683257415688953;9.872779944032814
274;0.33556213319046546;0.273584885042201;9.887795440477612
275;0.08401628353436631;0.10879592491555505;9.849588921668614
276;0.07682624135158858;0.21712097825817128;9.96584945785106
277;0.27515349837494874;0.27748306952128343;10.019334193197125
278;0.19759208232133654;0.030664318897009768;9.83931747985364
279;0.06238818992663009;0.340240421245092;9.950344084081827
280;0.039674066350003215;0.22342542776772756;9.823957284779432
281;-0.23052501828340524;-0.011510830130443184;9.779969422287284
282;0.23493978806944946;0.20520981110582698;9.76862267958699
283;0.17525042193347998;0.058861646196938545;9.580728580107005
284;-0.018519019761167516;0.21846931457272425;9.739122568789947
285;0.004225833861481398;0.12667102077501347;9.618558271249999
286;0.11824558139479344;0.1968738512626021;9.942170533014886
287;0.23453632537906594;0.14647545600796114;9.844930958542792
288;0.09374153600482879;0.2093763199956194;10.008256913433172
289;0.13754932239699938;0.13829990870233186;9.96415178933771
290;0.17620911508252807;0.012304590100891438;9.648030654543913
291;0.2606490096047539;0.3235111424511946;9.911741689020229
292;0.143035515363968;-0.15919658623024133;9.860226343351949
293;0.17451063172037765;0.3277439612090659;9.789331125979297
294;0.33079332652481436;0.14799783153952042;9.85997115712572
295;0.1802768537097782;0.20959234235938423;9.955313329922031
296;0.3432380768240237;0.03875738904082099;9.770744270026706
297;0.11082789157009887;0.30700792043993497;10.030964458105792
298;0.13211684201020885;0.23348591501873472;9.813250958762469
299;0.23673085072474556;0.045670651586663086;9.911007522724278
300;0.21883818778200093;0.14659191769650035;9.683284295242414
301;0.17250762783035045;0.19284538939281742;9.879101796730437
302;0.35575230308667427;0.3048158167904992;9.748343281255275
303;0.2093829153055497;0.15776274629354753;9.910635136495284
304;0.16906999263212025;0.028522941289904097;9.847007285470086
305;0.11204386831388524;0.07618404398218936;9.88749977606561
306;0.16006965441373433;0.3176196850652079;9.710724625738553
307;0.16903593006089734;0.27421155124543606;9.94841279954119
308;0.01320092103707654;0.1581223296354381;9.910680428773668
309;0.34399784185712434;0.022954267745462803;9.761526281119364
310;0.17697853917814182;0.11588080459260601;9.766448009215623
311;0.2556061281449106;0.06920217083690872;9.711527734568582
312;0.1713954065660104;0.15839983106349972;10.00931375765992
313;0.288423471818419;0.19345059218191923;9.728026877950093
314;0.16102094785360205;0.3396668228556744;9.974696838363364
315;0.06367472919633785;0.017274903233610306;9.722473827889475
316;0.2556774255492024;0.20710714768173782;9.809503395189502
317;0.19804242461838084;0.04780925783415117;9.781875295615418
318;0.1333493858473231;0.164793221075584;9.909835843501384
319;0.2391052361945444;0.09696085969207605;9.974551720989467
320;0.22216837190780464;0.17126255284067377;9.950977428943427
321;0.21385738752039107;0.1759380365877054;9.939714406354247
322;0.027705497961102027;0.12444742677982792;9.916513815389928
323;0.1530529374402477;-0.023422213048366558;9.794292637555857
324;0.1270622756442677;0.19373640518688212;9.797668704630835
325;0.14385734151867555;0.09747548220540328;9.912808198733842
326;0.24965579648027378;0.17017996989864714;9.884831034717331
327;0.030843056115903572;0.1958807827767691;9.94365909406666
328;0.1464141279593775;0.11928207528099168;9.773922538558166
329;0.23679630367470636;0.14433184731773024;9.889999227222395
330;0.07629787545871586;0.22928610583563497;9.8772557918343
331;0.17983291058644704;0.21474807400271448;9.935986354319725
332;0.16640191172328578;0.11932110260748034;9.986811741811541
333;-0.0024994125406886947;0.20500233190953426;10.007281861709757
334;0.08115993354161546;0.22886139002308756;10.216613484124295
335;0.024329225452617426;0.32344786656946034;9.999180066163612
336;0.058352732698568804;0.3157533312400971;10.314583097483611
337;0.06626689578020913;0.30768160142617595;10.139990615603516
338;-0.10521461148448727;0.3577311614333138;10.26072463074827
339;-0.05626581848980377;0.19001537745469013;10.26217819813672
340;-0.3011112950125344;0.4399898973482519;10.338126018515046
341;-0.14057847230190978;0.6137393800039089;10.176731904705763
342;-0.22060697169483673;0.5192322276016419;9.890087784738867
343;-0.2399661071962892;0.7403095550043822;9.810646416336521
344;-0.24769503590692296;0.9633134946923122;9.830450336705809
345;-0.22560463779263354;1.0704062777807553;9.75952941985297
346;-0.15305446228321895;1.0053605142462303;10.049593893819731
347;0.19725867205039305;1.0990917600853598;10.003465442415838
348;0.06296544327912135;1.1459267174117012;9.473206832324173
349;0.43252810632994027;1.657288570184677;9.554278485410062
350;0.39359858170615464;1.6873638551663992;10.006740120987388
351;0.19820617124101703;1.7737554883291518;9.900676353304542
352;0.8121992852253662;1.91984591809848;9.848598850472229
353;1.0011357559382903;1.5565267696703704;9.95764168879501
354;0.5824034961621447;2.0748774789612083;10.039641688867983
355;0.6007485991055547;2.165457872434242;10.035412151911613
356;0.9036024854342671;2.2509169003135954;9.941519324889756
357;0.3863164841231899;2.2962099003700596;10.04161681385559
358;0.42308352863848736;2.37521039851528;9.90346755728151
359;0.5937157948033123;2.431854819239795;9.871494888651448
360;-0.0682321728670143;2.446279703483001;9.963327365772656
361;0.15271683852646656;2.3442842919986666;9.837311480825845
362;0.34692536390199086;2.6946111436200395;9.650066302019928
363;0.03271409692526801;2.3777553698178857;9.689759821167362
364;-0.4254421982658953;2.345602346649908;9.755882299649105
365;-0.015224477577233149;2.4567056614601595;9.642213973553611
366;-0.10665377090257394;2.30776463797202;9.712807234579255
367;-0.37048108515503964;2.306349869249777;9.810194319688199
368;0.1322764051841815;2.343076352580593;9.615442790107952
369;0.05964260340695208;2.4134582510281;9.635038562062313
370;-0.6188655702748139;2.5315582714064067;9.576097624316217
371;0.09027760843251319;2.3178313527794554;9.395271290093854
372;0.6231250760612395;2.3287290734853427;9.61672666425435
373;-0.017360841793899934;2.473653951272636;9.715309097419077
374;-0.032857827606092356;2.2518287129654815;9.650781858119974
375;-0.00263333945210828;2.0897990889859814;9.512122158217009
376;-0.4119938894606235;1.95478590132005;10.002117634827233
377;0.02212880900575828;1.7062049581451173;9.988917908106975
378;0.11051921710110088;1.6743600169595845;10.16555570164933
379;-0.18366040431763242;1.244857898824698;10.566694773175845
380;0.2755452848606429;1.3646601930247353;10.509166735920225
381;0.707440085596745;1.1706978938758326;10.560906766722857
382;0.7682170289446671;1.061226569150601;10.934227050018832
383;0.31181115655551694;1.1676849641749627;10.708645531923725
384;0.6539062899297747;0.9033079590123859;10.087057583199995
385;0.1199746204613086;0.9607096378096724;10.022387651803077
386;-0.5475027526378794;0.8513408779782138;9.659755369238274
387;-0.012917551727650259;0.752747136056785;9.211698293929473
388;0.2140545174207944;0.7894015660269633;9.496683007783412
389;-0.2812594471882205;0.7024937020855688;9.605021800502339
390;0.5215491520853536;0.4996002797896466;9.729760268261089
391;0.2913537078245059;0.43130115874235375;9.50769002682643
392;-0.12405004331338461;0.6773209023836297;9.705638314914358
393;0.7402930381373855;0.36351756171690075;10.284685146914311
394;0.7356576069567171;0.4546230808072274;10.009746767460307
395;-0.2935898280112723;0.7577858896703058;10.526171317345241
396;-0.062151570598743155;0.44451525087604116;9.723328900148042
397;0.2040002384308971;0.3357090944621226;9.680154311123497
398;-0.9468580734350626;0.5169526446042341;10.178741753729419
399;-0.001839715791860208;0.6225992207871001;9.681345355330281
400;0.2894293540901611;0.5581159108680668;9.936579637964476
401;-0.7675236294005019;0.645926322310222;10.303719411849098
402;0.6168167956146005;0.5024865928196208;10.101177246620363
403;0.7552619383619612;0.29901490357718025;10.82001516452584
404;-0.399613561803524;0.6529171135886186;10.160875603279047
405;0.4157511275493727;0.4448416611881372;10.453484276865078
406;-0.03243132398033838;0.11881138885984566;9.68129275875824
407;-0.8100349079708371;0.24661683670899934;9.527263076529783
408;0.24190870690949579;0.19477935515236072;9.725215277495089
409;0.10075361183536999;0.4516988254949138;9.734175448103281
410;0.3320653358244242;0.5257964957425935;9.827802422286721
411;0.7279290488613839;0.5815334625198487;9.611066538667856
412;0.0869828501519745;0.8964634619191683;9.736607828902503
413;0.16603229617398912;1.144470218889513;9.645006263778363
414;0.35989620196483024;0.9679649304454833;9.48272383393834
415;-0.7158491250985526;0.966630140383991;9.663436283217784
416;0.2112576731799628;1.4372013016992415;9.796527526441476
417;0.9164246563136842;1.3103159744580257;10.27224225683138
418;0.6740891569021036;1.0960792859487865;11.325328476742817
419;0.49903099302901943;1.1124218165404285;11.033760565327215
420;0.23395197562879144;0.8448237591231291;11.808946605682143
421;0.6305154844781926;0.8359268498142949;10.291413930117725
422;0.5062255278813002;0.6425342724375822;10.897459097445495
423;-0.8058649051503319;1.1539219351579508;10.398686356311426
424;0.4034049455923839;0.8286254663921728;9.846578088568391
425;0.24757550413096868;0.5696616002267081;10.439837169419656
426;-0.892040010452672;1.224517086179484;9.730378912799381
427;0.49808920413049435;0.5242194427304248;9.473703106430827
428;-0.6688659865595105;0.9156645293743993;10.02659519324126
429;-0.44015983812946247;1.5477914262450552;9.71757796476667
430;2.3475551358956888;0.29595263429778834;9.950900612049765
431;0.30066789873116445;1.4349853037065032;10.659832517674536
432;-0.4637579067194988;1.4468992837991341;10.127532674009649
433;0.8815911676450123;1.202268956794821;8.519025776339713
434;-0.9171041473337374;2.343333180939211;8.654392340601424
435;-1.1597184670403182;2.3314550865333907;8.667469383581892
436;0.24938383879077042;1.898530787501554;8.983925388614287
437;-0.15828911411095048;1.816368863485304;8.355396962292911
438;-0.40513419582647164;1.905510277852454;10.73794477096938
439;1.124104957554875;1.2189231284130515;9.337233173578298
440;0.38123667139858985;0.992978042399467;10.689330129305336
441;-0.3292653757639997;1.4707936733715048;10.883063012804005
442;1.324263945454626;1.1256233904231943;9.416115292768358
443;0.13358887016608428;1.1475903752963277;11.16173130229831
444;-0.5441233556608777;2.149033773971287;9.606880389801825
445;1.4214121481663107;1.4569757905583827;9.962959452651576
446;0.13298408124744934;2.002303484351738;10.521089536098811
447;0.2289533400641014;2.161877932309823;9.781976955912958
448;2.3634855492976037;0.621950283633322;10.606493959346535
449;-2.2405469327224425;1.7416394502280774;11.53205678473546
450;-0.11730747883882069;0.9774288552216273;9.838674068409745
451;1.3965041956019983;0.41173816523534196;9.679025785647521
452;-2.2252642801529694;1.821536017177471;9.508351563409141
453;0.06655261080943964;1.0358179002889698;9.551299250049059
454;1.3102168373659862;0.5216844618406626;9.684682945361832
455;-1.633155197129142;1.2948344083856524;9.697812454113473
456;0.30515164639761094;1.685564373512611;9.049094671244985
457;1.5409626858107242;1.6420087802500083;8.900404250950247
458;-0.7693641762221208;1.9226752612283582;9.756102452892161
459;0.46210456570273417;0.8299077962031762;10.180549470950233
460;-0.0985591130925873;0.8890413378445805;11.183114481894474
461;-1.3032926816942594;1.545791589218549;9.418254596389598
462;0.4925448157211336;1.1766767431166358;8.432006348823627
463;0.295418481348865;1.2119156831508548;9.174404130255882
464;-0.266669463061351;1.4260756159960626;8.835504384341377
465;1.1186321751707995;0.2635199664286748;11.176083132770348
466;-0.5576394616552475;1.30407929186876;10.785480148085389
467;0.34943841997237474;1.8233440573233701;9.989463316183176
468;0.852226907167888;1.2498341811216973;9.033464160856788
469;-0.961455998341011;2.0851511630512842;9.697093257276958
470;0.8455693382051281;1.6391905172680268;10.544009849304128
471;1.9121133002537891;0.7370628906296156;10.366011956500731
472;-1.5543275284454707;0.7387881188407313;11.891423026437593
473;-0.6514140002848927;0.7276189280223022;10.616714803191705
474;1.332792654029041;0.06382318678899175;10.259486441681839
475;-3.0933384096237364;0.5901808384770514;11.179229559608183
476;-1.3541985900800237;1.0739944692466465;10.177633838447777
477;3.6216520967150267;0.17619273232810334;9.675085635157975
478;-0.17323325103972922;1.166510711103472;11.573868488606324
479;-0.48055331315727146;1.5218554117611798;10.653011760621396
480;3.905966461393785;0.23690963262785064;9.847957968660209
481;0.013883721721863126;0.6008296595975433;10.703344766525616
482;-2.5142894906994484;1.6893470074685037;8.77187630005022
483;2.558378566217858;-0.3653605751643786;8.350888740118055
484;-2.648742032051226;0.8231866031294318;9.177960468924663
485;-2.8935870542501974;1.4464609059063374;9.639682106361523
486;2.569953652667414;0.5767485981802903;9.461995118383566
487;0.4064724276854521;2.155524302736314;9.251589312885216
488;0.1290332733546646;2.214314800214741;10.309076922149705
489;5.457269006101782;1.0589770358448953;10.587044014176602
490;3.4819209900596895;1.3437310974646386;11.07701933751257
491;-3.0328808116001684;1.2273720510043913;12.310513688874368
492;-0.4779107974906191;1.4107130133321282;6.989439256301784
493;0.6977074664840275;-0.06690057680719404;7.511654059640058
494;-4.7627997023088815;1.171026433038552;11.364711298989423
495;-0.7796485698788526;1.6197208598656527;11.142362536629172
496;3.9388415012078077;-0.5606875499093037;10.884048230516294
497;-1.818586210008706;1.6955202296637752;12.081602621556467
498;1.175821252719229;2.4879684308137766;10.02983985578074
499;5.033340123182988;-0.5272594414498338;9.620026987547146
500;-3.920808601361007;2.7433371934489488;10.97275879685135
501;0.4454313606884124;1.3852561421274039;7.8105130430880525
502;2.7450154826802837;-0.22298002105922432;7.478131065146263
503;-5.031992160979461;3.003629699809172;9.823424368102911
504;0.8582392356068348;1.9124873570238512;9.20787849761337
505;4.252002977937113;0.11234341576396872;11.0629439013018
506;-3.683679389881385;2.1513343737006587;12.122592083721853
507;0.8066870005475664;1.216553230821938;10.620855177724538
508;5.22225763805523;-0.2969970639314739;9.962072505724677
509;-4.213055179488869;1.8796356154990093;11.022151875881777
510;0.11990862062329305;0.6768925325310177;9.758007578564516
511;1.8508097561583612;0.1753198294132699;8.947413398714595
512;-3.6733028198399915;2.2917042482338297;9.6501556845738
513;-0.26776755757487714;1.318453411635064;9.765621351640613
514;3.0117718269334715;1.0148128902366882;9.137722546574407
515;-0.4069978100343709;2.5467337490768522;10.03428933293989
516;0.5262586137024469;0.9810574835070316;9.02797311915914
517;1.3211975632460513;1.1301712528691323;9.583341293986201
518;-1.7378894710348443;1.6999495456819482;9.842088935499476
519;-0.8654682554050264;2.013142448272681;9.748964520912555
520;1.6330335948442591;1.4178407040475753;7.558807060112145
521;-0.4269844543299207;1.622751411997474;10.453738905907846
522;-0.5461549576654947;1.2889150495077561;11.365982571420524
523;2.840873584935558;0.27006154170756164;10.687450158040656
524;0.518062611904403;0.009814680302111467;12.174794154241873
525;-0.6864955214931872;0.5232975928898113;9.258424065813799
526;1.3408090181570376;0.19482873384877747;9.618906081172858
527;-2.4138262546128075;1.0765049995750489;9.52709665595429
528;-2.7434347883572574;1.6325445051499192;9.48206007845845
529;1.4379459523864535;0.6564355018630372;10.569459474331445
530;0.2593327887648105;1.3078707432053058;10.433457210071982
531;-0.00038529464112638245;1.2379919958540813;9.439782825501965
532;1.581804167538012;1.2345400887844011;10.99143071321152
533;1.385462433809409;1.858972575398726;6.736127499374434
534;-0.3781443338533215;1.8686433710028036;9.595283497577004
535;-2.2033939485845506;2.8815853201519466;9.129478186531623
536;1.919530765482486;0.7914968496159669;8.23559006549361
537;1.6103569535523097;0.5414177744403941;12.759251772504927
538;-2.7118464575651235;0.4535765077117598;12.28770281421636
539;1.4737404378805214;0.8231845146531612;9.888380394105589
540;2.0337151622754863;-0.11342413486600197;9.505856432396074
541;-4.3231382690569475;2.087542943807022;10.181833300750895
542;2.401703382162902;0.733008372283573;9.868650503619554
543;0.9853379439289018;-0.07378570013100202;11.227568890301075
544;-3.786750456624601;1.6890463695649676;12.250610141580236
545;2.363110988162198;0.6509418853817407;9.859892235334634
546;2.241728119910215;0.22067831065591773;7.045883772572693
547;-3.9650798121323536;2.4833797363257157;8.251230645423595
548;0.3783269401135243;2.6387888678882154;10.42238875107173
549;3.8959664318575973;-0.2809126202627539;7.965309495656139
550;-1.7244033985681415;0.42031661080263416;12.158634425689359
551;0.7902386163267971;1.028548580551149;10.847899272681204
552;1.493310207489372;-1.0820720246670377;8.49053970930308
553;-2.8915366137590675;2.401549886987048;9.913020845659986
554;0.3649962168817073;1.6711269621644305;8.479097868816341
555;2.347185815429516;-0.48123543879381403;8.952909086808283
556;-2.402728448618956;1.9066273277929051;12.570455843456656
557;0.3313404575304049;0.13886758703136545;10.507050846118162
558;1.9940302931190097;-0.20480089804952728;10.35448968702139
559;-3.697396879838097;2.3686063678664127;9.034279475426372
560;1.106171619920421;0.5176256721576622;8.60556263852175
561;1.5425779848219607;1.016628860252392;9.873949898961445
562;-2.677443193717986;2.2115750840224395;10.868893280642064
563;2.7102166324609254;0.8103735380675013;11.820382934304275
564;4.557956089986525;-0.026428649156190923;10.212067836551743
565;-3.913069446364067;0.7246058682629586;12.370847741227411
566;-2.7493715093232356;1.21021427727482;9.615443192434565
567;3.983155175693676;0.5844240864450576;8.538570978090943
568;-2.579496194482309;1.892016451994888;10.362796739883876
569;-1.7714175010860687;1.6852712213969399;10.336248012503141
570;3.9905380815080784;-0.6369240326313815;11.214143159326722
571;-0.8403571151867857;0.049147324772796985;11.42478254461262
572;-2.9701312024491604;1.2912079380256132;10.896731252006614
573;3.158585569286661;1.045031562660974;7.215257927862613
574;0.628144458677932;2.452171739561677;8.87909237481084
575;-2.520628549852558;1.0935531834295313;7.657428752521587
576;2.833428939343338;-1.2487930103211575;9.172899282167469
577;-0.8369886104662233;1.9273583706703619;12.304004794931918
578;-1.6142278198773956;2.0489996015148684;7.930404752286531
579;2.8108373231848507;0.4757673874223667;7.45080229489164
580;0.012625218102228566;2.326805346830369;8.799664220944784
581;-1.223543453565199;1.0946018172555478;10.776451309470394
582;0.3140685283723147;0.911755135133221;9.273587900975574
583;-0.02047387622038234;1.3362245733609834;9.031185746755781
584;-0.4769711953712568;1.784963299235274;9.80686585017817
585;1.6662217126194883;0.4814227285407239;6.981413805613235
586;0.18908520154764374;2.050557744147103;10.098632195533408
587;-0.7803219227100239;1.4447944451016945;11.154742247145043
588;1.0257346121844744;-0.15054476228979582;9.375960490090078
589;-0.564157206114401;1.496301318006962;12.217516335443662
590;-0.8269938768331015;2.2832305880274903;10.656973773953451
591;2.432442493521089;0.33435545102625763;7.497282521282011
592;-0.48918360222894314;1.3982891395942314;12.960123844808843
593;-2.150677370231787;1.4621830583864481;10.33544149531134
594;0.30482546857041926;0.8814887446859873;9.234606473457777
595;-1.5398832719096203;2.8871024760545803;7.308105785746013
596;2.019241378759157;3.483591439964533;7.217305619205337
597;5.172611481128184;0.12759014539655603;12.186164819573401
598;0.1574717440165496;0.9835712509985215;12.41628240063548
599;-0.9973506990659791;0.938507942306931;12.89425881402874
600;0.6810083088161819;2.1684800333567216;8.911888306033653
601;0.17593379562088007;1.63451940041783;7.58576374172241
602;-0.3116850340973176;0.5597941420717315;10.710821267510456
603;0.21584625776722055;-0.18434715944162533;11.866086365791487
604;-1.7992287465938759;-0.3164285829776022;14.335742989539389
605;-3.0835751256175365;0.2633525124515385;10.981072912079394
606;0.10789408277221241;0.2183864768191381;10.204744274938815
607;3.428329233835411;-1.9000030986701804;12.834235368606738
608;1.1668929327096442;-4.755128165437863;20.973154275849303
609;-0.2218351056800929;-4.42223406109494;23.494975409422963
610;3.0762184325854793;-5.8420121855897325;22.5347154115481
611;-0.9437231431781888;-4.832716916338847;20.50849554899713
612;-2.1130401716095757;-4.153655395422621;17.344585025562875
613;2.1544434181531633;-2.8378567747237042;19.38486828507515
614;0.7535001528629517;-6.179317503517183;16.78377146919099
615;-4.854269297800306;-4.843935019823167;18.881526770116366
616;-1.0287577693436545;-2.082612362789659;16.803764105664772
617;4.805563088125101;-2.7075399938970546;11.771421338721373
618;1.4168440293676736;-1.8512033284771652;11.320555069822362
619;-0.448837679537771;-0.9209096366753939;14.379990757433752
620;3.274848912855144;-1.720189619796734;8.988299056837338
621;-0.31738937860484556;-1.0985026581550779;7.938152835634512
622;-5.523765621952842;1.8916884006537429;4.636438518480147
623;-3.38585412931615;2.6918977972513765;-3.235198151759215
624;0.1925939877997207;0.33967411679426407;3.2035156287055346
625;6.867477662602201;-0.2909011768856746;1.6946351112672535
626;-3.747188205957842;2.4067727727268244;12.907507994692761
627;-6.084195354812473;7.566745431111174;-4.707898351867408
628;12.656861477692452;-1.0186382671748033;-6.964326762609513
629;-4.463282421799067;1.9626758640965638;13.664577181639018
630;-7.045233940304727;5.2677786572303855;6.906291834381952
631;10.424171595171144;-2.6203948249797837;1.8568918665467504
632;-0.5807566972840557;2.1691374141155433;0.03217911579227688
633;-7.104411823450687;4.6438748851091605;3.3501004611064316
634;7.1790207987311865;-2.583931431515344;7.826229813512944
635;2.228282744831425;0.5332464712942906;10.603834319595723
636;-4.326152908299885;2.6561998436164562;8.149845778642169
637;4.490313293756344;-0.7895867883418022;3.878340545723759
638;1.8387247842446106;2.5341701371658583;4.809297788218227
639;-2.3091730997845312;1.2022783854258439;12.144121287352261
640;-0.021080773583473558;0.017349672103173397;13.742141406274493
641;2.260105949999256;1.6644753263208607;11.774443027118256
642;0.7454687563072265;1.0164883530384214;10.289677752269878
643;-1.6880478879204548;3.6721822528438675;12.006732773280902
644;0.5729243678284511;2.2019847658083727;12.88989707994731
645;1.3302752117637375;2.198834703892359;13.469411831538162
646;-1.1264690235528956;3.221478380560549;11.143567953472713
647;-0.7483801563096937;2.67787612605558;10.608344737198646
648;-0.533367947090724;2.9775182722651623;6.822817268416004
649;-3.8005319752949265;2.9005938577770647;7.7324236232245065
650;-3.8960341302671315;4.988646636315814;8.201248728133143
651;0.20491449505646267;3.6332884800446292;5.846548138937653
652;0.5182074146288683;3.2159077063321266;6.802084826481353
653;-1.2450220310193914;4.434667771434804;9.808134589607755
654;3.121828556671385;2.1112074998790074;8.80955355357579
655;0.5930488174928201;3.7752870118921504;10.106217088354951
656;-2.7188237633797194;5.422314813580943;6.932748757840721
657;2.9060410027671266;4.021274084190518;1.2055107042957864
658;1.8396483025294141;4.406917019156001;4.559616561693167
659;-3.909148362716716;5.190140221425665;5.627655555524744
660;-0.681291967965968;3.881768603109193;3.448757642463315
661;-0.5483854017608314;4.685160937124682;3.407354794444048
662;-2.5093382805540334;6.21568330750913;4.082216345548766
663;1.7319276910762904;3.994730577752996;2.5472108023451874
664;1.0525173409716768;4.2754024503647505;4.494683811132149
665;-2.643713176166633;4.7889687728447035;6.150346870101762
666;3.4507896833663896;4.395383830830553;4.582465418998973
667;4.711942816679244;2.8052905198026137;9.906354849673349
668;-0.005855332491305362;4.945969504998551;10.286726770934644
669;2.6534807697384233;3.2950735901155666;10.409342053775742
670;-0.7015847160259637;3.182750770052516;7.124566702326158
671;-3.6367191648367414;5.855815896921447;6.082750433908666
672;3.190676882892629;4.9305998425934625;5.098408492337039
673;1.5228654078926844;2.9777044512878663;7.276863164501261
674;-2.3984465917479967;4.598282199816238;6.604704436623819
675;-0.06641461639902996;3.393030999735433;7.0075190655246375
676;-2.120788363894893;5.526261544387834;4.595355095073229
677;-2.0953741774950885;6.810025671079038;-1.4394253170509073
678;-1.8667020918633601;3.731279655539215;7.822579380092344
679;-0.7997244333288994;5.426782893426152;6.113296881545966
680;0.522465833631034;4.439605179224214;9.03955758799807
681;0.8286559740422381;6.427584398829641;2.74946053062334
682;4.226737631016056;4.9792693928038165;1.8957659555322366
683;-1.5460229175114943;5.195295735524245;9.270883115852723
684;-4.985429550467656;6.483633990641716;6.725960791281005
685;5.38422792332335;3.9496874374689215;7.75075280124883
686;2.7462716086502676;4.4395077315507265;10.868110725665264
687;-5.089670333869311;2.988101727012025;12.869784250918602
688;2.7368494511981853;-2.478319748968282;15.918562105593415
689;3.0185132721727737;-2.9345225248917846;19.02231291957929
690;-3.0690860000241518;-3.7013726036133052;30.213630545901104
691;-1.0725315782501461;-5.487676601427478;27.149583457813517
692;0.9325136245251092;-5.713801871697336;29.16697512758451
693;-5.133356646961091;-7.09629637204535;25.72654313028879
694;0.04788174452368624;-5.548015433213344;25.155201468294585
695;5.834080169396093;-8.820978429580302;23.09417569746746
696;-2.7633321191658258;-4.516770356223291;28.38831412359765
697;3.872360515763914;-1.6381284712253619;18.745227527558377
698;6.602206028259426;-4.010325961475454;11.904919058600866
699;-6.629599186794871;-1.0879533530487542;11.008500350271028
700;-0.07383907918426691;1.3444019450830538;8.932560208442888
701;7.03293401631551;-7.4921040175393685;10.042130086041135
702;-7.547091729247261;0.04019788170067072;9.774231237408818
703;0.7101811248405246;0.10826307254234496;4.534060248474453
704;7.948751934893452;-3.387852718214111;-0.342315791059863
705;-7.372160124536164;0.8861767160383743;4.042911145786001
706;-5.261102922470576;-0.5866358170769622;8.232854839727088
707;6.404560276867699;-4.2912996208830725;2.5663215121277188
708;0.4079307506871346;-1.2163932107087674;5.101401358971145
709;-6.863020800828745;-1.5537700494918494;7.952946035555234
710;3.3954046387237713;-1.8938741607888703;0.5885030420746676
711;3.4715289791157966;-5.340836865110326;3.479578790752767
712;-5.288736124155541;-2.9240071521407414;8.312352609755708
713;5.317016402769432;-3.0264922108929992;11.753645622636306
714;6.825915139730514;-6.489428889755057;7.561471009158022
715;-7.16739846914769;-2.664195256792151;8.969260467514198
716;-2.726906586092711;-2.60990055241267;8.11843379851693
717;7.657866153755391;-6.205653713951515;8.09777666887076
718;-3.3091503260991675;-5.383297800342001;13.151694947552532
719;-3.9202079716542593;-6.232628663842121;10.990198375991099
720;4.1552011875365364;-8.598851540826221;10.89438351508347
721;2.014080707866695;-7.101055634801348;12.218075732064706
722;-0.05750823522107203;-1.7613526632959642;19.46595989105858
723;4.502226353013415;-2.6761895398031865;8.716989033998843
724;1.9698628644191416;-3.8441097586851045;8.051270845693686
725;-7.076129520229962;-6.001951107067174;9.84020153216711
726;-2.952371595017826;-7.461952499832242;8.509445270239524
727;4.662040475059302;-10.351639119179953;13.548928739516576
728;-6.082587704773751;-7.313949220026595;13.926267316753467
729;-0.38607468091573216;-6.230716293319992;11.171065145496781
730;4.357385908889249;-10.252061308051243;8.823788211419217
731;3.2125650602470794;-28.097407401478367;-1.3737737573237256
732;10.404168693373489;-11.660006448758228;19.0432457210557
733;0.9317724931473613;-11.83448868843758;16.49694707347355
734;-3.5817806380543926;-8.642236406136686;16.09254573434092
735;1.4684856358027705;-7.157505272365914;7.534240324503985
736;-1.1423994256066703;-6.0220610777784875;3.3173948696301196
737;3.4171763954690904;-5.19397105604458;7.175487770234032
738;-0.18507726086590745;-7.055732213715738;10.085548538239145
739;-1.8829810552881017;-6.177615893776459;13.476848052322842
740;-0.7059275080297319;-5.9327212319998175;8.952988639435972
741;0.9535588732556208;-4.471043207247009;7.720652419805542
742;2.9841580505596483;-4.69023032835453;5.657566680100709
743;-0.06154347069179111;-3.8003105223337785;9.62558957824198
744;2.3245742464904398;-4.743354118806999;8.345720802272648
745;0.6241419468659343;-3.366541672309323;8.797163046682742
746;-2.376212442892654;-2.755648960611232;6.285905577054254
747;1.0106292213594865;-1.4983993343120918;6.448587858172353
748;-2.1301720660224652;-1.6579437368862977;5.975714503343815
749;-2.742946296225133;-1.0310098036801758;9.709560470908263
750;0.32105228689840204;-0.9451016829096055;9.877834808561138
751;1.5923633903016603;0.030164690654221;11.077383829500867
752;-0.49247415897281044;1.0792194576186307;13.144742554637704
753;4.670193492787068;1.0734476392379317;12.565774194816932
754;5.463430303045183;4.103794516759846;13.31239739143281
755;0.46188487623987845;1.7173057358772392;13.494474050552002
756;-1.1350364172369574;4.544285924454948;13.341934073324115
757;-5.43551028625333;4.623535948240137;6.188042976640963
758;-5.833592994716667;6.594634161178631;1.3010103534141007
759;-2.952762795676355;7.228652885209854;6.912716780509627
760;1.1649229532850358;5.713898731462539;9.234814575370203
761;-2.0486024650100547;3.1980149872606334;11.542151048430622
762;-0.24454594605653296;3.8187338703956915;16.24685272965507
763;5.680801324669927;4.697647844177851;10.812919265845784
764;3.565211874619745;-0.3256887145850837;10.795838622139362
765;-4.055837720951908;2.590951588887246;11.741271242482542
766;3.353886496297522;1.22157899202307;10.682915453579488
767;1.980291596959364;-1.625149522494568;12.461624562517345
768;-5.498878180267827;1.4264166878638345;9.35225216741421
769;2.6644229606225345;-3.5055557575568232;9.005963067602513
770;-2.0958302289773805;-2.2385536641982338;10.73583658746723
771;-6.05322935135844;-1.2791758279985137;10.734853467982074
772;1.4326034928812519;-1.407366409736689;11.499980003123227
773;3.056050309568442;-0.3547219840941101;6.96871297411634
774;-1.7626235108964325;-0.553342132622121;12.438448572389342
775;3.213282376453631;0.2396944576681423;9.819728667777236
776;4.201855380947964;1.6149116514817765;10.713620802324439
777;-2.7929467035867623;2.8227228746608874;6.776265971103782
778;3.0035185832468576;2.5236473547531326;5.914824253230911
779;2.3593180446368667;3.821701867620696;7.151696250840969
780;-4.937574196616157;5.226659506043931;6.631107500216147
781;-0.9925186905632442;5.811403077329039;4.814029793526279
782;2.750680959970657;5.125866905145967;7.077927095891225
783;-3.269879250874899;4.8289269632536;5.701892159602754
784;-4.6428510216583;5.017486146696515;10.600408264944878
785;1.5440951129205929;5.22334854066243;10.510035951552043
786;1.7257542099009209;5.524526215165181;9.436178631037965
787;-1.1549941791108267;4.917227492686423;13.241306284987173
788;-0.7073925376141399;4.125740934280677;8.289822786395261
789;0.44459681537627393;3.71177168417371;13.183833123680254
790;-0.5206981656669689;3.105809753171735;12.444307132857436
791;0.6517075586247887;2.7471016185557953;11.713379096395231
792;1.00270824779515;2.6378262864496826;13.40030748206913
793;-2.20081476416662;3.0273717927085877;9.394919602482393
794;-1.696485672397858;2.1277186905686807;9.254431130789381
795;-1.3943432464735586;0.9306814962607807;7.457411833149663
796;-0.35596115812845974;1.0367902141345573;10.11996017221408
797;0.27509335561578085;-0.15563152634488778;13.240508505735905
798;-0.24000131408154785;1.4691595894891891;10.700153379557284
799;0.6574143434984977;1.7372320023975047;8.957531458320043
800;0.4838997748353742;-0.08320958618933394;5.94044856174598
801;4.34635727935778;-0.012669880364398589;6.448481367693502
802;0.9939781442864905;-1.1352332276394717;12.91400402548746
803;-4.917461396917215;1.3680206323387236;11.007938619244392
804;1.317680840924824;-0.603544595328657;6.663295404062728
805;3.6279777617259796;-0.32673479616048107;7.178808504902213
806;-2.2119067086152633;1.1674445634059616;7.36725236967969
807;-0.34758272900381926;-0.00957981393234486;13.825227680312475
808;2.1729268167155995;-0.27286558813657497;12.684517902850686
809;0.25502247079028445;0.10040314411909781;7.654718856261121
810;-1.3569948288023925;1.052110839723136;9.433188737330822
811;2.70710411109373;1.566646193309668;8.223699902478137
812;2.2745393840257466;-1.5085619031040887;10.212778671692902
813;-6.071048195960732;-0.27723758518636177;16.16372444519626
814;-3.212678757914271;0.9316901825931655;8.97300806522276
815;6.087807095441696;-0.5044980113099398;8.931079430900953
816;0.5978868051683872;-0.4594040696169995;10.678854527827681
817;-2.845354647515652;-0.2550921982731305;14.117635461494242
818;2.8907405222552445;-2.634411428270527;14.891480592076194
819;-0.45075655007322196;0.5359295547485797;12.054444479344879
820;-0.38422056456531173;-0.09918140142643944;10.70697532107235
821;0.7117032119250222;-0.6520862397700965;9.028895526567286
822;-0.9085946750998706;-0.18550310689500502;10.302852925172173
823;-1.8103834408033435;-2.1495850545494566;11.170756771812792
824;-0.7272289469335831;-0.2654246440566179;11.183947894564247
825;3.3867483936506213;-0.118076060403517;7.971601975084271
826;0.8380111124513625;-0.8052827926949;9.321249272775836
827;-3.0601048044951367;0.5073961843295763;10.175346884896351
828;1.6483530909160085;-1.0179854527505725;8.629463778923576
829;0.07738781418574571;-1.837913871878203;9.08897948612061
830;-2.8560477831769524;1.0791348514285315;8.319991033520449
831;3.223278968955608;-1.8811840894581993;6.710189137950503
832;0.04354796099920723;-2.625791566608705;8.06429422603726
833;-5.4706895288941055;1.0329723115636518;10.422011479276893
834;2.3916127811494254;-2.081863450721899;9.108101822797114
835;1.3525258483013654;-2.2246731181106445;9.661407861341738
836;-2.8115265687690685;-0.6131591263619355;11.545388057861212
837;1.742083300181449;-2.5399120844927103;10.255041263713425
838;0.6469112448169492;-1.7745503295466785;9.017304634035623
839;-2.5810820826373835;-1.32128053377339;8.352292982491882
840;-0.32000494066953034;-2.11884297459606;9.659059267611982
841;0.6717180592433063;-1.2846530897385058;10.873601218944566
842;-0.04212606815235295;-2.143399356180819;8.769673109657246
843;-3.82394906866317;-2.338717105875164;9.192753934356297
844;-0.6621710240429202;-1.8690702818925904;7.506177866603926
845;4.065764261443162;-3.6010198334855494;11.662610869175081
846;0.9450375429330806;-3.6194004479133435;14.562471357840627
847;-0.2765141541933016;-2.865963184021929;12.71068998697161
848;0.1389024132498834;-3.889788285812993;12.434216921382756
849;-3.5311789573986516;-2.7427305649313296;6.891741498886737
850;-0.2401287431534404;-3.228293890476566;7.868054484497441
851;2.645528899185745;-4.761148033534875;15.943950912355088
852;-2.2504169211365466;-3.9408914913122683;15.357298695180535
853;-3.1961345262254666;-5.145428463397542;12.249163666636756
854;-2.342972553678148;-1.8991023291924898;7.107070201078656
855;1.546373024180006;-3.2654573757688494;0.9033359376286129
856;1.8941373305347133;-4.17244909458571;14.2897821976309
857;-0.32646627381778354;-4.996731477657836;17.12993460769651
858;1.6096536181968708;-2.6662931488916612;13.856224480556852
859;-0.09653740616151979;-1.9030758495842999;5.875673145243227
860;-3.638985033876514;-1.4265828446748297;2.2708165196428
861;-0.5367518685954481;-2.8125568955012032;8.918256953463045
862;1.9564700706016103;-3.3681668100052438;12.86184984268438
863;-0.5244868826361758;-2.0428382776746434;14.579154288867745
864;-0.1442179740639269;-2.0545619074840435;10.79868547778468
865;2.0040026731328626;-1.894388090972154;5.261409986319583
866;-0.7608608253987111;-2.192934336101763;7.7341528509285915
867;-3.4942682061757226;-1.3183389162818664;11.132556314841967
868;2.929439878028681;-1.7797111545142787;10.099561723155396
869;1.691158708113737;-2.695281873061672;11.521880583467743
870;-3.2857161976097338;0.541966465014259;10.207975371125375
871;3.336811968995395;-0.36615812569238204;11.066758917491637
872;3.2784255202524104;-2.3297995337900135;9.538894234630007
873;-4.8022180442118065;-0.15410447808429675;11.038400418668541
874;-0.884495102729629;-0.48988905243953706;9.22887006122821
875;1.9759175261742081;-1.429306567179154;7.82555534122982
876;-6.600091936239164;0.13077531129582823;12.145706630658399
877;0.4092016721699182;0.18312638716828455;8.383499790238476
878;6.740933863165622;-2.149060864431476;9.243573635967923
879;-2.772204780605442;0.6369956087681559;12.776193296521898
880;-2.122762733542064;0.16286234804114463;9.765496250325413
881;3.6008483628493866;-1.4553166808970774;8.270187766418326
882;-4.30872874940109;-0.11553817323350965;9.289360231380419
883;-4.227687153696332;1.4670001185341375;7.322582734732566
884;5.482574999236041;-1.2125721159923017;8.820546241799025
885;0.06006727579311046;0.6712369123923843;11.40588204203226
886;0.07533274501821921;0.16513739940485694;12.036007507577176
887;3.6836736404237196;-1.4446610376853408;10.248830106348432
888;-2.8822792120428113;0.31937921496166155;9.375846612490399
889;-3.870477488641262;-0.2729546336047131;7.4382474794996245
890;0.6904623712840718;-1.4644042070604313;9.01739552276638
891;-1.4375981001542277;0.14606019316236885;12.206350778750359
892;-0.18255389131119762;0.0027522901615260192;13.063505899450847
893;4.612120796135831;-0.6976982285266928;10.229518966152796
894;1.0613526042551429;-0.8547053378827887;10.032876872449348
895;-1.6179412561794684;0.012877171224965227;11.366249136403711
896;1.4694481683013776;-0.6538897869429892;8.124596797514945
897;-1.1537727308325096;-0.8146331143920498;9.1847970402692
898;-3.407594650669247;0.3745993757909548;9.841003690672075
899;0.8378826026563222;0.3579533133370301;9.456564488237596
900;2.2351960555864694;-0.01277285367674507;11.608226057922872
901;-0.44354566979355287;-0.16973517937555047;10.970455833012407
902;2.7085114424672145;-1.5464095871492625;11.861552978785415
903;-0.9634958049433427;-0.3174772910840908;10.006510296958366
904;-2.849724351330433;-0.5211274290740179;8.143742254453995
905;-0.22201134720775687;-1.3516458512116736;8.225945880728304
906;-1.0874433758298585;-0.6285293746284917;11.071015066200369
907;-2.254332452672757;-1.3099997957998986;10.91208873599754
908;2.832095982154506;-1.4540046185024202;10.007026628938254
909;2.7994915857272393;-0.8567535816622157;10.14986133425355
910;-1.8632960021580687;-0.8719722941058878;10.46390410804527
911;0.6691850477314762;-1.4972197814711863;7.329286757938978
912;0.38006654146651286;-2.5742132738475254;9.687543769910313
913;-4.449163349403878;-0.7114775525938756;10.511044481122294
914;-1.1888633725090476;-1.451406148661659;9.58720743711261
915;2.196244489538512;-2.075670082399402;10.516194653997752
916;0.5054082139091316;-0.6209134519219791;10.50402425236404
917;3.1920409015654765;-2.1172773973624124;10.960257568736976
918;2.205782170015137;-2.6166725579667043;11.154297485325026
919;-1.604698869877121;-1.237396459348386;10.38871881536898
920;0.4696094565691685;-3.013323877120323;8.995343045332113
921;-1.2291203997165108;-2.4401233968690046;9.208158322533254
922;-3.7759433287181285;-1.417543258900051;11.487450373723757
923;-1.1219929468823342;-2.5290930872966344;9.286625673777095
924;0.0610921134094896;-1.992005683293547;9.808991071803558
925;0.5276782589090642;-1.5230749770633856;10.431778122154899
926;2.5190149842112186;-1.861819361188429;10.968026959419438
927;2.5080596881845176;-1.5919965561704;11.129076487714006
928;0.47977053220341537;-1.806749039106711;11.217227479628544
929;-0.6479105409254919;-1.6151672835938813;9.457684836361825
930;-0.8114370319460547;-1.5897019844213907;8.037462476291767
931;-2.2056647231321134;-1.3022589082464484;8.786486482161562
932;-2.570861593759051;-1.0168530953419967;8.469824872672282
933;-0.22769872063702146;-1.7410456277064912;8.643738797798616
934;0.33234086384327266;-1.589140603476454;9.62470699280727
935;0.6323339868155395;-0.932733328277543;11.218317024380003
936;3.603071212797155;-1.268571843514532;11.427268457860903
937;1.9951522232468555;-0.8545068094650774;11.605731511117309
938;-0.7659083019183962;-0.7787576020643516;9.886904662089952
939;-0.8526347959858249;-1.0339038435558188;9.067335025360943
940;-1.5536775955817326;-1.295616346285466;8.62359887207993
941;-2.5513000529764724;-1.4516755380889443;10.206778118612405
942;-1.1653332192573858;-1.7861016836059587;10.8285264683339
943;-0.9595797261580739;-1.9858775932284953;10.558495887108277
944;-1.5627561487087125;-1.520074731861205;10.801848682333164
945;0.18368171559924;-1.4868768674681383;10.368213878922413
946;0.5058732350207407;-1.4694607164784803;10.902078872849222
947;0.4292510146113538;-0.6830560098312698;11.315641674600625
948;1.4896113221392386;-0.9060772632336186;11.055359704789366
949;0.7790893041549758;-0.9004636998694371;10.850105097171593
950;-0.847606217649787;0.033183590606277034;8.875082034503954
951;-0.4548715713222061;-0.36097926547354897;8.201258381346769
952;-1.1280622883006097;-0.08605018002366832;7.662705007405698
953;-0.7984526475175295;-0.23312094942042477;8.531644062709075
954;0.3557204063525598;-0.361765451534545;8.887090899482164
955;0.9046318545701622;-0.3064701954677519;9.176777032625727
956;0.5849700656378412;-0.5796928112002148;10.032230126236852
957;0.6783146944806832;-0.663856127554266;9.730944752295123
958;1.2352023225904696;-1.0203878991141069;9.249689823282685
959;0.1371100972506229;-1.230380083069696;10.30236324070745
960;-0.48231383559230534;-0.6935158207686761;10.084162731956827
961;0.4820919000135261;-0.6477021910437039;10.152530684520288
962;-0.6892893526484358;-0.6949371644293624;10.278408673901074
963;-0.14808632687327905;-0.6635756907197292;9.847885641779133
964;1.4172495592804528;-1.1365720502383732;10.699251902869507
965;0.7502046784273065;-0.6418794413598932;11.01077378471648
966;-0.2205564586823747;-0.8624191200433905;10.556397134290101
967;-0.7077972223992485;-0.7614789674788175;11.521554587233727
968;-0.19833082586286632;-0.7451219648503177;9.222085665071278
969;-0.2575699461682054;-1.4850960124786496;10.086145041015868
970;-1.328480131485655;-0.41624321304034073;9.62943112866391
971;0.273525900440239;-1.3439297854646275;9.37936732444037
972;-0.9983995042247042;-1.6500452308853522;10.279080824735864
973;-1.3769826332496864;-0.9113074257067975;9.291554884034
974;0.4113169695112907;-1.9583504970079157;10.311798907942057
975;-1.458096984689416;-1.4138348305592543;10.818375961222237
976;-1.1415297782530476;-1.1447188076863946;10.387611639596319
977;1.0465657851636572;-1.9324588478131317;10.373996546074347
978;-1.3881344933674862;-1.183981909261815;9.870130690593003
979;-0.5082191728514069;-1.2782360078685922;10.180849925938203
980;0.6610805179644244;-1.9046617055792159;9.871415126623681
981;-0.5968421318275333;-0.7162743307750193;9.994701878246568
982;0.29008543354046545;-1.1014001654438035;9.877189232486016
983;0.9009959406356152;-1.0476578008402522;9.160467932224961
984;0.012187227265254515;-0.5946394265685361;9.400372247489239
985;0.28809693712272333;-0.924679752461014;9.622626936577564
986;0.7444245867263797;-0.9877038002556137;9.14750096516845
987;0.09713281654420414;-0.8214211026919543;9.794085463600625
988;0.408833565075992;-1.1405436679552166;9.971138292168487
989;0.8732724125897448;-1.0252806845928475;9.962822479776603
990;0.4282826695755767;-1.5686834564118999;10.706505356770373
991;0.28304204024301993;-1.3145737301478322;10.641230180083284
992;1.1678179844779473;-1.9401706394640577;10.939241440325329
993;0.6631747978546234;-1.541561572960379;10.98027074534372
994;0.05337708566665664;-1.5186085365107604;10.592256863097848
995;0.33711197069157234;-1.4786788244653277;9.976895389269067
996;-0.31817588033506866;-1.3794312347423834;9.735061432985045
997;-0.06051258860337891;-1.3816109316424965;9.988771807994691
998;-0.16580407046777684;-1.490936972146741;9.981478842547086
999;-0.7328978445632447;-1.30000763917554;9.551404126036598
1000;-0.4188420677236162;-1.4009576680879658;9.751124725547273
1001;-0.4497142554825752;-1.0693334403609849;9.548402315233705
1002;-0.5801915173378116;-1.031921201964696;9.76412264778062
1003;-0.2283659875543358;-1.1515862708242952;9.841535593385778
1004;-0.41480429391165513;-1.1680662265060815;10.044823714531384
1005;-0.7359345329247585;-1.165457800598623;9.923977403063983
1006;-0.3690254224635358;-1.0145630087881903;9.597840540435659
1007;-0.5646984282783623;-1.1584226139225322;9.849482879803912
1008;-0.8152665148940287;-1.2981527334479377;10.27209738030013
1009;-0.3498634315491017;-1.0457570366410656;10.035023638367546
1010;0.1522735747828545;-1.3126231635442611;10.148594660520336
1011;-0.17034602214156377;-1.020951744384372;10.124357729444577
1012;0.005056419517758343;-1.0833470213316416;10.004061255813017
1013;0.05918319730395392;-1.1340785952374852;10.050924154096093
1014;-0.03285661615983275;-1.0075844649499086;10.062260920984789
1015;0.0535112230533855;-0.9237146985584194;10.035028816420729
1016;0.24975150319070816;-0.9008974450015912;9.653854988580273
1017;0.11281795304563841;-0.8909975980681477;9.761101599016182
1018;0.2054679426064869;-0.6118982481098296;9.772993631830897
1019;0.25005999415441116;-0.7669756111844631;9.820711689193926
1020;0.340204310229403;-0.8119284319684884;9.87116216710683
1021;0.25227276561772705;-0.6656635319407551;10.105958954912518
1022;0.3344429517251516;-0.8344540673592405;9.817456287077599
1023;0.4391221628890689;-0.6843441899368383;10.063594025185838
1024;-0.1407647298937536;-0.8269816396577678;10.117007575005127
1025;0.13072819006705183;-0.8065972034676114;10.085491535579472
1026;0.13373441505563954;-1.031776408284546;10.257031595174498
1027;-0.17578973766644584;-0.9523807259512382;10.601309984102762
1028;-0.19017255446819306;-0.8509325064308161;10.562456739428091
1029;-0.25184298529628246;-0.5943193033268156;10.216251228469021
1030;-0.2597270476010397;-0.48060145336043675;10.088534347465428
1031;-0.2119406777245107;-0.30063168016867703;9.999614027825627
1032;-0.46803065455998377;-0.5416380589005853;9.97915773543543
1033;0.0029961036735155627;-0.23662829673611765;9.762203610345805
1034;-0.12645324955727621;-0.04240885484440827;9.904742441963807
1035;-0.19230666225795784;-0.054292855453307136;10.074763174612475
1036;0.02015928258725435;0.062317131929938735;9.740947841306664
1037;-0.14765766714023815;-0.028643936401795023;9.99592912038917
1038;-0.2952643913570423;-0.037915992531102116;9.579772920734575
1039;-0.06589540665959949;-0.009064161689991149;9.966468929592386
1040;0.29307977996210144;0.48686470462854503;9.326039701090638
1041;0.4228281587494477;0.16067423867679437;9.726409779340816
1042;-0.20948460346648845;0.14784547599938452;10.301295499145251
1043;0.42658685707458344;0.4585474418445826;9.547524313017453
1044;0.6661264055941383;0.016808964698642;9.98643130411116
1045;-0.2669175405966977;0.5458153516100535;9.733055460770196
1046;0.6145673556429995;0.15073699254961564;9.776058580791105
1047;0.3002248643007719;0.19047025570652604;10.011068031080313
1048;-0.38674119763979203;0.4223167040370212;9.974397855824794
1049;0.3738253576686893;0.0009585630905152749;9.688188592895425
1050;0.18815851935173558;-0.019047583394127043;9.902557925724967
1051;-0.33353811116697046;0.07666660987529123;10.201935666435435
1052;0.28468372390950014;0.060555165187433355;10.266867351763683
1053;-0.31423274443986837;0.3718150387170596;9.855514633284344
1054;-0.2422646089051544;0.16543659723872756;9.942909584847483
1055;0.036731405684411154;0.07531021109821498;9.879133349295827
1056;-0.22543288174096168;0.15320862202164431;9.78399458173385
1057;-0.31202558061846375;0.04291026457156714;10.09298025517928
1058;-0.1507025765516382;0.026207931481497707;9.60813660188263
1059;-0.1684441699864037;0.05669257995178383;9.54812199754335
1060;-0.1307655684938511;0.04003549250490453;9.869577187659837
1061;-0.11628531712628094;0.1278136719430716;9.902009838078222
1062;-0.21776173131214505;-0.020641193379542566;10.011302538444987
1063;-0.1934236310083391;0.09840481428768413;9.888660846295128
1064;-0.13389911149416103;0.14333054029647363;9.924247066863305
1065;-0.2659048931022263;0.21169629272581547;9.980729506187249
1066;-0.4448837941563127;0.22968086970099783;9.92102848552216
1067;-0.07375387525042247;0.10439578916104741;10.055573516123383
1068;-0.15254030312408445;0.3159838083037494;9.849032993639728
1069;-0.1388173609106685;0.34742775107833873;9.940093445901558
1070;0.12779028663371136;0.20808655881274085;9.981181497940309
1071;-0.07449526935643405;0.5710365875886912;9.757220031663303
1072;0.1689862740346545;0.5401076760363368;10.0357549751483
1073;0.35947895330978463;0.6341327186210084;10.009285429753259
1074;0.3864345594442346;0.9059037875433565;10.247711753347929
1075;0.12573049940588948;0.7069532719083726;9.869606354042785
1076;0.12156006438209874;0.7964026746736864;9.920059707483775
1077;0.046988789908861364;0.9673238982293038;9.941514988369903
1078;0.1696112776853084;1.1421529428795756;10.051699881576486
1079;0.14543616051244174;1.1444075367011948;9.629411617329124
1080;0.14899791426411632;0.7850110168706226;10.12746281864047
1081;0.051842452161141944;1.021907894381673;10.05994620135063
1082;0.24467018665781182;0.7124227165997048;9.646894117166147
1083;-0.0956679375953012;1.3047205670466118;9.91658196809629
1084;-0.5540302620535348;0.9692821090187644;9.900617769407669
1085;0.007966515568705534;0.9372395153318727;9.711906783980902
1086;-0.5256203235470718;1.1381639981911205;10.158044755704116
1087;-0.4318740886066189;1.0556922450007076;9.927285943944526
1088;-0.16426201304737748;0.8655955821961526;9.75712274141862
1089;-0.4528785903353271;1.2182908752222608;9.80510131257839
1090;-0.36954395788110117;1.22829238058125;9.866763675867045
1091;-0.2495646921010685;1.0154959847783225;9.689474344619327
1092;-0.23559684916356216;1.0938051650934097;9.93768860740033
1093;-0.2204050049296143;1.0620996714192867;9.818737983999624
1094;0.07240389748893317;1.138088667568348;9.63815287768145
1095;0.050837994446209116;0.9881974892774736;10.06456213766265
1096;-0.14698810490832204;0.7063704511425127;10.085119367259047
1097;0.28885482951838265;0.8011011196732551;9.759427591517406
1098;0.3452457286614659;0.973785525739931;10.031612297451726
1099;0.2336408552862373;0.9340039590828255;9.875738197209769
1100;0.280941449229478;0.7157149432952373;9.962401248161894
1101;0.17582389568544615;0.5403908875009615;10.027332907721297
1102;0.24162942844682686;0.5801375599601613;9.960187773717228
1103;0.30552426685650025;0.5032721778394124;9.920010474955452
1104;-0.052173299844932026;0.46733645521538486;10.178768189715473
1105;-0.05330414095132257;0.36082216879569257;9.652618850743243
1106;0.25646335364821415;0.3376108539040641;10.034691843017407
1107;-0.15616685602802494;0.18650609185175607;10.066890956321192
1108;-0.27445337186481295;0.11673343682887216;9.773774124997777
1109;-0.09307253857986836;0.13684388656906785;9.978344676050277
1110;-0.32225760145469806;0.11288568980005688;9.864269987710486
1111;0.045678633062153556;0.06079990057627361;9.912416055255255
1112;-0.3388661232532077;0.18738152016982854;9.961077687851796
1113;-0.4062350034969347;0.23217918882448743;9.960844543146328
1114;-0.415712739282763;-0.025559210867165935;9.88423794651261
1115;-0.16159806304044994;0.041324366193987966;10.054286502063944
1116;-0.3583870315612495;-0.07832642205079206;9.96669853188064
1117;-0.2933792529320827;0.02077338522524324;10.082371176909346
1118;-0.2600250045064365;0.15109178539211968;10.014210742607979
1119;-0.007895534122332057;0.09140778111028876;9.95686977874218
1120;-0.012046212353310694;0.05580081620019241;9.756339817149742
1121;-0.1267407619528468;-0.015433847614062815;9.972837025880821
1122;0.03126940008379535;0.02671417573632914;9.890252430146866
1123;-0.08687955052326345;0.01961732438579128;9.805330333525621
1124;0.1130260676933866;0.024191374172529;9.875691149599877
1125;0.3000120774837194;0.08668506146565136;9.953612996579544
1126;0.0708793569471465;0.2925826672743055;9.906876541748915
1127;0.031221423560882117;0.08982240720380731;9.815853014968205
1128;0.10643886570323974;-0.2665506235176349;9.89207705811816
1129;-0.018405691441650385;0.08272994060149538;9.92067095654178
1130;-0.05365301037662612;0.03143276146509589;10.060659028035817
1131;0.07245268136482555;0.1068519493361833;9.835478016741131
1132;0.11150360121473438;0.1527844384158823;9.932612013905324
1133;0.2193496668246967;0.040058909445350246;9.884523271778242
1134;0.0344090259737368;0.2220203373893106;9.957005719962668
1135;-0.08966721761988417;-0.04794500734858087;9.846604117430983
1136;0.16058882304283523;0.022709195681306773;9.821952148181927
1137;-0.14338411730957745;0.09929262048520154;9.923922486465804
1138;-0.24013161262747373;0.11599508412606493;9.929888142009096
1139;0.030453247910420173;0.13362996552654588;9.740343791347302
1140;-0.38148376842086607;0.23843642563745335;9.96036059141976
1141;-0.07966944363158382;0.20823670347718387;9.767747021745127
1142;-0.1413627043550836;0.01870639947498752;9.867888422452975
1143;-0.14332972620287146;0.3262765831601781;9.736597847684669
1144;-0.14699386949982762;0.23975599846549833;9.981632713303089
1145;-0.020795968323439926;0.029171771124371554;9.873653999616403
1146;-0.15172852725887156;0.23342836312132503;9.949680512884056
1147;-0.2087726012221185;0.3422774567304166;10.186364330472879
1148;0.03930892431342088;0.13179289770309977;10.004929742945963
1149;-0.17031066447881865;0.45930997353174374;9.821355395919673
1150;-0.018549197835791516;0.32123110366112034;9.905997887284697
1151;0.11126081787460132;0.5140329803167049;9.911693532517255
1152;0.02792663859759513;0.5112698555517111;9.801676512847312
1153;-0.015156994975171423;0.5344666076779797;9.933310606199852
1154;0.10913747720419206;0.5600213817997342;9.853347625450832
1155;0.09896976562110017;0.7855580286213366;9.747251999891594
1156;0.023834512127722886;0.6338546721528009;9.806762891605594
1157;-0.016743056248978844;0.7661822061462874;9.842811485913922
1158;0.08720139190181495;0.5912625225385245;9.914034099783283
1159;0.0717345171736929;0.8230859607267098;9.830359737645749
1160;0.04491076900824683;0.6495032856143269;9.878645064384301
1161;-0.02553891739693047;0.6533292299898373;9.883007227106464
1162;0.07006755151390416;0.7826480121876336;9.968068931663995
1163;-0.005343470770146672;0.7134430753246856;9.774971286897163
1164;0.05935266735448347;0.5574493034475075;9.883275289039293
1165;-0.09246595327301266;0.6475873944131063;10.000959259527551
1166;-0.04551296793856824;0.7261830961799398;9.816263941180264
1167;0.013784378712376782;0.5611996978591557;9.945048850260774
1168;-0.11519557513363865;0.3072323098766905;9.874389080269188
1169;-0.04581911839305365;0.49525579349161675;9.895948072064018
1170;-0.1620645234239506;0.2998416237125618;9.667460839940196
1171;-0.2743112919968012;0.5327874518363477;10.095056455501629
1172;-0.09761650324692928;0.22581661095033695;9.827528753710002
1173;-0.23769491241356067;0.35424996121862184;9.965684206589483
1174;-0.18336154870335547;0.3658862130788255;9.843688027135363
1175;0.03729104025654511;0.21567880287246044;9.756724972670813
1176;0.15553758724948746;0.14871343608193674;9.752590292084907
1177;0.03256782540010689;0.33281788436184956;9.782540332485116
1178;-0.15241663538740405;-0.04320558173711722;9.818681805917931
1179;-0.20801685385367047;0.19290985302412939;9.715886150185367
1180;-0.1949278748511913;-0.013402126314968621;9.933296480841022
1181;-0.03297885745002515;0.03442925990900232;9.927479622321941
1182;0.035793774781584534;0.24971771277851446;9.990822310764939
1183;0.09485687084735828;0.19756954390870995;9.839637482175876
1184;-0.13649365540686273;0.06157899729690845;9.901224728419468
1185;0.04533955794328425;0.32484855282776076;10.013296707458489
1186;-0.10144840013498731;-0.12521076299482092;10.002145041260997
1187;0.07809075201441527;0.03854076915334716;9.764225148899296
1188;-0.024552485013547926;0.04119498040996576;9.931201503710357
1189;-0.11103338798697399;0.11269092914661902;9.792755565070117
1190;-0.08197513371396045;0.0396628713676318;9.93392458036392
1191;-0.02014310918846593;-0.1313330091792518;9.930320026202118
1192;-0.06961882886479168;0.03948801107581473;10.03971555617894
1193;-0.0799306389017814;0.05129310727780645;9.94828282687262
1194;-0.08593546750793266;0.06381896511554712;9.79710544054545
1195;0.030986164520900777;0.08134747639787346;9.83880925155881
1196;-0.22184698163331934;0.035814417704884055;9.895141704434067
1197;-0.02226641324749659;0.2781468711589584;9.821296118952507
1198;-0.08798131830307124;0.30839737173012466;9.77332619439616
1199;-0.0436681439646465;0.01739250957996963;9.742338634436596
1200;-0.05373796313530319;0.09773442524643332;9.891008663403817
1201;0.15019213854183294;0.4091753509880305;9.751937951851321
1202;0.05420185670883272;0.18134084578040743;9.905165631081516
1203;-0.07404035097297154;0.33920468444154117;9.81391683238177
1204;-0.04063657379606775;0.15988244677539987;9.751760116145258
1205;-0.019051690958558975;0.16823221578878014;9.991052437762438
1206;0.2307776662295249;0.21394061714771181;9.625187031998276
1207;0.059568788759921484;0.39145469140924927;9.982384359037791
1208;0.029684772569404758;0.3393158570498271;9.702104846044632
1209;-0.11505041089925558;0.34411231596814035;10.014561505933749
1210;-0.09824364470795147;0.33354833598037553;9.945998919044516
1211;-0.06380147873418068;0.526060431665265;9.89737232503523
1212;-0.14025201063160259;0.5105086007608269;9.859781712816522
1213;-0.10460528384559972;0.3438550626696235;9.793700716806509
1214;0.07573341945003402;0.433363803839768;10.080610296064867
1215;-0.02528303498210062;0.4196232100325571;10.022447711321506
1216;-0.07447139636256583;0.4661430696122605;9.872998126127236
1217;-0.06953948836790842;0.6834915290550111;9.944169951300063
1218;-0.14317484530883173;0.4430597045169606;9.903560809963711
1219;-0.044720880309345346;0.747915922097586;9.893158109095522
1220;-0.22275019572471577;0.2441438884595183;9.909732421873494
1221;-0.20849182079917958;0.4631495256089634;9.97955548805625
1222;0.10099642551147936;0.4457591767059257;9.913920405275276
1223;0.14563751858445434;0.22243001313057567;9.700699840902997
1224;0.06643139665637851;0.37903516086720945;9.93644693331658
1225;0.03198886888726783;0.3856634352590616;9.769217827996615
1226;-0.08356192273243465;0.2962342848433164;9.71390532712491
1227;0.01744920093431697;0.4120743011216869;10.113471889291658
1228;-0.06812517009327028;0.5090916102313426;9.735854711152248
1229;-0.008635308301752853;0.457178968654344;10.010891253719173
1230;-0.011858076124513034;0.5943968606365331;9.854739648306639
1231;-0.06395214026635704;0.416509562673509;9.797891421189968
1232;-0.02302498673193839;0.2037613240858076;9.7057393877155
1233;-0.09262826570956356;0.2265744406911379;9.896271060388894
1234;-0.06390769441809584;0.35892084747973374;9.948616881559056
1235;-0.2341157818696485;0.24722777940952578;9.848616460969408
1236;-0.06126520166855029;0.27627119667149014;10.052093393975492
1237;0.1405898746844941;0.0834772479362337;10.005278007802271
1238;-0.05425511979615906;0.04720630417599328;9.98997977589304
1239;-0.13575392997933478;0.345642188036748;9.866910303336152
1240;-0.15919215120772756;0.10772069177248744;9.880838034303583
1241;-0.2735180463849055;0.13240556087733452;9.96056043439326
1242;-0.09824182242064258;0.223929965082995;9.912757026327675
1243;0.12621008604150685;0.21910506585077322;9.858744223701636
1244;-0.02852589973128633;0.10169447424843989;9.920236535247433
1245;0.0220306256419671;-0.011431626829860472;9.829907190113085
1246;-0.16976207987616454;0.1167852052357598;9.869316539946356
1247;-0.18853363514351396;0.2906383230765579;9.751030262509849
1248;-0.21491981307100666;0.24030256330453498;10.060835069991011
1249;-0.1811348540097681;0.16030123386301465;10.012871158305485
1250;-0.18915109904662916;0.18677110233064723;9.866701350793605
1251;0.07473637869969443;0.12482707246193525;9.92353935654219
1252;-0.0643056019958731;0.041409078998814505;9.599457390800668
1253;-0.13430267042578317;0.19021985112611728;9.885317920695393
1254;-0.09933388547947605;0.29615389847874185;9.946152686138728
1255;-0.03919967071797341;0.23833304168198455;9.963878850577665
1256;-0.17726459639868236;0.15596653068846397;10.022115224128262
1257;-0.196453701183292;0.28175323418408643;9.915254356493922
1258;-0.051575046818415536;0.27085850332106437;9.888742874821881
1259;-0.06105530251097822;0.2507967113571011;9.997903197752818
1260;-0.09554176471434198;0.37611988514567485;9.948059388862
1261;-0.06705933685215967;0.29837309087125546;9.935468892726044
1262;-0.07482891818539121;0.3014536463018762;9.74587992672285
1263;-0.08751754380732141;0.31034418057286023;9.914731192269578
1264;-0.057605570278484945;0.2747956195006179;10.169881117085124
1265;0.0005740527253288927;0.46305502498970386;9.918906843791115
1266;-0.029180170811993512;0.43278645972201213;9.806496511146463
1267;-0.11908280078180108;0.3969417586583344;10.05266012572446
1268;-0.07158096021371288;0.4975120803724439;10.019672149145615
1269;-0.03853329114689909;0.40081046638567974;9.925402633592805
1270;-0.025439481131588566;0.2882927584847089;9.698461174448447
1271;-0.12767071804430666;0.4350852593885046;9.817077566193825
1272;0.008871951075054951;0.4397031990982074;9.902136548287555
1273;-0.5717037194164327;0.5762481520249918;8.413519057138169
1274;0.14398850942401525;0.7382683573152375;9.78510853791896
1275;0.35358560578278936;0.5183154960461235;10.970129612059026
1276;-0.1459086620373836;0.44493783896284556;9.91429282250973
1277;-0.3417580595100417;0.48184774614796955;9.568494826171055
1278;0.025263266029114106;0.42335735204886765;9.804629266351911
1279;0.024467990741521235;0.35582023944294705;9.780354220109691
1280;-0.20369714850587817;0.44171302514583977;10.064995287443065
1281;0.0924586443625969;0.5458811747925665;9.695796016321912
1282;0.045392239512804786;0.29156043845725405;9.89318223371947
1283;-0.16656677514853108;0.5619451423762334;9.903040716228105
1284;0.2331027953565297;0.27814808388019824;9.820658666049704
1285;-0.29878100140372404;0.4423221241014635;9.389052364265266
1286;-0.3294734254848628;0.2911857485287965;9.164805024419387
1287;0.050453933287543364;0.18672143897590598;9.861063185337562
1288;0.05693870921760912;0.43906138105692905;9.984214331612039
1289;-0.045288443103921584;0.24316520670650688;10.020597881773096
1290;-0.05133796672294864;0.3433448159875435;9.940612634074753
1291;0.0834703695313607;0.21006624909525748;10.0076709501026
1292;-0.16341150982098224;0.40765564371735846;9.951320991171787
1293;0.046541586389074754;0.21573440798772558;9.818102846168802
1294;-0.014798828364198525;0.137132704466476;9.91487143864535
1295;0.03970385863895247;0.34369886613039824;9.890256666289261
1296;0.00703672781755961;0.09783144727413334;9.763421141709465
1297;-0.21434740795992624;0.2599261046393022;9.846470303170904
1298;-0.038893038154510146;0.279427568870768;9.935394898186376
1299;-0.20582557295497295;0.14580657406862502;10.0021233588226
1300;-0.07800591328240677;0.2512150166096117;9.696952566404255
1301;-0.10527544799936414;0.37715306264610293;9.816756001392939
1302;-0.06646449965649198;0.18673095586530705;10.080202233765563
1303;-0.04861764475323448;0.3171830833841066;10.220539548916545
1304;-0.46387908965893715;0.32083660079148735;9.444935656368145
1305;0.08577420850370988;0.1361457194988085;10.188696511532273
1306;-0.427610270979449;0.2236715242629471;9.891599350710937
1307;0.31109491075015594;0.37639346968629134;10.078074911385116
1308;0.107488606285189;0.2865524463509987;10.12279502099655
1309;-0.2170039622218632;0.41532227872194727;9.83399489032437
1310;-0.09196346000340902;0.20979124412100528;10.096474923974316
1311;0.05137744383239625;0.3379169932312034;9.10807081727225
1312;-0.39677277594269234;0.5296861355271636;9.787955105769605
1313;0.26178773385965914;0.597594469561182;9.959760380482463
1314;-0.07132775333602231;0.043764756347339756;9.785521945719491
1315;-0.2382237993415735;0.5603503340611391;9.552394035815334
1316;0.15648457718071215;0.39099640394675517;10.197981019607042
1317;0.02231395588260727;0.12147150230906352;10.323790458879312
1318;-0.021718489544160537;0.49472611211583983;10.324818406798396
1319;0.06939184423817302;0.21394163392468735;10.004592853175007
1320;-0.09328992997865201;0.354517800951644;9.42544548279054
1321;-0.06823473140938922;0.39165098992836345;9.723248401892082
1322;0.12832053362732082;0.5439348060292419;9.871392513040576
1323;-0.21389367700421916;0.5447126670759179;9.776006600592053
1324;0.035763165179097486;0.2840296528214394;10.140188381374617
1325;-0.19719714806382094;0.38969882943107326;9.394497249750078
1326;0.061160917351671173;0.45079739469290303;9.892212244890281
1327;-0.13451800748177034;0.277934799643212;10.2399116508265
1328;-0.21831377369372257;0.5649773105838873;10.045397210282307
1329;-0.08481219884139785;0.29871788444230235;9.764460894738228
1330;-0.4785275799904617;0.5420744268582752;9.824821927508658
1331;0.37860987013284275;0.5225368709453612;9.93155025229205
1332;0.23031831448423806;0.3468560293975374;9.937108153821862
1333;-0.7057040088835144;0.6504428772877435;9.810975504105214
1334;0.3111348478563983;0.11810350371278808;10.498498155685052
1335;0.5059986691771479;0.32472007375161993;10.246254349634796
1336;-0.8071747450559456;0.4502932084225567;9.72145658041176
1337;0.123176670447921;0.1831194687651754;9.916209051300722
1338;0.12860044412921073;0.45747056616024284;9.705771835765711
1339;-0.6286682186893783;0.301285401225198;9.9338948715702
1340;0.10811106590801653;0.1680316413816429;9.820828968783031
1341;0.15845238909339066;0.31458780529799935;9.615584140182081
1342;-0.2904455514009525;0.24728192699602525;9.97129038280637
1343;-0.04730786177362689;0.17477371925282634;9.472438955433113
1344;-0.026982945713358047;0.18970049757094307;9.930320029952803
1345;-0.16403627556896186;0.35471210392874136;10.186561563378522
1346;0.08890854703777742;0.08630971003890214;9.748119984800175
1347;0.13715751784937832;0.2197862933663966;9.619822085811181
1348;-0.1644309907302843;0.26374126659766145;10.002033513843632
1349;0.08806464880827686;0.20189947002377065;9.804367871945097
1350;0.2570093123898955;-0.12391324400721188;10.00268726992785
1351;-0.03606317645999091;0.31200023560566575;9.668645037385414
1352;-0.060805913276615504;0.36706213993092496;9.76974788408338
1353;0.02806036357723355;0.057142230317096324;9.967529299826834
1354;-0.17813450393303082;0.25465785432349863;10.058298168971637
1355;0.04166403753746085;0.07561491242307525;9.619611023527053
1356;0.09219113592121009;0.18939831656623302;9.763139139389363
1357;-0.3475618794528156;0.33660230626429455;9.947128331746226
1358;0.11898817365802816;0.2007926002275302;9.891743823486285
1359;0.0753015807641324;-0.07026278403883307;9.998177031884833
1360;-0.09638134558176302;0.25629352532603406;9.977977987317447
1361;0.011374491953082502;-0.03268513514372648;10.33878669116642
1362;-0.20326136317334395;0.33845710827007625;9.693929581465556
1363;0.23876992417656404;0.38171649080088876;9.23250536495054
1364;0.17569328944157836;0.40222488053127725;9.828564814344077
1365;-0.43215817775288795;0.4519301540067445;10.160439983351692
1366;0.038878388821021445;0.2445489122640166;10.123494659399137
1367;0.017972981385651496;0.37641497331007784;9.943472261344695
1368;-0.2111656625939148;0.327217880098433;9.78592980952687
1369;0.06002137573812241;0.08816341733918764;9.811819932078524
1370;-0.09367028586877427;0.3893597582053966;10.000420296861009
1371;-0.11899904780297564;0.27850498137307117;9.972498251591764
1372;-0.0895119950347505;0.6022421272190185;10.04399735247045
1373;-0.1438772710647833;0.49719253434620536;9.679733664792218
1374;0.0655383152325305;0.2597030344082529;9.862146396716733
1375;0.015845151058057293;0.3909063342971492;10.130082272525337
1376;-0.08787531947484328;0.18114834920014142;9.94565623155665
1377;0.13551525849563478;0.26327306691378305;9.849576135383222
1378;-0.05327408558844926;0.48708611022359466;9.870653184205425
1379;-0.1693483463192628;0.2640749224666596;9.681654741456175
1380;-0.13301726784877976;0.2393122146537354;9.875385137603667
1381;-0.1696386293993714;0.5321229866870141;9.930105280092368
1382;0.11750111042880826;0.3268508166626948;9.716869773972348
1383;0.14778640588250339;0.3508229058316734;9.762731838365006
1384;-0.06945676064528877;0.39445114163197087;9.843607115840122
1385;0.240572163182544;0.32808281408289103;10.11300929894209
1386;0.016415798907720047;0.26482273694903347;10.046189642565048
1387;-0.05062245093081788;0.27466545367772505;9.879559070101653
1388;0.04958252899120622;0.27812253863807523;9.904255675660348
1389;-0.048618740782416896;0.1353241714640775;9.892117058052351
1390;-0.07695000992518766;0.42383318101649015;9.895373525995918
1391;0.055892152450378096;0.3496731934864957;10.057959712826737
1392;-0.11394328101128942;0.3937217683589149;10.164418915184974
1393;-0.10262230332270639;0.3072674075887608;9.772951893590909
1394;0.12039676110745211;0.31428980871211554;9.94990490139231
1395;-0.2179387655222254;0.45822635965658687;9.951226804024195
1396;-0.012182502613310477;0.22282590810966688;9.972658635533532
1397;0.04508684505083596;0.2836920672488893;10.008195211051962
1398;0.11080535736915706;0.3398849992354447;9.820834029940888
1399;-0.15831207292669533;0.3532131394831991;10.07015453702661
1400;0.026324257260410225;0.16862005158558452;9.897508742121744
1401;0.09667280224887775;0.33211195111350594;9.690512671427769
1402;0.025529919455969857;0.4945831061392706;9.85557883378267
1403;-0.2390250734434321;-0.033665179220400354;9.96408335706678
1404;-0.04389998772609477;0.20720659470210684;9.88975031321837
1405;-0.08748347363294362;0.35661986922849126;9.811770209173561
1406;0.1354409940086968;0.04163547878608359;9.799678617909061
1407;-0.11631809528494913;0.24881730997617388;10.128154345546788
1408;-0.00011247237588941609;0.2314056433453849;10.047624237065069
1409;0.021838035077400956;0.3698145881462371;10.003143037686312
1410;-0.11886927360558537;0.24385550912975967;9.807286321936054
1411;-0.023931920159250927;0.13592521737342655;9.788628740268967
1412;-0.08406333764834016;0.295287221220874;10.057474443527695
1413;-0.09045578995101558;0.4138893623607025;9.935737591211526
1414;-0.08020362175845941;0.251921342012165;9.954314197672156
1415;0.09452693563327584;0.27101632511873947;9.626812832108818
1416;-0.2354097841664054;0.2069545534986471;9.783057102996038
1417;-0.1439866685661313;0.26074478000113493;9.940084260235176
1418;-0.1793150809062471;0.2845213270508887;9.951069298222487
1419;0.06882785547872726;0.2868436156101071;9.763054073578555
1420;-0.16031657163145924;0.351373395975569;9.893305435353053
1421;-0.19938566135889055;0.2538876234377226;9.849259428440147
1422;-0.09881437785323499;0.44669217496983327;10.001637635805384
1423;0.07396440765624704;0.27493264914019994;9.89260730925768
1424;0.23126375220086232;0.30393946798918453;10.054377965052254
1425;-0.01804647588163854;0.37027837093028504;9.817857984733303
1426;-0.12876963872424207;0.378408041710486;9.858909185304576
1427;-0.16865889169208553;0.1805879301647423;9.500618149944906
1428;-0.02103842045562901;1.0672887261048487;8.173037746676693
1429;0.11966708992711747;0.1819163536185563;9.17789798799485
1430;-0.9304089546682213;0.1803571599075855;12.259671589381112
1431;-0.07506915920803195;0.27577687565255393;11.991896383300153
1432;0.6379425928128639;0.1783218633731217;9.399209255320917
1433;-0.48450875125606807;0.7264570858403692;9.140108580523897
1434;-0.39987258993457375;0.44575787489304675;10.030224029608693
1435;0.1677444470207893;0.18066487766750927;10.503841101672773
1436;-0.12645045117225306;-0.07053099532959445;10.52817386359166
1437;-0.06328649760649127;0.27216161462058464;10.282497826840794
1438;0.1341838630619298;0.35835445472005856;10.104449515402129
1439;0.10888318444787706;0.4067531307494434;9.843746460665223
1440;-0.15041098445575884;0.16344437093030442;9.652758016725782
1441;0.1894431562953976;0.33249930006200806;9.80544520491863
1442;-0.1762314499759497;0.1782834792637638;9.757282880016326
1443;-0.4461023283693243;0.6828836023607393;9.606876521412207
1444;0.1000125269478284;0.2919470786465504;9.865439969917508
1445;-0.11776905603431052;0.2058278746037282;9.741599718007745
1446;-0.31421009599395416;0.3197105755956682;10.121709675818542
1447;0.04787823633633668;0.2810001469591767;9.896685296475683
1448;0.004599031411371926;0.19356091371480585;9.886108950267706
1449;-0.15406301502783287;0.2981034159064037;9.828036069318628
