;ay;ax;az
0;-0.21068975;-0.047884032;9.959879
1;0.21068975;-0.06703765;9.797073
2;-0.11492168;0.009576807;9.864111
3;-0.038307227;-0.02873042;9.998186
4;0.095768064;-0.0;9.892841
5;-0.08619126;-0.019153614;9.883265
6;0.08619126;-0.019153614;9.931149
7;-0.038307227;0.019153614;9.873688
8;0.009576807;0.009576807;9.940725
9;0.02873042;-0.038307227;9.825804
10;0.0;-0.0;9.864111
11;0.0;-0.0;9.911995
12;0.019153614;0.038307227;9.873688
13;0.02873042;0.009576807;9.797073
14;0.038307227;-0.02873042;9.873688
15;0.0;0.009576807;9.854534
16;0.047884032;-0.019153614;9.902418
17;0.02873042;-0.0;9.883265
18;0.08619126;-0.038307227;9.911995
19;0.009576807;0.019153614;9.864111
20;0.0;-0.05746084;9.873688
21;0.02873042;0.009576807;9.883265
22;0.0;-0.009576807;9.892841
23;0.0;0.019153614;9.921572
24;0.009576807;0.076614454;9.844957
25;0.08619126;-0.05746084;9.835381
26;0.02873042;-0.0;9.921572
27;0.02873042;-0.019153614;9.883265
28;0.0;-0.0;9.959879
29;0.06703765;0.009576807;9.931149
30;0.047884032;-0.0;9.864111
31;0.02873042;-0.0;9.931149
32;0.019153614;-0.0;9.902418
33;0.076614454;0.019153614;9.883265
34;0.047884032;-0.076614454;9.883265
35;0.0;-0.019153614;9.902418
36;-0.019153614;-0.0;9.959879
37;0.009576807;-0.009576807;9.844957
38;0.05746084;-0.019153614;9.950302
39;0.009576807;0.02873042;10.007763
40;0.0;0.009576807;9.883265
41;0.0;-0.009576807;9.931149
42;-0.009576807;-0.0;9.844957
43;0.019153614;0.019153614;9.854534
44;0.019153614;-0.0;9.892841
45;0.009576807;0.05746084;9.854534
46;0.038307227;0.019153614;9.921572
47;0.047884032;-0.009576807;9.921572
48;-0.02873042;-0.009576807;9.873688
49;0.076614454;-0.0;9.931149
50;0.038307227;-0.0;9.950302
51;0.047884032;-0.038307227;9.835381
52;0.0;0.009576807;9.911995
53;0.02873042;-0.009576807;9.844957
54;0.05746084;0.009576807;9.854534
55;-0.06703765;-0.009576807;9.873688
56;0.02873042;0.009576807;9.911995
57;0.009576807;0.009576807;9.921572
58;-0.038307227;0.009576807;9.825804
59;0.038307227;-0.038307227;9.854534
60;0.019153614;-0.0;9.911995
61;0.009576807;0.047884032;9.921572
62;0.047884032;-0.0;9.854534
63;-0.019153614;0.02873042;9.844957
64;0.05746084;-0.009576807;9.902418
65;-0.019153614;-0.019153614;9.854534
66;0.047884032;0.009576807;9.902418
67;0.076614454;-0.0;9.911995
68;0.009576807;-0.019153614;9.816227
69;0.02873042;0.047884032;9.892841
70;-0.02873042;0.009576807;9.873688
71;0.0;-0.0;9.921572
72;0.0;-0.02873042;9.873688
73;-0.009576807;0.019153614;9.931149
74;0.009576807;-0.0;9.921572
75;0.019153614;-0.019153614;9.911995
76;0.019153614;-0.009576807;9.892841
77;0.038307227;-0.0;9.931149
78;0.009576807;0.009576807;9.883265
79;0.06703765;-0.009576807;9.864111
80;-0.019153614;-0.009576807;9.864111
81;0.019153614;0.038307227;9.883265
82;0.05746084;-0.009576807;9.921572
83;0.019153614;0.009576807;9.758766
84;0.019153614;-0.0;9.959879
85;-0.009576807;0.06703765;9.940725
86;0.047884032;-0.0;9.921572
87;0.019153614;-0.009576807;9.844957
88;-0.009576807;-0.0;9.892841
89;-0.009576807;-0.009576807;9.911995
90;0.009576807;-0.009576807;9.844957
91;-0.019153614;0.038307227;9.873688
92;0.047884032;0.02873042;9.892841
93;0.019153614;0.009576807;9.911995
94;0.076614454;0.038307227;9.940725
95;0.02873042;-0.047884032;9.835381
96;0.019153614;0.009576807;9.911995
97;0.047884032;-0.038307227;9.892841
98;0.038307227;-0.038307227;9.892841
99;0.02873042;-0.009576807;9.864111
100;0.06703765;-0.0;9.873688
101;0.076614454;0.02873042;9.931149
102;0.019153614;0.02873042;9.950302
103;0.02873042;-0.009576807;9.873688
104;0.047884032;-0.0;9.892841
105;0.038307227;-0.0;9.892841
106;0.02873042;-0.06703765;9.892841
107;0.06703765;-0.0;9.931149
108;-0.019153614;-0.009576807;9.816227
109;0.047884032;-0.0;9.940725
110;0.019153614;0.009576807;9.864111
111;0.02873042;-0.047884032;9.892841
112;0.009576807;-0.02873042;9.902418
113;-0.009576807;-0.038307227;9.883265
114;-0.009576807;-0.009576807;9.835381
115;0.0;-0.047884032;9.864111
116;-0.009576807;-0.02873042;9.873688
117;0.06703765;0.009576807;9.873688
118;0.038307227;0.02873042;9.902418
119;0.06703765;0.019153614;9.921572
120;0.02873042;0.009576807;9.835381
121;0.05746084;-0.019153614;9.873688
122;0.047884032;-0.0;9.950302
123;0.076614454;-0.0;9.854534
124;0.038307227;-0.0;9.854534
125;0.02873042;-0.009576807;9.921572
126;-0.009576807;-0.0;9.892841
127;0.08619126;0.02873042;9.950302
128;0.02873042;0.019153614;9.864111
129;0.019153614;0.02873042;9.892841
130;0.08619126;0.009576807;9.921572
131;0.047884032;-0.019153614;9.864111
132;0.10534488;-0.038307227;9.844957
133;-0.06703765;-0.0;9.959879
134;0.05746084;-0.009576807;9.883265
135;-0.08619126;0.047884032;9.749189
136;0.1436521;0.02873042;9.931149
137;0.038307227;-0.038307227;9.921572
138;0.05746084;-0.009576807;9.854534
139;-0.05746084;-0.038307227;9.969456
140;0.05746084;-0.009576807;9.931149
141;-0.02873042;-0.038307227;9.844957
142;-0.038307227;0.038307227;9.873688
143;-0.047884032;-0.047884032;9.883265
144;-0.019153614;-0.038307227;9.883265
145;0.06703765;-0.009576807;9.911995
146;-0.047884032;0.019153614;9.892841
147;0.009576807;0.019153614;9.9790325
148;0.047884032;-0.0;9.931149
149;0.009576807;-0.009576807;9.931149
150;-0.009576807;0.038307227;9.969456
151;0.047884032;-0.019153614;9.902418
152;0.06703765;-0.05746084;9.921572
153;0.009576807;0.038307227;9.959879
154;0.047884032;-0.0;9.959879
155;0.009576807;-0.009576807;9.892841
156;0.06703765;-0.02873042;9.864111
157;0.047884032;-0.02873042;9.844957
158;0.02873042;-0.095768064;9.892841
159;0.076614454;-0.0;9.911995
160;0.02873042;-0.0;9.749189
161;-0.05746084;-0.05746084;10.113108
162;0.11492168;-0.10534488;9.758766
163;0.009576807;-0.009576807;9.749189
164;0.047884032;-0.019153614;9.80665
165;-0.02873042;-0.095768064;9.816227
166;0.16280572;-0.02873042;9.969456
167;0.076614454;-0.0;9.787497
168;-0.10534488;-0.0;9.921572
169;0.10534488;-0.038307227;9.969456
170;0.08619126;-0.038307227;9.959879
171;-0.047884032;-0.0;9.921572
172;-0.038307227;-0.019153614;9.950302
173;0.0;-0.0;9.921572
174;0.05746084;-0.0;9.931149
175;-0.038307227;0.038307227;9.921572
176;0.02873042;-0.0;9.864111
177;-0.009576807;-0.02873042;9.902418
178;-0.06703765;-0.0;9.77792
179;0.009576807;-0.0;9.844957
180;0.009576807;-0.0;9.873688
181;0.019153614;0.02873042;9.864111
182;0.06703765;-0.0;9.892841
183;0.02873042;-0.0;9.931149
184;0.095768064;0.009576807;9.959879
185;0.019153614;0.06703765;9.902418
186;0.05746084;-0.0;9.921572
187;0.06703765;-0.0;9.921572
188;0.038307227;0.02873042;9.931149
189;0.06703765;0.009576807;9.892841
190;0.05746084;-0.0;9.873688
191;-0.02873042;-0.0;9.854534
192;0.047884032;-0.019153614;9.940725
193;0.009576807;-0.0;9.825804
194;0.08619126;-0.0;9.825804
195;0.0;-0.0;9.883265
196;0.009576807;-0.009576807;9.873688
197;0.02873042;-0.0;9.921572
198;-0.019153614;-0.0;9.873688
199;0.038307227;-0.0;10.0269165
200;-0.019153614;0.047884032;9.950302
201;-0.009576807;-0.009576807;9.911995
202;0.0;0.02873042;9.921572
203;-0.05746084;0.05746084;9.950302
204;0.038307227;0.047884032;9.9790325
205;0.009576807;0.019153614;9.873688
206;0.02873042;0.019153614;9.883265
207;0.0;-0.0;9.864111
208;-0.02873042;-0.009576807;9.854534
209;0.08619126;0.047884032;9.911995
210;0.019153614;0.02873042;9.902418
211;0.038307227;-0.019153614;9.873688
212;0.05746084;0.019153614;9.854534
213;-0.019153614;-0.009576807;9.921572
214;0.038307227;-0.0;9.873688
215;0.047884032;-0.0;9.892841
216;-0.009576807;-0.019153614;9.902418
217;0.019153614;0.019153614;9.911995
218;0.08619126;0.009576807;9.844957
219;0.009576807;-0.02873042;9.950302
220;0.02873042;-0.0;9.988609
221;0.019153614;-0.0;9.873688
222;0.06703765;0.019153614;9.844957
223;0.038307227;-0.047884032;9.864111
224;0.019153614;-0.0;9.931149
225;-0.009576807;0.02873042;9.854534
226;0.019153614;0.009576807;9.864111
227;-0.019153614;0.019153614;9.950302
228;0.038307227;0.009576807;9.892841
229;0.08619126;-0.0;9.883265
230;0.038307227;0.038307227;9.911995
231;0.0;-0.0;9.931149
232;0.02873042;-0.038307227;9.873688
233;-0.019153614;-0.047884032;9.940725
234;0.08619126;0.009576807;9.902418
235;-0.02873042;0.009576807;9.959879
236;0.019153614;0.019153614;9.835381
237;0.076614454;-0.0;9.911995
238;-0.047884032;-0.047884032;9.911995
239;-0.019153614;-0.02873042;9.931149
240;0.047884032;-0.10534488;9.940725
241;-0.095768064;-0.076614454;9.998186
242;0.009576807;-0.1340753;9.940725
243;-0.06703765;-0.21068975;9.998186
244;-0.019153614;-0.22984336;10.160992
245;-0.095768064;-0.35434186;10.113108
246;0.019153614;-0.39264908;10.141838
247;-0.038307227;-0.5267244;10.228029
248;-0.02873042;-0.62249243;9.940725
249;0.0;-0.6607997;10.084377
250;-0.22984336;-0.6895301;9.77792
251;-0.22026655;-0.7565677;9.77792
252;0.009576807;-0.7278373;9.988609
253;-0.2681506;-1.0630256;10.007763
254;0.05746084;-1.1683705;9.825804
255;-0.22026655;-1.2258313;9.902418
256;-0.20111294;-1.2737153;10.036493
257;0.038307227;-1.340753;9.892841
258;-0.22026655;-1.4652514;9.768343
259;-0.25857377;-1.5897499;9.720459
260;-0.19153613;-1.6376339;9.691729
261;-0.34476504;-1.7142484;9.662998
262;0.11492168;-1.7525556;9.80665
263;-0.019153614;-1.7717092;9.797073
264;0.2873042;-1.9249382;9.758766
265;0.5363012;-1.9249382;9.969456
266;0.45010993;-2.0015526;9.9790325
267;0.5650316;-2.0398598;9.844957
268;0.48841715;-2.0494366;9.835381
269;0.51714754;-2.0590134;10.199299
270;0.4213795;-2.1068976;9.844957
271;0.48841715;-2.0973208;9.730036
272;0.2681506;-2.2697031;9.844957
273;0.34476504;-2.2697031;9.615114
274;0.2873042;-2.2122424;9.624691
275;0.11492168;-2.183512;9.634268
276;0.24899697;-2.1739352;9.500193
277;0.12449849;-2.0590134;9.557653
278;0.06703765;-2.0111294;9.528923
279;0.08619126;-1.9153614;9.481039
280;-0.08619126;-1.8100165;9.730036
281;-0.17238252;-1.6280571;9.787497
282;-0.02873042;-1.4173675;9.816227
283;-0.30645782;-1.3599066;10.065224
284;-0.22984336;-1.3982137;10.160992
285;-0.038307227;-1.2449849;10.208876
286;-0.06703765;-1.2066777;10.1226845
287;0.095768064;-1.1204864;10.189722
288;0.2777274;-1.1204864;10.342952
289;0.23942018;-1.1300632;10.46745
290;0.19153613;-0.9864111;9.988609
291;0.19153613;-0.9672575;9.921572
292;-0.1436521;-0.91937345;9.835381
293;-0.20111294;-0.7757214;9.519346
294;-0.32561144;-0.8714894;9.519346
295;-0.29688102;-0.7757214;9.414001
296;-0.076614454;-0.7278373;9.212888
297;-0.12449849;-0.7278373;9.337387
298;-0.038307227;-0.61291564;9.32781
299;-0.05746084;-0.5267244;9.471462
300;-0.33518824;-0.5650316;9.797073
301;-0.4213795;-0.6703765;9.500193
302;-0.46926352;-0.5363012;9.586384
303;-0.7661445;-0.545878;10.160992
304;-0.2873042;-0.46926352;10.103531
305;-0.4213795;-0.36391866;10.275913
306;0.08619126;-0.34476504;11.204864
307;0.4213795;-0.2873042;11.032481
308;-0.24899697;-0.5267244;10.6877165
309;0.63206923;-0.34476504;10.812215
310;-0.61291564;-0.35434186;10.524911
311;0.1340753;-0.19153613;10.0748005
312;-0.5746084;-0.32561144;10.065224
313;-0.095768064;-0.46926352;9.816227
314;0.2873042;-0.59376204;9.548077
315;0.32561144;-0.6895301;9.471462
316;0.7469909;-0.63206923;9.528923
317;0.6991069;-0.6895301;9.615114
318;0.7565677;-0.79487497;9.452309
319;0.4405331;-0.8714894;9.337387
320;0.36391866;-0.8810662;8.992621
321;-0.15322891;-0.7278373;9.442732
322;0.1340753;-0.48841715;9.940725
323;-0.19153613;-0.6512229;9.959879
324;-0.22026655;-0.8810662;10.141838
325;-0.37349546;-1.1683705;10.371682
326;-0.19153613;-1.13964;10.67814
327;0.35434186;-1.2449849;10.524911
328;0.7469909;-1.2737153;11.080365
329;0.24899697;-1.4939818;10.601525
330;0.46926352;-1.5035586;10.1226845
331;-0.7757214;-1.5227122;9.9790325
332;-1.2162545;-1.436521;9.289502
333;-0.91937345;-1.3120226;9.11712
334;-2.3942018;-1.3120226;9.3182335
335;-1.2354081;-1.2545617;9.375694
336;-1.0055647;-1.2066777;9.758766
337;-0.47884035;-1.1971009;10.802638
338;0.2777274;-1.1109096;10.390836
339;0.22984336;-1.1492168;10.840945
340;0.5746084;-0.90021986;10.70687
341;0.59376204;-1.1971009;10.984597
342;1.2641385;-1.1971009;10.084377
343;-0.8331822;-1.7429788;9.088389
344;0.8331822;-1.4269443;9.078813
345;-0.32561144;-1.541866;8.973468
346;0.15322891;-1.340753;8.695741
347;0.4309563;-1.292869;8.379706
348;0.18195933;-1.340753;9.452309
349;0.39264908;-1.3599066;9.586384
350;0.21068975;-1.4269443;9.040505
351;0.45010993;-1.3024458;9.758766
352;0.48841715;-1.2449849;11.022904
353;0.9864111;-1.2449849;10.208876
354;0.6799533;-1.1204864;10.70687
355;1.340753;-0.9864111;12.229582
356;0.41180268;-1.2258313;11.291056
357;-0.80445176;-1.4748282;9.624691
358;-1.6184803;-1.5131354;9.3182335
359;-2.4995465;-1.3694834;9.595961
360;-0.7374141;-1.0055647;9.883265
361;-1.6567876;-1.2545617;10.907983
362;-0.16280572;-0.94810385;10.486604
363;-0.19153613;-1.2641385;10.199299
364;-0.8714894;-1.043872;10.831368
365;0.59376204;-0.6607997;11.501745
366;0.047884032;-0.5746084;9.940725
367;-0.8523358;-0.93852705;8.801085
368;-0.095768064;-0.7278373;9.136273
369;-1.5801731;-0.5363012;9.136273
370;-1.0821792;-0.2681506;8.475474
371;-0.8331822;-0.37349546;9.404425
372;-0.18195933;-0.5650316;9.5385
373;-0.36391866;-0.9576807;8.743625
374;0.5267244;-0.6991069;9.279925
375;1.3120226;-0.15322891;10.812215
376;0.58418524;-0.48841715;10.821792
377;0.36391866;-0.90021986;9.643845
378;-0.7565677;-1.091756;9.040505
379;-0.94810385;-1.0726024;10.228029
380;-0.9672575;-1.2737153;10.323798
381;-0.11492168;-0.9768343;10.352529
382;0.12449849;-0.62249243;11.243171
383;0.45968673;-0.8714894;12.105083
384;0.8714894;-0.6799533;10.994174
385;0.7182605;-0.4405331;10.936713
386;0.842759;0.1436521;10.582372
387;-1.3503298;0.45968673;9.969456
388;-2.0398598;0.22026655;10.563218
389;-0.38307226;-0.58418524;10.448297
390;-0.89064306;-0.5363012;9.490616
391;0.79487497;-1.091756;9.385271
392;0.9672575;-1.9919758;9.279925
393;0.37349546;-1.6759412;9.040505
394;-0.45968673;-1.6280571;8.839393
395;-1.8770541;-1.436521;7.967903
396;-0.62249243;-0.79487497;9.078813
397;-1.340753;-1.292869;10.170568
398;1.043872;-1.0821792;9.32781
399;1.3311762;-0.7469909;9.576807
400;-0.50757074;-0.7278373;11.453861
401;0.8523358;-0.6895301;10.563218
402;-0.842759;-0.9768343;8.944737
403;-0.47884035;-1.0821792;9.653421
404;-2.1739352;-1.2066777;8.801085
405;-0.8619126;-1.1492168;10.400413
406;-0.8619126;-0.7469909;12.0093155
407;0.24899697;-0.81402856;11.616667
408;2.0207062;-1.0247183;11.520899
409;0.36391866;-1.7525556;11.022904
410;0.4213795;-1.8866309;9.423578
411;2.0398598;-1.3694834;10.103531
412;-2.8538885;-1.8195933;10.352529
413;0.11492168;-1.4173675;8.303091
414;-0.22984336;-1.4460979;9.586384
415;0.06703765;-0.2873042;10.218452
416;1.091756;-0.61291564;9.519346
417;1.6376339;-0.31603462;10.304645
418;-0.009576807;-0.46926352;10.0748005
419;-0.7182605;-0.7757214;8.992621
420;-1.436521;-0.37349546;9.519346
421;-0.7278373;-1.1300632;10.764331
422;0.11492168;-0.93852705;9.595961
423;-0.30645782;-1.1300632;8.552089
424;1.0055647;-1.1492168;10.036493
425;-1.388637;-1.2545617;9.998186
426;-0.89064306;-1.3599066;9.605537
427;-0.23942018;-1.8291701;9.624691
428;-0.48841715;-1.9249382;10.170568
429;0.21068975;-1.8866309;9.299079
430;-0.31603462;-1.5514427;8.236053
431;-0.8331822;-0.89064306;9.442732
432;-0.6895301;-0.5746084;10.572795
433;-0.82360536;-0.06703765;9.576807
434;-2.4612393;-0.78529817;9.730036
435;0.45968673;-1.2545617;10.91756
436;1.292869;0.46926352;12.181698
437;0.20111294;-0.5650316;11.597513
438;1.7429788;-0.82360536;9.404425
439;-0.6512229;-0.93852705;10.0748005
440;-0.6799533;-0.8619126;10.888829
441;0.05746084;-0.9959879;10.419566
442;-1.0630256;-2.2409728;8.944737
443;-0.02873042;-2.2601264;10.093954
444;-1.436521;-2.1643584;8.42759
445;0.1436521;-1.8674773;7.1155677
446;-1.5897499;-1.5705963;9.107543
447;-1.2641385;-0.59376204;10.448297
448;0.10534488;-0.16280572;10.141838
449;-0.2873042;-0.047884032;11.18571
450;1.5801731;0.4309563;12.277467
451;1.6089035;-0.7374141;12.660539
452;1.9632454;0.06703765;12.076353
453;-0.6512229;-0.24899697;9.461885
454;-1.6759412;-0.842759;8.829816
455;-0.7278373;-0.6512229;7.565677
456;-1.1300632;-0.8714894;10.390836
457;-0.7278373;-1.3599066;10.084377
458;2.681506;-0.35434186;7.038953
459;-2.681506;-1.4269443;8.916007
460;0.009576807;-1.2641385;10.793061
461;0.7182605;-1.8866309;8.303091
462;-0.90979666;-1.3599066;8.418014
463;1.3694834;-0.6799533;11.224017
464;1.0342951;-1.1779473;11.942278
465;2.4612393;-0.93852705;11.693281
466;-1.091756;-0.6895301;10.381259
467;-1.3120226;-1.3215994;8.6574335
468;-3.1411927;-0.91937345;6.694188
469;-1.3311762;-0.24899697;12.6222315
470;1.13964;-0.36391866;11.750742
471;-1.2066777;-1.1587936;7.326257
472;-1.5705963;-0.8714894;10.371682
473;-1.9632454;-1.0247183;12.717999
474;0.7182605;-0.90979666;10.448297
475;0.58418524;-1.0151415;9.021352
476;0.02873042;-1.5514427;8.935161
477;2.767697;-1.8387469;9.701305
478;-0.6799533;-2.078167;10.97502
479;-0.37349546;-1.8770541;10.448297
480;1.5227122;-1.8674773;9.107543
481;-2.0398598;-1.3120226;9.662998
482;-1.4460979;-1.9919758;8.714894
483;-2.6431987;-1.7238252;8.935161
484;0.2681506;-1.8004397;9.3182335
485;0.7374141;-1.2258313;10.448297
486;-0.63206923;-1.3694834;9.835381
487;0.23942018;-1.4460979;10.582372
488;0.8810662;-0.6991069;12.076353
489;0.7661445;-1.3790601;14.346057
490;3.3135753;-1.340753;9.615114
491;-0.80445176;-1.13964;7.967903
492;-0.24899697;-0.6895301;10.955867
493;-1.3982137;-1.1492168;11.798626
494;-1.4556746;-0.6512229;10.831368
495;-1.6663644;-0.545878;9.165004
496;1.2545617;-1.685518;10.716447
497;0.25857377;-1.5131354;9.605537
498;0.7086837;-1.2066777;10.697293
499;0.2873042;-0.9672575;10.295067
500;0.16280572;-0.32561144;9.232041
501;0.51714754;-1.0151415;9.931149
502;1.1875241;-0.7469909;11.137826
503;-0.58418524;-0.842759;8.63828
504;-2.432509;-1.436521;7.8625584
505;-2.681506;0.038307227;9.643845
506;-1.5897499;-0.7661445;10.620679
507;-0.92895025;-0.8714894;10.314221
508;0.7469909;-0.38307226;8.360553
509;0.24899697;-2.528277;5.267244
510;-0.1436521;-1.5610195;10.419566
511;-1.5227122;-0.1340753;12.660539
512;-0.34476504;-0.9672575;11.36767
513;2.2122424;-0.89064306;8.935161
514;-2.633622;-2.0685902;8.446744
515;-1.388637;-1.292869;8.063671
516;-3.5817258;0.2873042;11.616667
517;-2.2888567;-1.0534488;12.210428
518;3.6487634;-0.019153614;14.422671
519;-2.327164;-1.6280571;9.126697
520;2.1643584;-1.5514427;6.2345014
521;-0.41180268;-0.35434186;10.381259
522;-1.2354081;-0.095768064;13.9438305
523;2.2122424;1.0821792;12.363658
524;1.340753;-1.3120226;9.9790325
525;1.340753;-2.087744;7.335834
526;-2.8060043;-1.13964;6.7133417
527;-0.6895301;0.47884035;9.251195
528;-0.81402856;1.2354081;13.350069
529;-1.4939818;-0.41180268;11.712435
530;0.35434186;-1.2066777;7.833828
531;0.30645782;-1.091756;5.7269306
532;-1.3503298;-0.545878;10.362105
533;1.5801731;1.340753;12.794614
534;1.5993267;0.641646;14.738706
535;-0.6895301;-0.35434186;9.021352
536;0.4405331;-0.842759;5.410896
537;-3.265691;-0.22026655;10.812215
538;-2.777274;0.81402856;10.907983
539;-1.1875241;0.8619126;10.496181
540;-3.1028855;-0.24899697;10.275913
541;0.06703765;0.095768064;9.279925
542;-0.009576807;-0.63206923;8.944737
543;0.23942018;-0.2681506;11.482592
544;1.2449849;1.8195933;11.999739
545;-4.232949;1.3215994;10.745177
546;-0.39264908;0.9672575;11.9614315
547;2.3558946;1.4556746;11.18571
548;-0.45968673;-0.22984336;10.342952
549;-1.0534488;0.80445176;8.303091
550;-2.0973208;1.2449849;7.7189064
551;-1.6376339;1.5993267;12.143391
552;2.0207062;0.89064306;13.503298
553;-0.7757214;-1.5035586;7.7189064
554;-0.6512229;-0.32561144;3.1794999
555;-0.5554548;1.2641385;9.222465
556;0.9864111;1.3215994;14.374787
557;1.5610195;1.4939818;13.828909
558;0.9959879;-1.3024458;8.829816
559;1.5514427;-2.1452048;4.606444
560;-1.0151415;-0.78529817;6.3111157
561;-1.7142484;1.4652514;12.545617
562;0.6895301;0.47884035;15.179238
563;1.3982137;-0.6895301;7.920019
564;-3.371036;-1.340753;5.161899
565;-1.2737153;-0.6607997;8.2169
566;0.08619126;1.3982137;11.702858
567;-0.9864111;1.6089035;15.198392
568;1.1013328;0.4405331;15.006856
569;1.5993267;-1.1013328;7.469909
570;0.5554548;-1.0151415;7.0581064
571;-1.0630256;0.4405331;12.53604
572;0.93852705;1.0247183;13.512875
573;-1.292869;-0.02873042;12.440272
574;-2.480393;-1.3694834;4.6160207
575;-2.27928;-1.091756;5.851429
576;-1.6376339;0.5554548;10.668563
577;1.2641385;1.2066777;12.756307
578;1.3694834;-0.33518824;10.400413
579;1.7525556;-0.4213795;8.0924015
580;1.7142484;-0.7374141;9.557653
581;0.5267244;-0.2777274;10.764331
582;2.4420857;-0.33518824;12.823344
583;-0.545878;-0.78529817;11.310209
584;-3.169923;-0.047884032;8.408437
585;-0.94810385;-0.6895301;6.129156
586;-0.6991069;0.038307227;9.691729
587;-1.2641385;0.7182605;11.980585
588;0.8810662;0.81402856;9.3182335
589;2.5761611;-0.0;10.295067
590;1.4269443;0.61291564;12.842498
591;0.5746084;-0.29688102;11.520899
592;2.566584;0.31603462;8.015787
593;-1.4269443;0.2777274;10.381259
594;-0.9576807;0.93852705;11.099519
595;-2.030283;-0.20111294;9.385271
596;-0.545878;-0.076614454;8.130709
597;-1.9057846;-0.35434186;8.197746
598;-1.0630256;-0.18195933;9.576807
599;0.90021986;0.038307227;10.984597
600;0.62249243;0.18195933;10.984597
601;-0.22026655;-0.59376204;10.831368
602;1.6089035;0.50757074;8.6095495
603;-0.93852705;-0.23942018;9.883265
604;1.388637;1.484405;9.586384
605;-2.5378537;0.9672575;10.745177
606;-1.8866309;-0.06703765;9.519346
607;-0.7086837;-0.40222588;7.642292
608;-3.5434184;-0.78529817;8.628703
609;-1.0726024;0.24899697;9.643845
610;1.7525556;1.283292;11.674128
611;1.043872;0.90979666;12.018892
612;3.763685;0.076614454;10.984597
613;1.3599066;0.22984336;11.329363
614;0.7182605;0.095768064;10.534488
615;-0.6799533;1.2354081;10.352529
616;-3.6870706;0.20111294;12.066776
617;0.076614454;0.59376204;9.078813
618;-0.9576807;-0.4405331;6.215348
619;-3.1603463;-0.40222588;6.4547677
620;-0.45010993;-0.5746084;11.674128
621;0.48841715;0.20111294;12.545617
622;0.7661445;-0.5650316;10.668563
623;4.7788267;-0.81402856;9.969456
624;-0.16280572;-1.1492168;9.078813
625;-0.89064306;-0.8619126;9.241618
626;-0.16280572;0.5554548;9.701305
627;-4.2425256;-0.63206923;11.358093
628;0.81402856;-0.22026655;9.069236
629;-3.1028855;-0.5746084;6.588843
630;-2.432509;-0.17238252;8.848969
631;1.4077905;0.63206923;14.681245
632;0.02873042;-0.076614454;13.43626
633;3.5625722;0.24899697;9.088389
634;1.0055647;-0.5554548;7.8625584
635;-0.93852705;0.25857377;10.668563
636;-1.3790601;1.283292;11.923124
637;-1.0534488;-0.05746084;10.352529
638;-1.3311762;-0.019153614;9.241618
639;-2.6431987;-1.2641385;7.144298
640;0.47884035;-0.34476504;8.207323
641;-0.047884032;0.4405331;12.98615
642;1.2162545;0.02873042;14.834474
643;2.7006595;-0.34476504;8.810662
644;4.223372;-0.58418524;8.236053
645;-2.1739352;-0.7182605;11.291056
646;-2.0015526;-0.019153614;10.773908
647;-0.4309563;0.49799395;8.896853
648;-1.3311762;0.21068975;9.251195
649;0.45968673;-0.41180268;9.385271
650;-2.0685902;-1.8100165;5.0278234
651;1.1779473;-0.46926352;7.517793
652;1.1683705;0.9576807;14.652514
653;0.50757074;-0.4405331;13.589489
654;2.585738;-0.5746084;5.391742
655;0.009576807;-0.16280572;7.785944
656;-2.719813;0.4309563;12.459426
657;-2.7006595;0.8331822;10.620679
658;-0.45010993;-0.641646;9.691729
659;-1.3120226;-0.08619126;8.42759
660;-4.462792;-1.13964;6.9623384
661;1.8483237;-0.5554548;6.9048777
662;0.05746084;0.38307226;13.043611
663;0.59376204;0.6703765;13.972561
664;1.6280571;-0.019153614;8.42759
665;0.24899697;-1.0630256;5.4300494
666;0.45968673;0.36391866;9.222465
667;-2.0685902;1.0726024;12.698846
668;-0.545878;0.076614454;11.549629
669;1.1587936;0.5363012;9.414001
670;-3.3806129;-0.45968673;9.787497
671;-0.12449849;0.32561144;9.414001
672;0.63206923;0.50757074;13.187263
673;0.05746084;0.80445176;14.087482
674;1.2354081;-0.08619126;11.453861
675;2.1452048;-1.0726024;8.762778
676;-0.80445176;-0.2873042;8.207323
677;-1.484405;0.32561144;11.319786
678;1.4939818;0.9576807;14.585477
679;-1.2162545;-0.48841715;10.314221
680;0.62249243;-0.59376204;5.793968
681;-1.0342951;-0.038307227;9.433155
682;-3.1028855;0.6799533;13.397953
683;3.5817258;-0.009576807;12.737153
684;2.087744;0.19153613;9.270349
685;-3.1316159;-0.29688102;7.9391727
686;1.0821792;-0.2873042;8.169016
687;-1.4652514;0.4309563;9.251195
688;-4.606444;0.8523358;10.955867
689;0.38307226;1.1779473;11.856087
690;-3.41892;0.20111294;8.695741
691;-1.2545617;0.78529817;8.504205
692;-2.3558946;1.4269443;12.469003
693;-1.3694834;1.4269443;15.964537
694;2.9879637;3.2273839;14.374787
695;-1.1300632;1.4077905;11.722012
696;-0.4405331;1.0247183;10.97502
697;-1.1587936;2.030283;10.132261
698;-5.803545;0.6607997;6.1387334
699;0.7374141;1.3024458;12.401965
700;-5.5641246;2.0207062;12.861651
701;-6.6750345;-2.9975405;3.1603463
702;11.137826;0.9768343;5.046977
703;-5.9759274;-0.6703765;14.221559
704;-0.7182605;-2.5187001;7.153875
705;11.300632;0.46926352;5.602432
706;-2.834735;-3.3997664;10.850522
707;2.7102363;-1.2258313;5.707777
708;2.3750482;-1.0821792;3.514688
709;-3.1028855;0.5650316;6.83784
710;1.4173675;-0.24899697;11.894394
711;2.135628;-1.0055647;7.795521
712;-1.2066777;-3.064578;6.7612257
713;3.4476504;-0.46926352;5.142745
714;2.0015526;-0.94810385;9.32781
715;4.807557;-2.4708161;9.5385
716;4.405331;-0.9576807;7.690176
717;4.9320555;-3.4476504;8.274361
718;4.865018;-0.7661445;8.331821
719;0.9576807;-0.30645782;9.509769
720;3.9264908;0.2681506;12.5264635
721;-0.4309563;-0.19153613;9.950302
722;-0.93852705;-0.5363012;10.649409
723;3.074155;-1.13964;7.0581064
724;0.9768343;-2.1930888;9.940725
725;1.0630256;-0.7661445;12.995727
726;3.3135753;-1.5993267;14.78659
727;4.462792;-0.41180268;11.003751
728;-0.90021986;-2.384625;10.25676
729;2.528277;-1.0342951;11.884817
730;-2.27928;0.11492168;11.980585
731;-2.4420857;0.58418524;11.789049
732;-4.3861775;-0.7661445;12.239159
733;-3.3806129;-2.27928;9.739613
734;0.8331822;-0.7278373;9.212888
735;0.02873042;0.47884035;12.325351
736;-2.4229321;0.16280572;14.135366
737;4.8937483;1.4269443;13.158532
738;0.89064306;1.9440918;11.3964
739;-6.1195793;1.340753;11.808203
740;-3.1316159;1.6950948;12.765883
741;-6.0142345;1.1109096;11.291056
742;-3.5434184;0.7086837;10.429143
743;-0.92895025;1.7429788;13.67568
744;1.6759412;1.6184803;11.262324
745;0.30645782;1.3024458;11.693281
746;-0.16280572;0.7086837;12.066776
747;2.0973208;1.0342951;10.371682
748;-0.1436521;0.49799395;10.093954
749;-2.2505496;0.58418524;7.5465236
750;-1.5993267;-0.7757214;5.1235914
751;-1.6376339;-1.7046716;5.602432
752;-1.3694834;-1.2354081;5.0661306
753;0.80445176;-1.0821792;6.493075
754;1.3503298;-1.0055647;6.9048777
755;0.8619126;-1.3790601;6.981492
756;0.7661445;-0.15322891;7.5465236
757;1.5993267;0.6799533;12.650962
758;2.9113493;0.89064306;9.883265
759;0.51714754;0.12449849;7.144298
760;-0.06703765;0.38307226;11.33894
761;-1.4077905;-0.48841715;11.348516
762;-1.7621324;-0.6895301;5.861006
763;-1.8866309;0.59376204;7.5465236
764;-3.3039982;0.39264908;13.196839
765;-0.80445176;-1.0055647;8.887277
766;-0.10534488;0.51714754;7.651869
767;-4.012682;-0.49799395;13.043611
768;4.1659107;0.91937345;14.595054
769;2.7485435;1.2066777;11.779472
770;-2.1164744;0.7661445;15.016433
771;0.7278373;1.0726024;11.894394
772;-6.042965;-1.5610195;0.9864111
773;-9.595961;1.2066777;6.751649
774;2.9592333;1.2354081;14.930242
775;1.1587936;4.2904096;16.701952
776;-8.00621;-0.8714894;1.2162545
777;8.619126;1.541866;5.889736
778;4.711789;3.2944214;19.306843
779;-3.3806129;1.3599066;19.460072
780;5.535394;0.16280572;11.377247
781;2.9017725;1.7142484;0.41180268
782;-4.501099;-1.6184803;12.066776
783;-1.436521;-0.47884035;10.860099
784;0.2777274;-0.45968673;-1.9632454
785;-3.083732;-0.40222588;4.261679
786;0.34476504;0.91937345;8.90643
787;0.7565677;-0.8523358;3.122039
788;2.5091233;-1.6184803;3.6487634
789;5.3438582;0.79487497;15.945383
790;5.583278;-0.05746084;14.901511
791;5.707777;0.2777274;3.6966474
792;2.4899697;0.7086837;7.2783732
793;2.480393;0.50757074;9.557653
794;5.5737014;0.58418524;9.864111
795;6.1004257;-0.9576807;7.6135616
796;-2.3654714;-3.5625722;-0.5363012
797;-6.5601125;-5.535394;-5.046977
798;-3.371036;-1.5514427;8.331821
799;-2.4899697;0.06703765;14.087482
800;2.5570073;-4.175488;12.287044
801;9.155427;-0.24899697;-0.08619126
802;0.23942018;2.4995465;14.767436
803;-0.46926352;-0.641646;28.759151
804;13.771448;0.36391866;18.92377
805;-7.326257;1.0630256;11.137826
806;-11.923124;-2.9879637;7.5082164
807;5.6790466;2.384625;19.967642
808;-9.77792;2.4037786;16.108189
809;-3.8977604;1.5897499;16.941372
810;9.097966;2.078167;12.727576
811;-1.5705963;2.0590134;13.388376
812;-3.323152;0.2873042;17.908628
813;9.56723;3.1507695;14.528016
814;-6.301539;1.4652514;8.801085
815;-7.967903;0.49799395;7.469909
816;1.8100165;1.0055647;11.722012
817;-1.8579005;-0.37349546;4.5681367
818;3.265691;-1.5227122;4.0414124
819;2.719813;-1.2162545;9.308656
820;0.49799395;-1.3120226;6.981492
821;4.817134;-0.8810662;4.4819455
822;2.1068976;-0.34476504;9.758766
823;-1.4460979;-0.08619126;7.0102224
824;3.5529952;-0.39264908;3.8498764
825;-3.0454245;-0.59376204;4.4915223
826;-6.2728086;-1.388637;6.9719152
827;5.1810527;0.9576807;6.4739213
828;-3.9360676;0.33518824;10.113108
829;-1.0247183;-0.4309563;9.56723
830;3.6391866;-0.009576807;4.4340615
831;-1.6280571;-2.1164744;9.433155
832;-3.1794999;-0.82360536;8.590396
833;-3.1794999;-1.2641385;5.161899
834;-3.0262709;-0.51714754;6.751649
835;-5.0757074;-0.82360536;8.054094
836;0.47884035;-0.79487497;8.0924015
837;1.6089035;-0.51714754;9.873688
838;0.30645782;-0.24899697;12.0571995
839;0.076614454;-1.934515;14.202404
840;-1.091756;-1.5227122;2.7102363
841;-5.2289367;0.7565677;6.042965
842;-6.1100025;0.11492168;14.144943
843;-0.1436521;0.6991069;7.785944
844;-2.0398598;-2.4516625;7.28795
845;4.55856;-3.169923;15.74427
846;7.747637;1.4939818;19.191921
847;-2.7581203;-0.05746084;13.455414
848;10.151415;2.873042;12.516887
849;-0.7757214;-1.340753;15.629349
850;-8.24563;-0.8810662;2.6144683
851;-0.6512229;1.4652514;3.821146
852;-3.5242648;0.46926352;15.9262295
853;-0.16280572;1.5897499;11.84651
854;4.060566;-1.1013328;7.326257
855;1.3311762;-2.231396;10.25676
856;1.2449849;3.2369606;16.615759
857;2.681506;1.13964;12.717999
858;2.030283;0.30645782;6.2249246
859;0.59376204;1.0151415;9.959879
860;1.2066777;2.135628;11.281479
861;-1.5131354;-1.8100165;11.60709
862;5.9759274;2.5953147;8.801085
863;0.92895025;-0.37349546;11.319786
864;0.2681506;-0.7278373;5.6886234
865;1.4269443;0.7086837;7.8625584
866;-3.916914;0.9959879;10.25676
867;-0.7086837;0.9959879;7.479486
868;-0.08619126;0.1436521;10.831368
869;3.9839516;-0.8331822;10.275913
870;5.0278234;1.2449849;10.228029
871;1.6759412;0.9959879;12.880805
872;3.3997664;2.873042;15.006856
873;-1.0342951;1.7621324;13.953407
874;-0.49799395;2.3654714;8.293514
875;-6.8186865;2.0685902;12.995727
876;-2.2026656;0.641646;8.973468
877;2.681506;1.340753;9.787497
878;0.7565677;0.93852705;11.473015
879;7.2687964;2.585738;18.167202
880;3.4093432;0.6991069;14.097059
881;3.2944214;-0.22026655;9.452309
882;-0.23942018;0.80445176;8.446744
883;-4.309563;0.33518824;6.9240313
884;-2.2601264;2.2697031;11.540052
885;-2.5474305;-1.2449849;4.213795
886;2.0685902;-2.6431987;2.9879637
887;5.305551;-0.29688102;12.785037
888;3.7445314;0.1436521;14.422671
889;4.912902;0.49799395;11.425131
890;1.2066777;1.3024458;13.053187
891;1.7142484;1.7429788;13.982138
892;-3.9743748;0.11492168;11.568783
893;-2.7964275;0.46926352;3.5338416
894;-3.8977604;0.94810385;6.445191
895;-3.2561142;-0.45010993;7.9487495
896;-1.3503298;0.11492168;0.8523358
897;0.641646;-5.209783;9.5385
898;5.3342814;0.90021986;7.1347213
899;-1.4269443;-0.36391866;6.6654577
900;-1.6184803;-0.1340753;3.1890767
901;4.31914;2.4133554;9.404425
902;-10.534488;0.02873042;8.2169
903;-2.4229321;-1.0630256;0.8714894
904;2.2697031;-0.41180268;9.768343
905;-5.717354;1.8291701;11.511322
906;3.4476504;0.095768064;4.8362875
907;0.8331822;0.7661445;10.486604
908;-5.717354;-0.7565677;12.038046
909;-0.641646;1.2258313;5.755661
910;-6.5218053;-0.35434186;8.494628
911;-2.4995465;0.8331822;11.789049
912;1.2354081;0.62249243;16.883911
913;0.5650316;-1.1204864;12.516887
914;4.6351743;-1.3599066;10.67814
915;1.5897499;0.2681506;12.50731
916;-1.7717092;2.078167;15.399506
917;-0.6512229;1.8004397;13.934254
918;1.5131354;1.4269443;14.595054
919;1.8579005;1.3599066;13.120225
920;1.5514427;0.22984336;14.690822
921;3.4380736;1.5801731;8.437167
922;0.9672575;1.2449849;14.116213
923;1.9153614;0.6895301;17.06587
924;6.14831;1.5705963;12.239159
925;2.327164;0.60333884;7.0485296
926;2.4133554;-0.9864111;7.9583263
927;-0.7469909;-0.6799533;5.315128
928;-3.122039;-2.2888567;7.201759
929;0.7661445;-0.20111294;9.203311
930;-2.1068976;-2.2505496;5.401319
931;-2.8060043;-4.55856;-2.920926
932;-1.1300632;-5.3821654;7.967903
933;7.785944;1.13964;11.60709
934;-1.3982137;1.3311762;10.371682
935;-0.21068975;-1.3790601;5.9184666
936;5.353435;2.336741;0.48841715
937;-4.31914;1.6280571;17.362751
938;-0.39264908;2.5378537;22.045809
939;0.076614454;1.532289;11.798626
940;-5.21936;-0.4405331;8.714894
941;-0.30645782;1.0247183;9.097966
942;-2.681506;0.641646;15.47612
943;0.4405331;0.63206923;13.005303
944;1.0726024;0.9864111;13.062764
945;-2.6431987;-1.3503298;11.061212
946;0.50757074;-0.5267244;8.446744
947;-0.6895301;-0.7374141;11.731588
948;2.4995465;-0.5746084;16.347609
949;1.2449849;-0.37349546;14.4130945
950;1.4460979;-1.8291701;8.523358
951;4.4436383;-2.030283;8.724471
952;0.32561144;-1.5514427;9.940725
953;-0.89064306;-1.1971009;7.383718
954;-2.4420857;0.02873042;9.624691
955;-3.6774938;-0.16280572;8.255207
956;2.2601264;-0.7565677;6.8282633
957;0.8331822;-0.25857377;9.844957
958;1.685518;1.1300632;13.67568
959;4.462792;1.685518;13.579912
960;2.5091233;1.9153614;12.698846
961;0.6703765;1.7046716;10.25676
962;1.388637;0.58418524;9.56723
963;0.62249243;1.7238252;9.299079
964;-2.920926;2.135628;11.568783
965;-2.9113493;1.4460979;9.56723
966;0.29688102;1.283292;8.6574335
967;-2.336741;1.1013328;11.722012
968;0.16280572;1.2641385;12.162544
969;2.183512;0.9864111;10.745177
970;-0.51714754;-0.6607997;9.749189
971;-1.1109096;-0.038307227;8.293514
972;0.2681506;0.08619126;8.7053175
973;-1.484405;-0.80445176;7.8529816
974;-1.4939818;-1.2641385;4.510676
975;-3.4284968;-1.1779473;4.5394063
976;-3.3614593;-0.641646;7.422025
977;-2.6048915;-0.6991069;6.253655
978;-1.8195933;-0.16280572;5.755661
979;-2.6527755;0.05746084;9.050082
980;-1.0342951;-0.7757214;7.73806
981;-1.8004397;-1.3503298;4.2999864
982;-1.4556746;-0.46926352;9.107543
983;-2.5091233;-0.22984336;7.73806
984;-4.223372;-1.8387469;4.3957543
985;-2.183512;-1.541866;4.9416323
986;-4.865018;-0.9959879;7.920019
987;-2.7389667;-1.1013328;6.493075
988;1.388637;-0.19153613;7.517793
989;0.46926352;-0.5267244;10.927136
990;0.89064306;0.10534488;12.0093155
991;0.32561144;-0.15322891;10.5919485
992;1.4173675;0.47884035;12.392388
993;1.2737153;1.5610195;16.089035
994;2.6144683;0.94810385;17.046717
995;1.8866309;-0.5267244;12.995727
996;0.7374141;-0.641646;9.308656
997;-0.49799395;-0.33518824;11.501745
998;-3.9264908;0.10534488;13.934254
999;-0.4309563;-0.30645782;11.425131
1000;-0.2777274;-0.545878;11.032481
1001;-1.982399;-0.5650316;10.6877165
1002;1.436521;-0.5746084;11.319786
1003;1.4269443;1.3311762;9.720459
1004;1.2162545;0.61291564;14.279019
1005;8.2169;1.283292;13.88637
1006;3.572149;1.043872;10.381259
1007;-0.4309563;0.2681506;10.91756
1008;-0.047884032;1.0151415;11.042058
1009;-0.5363012;-0.17238252;9.279925
1010;-0.5746084;1.340753;10.726024
1011;-4.1276035;-0.41180268;10.955867
1012;-1.3694834;-1.3120226;4.3861775
1013;-1.0151415;-0.90979666;6.789956
1014;0.06703765;-0.4405331;12.124237
1015;3.2752678;-1.1492168;10.898406
1016;-0.19153613;-2.432509;-0.08619126
1017;-1.7525556;-3.9264908;3.3614593
1018;7.9104424;-0.58418524;10.371682
1019;-1.0247183;2.030283;17.017986
1020;-1.8579005;-3.7253778;8.7532015
1021;8.6574335;0.6703765;8.590396
1022;-7.699753;0.047884032;12.076353
1023;-2.5761611;0.45968673;12.239159
1024;1.982399;0.2873042;7.326257
1025;-2.7102363;0.1436521;10.601525
1026;-0.076614454;-0.20111294;12.737153
1027;2.2505496;-0.08619126;8.274361
1028;0.8810662;-0.7182605;9.375694
1029;0.9959879;0.25857377;10.860099
1030;0.4405331;0.9768343;11.923124
1031;1.13964;-0.1340753;10.409989
1032;1.8579005;-0.23942018;10.170568
1033;-1.3982137;-0.58418524;11.568783
1034;-1.0726024;-0.59376204;9.998186
1035;-0.4405331;-1.1492168;3.4763808
1036;-3.466804;0.30645782;11.003751
1037;2.336741;0.038307227;16.778566
1038;-1.5705963;0.24899697;8.983045
1039;0.076614454;-1.934515;3.1603463
1040;6.540959;1.2641385;13.761871
1041;-6.1195793;1.1109096;14.202404
1042;3.016694;-0.5554548;5.0661306
1043;2.9975405;1.1204864;9.883265
1044;-9.624691;-0.12449849;11.348516
1045;2.0398598;0.4309563;8.839393
1046;2.5953147;0.5363012;7.565677
1047;-5.161899;0.38307226;12.11466
1048;-0.8331822;1.4269443;12.210428
1049;3.4763808;3.2848446;9.672575
1050;-2.9400797;1.8674773;13.723564
1051;0.7182605;1.9153614;11.36767
1052;-1.0055647;2.1452048;8.695741
1053;-4.098873;0.8523358;10.620679
1054;-1.1683705;1.3982137;9.864111
1055;-0.93852705;1.7908629;7.5944076
1056;-2.5474305;1.0726024;9.337387
1057;0.39264908;1.733402;9.605537
1058;-0.11492168;0.06703765;10.6877165
1059;0.49799395;1.4939818;10.955867
1060;0.40222588;1.3120226;12.325351
1061;-0.009576807;-0.095768064;8.676587
1062;-0.22984336;-0.38307226;8.7053175
1063;-2.5953147;-0.92895025;11.300632
1064;-0.11492168;-1.934515;8.628703
1065;-1.0726024;-1.6759412;4.357447
1066;-1.8579005;-2.0111294;10.907983
1067;1.1204864;-0.7278373;9.864111
1068;-1.9632454;-2.2888567;6.1387334
1069;1.0151415;-1.1875241;8.90643
1070;-0.2873042;0.33518824;12.698846
1071;1.3694834;0.51714754;10.936713
1072;2.5091233;0.50757074;10.630256
1073;-1.6376339;0.39264908;11.15698
1074;-1.2258313;0.7565677;9.797073
1075;1.7812861;0.32561144;11.204864
1076;0.9672575;1.1013328;12.890382
1077;1.5514427;0.7374141;10.304645
1078;2.087744;0.9672575;9.950302
1079;0.08619126;1.4748282;9.3182335
1080;-2.8538885;1.8674773;12.11466
1081;0.9959879;2.2888567;13.321339
1082;0.15322891;1.1013328;10.907983
1083;-0.39264908;0.25857377;7.4124484
1084;0.39264908;0.39264908;8.695741
1085;1.3120226;0.45010993;13.474567
1086;3.0550013;0.6512229;10.266336
1087;0.8714894;-0.58418524;8.207323
1088;3.4859576;-0.095768064;9.232041
1089;1.532289;-0.35434186;8.90643
1090;0.7086837;-0.81402856;6.167464
1091;-0.25857377;0.45010993;7.8912888
1092;-1.934515;-0.545878;10.7356
1093;0.7661445;-0.2873042;5.353435
1094;-2.825158;-0.19153613;6.694188
1095;0.5650316;0.17238252;10.477027
1096;1.1013328;0.4309563;10.515334
1097;0.545878;-0.2681506;7.7189064
1098;1.6184803;0.095768064;10.390836
1099;-1.3982137;0.50757074;11.626244
1100;1.0630256;0.095768064;9.730036
1101;0.2777274;0.2777274;10.304645
1102;-1.091756;0.51714754;12.449849
1103;-1.0055647;0.35434186;9.959879
1104;-0.842759;0.009576807;9.5385
1105;-3.3135753;0.7469909;10.907983
1106;-2.9879637;0.16280572;11.616667
1107;-0.51714754;0.641646;9.021352
1108;-1.6376339;-0.58418524;9.059659
1109;1.3599066;0.24899697;10.994174
1110;-3.6296098;-0.35434186;9.212888
1111;2.8538885;0.5554548;10.6398325
1112;0.48841715;0.8331822;12.411542
1113;0.076614454;0.019153614;12.5264635
1114;3.1316159;-0.10534488;10.812215
1115;-2.1547816;0.40222588;8.676587
1116;-4.2425256;0.49799395;10.821792
1117;1.9536686;0.7182605;13.809755
1118;-0.58418524;0.32561144;12.641385
1119;-2.1547816;-0.7757214;6.6654577
1120;0.9768343;-0.4213795;7.603985
1121;-1.532289;0.80445176;12.334928
1122;1.3215994;0.4405331;14.020445
1123;3.0262709;0.45010993;9.576807
1124;0.8331822;-0.9576807;8.714894
1125;2.8060043;0.047884032;9.519346
1126;1.9728222;-0.8619126;9.32781
1127;1.388637;0.05746084;9.308656
1128;0.2681506;0.545878;9.433155
1129;0.24899697;-0.6895301;8.082825
1130;4.003105;-0.6512229;6.9048777
1131;-1.9057846;-1.3982137;7.575254
1132;0.6799533;-1.4939818;6.1195793
1133;0.8714894;-0.6895301;4.951209
1134;-3.7924154;-1.0534488;7.8050976
1135;-0.6895301;-0.60333884;8.523358
1136;-0.7086837;-0.59376204;9.56723
1137;0.019153614;-1.388637;11.224017
1138;0.9576807;-0.89064306;10.314221
1139;0.22026655;-0.50757074;10.362105
1140;2.6144683;-0.51714754;10.773908
1141;-2.4133554;-1.1300632;11.042058
1142;1.6950948;-0.45010993;10.036493
1143;-0.92895025;0.40222588;11.645397
1144;-4.4340615;-0.009576807;11.166556
1145;-0.19153613;1.685518;9.940725
1146;-4.807557;0.9768343;13.263878
1147;-2.3750482;1.13964;12.938266
1148;1.4748282;0.7757214;12.4785795
1149;-0.32561144;0.10534488;11.425131
1150;0.545878;0.38307226;12.191275
1151;0.37349546;-0.9576807;10.601525
1152;-0.08619126;-1.1492168;9.289502
1153;-2.882619;-0.6607997;8.628703
1154;-1.2737153;-0.90021986;8.312668
1155;-0.6799533;-0.5650316;7.9391727
1156;-1.3982137;-0.5650316;8.274361
1157;1.5131354;-0.31603462;8.762778
1158;0.10534488;-0.7757214;9.720459
1159;0.06703765;-0.82360536;8.303091
1160;1.436521;-0.5746084;9.126697
1161;-0.40222588;0.35434186;9.662998
1162;-1.5610195;-1.4173675;10.323798
1163;1.685518;-0.80445176;6.1866174
1164;-2.2888567;-0.4405331;8.408437
1165;1.3311762;1.1683705;11.789049
1166;-1.4077905;-0.17238252;9.519346
1167;0.7469909;0.23942018;8.379706
1168;-0.9576807;0.6512229;10.67814
1169;-2.2409728;-0.1436521;12.401965
1170;-0.08619126;0.17238252;10.362105
1171;0.16280572;-0.095768064;10.46745
1172;0.89064306;-0.49799395;10.553641
1173;-1.6759412;-0.45010993;8.408437
1174;1.1875241;-0.62249243;11.252748
1175;3.371036;-0.19153613;12.957419
1176;-1.2162545;-1.0151415;12.5743475
1177;2.4899697;-0.8810662;9.844957
1178;-0.16280572;-0.94810385;8.475474
1179;-0.94810385;-0.095768064;12.047623
1180;0.59376204;0.41180268;11.999739
1181;-2.5953147;-1.340753;7.4507556
1182;0.842759;0.38307226;6.397307
1183;-4.012682;0.2873042;8.8777
1184;-0.02873042;1.3215994;10.7356
1185;4.1180267;1.9249382;13.110648
1186;0.80445176;0.22026655;12.545617
1187;-0.4309563;0.5267244;7.8912888
1188;-0.06703765;0.8714894;6.933608
1189;-2.4037786;1.6089035;13.369223
1190;-1.9536686;1.1971009;12.162544
1191;0.32561144;0.4213795;7.1347213
1192;-0.7374141;0.095768064;6.6079965
1193;-1.1492168;0.45968673;8.456321
1194;0.1436521;0.90021986;9.021352
1195;1.4077905;1.9632454;12.421119
1196;0.91937345;1.6184803;12.785037
1197;0.39264908;-0.45968673;8.743625
1198;2.231396;0.19153613;5.9184666
1199;0.45010993;0.82360536;11.980585
1200;2.0015526;1.4939818;13.838486
1201;2.6719291;1.0630256;9.260772
1202;-0.24899697;0.62249243;7.479486
1203;-0.22984336;0.7757214;9.289502
1204;-0.8523358;0.2873042;9.337387
1205;-1.3120226;0.7565677;8.360553
1206;0.15322891;0.30645782;12.363658
1207;0.23942018;0.009576807;11.769896
1208;-0.49799395;-1.1300632;7.441179
1209;1.1204864;-0.35434186;9.126697
1210;0.62249243;1.043872;13.484144
1211;-1.6184803;0.095768064;14.259866
1212;2.930503;1.0055647;10.342952
1213;-1.3120226;0.45010993;8.494628
1214;-3.5913026;1.0726024;9.787497
1215;-1.4077905;1.6376339;11.080365
1216;0.92895025;1.3503298;11.109096
1217;-1.5610195;1.0630256;11.597513
1218;-1.5514427;-0.2777274;7.0964136
1219;-1.1300632;-0.7278373;8.734048
1220;-1.4460979;-0.45968673;9.308656
1221;1.6280571;-0.60333884;10.965444
1222;-0.40222588;-1.1587936;9.289502
1223;-1.8387469;-1.0821792;6.943185
1224;-0.842759;-0.8331822;7.0485296
1225;-1.5227122;-0.4405331;10.199299
1226;-0.6895301;-0.51714754;11.808203
1227;0.24899697;0.06703765;8.599973
1228;-0.6703765;-0.22026655;9.739613
1229;0.842759;0.038307227;12.047623
1230;0.47884035;0.5363012;11.109096
1231;2.432509;0.18195933;9.509769
1232;1.2354081;0.10534488;9.442732
1233;-1.7238252;1.091756;10.01734
1234;-3.1794999;1.2066777;9.548077
1235;-1.5610195;1.5897499;8.149862
1236;-1.2641385;1.2449849;11.444284
1237;-0.11492168;1.2162545;12.5264635
1238;1.2066777;0.095768064;8.207323
1239;2.767697;0.12449849;8.973468
1240;0.19153613;0.21068975;13.330915
1241;0.32561144;-0.10534488;13.570335
1242;0.92895025;-0.10534488;6.4260373
1243;-3.7732618;0.7182605;10.323798
1244;-3.4380736;0.62249243;12.354081
1245;-1.9919758;0.49799395;11.233594
1246;-2.8538885;0.2873042;8.954314
1247;-1.5993267;0.9672575;13.484144
1248;-0.89064306;1.6376339;14.097059
1249;1.3790601;0.91937345;13.88637
1250;2.0685902;0.6607997;13.876793
1251;-0.019153614;0.7757214;12.440272
1252;-3.3039982;-1.388637;7.575254
1253;0.36391866;0.39264908;5.133168
1254;2.7102363;2.2601264;12.028469
1255;-8.590396;-0.32561144;8.724471
1256;-1.6472107;-2.135628;0.7757214
1257;3.6104562;0.35434186;12.373235
1258;-10.113108;-1.5131354;9.222465
1259;7.651869;0.11492168;2.4708161
1260;4.8362875;-0.038307227;8.465898
1261;0.1436521;-2.528277;10.6877165
1262;10.371682;-1.2449849;3.0550013
1263;1.3503298;-0.4405331;4.146757
1264;1.1683705;0.7182605;11.779472
1265;5.305551;2.719813;13.330915
1266;-3.41892;-1.7717092;0.62249243
1267;7.4986396;0.4213795;7.7093296
1268;-2.1164744;0.48841715;15.437813
1269;-3.8307228;-1.7429788;9.165004
1270;8.925584;-0.45010993;1.8004397
1271;-0.6703765;-1.7046716;9.998186
1272;-0.009576807;-1.9919758;12.77546
1273;7.642292;0.33518824;11.683704
1274;-0.4213795;-1.733402;8.552089
1275;-4.855441;0.545878;8.935161
1276;-3.86903;-0.46926352;14.192827
1277;-0.59376204;0.34476504;15.006856
1278;-2.1260512;-0.22026655;13.263878
1279;0.22984336;-0.32561144;12.133814
1280;-1.3120226;-1.9153614;12.708423
1281;-3.5242648;-0.9959879;9.337387
1282;-3.122039;0.82360536;12.076353
1283;-2.719813;-0.30645782;15.342045
1284;0.50757074;-0.47884035;8.90643
1285;-1.8674773;-0.22984336;7.019799
1286;-0.78529817;-0.9576807;10.132261
1287;0.047884032;0.29688102;11.300632
1288;-5.046977;-0.038307227;9.193734
1289;-1.6759412;0.22984336;9.653421
1290;2.6144683;-0.30645782;5.9280434
1291;-2.0015526;-1.6280571;6.4547677
1292;-1.7812861;-0.545878;6.081272
1293;0.94810385;0.6607997;10.812215
1294;-0.8523358;-0.41180268;11.195287
1295;2.27928;-0.02873042;10.46745
1296;-2.078167;-0.7469909;10.218452
1297;-0.05746084;-1.7717092;8.954314
1298;3.2561142;1.5993267;7.97748
1299;-2.882619;0.90021986;12.832921
1300;1.2066777;1.1587936;13.187263
1301;2.7389667;-0.5746084;9.5385
1302;-2.815581;-0.93852705;8.532935
1303;-0.6991069;1.541866;8.714894
1304;-0.5650316;1.532289;13.292608
1305;1.5705963;0.59376204;16.213533
1306;2.6910827;0.34476504;12.287044
1307;-0.2681506;-1.2641385;8.8777
1308;1.0342951;-0.1436521;8.695741
1309;-1.7046716;0.8810662;10.821792
1310;-2.2888567;-0.22984336;13.062764
1311;-0.79487497;0.23942018;10.381259
1312;-2.0015526;-0.82360536;5.00867
1313;-1.9728222;-1.1779473;8.1881695
1314;0.25857377;0.79487497;9.797073
1315;-2.566584;0.9864111;11.444284
1316;-1.6950948;-0.38307226;8.034941
1317;0.8714894;-0.45010993;9.260772
1318;0.4309563;-0.32561144;10.477027
1319;2.1164744;0.842759;13.254301
1320;2.9017725;0.45010993;11.022904
1321;2.5570073;1.0630256;10.965444
1322;-0.92895025;0.91937345;12.29662
1323;-2.384625;-0.58418524;6.981492
1324;-3.2944214;1.340753;5.506664
1325;-2.4133554;2.078167;12.248735
1326;2.4899697;2.6240451;13.809755
1327;0.019153614;0.7086837;8.408437
1328;1.8004397;0.8331822;9.308656
1329;1.7142484;1.1971009;12.095507
1330;0.10534488;1.4173675;12.631808
1331;3.8402996;1.484405;10.658986
1332;2.3942018;0.2873042;11.032481
1333;3.217807;1.283292;9.682152
1334;2.2505496;2.0111294;9.126697
1335;0.91937345;1.6089035;10.496181
1336;0.36391866;1.1779473;10.783484
1337;-0.35434186;1.4652514;11.166556
1338;2.825158;1.1492168;11.118672
1339;2.882619;-0.61291564;11.310209
1340;4.1946416;-0.39264908;9.864111
1341;4.912902;0.9576807;13.512875
1342;0.842759;-0.1340753;9.452309
1343;3.5242648;-0.17238252;7.0581064
1344;-2.3654714;-0.22026655;11.836933
1345;-2.2984335;-1.484405;7.7572136
1346;0.6512229;-0.009576807;3.7541082
1347;-1.7142484;1.1109096;11.137826
1348;2.0685902;-0.35434186;15.591042
1349;2.1260512;-1.0726024;10.477027
1350;0.33518824;-0.80445176;9.452309
1351;-0.047884032;-1.5035586;13.369223
1352;0.47884035;-0.9959879;7.5944076
1353;-2.3558946;-0.31603462;8.418014
1354;-5.9759274;-0.9768343;9.873688
1355;-3.3901896;-0.47884035;6.2823853
1356;-2.9400797;-1.6950948;5.45878
1357;-2.030283;-1.1109096;10.113108
1358;0.02873042;1.1971009;11.022904
1359;-1.0055647;-1.388637;7.872135
1360;0.8331822;-0.62249243;7.441179
1361;-2.078167;-0.095768064;8.963891
1362;-0.641646;-0.90021986;8.0445175
1363;-2.2697031;-1.1875241;4.8745947
1364;-3.5817258;-0.36391866;7.9583263
1365;-3.2369606;-0.22984336;7.9104424
1366;-3.514688;0.50757074;7.843405
1367;-2.5953147;0.82360536;8.590396
1368;-1.7238252;0.82360536;11.061212
1369;-0.91937345;0.10534488;11.702858
1370;0.23942018;-0.1436521;10.132261
1371;1.2258313;0.15322891;10.275913
1372;0.9864111;0.58418524;11.57836
1373;-1.5131354;0.047884032;11.166556
1374;1.4748282;0.25857377;9.174581
1375;0.24899697;-1.13964;11.463438
1376;-0.06703765;-0.5746084;10.065224
1377;0.58418524;-0.48841715;9.80665
1378;-0.91937345;-1.2737153;9.998186
1379;-1.5514427;-0.7278373;11.779472
1380;1.9153614;-0.78529817;11.722012
1381;0.78529817;-1.541866;10.390836
1382;-0.4213795;-1.7812861;8.456321
1383;-0.91937345;-2.585738;10.582372
1384;1.2162545;-1.13964;10.994174
1385;-1.9632454;-0.63206923;12.708423
1386;2.2601264;-1.4269443;9.9790325
1387;2.0973208;0.095768064;9.452309
1388;-1.8674773;-0.48841715;9.950302
1389;-2.1643584;0.2681506;12.172121
1390;1.0534488;0.842759;10.419566
1391;-1.2737153;2.078167;10.7356
1392;-0.1436521;-0.4405331;11.224017
1393;2.1643584;-0.6512229;6.579266
1394;-2.2984335;0.1340753;5.66947
1395;-0.7086837;-0.34476504;10.821792
1396;3.3806129;-0.62249243;13.062764
1397;-2.920926;-1.5705963;9.251195
1398;-2.231396;0.20111294;4.9799395
1399;0.61291564;0.50757074;11.042058
1400;-0.05746084;0.6799533;13.311762
1401;0.7757214;1.5705963;11.540052
1402;0.2777274;-0.019153614;10.630256
1403;0.11492168;0.78529817;9.481039
1404;-1.2545617;0.50757074;9.873688
1405;0.20111294;0.047884032;10.151415
1406;-1.0055647;-0.7182605;9.136273
1407;-3.1316159;-1.541866;6.215348
1408;-4.759673;-0.15322891;3.8115692
1409;-2.585738;1.4748282;10.793061
1410;1.9057846;2.528277;15.868769
1411;-0.842759;-0.49799395;7.967903
1412;8.034941;1.934515;9.864111
1413;-3.0262709;1.9153614;14.5088625
1414;-2.2984335;3.1890767;12.440272
1415;4.3766007;2.432509;12.191275
1416;-2.9496565;1.3120226;14.33648
1417;-3.217807;0.38307226;9.77792
1418;0.7182605;0.038307227;3.9073372
1419;0.038307227;1.3215994;13.522451
1420;1.1971009;2.1068976;15.935806
1421;1.4077905;0.02873042;8.159439
1422;5.5641246;1.2641385;8.178593
1423;-2.8060043;0.50757074;11.645397
1424;1.043872;0.7757214;10.457873
1425;1.8387469;1.6184803;8.801085
1426;-9.299079;-1.0534488;10.036493
1427;0.1436521;1.1683705;8.944737
1428;-1.4748282;0.05746084;6.033388
1429;-3.964798;-1.9536686;10.6398325
1430;5.93762;-0.009576807;8.303091
1431;-3.9456444;-1.1204864;6.5218053
1432;-2.2984335;-1.1779473;7.1826053
1433;1.9632454;2.087744;11.061212
1434;-6.483498;0.038307227;10.984597
1435;-0.8523358;2.7581203;10.6398325
1436;-0.51714754;2.5091233;14.738706
1437;-1.340753;0.29688102;13.800179
1438;2.3080103;0.92895025;8.810662
1439;-1.9919758;1.5035586;12.794614
1440;-2.6910827;0.5554548;14.192827
1441;-2.2888567;0.8810662;9.174581
1442;-3.016694;0.4309563;10.745177
1443;0.15322891;2.0111294;11.990162
1444;0.095768064;0.16280572;13.091495
1445;2.0111294;0.5554548;11.080365
1446;-1.5227122;0.36391866;12.430696
1447;0.6799533;-0.08619126;14.422671
1448;-1.8195933;0.2873042;10.228029
1449;-4.9703627;-1.340753;6.703765
1450;0.93852705;1.0630256;8.37013
1451;-1.982399;0.61291564;11.81778
1452;-2.1643584;-0.19153613;9.720459
1453;6.895301;0.12449849;6.1195793
1454;1.3503298;-0.2873042;9.701305
1455;0.5363012;-0.8619126;10.247183
1456;1.5610195;0.10534488;4.2999864
1457;-1.1300632;-0.038307227;9.212888
1458;2.0207062;1.3599066;14.4130945
1459;-0.2681506;-0.37349546;6.789956
1460;1.3982137;-1.4939818;1.1300632
1461;0.37349546;-0.63206923;8.628703
1462;-0.23942018;-0.94810385;10.141838
1463;5.8801594;-1.0151415;6.349423
1464;4.10845;-0.9959879;7.8625584
1465;3.86903;-0.50757074;8.590396
1466;5.1523223;-0.6799533;9.557653
1467;2.3942018;-0.93852705;7.699753
1468;5.5258174;-0.23942018;9.021352
1469;2.3463178;0.15322891;12.325351
1470;-4.960786;-2.4133554;7.4124484
1471;2.7964275;-1.5610195;6.742072
1472;1.7812861;1.091756;12.124237
1473;-4.0701427;-0.8331822;14.18325
1474;5.1810527;-0.009576807;7.929596
1475;-0.6512229;-0.842759;11.856087
1476;-2.231396;-1.2066777;16.481684
1477;2.183512;-1.9632454;12.095507
1478;0.9768343;-2.5091233;7.393295
1479;0.24899697;-1.2641385;7.776367
1480;0.46926352;-1.934515;10.46745
1481;2.4229321;-1.4269443;10.170568
1482;-2.7581203;-2.1643584;7.240066
1483;-2.767697;-2.1068976;6.9240313
1484;-4.1180267;-0.10534488;7.8529816
1485;-7.28795;-1.5993267;10.295067
1486;0.17238252;0.11492168;9.940725
1487;-0.78529817;-0.17238252;12.5264635
1488;1.4652514;-0.8523358;10.67814
1489;4.55856;1.2162545;10.084377
1490;-2.4133554;1.283292;11.386824
1491;1.1013328;1.4652514;13.800179
1492;0.50757074;2.231396;12.459426
1493;-5.046977;1.283292;8.8777
1494;-3.9456444;1.8866309;12.842498
1495;-3.6774938;0.7469909;11.808203
1496;0.24899697;1.1875241;10.611102
1497;2.4612393;0.7661445;13.522451
1498;2.4516625;0.21068975;13.01488
1499;3.1411927;0.9959879;10.496181
1500;1.9057846;0.81402856;11.769896
1501;1.6567876;0.2681506;9.500193
1502;-0.37349546;0.1436521;9.758766
1503;-3.9264908;-0.8714894;7.5082164
1504;-0.48841715;0.38307226;5.4300494
1505;-0.02873042;0.5650316;8.973468
1506;-1.0342951;0.93852705;11.856087
1507;2.3942018;1.6663644;10.840945
1508;0.9576807;1.4173675;11.176133
1509;2.5091233;1.2737153;12.717999
1510;4.7979803;1.3790601;14.633361
1511;2.7006595;0.9864111;10.927136
1512;1.8674773;0.23942018;10.802638
1513;-1.2258313;0.20111294;11.923124
1514;-1.3024458;-0.30645782;7.1059904
1515;-4.4436383;-0.7374141;4.8362875
1516;-3.8498764;-1.0534488;10.850522
1517;-1.1779473;-1.6567876;8.801085
1518;-4.644751;-2.6527755;1.4939818
1519;-1.4460979;-1.6472107;7.929596
1520;3.3135753;-1.2545617;12.459426
1521;0.47884035;-1.3120226;6.205771
1522;-4.280833;-1.541866;3.6966474
1523;2.3942018;-0.4405331;10.352529
1524;-3.6870706;-0.32561144;10.6877165
1525;-7.690176;0.7182605;-2.96881
1526;-1.5131354;-2.7868507;7.07726
1527;2.767697;3.3039982;11.291056
1528;-10.850522;-1.934515;12.603078
1529;3.7732618;-2.873042;-2.8060043
1530;0.15322891;1.4556746;7.2592196
1531;-5.45878;-2.1930888;17.30529
1532;6.2823853;4.9320555;12.823344
1533;-2.1164744;-1.3215994;5.631162
1534;3.0262709;0.79487497;8.523358
1535;-3.8977604;1.5131354;12.631808
1536;-0.1340753;0.20111294;9.864111
1537;6.588843;0.37349546;13.359646
1538;-1.1013328;-0.22026655;13.8480625
1539;1.9728222;-1.9153614;5.410896
1540;8.1402855;-2.681506;6.579266
1541;1.2162545;-1.8291701;11.750742
1542;5.659893;-0.7086837;19.900604
1543;3.9360676;-1.484405;15.26543
1544;-0.37349546;-2.1643584;1.982399
1545;3.9743748;-1.6567876;10.333375
1546;-0.25857377;0.45010993;15.006856
1547;2.2505496;-0.047884032;14.997279
1548;2.930503;-1.0726024;8.848969
1549;-1.4939818;-0.9864111;8.341399
1550;1.5897499;-1.0630256;11.903971
1551;1.436521;0.7565677;12.957419
1552;1.2162545;1.2737153;10.764331
1553;0.15322891;1.0534488;11.769896
1554;-0.047884032;1.4269443;11.942278
1555;2.4133554;1.8770541;10.342952
1556;-3.964798;1.283292;13.8480625
1557;-0.6991069;2.183512;12.957419
1558;1.3503298;0.23942018;7.019799
1559;-2.2505496;-0.46926352;5.717354
1560;-4.759673;-0.08619126;9.346964
1561;-5.056554;-0.61291564;6.3111157
1562;5.793968;0.93852705;7.28795
1563;-3.514688;0.35434186;9.931149
1564;-5.0182467;-2.528277;6.1100025
1565;5.7269306;-0.31603462;5.1140146
1566;-8.130709;-0.63206923;11.224017
1567;-3.3423057;-0.8619126;13.120225
1568;6.4068837;0.41180268;7.5082164
1569;-3.41892;-1.2354081;7.2304893
1570;0.18195933;0.9959879;10.936713
1571;1.1013328;1.8195933;14.202404
1572;-1.1013328;2.0685902;12.0093155
1573;0.1340753;2.3750482;10.371682
1574;1.292869;2.528277;13.302185
1575;0.92895025;2.3175871;13.120225
1576;-0.08619126;0.7278373;9.940725
1577;0.20111294;1.5993267;8.207323
1578;-1.2354081;0.2681506;7.728483
1579;-2.2984335;-0.1340753;8.628703
1580;3.8881836;-0.29688102;12.287044
1581;-0.4213795;-0.009576807;12.603078
1582;-2.0494366;-1.4173675;4.6255975
1583;8.437167;2.0111294;9.097966
1584;-0.5650316;0.15322891;15.897499
1585;-4.6926355;-1.7429788;10.70687
1586;2.777274;-0.4405331;-0.5363012
1587;-3.7445314;-0.45968673;10.697293
1588;-5.583278;-0.16280572;12.0571995
1589;5.3438582;0.94810385;8.90643
1590;-2.8060043;-0.79487497;10.879252
1591;1.5131354;0.63206923;10.620679
1592;5.4204726;2.4612393;9.299079
1593;-2.0590134;1.2641385;15.093047
1594;2.1739352;0.51714754;14.298173
1595;3.5817258;0.59376204;7.1826053
1596;-4.7500963;1.0151415;7.699753
1597;-3.1794999;1.9632454;10.869676
1598;-3.6391866;1.5227122;9.461885
1599;-4.6830587;1.4748282;7.881712
1600;-0.19153613;1.6663644;9.346964
1601;-3.2465374;0.009576807;7.3645644
1602;1.3982137;0.047884032;6.6367273
1603;1.0247183;0.7757214;14.001291
1604;-2.3654714;-0.20111294;13.206416
1605;5.9280434;0.2681506;7.2304893
1606;0.36391866;-0.4405331;8.561666
1607;-4.5681367;-0.48841715;11.3964
1608;-0.58418524;-0.35434186;6.3685765
1609;-4.261679;-0.1436521;7.920019
1610;-1.3982137;-0.40222588;12.717999
1611;-2.27928;-1.0247183;7.393295
1612;-1.4173675;-2.6144683;5.544971
1613;5.506664;0.02873042;10.333375
1614;2.3654714;0.38307226;14.499286
1615;-0.4213795;-0.12449849;13.972561
1616;4.462792;0.19153613;6.981492
1617;-1.8387469;0.92895025;10.879252
1618;-4.5777135;0.7757214;13.8959465
1619;1.9728222;1.6280571;11.645397
1620;0.23942018;0.82360536;10.304645
1621;0.047884032;0.37349546;10.860099
1622;1.8866309;0.5650316;9.931149
1623;2.6240451;1.3790601;11.061212
1624;2.920926;1.4460979;12.77546
1625;2.3175871;0.20111294;12.459426
1626;0.35434186;-0.6607997;5.046977
1627;0.39264908;-0.6607997;7.393295
1628;-0.51714754;0.58418524;10.5440645
1629;-0.10534488;0.34476504;10.965444
1630;0.5363012;-0.94810385;8.073248
1631;0.32561144;-0.9959879;6.5122285
1632;-2.0494366;-1.3503298;7.6231384
1633;-0.06703765;-1.3024458;9.346964
1634;4.050989;-0.2777274;10.860099
1635;0.6895301;-1.7908629;9.32781
1636;2.4516625;-1.4269443;7.565677
1637;0.10534488;-0.63206923;9.088389
1638;-1.2258313;0.16280572;9.212888
1639;-1.0342951;0.7469909;12.890382
1640;0.37349546;0.23942018;11.856087
1641;-3.217807;-0.93852705;7.9583263
1642;-0.22984336;-0.37349546;6.789956
1643;0.6895301;0.8810662;13.378799
1644;-1.3024458;0.7086837;15.591042
1645;5.085284;0.7757214;11.779472
1646;1.7812861;-0.2777274;8.887277
1647;-2.2218192;-0.019153614;8.858546
1648;0.24899697;0.7469909;11.243171
1649;-2.2409728;0.48841715;10.381259
1650;-1.6280571;0.7374141;11.377247
1651;-0.47884035;-0.10534488;9.653421
1652;-1.8004397;-1.7812861;4.606444
1653;-2.1452048;-0.89064306;7.1634517
1654;1.3599066;-0.7182605;14.422671
1655;3.7062242;0.80445176;13.426683
1656;-0.9768343;-1.2545617;9.471462
1657;2.0973208;-0.7086837;4.5202527
1658;1.0247183;-0.7374141;10.295067
1659;-2.5474305;0.24899697;11.252748
1660;0.90021986;0.61291564;8.916007
1661;-1.7717092;-0.076614454;8.475474
1662;-1.3215994;-0.545878;9.691729
1663;-1.3790601;-0.842759;7.4028716
1664;-0.38307226;-0.8523358;7.795521
1665;3.8019924;0.18195933;14.365211
1666;1.6759412;0.10534488;13.081918
1667;3.1316159;-0.37349546;8.8777
1668;3.5434184;0.5363012;6.8761473
1669;-3.6104562;-0.11492168;10.314221
1670;0.24899697;0.59376204;11.377247
1671;-0.06703765;0.50757074;9.873688
1672;-0.89064306;-0.48841715;8.676587
1673;-1.340753;-1.2545617;6.3685765
1674;-0.16280572;-0.39264908;6.694188
1675;-0.5746084;-0.39264908;11.434708
1676;1.4460979;-0.4213795;12.555194
1677;0.009576807;-0.7469909;10.25676
1678;1.4460979;-0.10534488;8.542512
1679;-0.6607997;0.36391866;12.641385
1680;-1.4077905;0.5363012;12.373235
1681;1.2258313;0.5363012;11.520899
1682;-1.4269443;-0.15322891;9.32781
1683;-2.4995465;-0.9959879;9.011775
1684;-0.22026655;-0.19153613;9.222465
1685;-2.9879637;-0.21068975;10.113108
1686;1.3215994;0.17238252;11.070788
1687;2.920926;0.81402856;10.94629
1688;-0.9959879;-0.08619126;9.097966
1689;3.064578;0.16280572;7.374141
1690;-1.1300632;0.45010993;10.065224
1691;-2.2122424;0.7086837;11.999739
1692;1.436521;0.40222588;10.831368
1693;0.12449849;-0.11492168;5.6982
1694;-2.1930888;-0.10534488;7.565677
1695;-0.095768064;0.35434186;10.400413
1696;0.90021986;0.6991069;10.275913
1697;1.8004397;1.0630256;11.9614315
1698;2.0207062;0.7086837;10.764331
1699;-0.59376204;-0.18195933;8.686164
1700;0.20111294;0.40222588;8.887277
1701;0.93852705;1.3503298;14.068329
1702;-0.22984336;1.0821792;13.67568
1703;1.6184803;-0.22984336;8.66701
1704;0.0;-0.47884035;6.4260373
1705;-3.2465374;-0.93852705;9.184157
1706;-0.50757074;0.39264908;10.5440645
1707;0.6703765;0.49799395;10.534488
1708;1.7908629;0.6895301;10.103531
1709;0.23942018;-0.095768064;7.8146744
1710;-0.21068975;-0.51714754;7.019799
1711;-0.40222588;1.0342951;10.534488
1712;-1.3503298;0.9576807;14.54717
1713;1.3215994;-0.0;11.089942
1714;0.0;-0.12449849;4.903325
1715;-2.528277;-0.90979666;5.535394
1716;-0.60333884;0.10534488;9.643845
1717;-0.35434186;1.436521;13.742718
1718;1.5514427;0.6512229;11.291056
1719;1.1109096;0.009576807;6.588843
1720;-0.82360536;-0.08619126;7.4028716
1721;-0.2873042;1.4173675;10.860099
1722;-1.733402;1.4269443;12.382812
1723;-0.63206923;0.8810662;10.572795
1724;1.2545617;1.1204864;9.356541
1725;-2.2697031;0.1436521;8.255207
1726;0.02873042;0.38307226;6.3302693
1727;-1.388637;2.0111294;12.545617
1728;0.90979666;1.4652514;14.891934
1729;4.711789;1.2258313;10.965444
1730;0.9768343;-0.05746084;7.086837
1731;-0.48841715;1.1683705;8.552089
1732;-0.29688102;2.3558946;10.850522
1733;-2.6910827;2.2409728;11.808203
1734;-1.7429788;1.9249382;11.951855
1735;0.545878;1.2354081;10.228029
1736;0.5650316;0.37349546;6.6079965
1737;-2.3175871;0.58418524;7.4124484
1738;0.05746084;1.7812861;11.693281
1739;1.541866;1.9249382;13.120225
1740;2.6527755;1.4077905;12.708423
1741;3.5051112;1.3503298;8.571242
1742;1.685518;0.63206923;7.4124484
1743;-1.7238252;1.484405;8.686164
1744;-1.283292;2.873042;10.381259
1745;-1.8195933;2.2505496;12.612655
1746;1.5897499;1.4939818;10.43872
1747;0.7278373;0.9864111;4.5872903
1748;-1.4939818;0.92895025;6.1866174
1749;0.45968673;2.9879637;11.626244
1750;-0.35434186;4.367024;14.681245
1751;0.51714754;2.6240451;12.220005
1752;2.5187001;1.9919758;9.816227
1753;1.13964;2.1452048;7.4124484
1754;-0.59376204;1.4556746;10.065224
1755;-0.46926352;2.6910827;10.496181
1756;-0.60333884;3.7062242;10.658986
1757;-2.719813;3.2752678;13.072341
1758;0.25857377;2.825158;9.433155
1759;1.982399;2.480393;7.7667904
1760;-1.8100165;1.8195933;9.720459
1761;-0.90021986;2.3558946;9.749189
1762;-1.2258313;1.7525556;7.9966335
1763;-2.9879637;1.9632454;10.821792
1764;0.24899697;2.27928;11.645397
1765;1.532289;1.5705963;10.304645
1766;1.1109096;1.5897499;9.854534
1767;1.292869;1.9249382;11.291056
1768;-0.842759;2.183512;8.916007
1769;-1.6567876;1.8100165;9.050082
1770;-1.5993267;2.8443117;11.798626
1771;-0.29688102;2.1164744;11.310209
1772;0.8331822;2.3750482;10.764331
1773;1.1109096;2.3558946;10.745177
1774;0.80445176;2.480393;10.67814
1775;0.93852705;1.6759412;9.586384
1776;-0.79487497;1.5227122;8.848969
1777;-0.9864111;0.9672575;8.379706
1778;0.78529817;1.685518;8.590396
1779;-1.3790601;1.6376339;11.33894
1780;2.4612393;1.2449849;12.564771
1781;2.3175871;0.842759;9.653421
1782;0.20111294;0.23942018;8.130709
1783;1.2066777;0.4405331;8.0445175
1784;-1.0151415;0.7661445;9.040505
1785;-1.043872;1.7525556;9.414001
1786;-0.90979666;1.2066777;10.036493
1787;0.10534488;1.1204864;9.80665
1788;-0.22026655;1.091756;10.46745
1789;2.183512;1.1971009;10.984597
1790;0.93852705;1.3982137;10.802638
1791;0.22984336;1.1109096;9.739613
1792;0.8619126;0.93852705;9.212888
1793;-2.384625;0.48841715;7.6231384
1794;-1.1971009;1.292869;9.078813
1795;-2.0398598;1.1971009;10.764331
1796;-0.51714754;0.80445176;10.457873
1797;1.6280571;0.80445176;9.864111
1798;1.733402;0.8523358;10.91756
1799;1.3215994;1.0630256;11.473015
1800;0.92895025;0.24899697;8.619126
1801;-0.94810385;0.6703765;7.9104424
1802;-2.2122424;1.1587936;9.605537
1803;-2.0590134;1.2162545;8.925584
1804;-1.5801731;0.7661445;9.931149
1805;0.009576807;1.292869;11.836933
1806;0.7278373;1.3024458;11.654974
1807;3.0262709;1.1875241;10.94629
1808;1.934515;1.5131354;11.013328
1809;1.1013328;1.1492168;10.984597
1810;1.2162545;1.292869;8.130709
1811;-2.27928;0.90979666;7.7189064
1812;-2.2601264;1.091756;8.331821
1813;-3.064578;1.340753;8.1402855
1814;-0.16280572;1.9919758;10.0748005
1815;-0.1436521;2.135628;11.310209
1816;1.0630256;1.7429788;11.21444
1817;3.8019924;2.4037786;11.702858
1818;0.9864111;1.8770541;12.689269
1819;0.45010993;1.6663644;10.67814
1820;0.90979666;1.8004397;7.795521
1821;-2.1739352;1.8100165;9.193734
1822;-1.6567876;2.2601264;10.362105
1823;-1.6376339;1.9249382;8.207323
1824;-0.5650316;1.8674773;9.289502
1825;0.11492168;1.9153614;10.70687
1826;0.48841715;1.6567876;10.381259
1827;2.0015526;2.0685902;11.022904
1828;0.8619126;1.6759412;11.942278
1829;1.5705963;1.5227122;10.860099
1830;0.29688102;1.4460979;8.599973
1831;-0.9672575;1.5227122;9.040505
1832;-0.9672575;1.3120226;9.126697
1833;-1.13964;1.2449849;8.0924015
1834;-1.2066777;1.2066777;8.571242
1835;-0.92895025;1.091756;9.107543
1836;-0.22984336;1.5897499;10.151415
1837;0.36391866;1.7908629;11.18571
1838;0.31603462;2.078167;11.358093
1839;0.7661445;2.432509;11.57836
1840;0.58418524;2.2888567;11.87524
1841;0.23942018;2.0398598;11.789049
1842;0.641646;1.8674773;10.754754
1843;-0.24899697;1.3694834;9.375694
1844;0.16280572;1.3120226;9.643845
1845;-0.37349546;1.2258313;9.394848
1846;0.095768064;0.90021986;8.676587
1847;0.5554548;0.80445176;8.39886
1848;0.33518824;0.63206923;8.896853
1849;1.1204864;0.92895025;9.222465
1850;0.45968673;0.9576807;9.3182335
1851;0.18195933;1.1300632;9.165004
1852;0.32561144;1.2162545;9.720459
1853;-0.33518824;1.4269443;10.534488
1854;0.12449849;1.5610195;10.342952
1855;-0.29688102;1.436521;11.032481
1856;0.10534488;1.4269443;11.128249
1857;0.7374141;1.3215994;11.415554
1858;0.35434186;1.2545617;10.869676
1859;0.038307227;1.1779473;10.630256
1860;0.095768064;1.0342951;9.883265
1861;-0.63206923;1.1779473;9.672575
1862;-1.4173675;0.9864111;9.069236
1863;-0.17238252;1.13964;8.676587
1864;-1.2545617;1.1492168;8.781932
1865;0.20111294;1.1492168;9.021352
1866;-0.33518824;1.2066777;8.925584
1867;-0.21068975;1.3024458;9.184157
1868;-0.23942018;1.4748282;9.3182335
1869;-0.59376204;1.6280571;9.739613
1870;-0.06703765;1.7717092;9.768343
1871;-1.0821792;1.7238252;9.931149
1872;0.12449849;1.8866309;10.352529
1873;-0.63206923;1.7525556;10.6877165
1874;0.45968673;1.8195933;11.118672
1875;0.24899697;1.7238252;11.109096
1876;0.45010993;1.6472107;10.994174
1877;0.7469909;1.6472107;10.927136
1878;0.25857377;1.4460979;10.91756
1879;0.78529817;1.4652514;10.352529
1880;0.39264908;1.3120226;10.28549
1881;0.47884035;1.3024458;9.902418
1882;0.7182605;1.3311762;9.471462
1883;0.20111294;1.292869;9.394848
1884;0.5363012;1.436521;9.452309
1885;0.4213795;1.4173675;9.404425
1886;0.16280572;1.484405;9.126697
1887;0.29688102;1.4460979;9.270349
1888;0.095768064;1.6184803;9.375694
1889;-0.2681506;1.7238252;9.720459
1890;-0.11492168;1.685518;9.873688
1891;-0.24899697;1.8004397;9.911995
1892;-0.16280572;1.8195933;10.295067
1893;-0.2681506;1.7238252;10.333375
1894;-0.31603462;1.7525556;10.237606
1895;-0.18195933;1.7142484;10.409989
1896;-0.7565677;1.6376339;10.496181
1897;-0.24899697;1.5131354;9.911995
1898;-0.51714754;1.484405;9.854534
1899;-0.63206923;1.532289;10.141838
1900;-0.10534488;1.5227122;10.007763
1901;-0.41180268;1.340753;9.768343
1902;0.11492168;1.4652514;9.883265
1903;-0.18195933;1.340753;9.77792
1904;0.16280572;1.292869;9.653421
1905;0.10534488;1.3790601;9.911995
1906;-0.009576807;1.388637;9.892841
1907;0.19153613;1.3215994;9.77792
1908;0.06703765;1.4173675;9.864111
1909;0.1340753;1.3599066;10.04607
1910;0.22984336;1.2449849;10.132261
1911;0.18195933;1.3024458;10.084377
1912;0.16280572;1.283292;10.199299
1913;0.076614454;1.283292;10.065224
1914;0.038307227;1.2449849;10.04607
1915;-0.11492168;1.2066777;10.170568
1916;-0.047884032;1.2066777;10.0748005
1917;-0.11492168;1.1683705;10.103531
1918;-0.16280572;1.0630256;10.199299
1919;-0.29688102;1.0247183;10.170568
1920;-0.22026655;0.9576807;10.429143
1921;-0.1340753;0.8714894;10.524911
1922;-0.33518824;0.6512229;10.342952
1923;-0.40222588;0.5363012;10.524911
1924;-0.2873042;0.34476504;10.333375
1925;-0.038307227;0.34476504;10.132261
1926;0.25857377;0.095768064;10.46745
1927;0.24899697;-0.20111294;10.093954
1928;0.22026655;-0.30645782;9.634268
1929;0.08619126;-0.47884035;9.643845
1930;-0.019153614;-0.51714754;9.442732
1931;0.22984336;-0.6799533;9.155427
1932;0.019153614;-0.8523358;9.3661175
1933;0.29688102;-0.9864111;9.030929
1934;0.641646;-0.81402856;8.887277
1935;0.34476504;-1.043872;9.528923
1936;0.4309563;-0.7086837;9.126697
1937;0.20111294;-0.6991069;9.5385
1938;0.25857377;-0.4309563;9.854534
1939;-0.23942018;-0.36391866;9.56723
1940;-0.009576807;-0.19153613;9.615114
1941;-0.35434186;-0.047884032;10.25676
1942;0.009576807;-0.0;10.352529
1943;0.076614454;-0.038307227;10.208876
1944;-0.076614454;-0.0;10.333375
1945;-0.019153614;0.05746084;10.323798
1946;-0.2873042;-0.009576807;10.084377
1947;-0.33518824;-0.1436521;9.931149
1948;-0.51714754;-0.1436521;10.151415
1949;-0.545878;-0.33518824;9.672575
1950;-0.21068975;-0.4405331;9.56723
1951;-0.11492168;-0.30645782;9.662998
1952;0.009576807;-0.37349546;9.595961
1953;0.16280572;-0.35434186;9.595961
1954;0.05746084;-0.19153613;9.720459
1955;0.08619126;-0.21068975;9.873688
1956;0.16280572;-0.20111294;9.576807
1957;0.08619126;-0.1436521;9.864111
1958;0.16280572;-0.16280572;10.065224
1959;0.29688102;-0.20111294;9.864111
1960;0.2777274;-0.12449849;10.036493
1961;0.24899697;-0.1340753;10.113108
1962;0.24899697;-0.1436521;9.988609
1963;0.20111294;-0.12449849;10.1226845
1964;0.10534488;-0.095768064;10.0269165
1965;0.12449849;-0.24899697;9.902418
1966;0.095768064;-0.22026655;9.873688
1967;0.009576807;-0.2681506;9.816227
1968;0.019153614;-0.24899697;9.835381
1969;0.02873042;-0.18195933;9.864111
1970;-0.11492168;-0.19153613;9.739613
1971;-0.02873042;-0.2681506;9.739613
1972;-0.095768064;-0.30645782;9.758766
1973;-0.1436521;-0.20111294;9.797073
1974;-0.19153613;-0.24899697;9.730036
1975;-0.1436521;-0.22026655;9.816227
1976;-0.095768064;-0.17238252;9.854534
1977;-0.06703765;-0.10534488;9.883265
1978;-0.02873042;-0.17238252;9.998186
1979;-0.076614454;-0.06703765;9.931149
1980;0.08619126;-0.10534488;9.902418
1981;0.02873042;-0.05746084;9.883265
1982;0.02873042;-0.06703765;9.892841
1983;0.1436521;-0.095768064;9.969456
1984;0.08619126;-0.15322891;9.816227
1985;0.12449849;-0.12449849;9.864111
1986;0.20111294;-0.17238252;9.835381
1987;0.11492168;-0.095768064;9.854534
1988;0.15322891;-0.10534488;9.825804
1989;0.1436521;-0.076614454;9.816227
1990;0.10534488;-0.038307227;9.940725
1991;0.17238252;-0.038307227;9.931149
1992;0.095768064;-0.06703765;9.892841
1993;0.12449849;-0.038307227;9.959879
1994;0.10534488;-0.08619126;9.931149
1995;0.009576807;-0.076614454;9.892841
1996;0.009576807;-0.076614454;9.921572
1997;0.019153614;-0.047884032;9.816227
1998;-0.05746084;-0.06703765;9.892841
1999;-0.08619126;-0.076614454;9.80665
2000;-0.019153614;-0.11492168;9.873688
2001;-0.06703765;-0.08619126;9.797073
2002;-0.12449849;-0.12449849;9.77792
2003;0.009576807;-0.11492168;9.873688
2004;-0.1340753;-0.05746084;9.864111
2005;-0.019153614;-0.076614454;9.825804
2006;0.0;-0.076614454;9.768343
2007;-0.08619126;-0.019153614;9.931149
2008;-0.038307227;-0.038307227;9.892841
2009;0.05746084;-0.019153614;9.797073
2010;-0.009576807;-0.009576807;9.988609
2011;0.095768064;0.02873042;9.959879
2012;-0.019153614;0.02873042;9.825804
2013;0.02873042;0.05746084;9.911995
2014;-0.047884032;0.11492168;9.911995
2015;-0.02873042;0.15322891;9.873688
2016;0.038307227;0.16280572;9.911995
2017;-0.038307227;0.2681506;9.883265
2018;0.06703765;0.25857377;9.911995
2019;0.02873042;0.31603462;9.921572
2020;0.02873042;0.34476504;9.998186
2021;0.05746084;0.2873042;9.959879
2022;0.06703765;0.34476504;9.873688
2023;0.1340753;0.38307226;9.892841
2024;0.047884032;0.35434186;9.883265
2025;0.16280572;0.36391866;9.940725
2026;0.05746084;0.41180268;9.883265
2027;0.18195933;0.37349546;9.864111
2028;0.11492168;0.40222588;9.931149
2029;0.047884032;0.4405331;9.931149
2030;0.06703765;0.4309563;9.950302
2031;0.047884032;0.49799395;9.9790325
2032;-0.009576807;0.4405331;10.01734
2033;-0.019153614;0.4213795;10.04607
2034;-0.019153614;0.4213795;9.959879
2035;-0.08619126;0.38307226;9.921572
2036;-0.047884032;0.41180268;10.0269165
2037;-0.095768064;0.31603462;9.911995
2038;-0.05746084;0.30645782;9.854534
2039;-0.076614454;0.22026655;9.816227
2040;-0.05746084;0.22026655;9.835381
2041;-0.047884032;0.19153613;9.835381
2042;-0.047884032;0.18195933;9.844957
2043;0.02873042;0.10534488;9.902418
2044;0.076614454;0.08619126;9.864111
2045;0.06703765;0.10534488;9.959879
2046;0.16280572;0.06703765;9.931149
2047;0.1340753;0.02873042;9.835381
2048;0.1436521;-0.047884032;10.036493
2049;0.11492168;-0.08619126;9.892841
2050;0.20111294;-0.076614454;9.902418
2051;0.16280572;-0.1340753;9.902418
2052;0.11492168;-0.095768064;9.883265
2053;0.12449849;-0.18195933;9.80665
2054;0.076614454;-0.1436521;9.787497
2055;0.047884032;-0.11492168;9.825804
2056;0.10534488;-0.1340753;9.749189
2057;-0.076614454;-0.1340753;9.80665
2058;-0.02873042;-0.095768064;9.825804
2059;-0.08619126;-0.16280572;9.797073
2060;-0.076614454;-0.1436521;9.816227
2061;-0.076614454;-0.10534488;9.835381
2062;-0.1436521;-0.15322891;9.902418
2063;-0.12449849;-0.11492168;9.873688
2064;-0.10534488;-0.1340753;9.864111
2065;-0.05746084;-0.10534488;9.892841
2066;-0.06703765;-0.095768064;9.921572
2067;0.009576807;-0.12449849;9.825804
2068;-0.02873042;-0.1340753;9.835381
2069;0.019153614;-0.15322891;9.854534
2070;-0.02873042;-0.11492168;9.854534
2071;0.047884032;-0.15322891;9.816227
2072;0.11492168;-0.15322891;9.825804
2073;0.17238252;-0.1340753;9.911995
2074;0.12449849;-0.1340753;9.873688
2075;0.15322891;-0.18195933;9.864111
2076;0.1436521;-0.095768064;9.902418
2077;0.076614454;-0.076614454;9.892841
2078;0.12449849;-0.18195933;9.854534
2079;0.08619126;-0.10534488;9.797073
2080;0.08619126;-0.12449849;9.892841
2081;0.06703765;-0.12449849;9.873688
2082;0.009576807;-0.12449849;9.835381
2083;0.0;-0.11492168;9.844957
2084;-0.02873042;-0.047884032;9.902418
2085;-0.047884032;-0.12449849;9.854534
2086;-0.076614454;-0.10534488;9.816227
2087;-0.1436521;-0.11492168;9.844957
2088;-0.06703765;-0.009576807;9.854534
2089;-0.047884032;-0.047884032;9.950302
2090;-0.08619126;-0.0;9.959879
2091;-0.009576807;0.05746084;9.892841
2092;-0.038307227;0.009576807;9.825804
2093;-0.009576807;-0.0;9.940725
2094;-0.05746084;-0.038307227;9.892841
2095;-0.019153614;-0.009576807;9.864111
2096;0.019153614;0.009576807;9.864111
2097;0.02873042;0.019153614;9.931149
2098;0.06703765;0.009576807;9.969456
2099;0.047884032;0.095768064;9.854534
2100;0.10534488;0.08619126;9.873688
2101;0.08619126;0.08619126;9.940725
2102;0.11492168;0.095768064;9.892841
2103;0.05746084;0.12449849;9.892841
2104;0.095768064;0.12449849;9.873688
2105;0.076614454;0.08619126;9.940725
2106;0.095768064;0.12449849;9.969456
2107;0.038307227;0.08619126;9.883265
2108;0.08619126;0.18195933;9.902418
2109;0.06703765;0.11492168;9.911995
2110;0.06703765;0.076614454;9.844957
2111;0.038307227;0.21068975;9.931149
2112;0.019153614;0.21068975;9.892841
2113;-0.009576807;0.20111294;9.9790325
2114;0.047884032;0.21068975;9.959879
2115;-0.08619126;0.24899697;9.921572
2116;-0.009576807;0.22984336;9.950302
2117;-0.047884032;0.16280572;9.902418
2118;-0.009576807;0.19153613;9.988609
2119;-0.019153614;0.23942018;9.911995
2120;-0.02873042;0.18195933;9.854534
2121;0.019153614;0.15322891;9.950302
2122;0.009576807;0.18195933;10.007763
2123;0.05746084;0.095768064;9.902418
2124;0.047884032;0.11492168;9.844957
2125;0.05746084;0.02873042;9.911995
2126;0.06703765;0.1340753;9.969456
2127;0.047884032;0.06703765;9.911995
2128;0.08619126;0.06703765;9.9790325
2129;0.095768064;0.10534488;9.902418
2130;0.038307227;-0.0;9.921572
2131;0.10534488;-0.0;9.873688
2132;0.009576807;-0.019153614;9.864111
2133;0.06703765;-0.0;9.873688
2134;0.047884032;-0.009576807;9.854534
2135;0.019153614;-0.0;9.873688
2136;0.06703765;-0.047884032;9.844957
2137;-0.047884032;-0.047884032;9.873688
2138;0.009576807;-0.076614454;9.921572
2139;0.02873042;-0.047884032;9.816227
2140;-0.08619126;-0.06703765;9.873688
2141;-0.009576807;-0.05746084;9.902418
2142;-0.019153614;-0.05746084;9.844957
2143;0.0;-0.05746084;9.950302
2144;-0.038307227;-0.06703765;9.864111
2145;0.02873042;-0.06703765;9.835381
2146;0.08619126;-0.05746084;9.902418
2147;-0.009576807;-0.038307227;9.883265
2148;0.047884032;-0.095768064;9.854534
2149;0.05746084;-0.047884032;9.825804
2150;0.038307227;-0.08619126;9.873688
2151;-0.019153614;-0.08619126;9.825804
2152;0.05746084;-0.095768064;9.787497
2153;0.06703765;-0.095768064;9.892841
2154;-0.009576807;-0.019153614;9.902418
2155;0.05746084;-0.06703765;9.921572
2156;0.08619126;-0.0;9.873688
2157;0.019153614;-0.05746084;9.911995
2158;0.05746084;-0.06703765;9.940725
2159;0.095768064;-0.0;9.902418
2160;0.009576807;-0.038307227;9.816227
2161;0.038307227;-0.06703765;9.931149
2162;-0.038307227;-0.047884032;9.911995
2163;0.019153614;-0.019153614;9.921572
2164;0.02873042;-0.076614454;9.892841
2165;-0.05746084;-0.009576807;9.835381
2166;0.02873042;-0.019153614;9.873688
2167;-0.019153614;-0.0;9.931149
2168;-0.009576807;0.076614454;10.01734
2169;0.047884032;-0.038307227;9.911995
2170;-0.05746084;0.009576807;9.835381
2171;0.038307227;-0.0;9.950302
2172;0.009576807;0.05746084;9.835381
2173;0.02873042;0.11492168;9.950302
2174;0.038307227;0.05746084;9.988609
2175;0.0;0.047884032;9.921572
2176;0.038307227;0.038307227;9.959879
2177;0.009576807;0.095768064;9.959879
2178;0.08619126;0.047884032;9.892841
2179;0.047884032;0.06703765;9.959879
2180;0.047884032;0.047884032;9.892841
2181;0.05746084;0.095768064;9.844957
2182;0.02873042;0.095768064;9.959879
2183;0.08619126;0.095768064;9.931149
2184;0.05746084;0.11492168;9.921572
2185;-0.019153614;0.06703765;9.931149
2186;0.05746084;0.095768064;9.940725
2187;0.009576807;0.06703765;9.911995
2188;0.047884032;0.06703765;9.931149
2189;0.019153614;0.10534488;9.931149
2190;-0.019153614;0.02873042;9.854534
2191;0.02873042;0.16280572;9.969456
2192;0.038307227;0.047884032;9.902418
2193;-0.05746084;0.06703765;9.911995
2194;0.05746084;0.11492168;9.902418
2195;0.02873042;0.11492168;9.883265
2196;0.02873042;0.06703765;9.883265
2197;0.009576807;0.06703765;9.816227
2198;0.02873042;0.019153614;9.959879
2199;0.047884032;0.047884032;9.950302
2200;0.0;0.019153614;9.873688
2201;0.02873042;0.05746084;9.921572
2202;0.019153614;0.009576807;9.940725
2203;0.076614454;-0.02873042;9.921572
2204;0.038307227;0.02873042;9.902418
2205;0.047884032;0.009576807;9.921572
2206;0.038307227;-0.0;9.911995
2207;0.02873042;0.019153614;9.911995
2208;0.05746084;-0.02873042;9.854534
2209;0.047884032;-0.009576807;9.940725
2210;0.0;-0.0;9.854534
2211;0.076614454;-0.0;9.902418
2212;-0.038307227;-0.019153614;9.844957
2213;0.009576807;-0.019153614;9.911995
2214;0.076614454;0.009576807;9.921572
2215;-0.076614454;-0.0;9.950302
2216;0.02873042;-0.0;9.902418
2217;0.019153614;0.009576807;9.873688
2218;-0.019153614;-0.047884032;9.931149
2219;0.047884032;0.009576807;9.873688
2220;0.0;-0.0;9.883265
2221;0.019153614;-0.05746084;9.854534
2222;-0.009576807;0.019153614;9.77792
2223;0.038307227;0.009576807;9.950302
2224;0.038307227;-0.0;9.911995
2225;0.009576807;-0.02873042;9.864111
2226;0.0;-0.038307227;9.873688
2227;0.019153614;0.02873042;9.950302
2228;0.019153614;-0.0;9.911995
2229;0.05746084;-0.0;9.940725
2230;0.009576807;-0.009576807;9.883265
2231;0.06703765;-0.0;9.883265
2232;0.038307227;0.019153614;9.902418
2233;0.047884032;-0.047884032;9.864111
2234;0.02873042;-0.02873042;9.854534
2235;0.05746084;-0.0;9.921572
2236;0.076614454;-0.0;9.864111
2237;0.02873042;0.02873042;9.873688
2238;0.009576807;-0.0;9.883265
2239;0.05746084;-0.0;9.844957
2240;-0.019153614;-0.0;9.921572
2241;0.02873042;-0.0;9.959879
2242;0.05746084;0.019153614;9.844957
2243;0.02873042;0.009576807;9.940725
2244;0.019153614;0.05746084;9.902418
2245;0.009576807;0.047884032;9.892841
2246;0.02873042;0.06703765;9.902418
2247;0.009576807;0.038307227;9.854534
2248;0.0;0.05746084;9.9790325
2249;0.05746084;0.08619126;9.864111
2250;0.06703765;0.05746084;9.864111
2251;0.047884032;0.038307227;9.883265
2252;0.019153614;0.047884032;9.892841
2253;0.047884032;0.08619126;9.921572
2254;0.038307227;0.06703765;9.873688
2255;0.02873042;-0.0;9.787497
2256;0.06703765;0.047884032;9.911995
2257;0.009576807;0.05746084;9.902418
2258;0.047884032;0.019153614;9.950302
2259;0.06703765;0.076614454;9.950302
2260;-0.019153614;0.038307227;9.873688
2261;0.047884032;0.047884032;9.902418
2262;0.047884032;-0.0;9.873688
2263;0.05746084;0.019153614;9.883265
2264;0.076614454;0.047884032;9.864111
2265;-0.02873042;0.05746084;9.940725
2266;-0.009576807;0.11492168;9.902418
2267;0.02873042;0.047884032;9.921572
2268;0.0;0.019153614;9.959879
2269;0.06703765;0.019153614;9.921572
2270;0.0;0.038307227;9.911995
2271;0.019153614;-0.0;9.873688
2272;0.05746084;0.02873042;9.873688
2273;0.0;-0.047884032;9.931149
2274;0.038307227;0.05746084;9.902418
2275;0.019153614;0.009576807;9.825804
2276;0.08619126;-0.0;9.959879
2277;0.019153614;-0.009576807;9.892841
2278;0.02873042;0.12449849;9.892841
2279;0.038307227;-0.009576807;9.9790325
2280;0.038307227;-0.0;9.844957
2281;0.076614454;0.019153614;9.902418
2282;0.038307227;-0.0;9.883265
2283;0.009576807;-0.02873042;9.835381
2284;0.038307227;-0.0;9.892841
2285;0.047884032;0.019153614;9.940725
2286;0.0;-0.019153614;9.969456
2287;0.009576807;0.009576807;9.854534
2288;0.019153614;-0.0;9.873688
2289;0.06703765;0.02873042;9.921572
2290;-0.009576807;-0.02873042;9.883265
2291;0.019153614;0.02873042;9.892841
2292;0.0;0.02873042;9.844957
2293;-0.047884032;-0.0;9.921572
2294;0.047884032;-0.0;9.864111
2295;-0.009576807;-0.0;9.864111
2296;0.019153614;-0.009576807;9.921572
2297;0.038307227;0.095768064;9.911995
2298;0.047884032;0.009576807;9.883265
2299;0.047884032;0.047884032;9.883265
2300;0.019153614;0.05746084;9.988609
2301;0.019153614;0.02873042;9.873688
2302;0.05746084;-0.0;9.864111
2303;0.038307227;-0.0;9.892841
2304;0.047884032;-0.019153614;9.911995
2305;0.047884032;0.019153614;9.864111
2306;-0.019153614;-0.009576807;9.931149
2307;0.009576807;0.047884032;9.911995
2308;0.047884032;-0.019153614;9.892841
2309;-0.047884032;0.047884032;9.940725
2310;-0.019153614;0.05746084;9.844957
2311;0.05746084;0.076614454;9.864111
2312;-0.009576807;0.02873042;9.854534
2313;0.047884032;-0.0;9.902418
2314;0.05746084;0.047884032;9.940725
2315;0.02873042;0.02873042;9.864111
2316;0.019153614;0.047884032;9.921572
2317;0.0;0.02873042;9.940725
2318;0.02873042;0.019153614;10.0269165
2319;0.076614454;0.06703765;9.864111
2320;0.0;0.019153614;9.873688
2321;0.047884032;-0.0;9.873688
2322;0.038307227;-0.0;9.9790325
2323;0.02873042;0.038307227;9.864111
2324;0.05746084;0.019153614;9.873688
2325;0.0;0.08619126;9.883265
2326;0.019153614;-0.0;9.931149
2327;0.095768064;-0.038307227;9.911995
2328;0.019153614;0.05746084;9.873688
2329;0.02873042;-0.009576807;9.902418
2330;0.0;0.05746084;9.911995
2331;0.038307227;-0.019153614;9.969456
2332;0.009576807;0.019153614;9.892841
2333;0.038307227;-0.0;9.864111
2334;0.009576807;0.047884032;9.998186
2335;0.038307227;0.06703765;9.892841
2336;-0.009576807;0.009576807;9.844957
2337;0.009576807;-0.019153614;9.864111
2338;0.047884032;0.038307227;9.969456
2339;-0.009576807;-0.0;9.892841
2340;0.019153614;-0.08619126;9.80665
2341;0.047884032;-0.076614454;9.902418
2342;0.009576807;0.009576807;9.950302
2343;0.05746084;-0.0;9.902418
2344;0.047884032;0.02873042;9.883265
2345;0.019153614;-0.047884032;9.892841
2346;0.0;0.05746084;9.998186
2347;0.06703765;-0.0;9.873688
2348;0.009576807;0.02873042;9.816227
2349;0.019153614;0.047884032;9.911995
2350;0.009576807;0.047884032;9.844957
2351;-0.009576807;-0.0;9.931149
2352;0.076614454;0.019153614;9.902418
2353;0.0;0.019153614;9.80665
2354;0.038307227;0.009576807;9.873688
2355;0.08619126;0.06703765;9.883265
2356;0.009576807;-0.009576807;9.959879
2357;0.038307227;0.038307227;9.864111
2358;0.06703765;-0.0;9.902418
2359;0.019153614;0.019153614;9.892841
2360;0.009576807;0.02873042;9.883265
2361;0.06703765;-0.019153614;9.873688
2362;0.02873042;0.06703765;9.940725
2363;0.06703765;-0.009576807;9.950302
2364;0.02873042;0.06703765;9.854534
2365;0.038307227;0.076614454;9.892841
2366;0.06703765;-0.009576807;9.883265
2367;0.076614454;-0.009576807;9.854534
2368;0.019153614;0.038307227;9.940725
2369;0.095768064;0.019153614;9.835381
2370;0.019153614;0.038307227;9.864111
2371;0.038307227;0.08619126;9.873688
2372;0.06703765;0.02873042;9.911995
2373;0.009576807;0.05746084;9.911995
2374;0.02873042;0.038307227;9.959879
2375;0.019153614;0.02873042;9.873688
2376;0.047884032;-0.0;9.950302
2377;0.019153614;0.009576807;9.902418
2378;-0.02873042;0.02873042;9.902418
2379;0.038307227;0.019153614;9.902418
2380;0.02873042;-0.0;9.854534
2381;0.05746084;0.019153614;9.892841
2382;0.02873042;0.06703765;9.931149
2383;-0.009576807;0.05746084;9.911995
2384;0.02873042;-0.0;9.892841
2385;0.02873042;-0.0;9.835381
2386;0.019153614;-0.0;9.864111
2387;0.06703765;0.019153614;9.892841
2388;0.019153614;0.06703765;9.864111
2389;-0.33518824;-0.15322891;9.988609
2390;0.34476504;-0.038307227;9.883265
2391;0.047884032;-0.009576807;9.931149
2392;-0.30645782;-0.08619126;10.170568
2393;0.20111294;-0.05746084;9.787497
2394;0.02873042;0.047884032;9.844957
2395;-0.08619126;0.047884032;10.04607
2396;0.08619126;0.019153614;9.931149
2397;0.019153614;0.038307227;10.084377
2398;0.019153614;0.009576807;9.940725
2399;-0.009576807;0.009576807;9.854534
2400;0.08619126;0.06703765;9.825804
2401;0.06703765;0.038307227;10.093954
2402;0.038307227;-0.0;9.883265
2403;0.15322891;0.05746084;9.892841
2404;-0.06703765;-0.0;9.873688
2405;0.095768064;0.038307227;9.835381
2406;-0.009576807;-0.0;9.940725
2407;0.06703765;0.02873042;9.931149
2408;0.038307227;0.009576807;9.873688
2409;0.02873042;0.10534488;9.969456
2410;0.038307227;0.038307227;9.931149
2411;0.019153614;0.019153614;9.940725
2412;-0.038307227;0.02873042;9.911995
2413;0.038307227;-0.0;9.931149
2414;0.009576807;0.038307227;9.844957
2415;-0.02873042;-0.0;9.892841
2416;0.02873042;0.076614454;9.921572
2417;0.038307227;0.038307227;9.873688
2418;0.05746084;0.038307227;9.902418
2419;-0.019153614;0.019153614;9.969456
2420;0.0;0.038307227;9.921572
2421;0.019153614;0.047884032;9.911995
2422;0.02873042;0.009576807;9.969456
2423;0.02873042;0.076614454;9.883265
2424;0.047884032;0.009576807;9.950302
2425;0.019153614;0.076614454;9.864111
2426;0.05746084;0.019153614;9.9790325
2427;0.038307227;0.019153614;9.902418
2428;0.009576807;0.06703765;9.864111
2429;-0.02873042;0.047884032;9.950302
2430;0.047884032;0.02873042;9.864111
2431;0.02873042;-0.0;9.902418
2432;0.02873042;-0.0;9.883265
2433;0.038307227;0.009576807;9.873688
2434;0.047884032;-0.0;9.873688
2435;0.02873042;-0.0;9.864111
2436;0.05746084;-0.0;9.931149
2437;0.019153614;0.009576807;9.902418
2438;0.06703765;0.076614454;9.902418
2439;0.009576807;-0.019153614;9.854534
2440;-0.047884032;0.019153614;9.921572
2441;0.06703765;0.047884032;9.902418
2442;0.0;0.019153614;9.80665
2443;0.038307227;0.019153614;9.825804
2444;0.02873042;-0.06703765;9.988609
2445;-0.63206923;-0.6991069;6.1100025
2446;0.9576807;-0.019153614;11.252748
2447;-0.8523358;0.50757074;14.853627
2448;-0.38307226;-0.29688102;8.446744
2449;1.4939818;-0.12449849;7.3549876
2450;-1.1587936;-0.19153613;9.375694
2451;0.2681506;0.23942018;10.6877165
2452;0.63206923;0.36391866;11.693281
2453;-0.61291564;-0.16280572;10.25676
2454;0.59376204;-0.22984336;8.0924015
2455;0.05746084;-0.11492168;9.222465
2456;-0.37349546;0.18195933;11.377247
2457;0.1340753;0.095768064;10.869676
2458;0.24899697;0.009576807;9.519346
2459;-0.12449849;-0.05746084;9.509769
2460;-0.1436521;-0.038307227;9.816227
2461;0.18195933;-0.0;9.940725
2462;-0.038307227;0.076614454;10.400413
2463;0.1436521;0.019153614;10.01734
2464;0.2777274;-0.19153613;8.944737
2465;-0.18195933;-0.1436521;9.423578
2466;0.11492168;0.019153614;10.208876
2467;-0.019153614;0.076614454;10.093954
2468;0.46926352;0.05746084;9.969456
2469;-0.45010993;-0.02873042;9.892841
2470;0.2873042;-0.05746084;9.624691
2471;0.009576807;-0.02873042;9.844957
2472;0.06703765;0.08619126;10.266336
