;ax;ay;az
0;0.23032384477557283;0.4332559899784497;9.978365122064334
1;0.28250563778824916;0.3141403906105733;9.988303260925422
2;0.3474738826177068;0.08113579085225744;9.92293447798504
3;0.16733328281609;0.3024502832179751;9.71703353390758
4;0.3006122935384152;0.1105171392013514;9.881155829208764
5;0.208147361083997;0.315362208396899;10.028001615028737
6;0.05959319113466782;0.31399025978426387;9.861698357590518
7;0.05743207947650533;0.350235750654479;10.139848570387814
8;0.11819335921940992;0.4605399427701997;9.949777055073639
9;0.37069090967343116;0.29236845389103566;9.933651779359364
10;0.26381073699471674;0.06159099868401555;9.823942082980194
11;0.36752533620557437;0.44526851776103893;9.71895400256704
12;0.17435962652324227;0.34944323799479826;9.566613394079774
13;0.2728635893011374;0.29572615033874927;9.936382056853159
14;0.2357465545006168;0.2347826719156311;10.011375222621956
15;0.19329844220552683;0.2828849091486019;9.989564995914751
16;0.21579406650591185;0.22768081226364212;9.864651811591923
17;0.2545601894691124;0.1024590779585095;9.886305548570043
18;0.24411180598728838;0.3503057644169774;9.878171394885914
19;0.10488641793376935;0.3870850953560621;9.838890498264767
20;0.17952456916370518;0.06881119422516041;9.920919242517666
21;0.3795389257722621;0.34362914245615794;9.876332756733976
22;0.11148270303809002;0.26718799520937364;9.789538082554126
23;0.19265541350793203;0.1904325335258878;9.914383657389083
24;0.12958445262938004;0.4760289280236707;9.854520664413545
25;0.29373640866476936;0.022607096841810947;9.910267470191426
26;0.450811317649984;-0.006324312619326311;9.942787722251058
27;0.34785026617404036;0.17915926625506418;9.872097482077356
28;0.03772155171840602;0.26229908378571437;10.083420606348351
29;0.15819465614910522;0.29556511443476335;9.822580605662132
30;0.2754171334530264;0.18394460333800577;10.058416119801201
31;0.31758488127159357;0.4163882957088323;9.84147289654252
32;0.32862361942466867;0.3571383470612285;9.733848663322382
33;0.04972415319489154;0.30905309535680636;9.876008735411805
34;0.19247488093338805;0.3108164551923602;9.81828950292146
35;0.4390818177573444;0.335066161454428;9.82588943835375
36;0.35225519074847633;0.31514909770273103;9.911710176926482
37;0.3259393455105584;0.3217568521545225;10.080445877375583
38;-0.027258779723537352;0.20254903460953752;9.981047322466408
39;0.17779161097265866;0.20625915828585986;9.957801883180895
40;0.27626291447732276;0.18327327947730393;9.909008168608754
41;0.34361153777088177;0.3499932108808375;9.928880994576158
42;0.24444561273993437;0.338523174406571;9.918843707150446
43;0.3478671005663832;0.44103572617241665;9.955451962147526
44;0.34922098319730166;0.20848766479170144;9.878569812751286
45;0.3456863731847744;0.24483068720845091;9.922730101975644
46;0.23546616462629566;0.23809693248372954;9.992647519293362
47;0.07747822513286612;0.30209201769097443;9.889137324368887
48;0.2288480668156366;0.3371746232357961;9.728136889077776
49;0.3946485481936325;0.1983461880976361;9.489500424947325
50;0.22616894202480153;0.3121347908024824;10.021265174049091
51;0.3012488841167171;0.5281581492508766;9.924799088019759
52;0.152618564501621;0.15105243240432664;9.76242230983679
53;0.2661590582645006;0.2858854652795484;9.915451199913239
54;0.42773144167932625;0.3219830200507162;9.878474993087657
55;0.25887568190678095;0.14321170486644025;9.871302229627013
56;0.2740574279671328;0.1733795503321158;9.968681445052896
57;0.21871456758391566;0.23704146010231236;9.909634045846042
58;0.2966227328546054;0.3075217335486927;9.896180014004594
59;0.23164814103227624;0.4569664120249296;9.969936209662784
60;0.12094897685134545;0.23383423018388916;9.893506310184847
61;0.1724599218007416;0.19986462562228646;9.828889155133393
62;0.19585242898504215;0.20137134989028216;9.92331510124656
63;0.3472684769485874;0.4693073341106559;9.78214760023076
64;0.1973736126353432;0.07181816966686558;9.877348750497351
65;0.2663471931558617;0.13030344969611857;9.725934196585225
66;0.37247586098574775;0.4797571586996192;9.891126222198261
67;0.32658829572659376;0.3178321150785593;9.654553823603106
68;0.33631996381364226;0.22206069207090479;9.893631361846792
69;0.3597892775782949;0.36655380598599496;9.967058993233946
70;0.12071982600511744;0.1844673993369552;9.84858175929855
71;0.20809264090042695;0.5073171480471925;9.969072659816085
72;0.24617032996566482;0.3791038635677868;9.713972204784625
73;0.3698736553774402;0.3720024066833695;9.724289767192282
74;0.29373221090467005;0.3968509145660125;10.030363692153877
75;0.38985683657383735;0.15199642273122088;9.86742277487293
76;0.2821035092947287;0.2580719004797176;9.821846252630824
77;0.1159303535196119;0.4241691226798396;9.756012283953396
78;0.3308318568767775;0.24166753544090094;9.69013242140338
79;0.26073517424852016;0.15482872434404393;9.883012318388461
80;0.24528618006825773;0.34436318981764036;9.914444513728075
81;0.34356220162173456;0.11014747747233875;9.890715395423136
82;0.3500933425403891;0.1968666556416282;9.935711756075785
83;0.23512543352489332;0.2533683115789672;9.8237472949369
84;0.151039587227133;0.28359121229925877;9.728120728960446
85;0.20136872032400016;0.23168507441767172;9.764248231209093
86;0.10369247706045165;0.1129738135544352;9.753383504002858
87;0.3137897669926487;0.13544409907167065;10.009168625025419
88;0.34619894489272673;0.25906912649899067;9.749124678929174
89;0.30318718969005376;0.23472033826154026;9.78642962371088
90;0.2553262458940244;0.47060305433766053;9.668847943532887
91;0.10442742192744495;0.24283356636652817;10.048283937349135
92;0.336606263996119;0.22992242469755433;9.832569885226672
93;0.2539993323218047;0.31227718571254676;9.710844476101308
94;0.278630708703871;0.308810233806458;9.903764766636094
95;0.3119404067322471;0.1108982991293655;9.713541172822548
96;0.24459921952645308;0.4198158530811607;9.700119031827109
97;0.15968387056362301;0.3403225343965111;9.866052089995136
98;0.23679594061122872;0.20167031314763129;10.017392185630381
99;0.19557286904248267;0.10781477246755061;9.930365251276713
100;0.24817425221320918;0.1584884299204697;10.076176106152067
101;0.3124687527615103;0.32447695692682044;9.801222260339308
102;0.2190081219443895;0.13444904526749046;9.850650019149775
103;0.3957701046379738;0.19197877522382034;9.85636989198753
104;0.34208821149126695;0.18262126291282302;9.884424860220257
105;0.3427438600293384;0.3128661566083025;9.992698048649572
106;0.30921204261466595;0.21763580800930582;10.115979658729172
107;0.19434419434567418;0.2483355875581216;9.750583795648156
108;0.2798121506234577;0.3369344803565445;9.815517183826392
109;0.21190236607113364;0.17786465570108637;9.782953300438608
110;0.2267937457740299;0.29590126218443624;9.94641212562277
111;0.33089871015228867;0.12518894530188127;9.879274983876643
112;0.13430978009383784;0.37214049263895554;9.823744994217106
113;0.22585578879226104;0.1350403006584191;9.94981386764797
114;0.09265540315352902;0.25855117874050515;9.942834956033524
115;0.4114473675710571;0.33351655090187066;9.978929926017932
116;0.22721442496976527;0.2046060671655514;9.732401110761218
117;0.29586287502767983;0.31350822089327274;9.968460204746362
118;0.25333533179192635;0.18256674788058508;9.852319510323394
119;0.3768918097998392;0.22048063363344475;9.969276185075758
120;0.28724795040985085;0.21152663948889944;9.768827285125049
121;0.1265908200435317;0.16859291568383789;9.81554074900896
122;0.2385007704158434;0.012449834630983259;9.891782018657896
123;0.27939079171420034;0.24294957497841924;10.055692617264066
124;0.2739931399924416;0.22863874231121956;9.863349118953707
125;0.46794654124307133;0.40078179181229123;9.914327035261183
126;0.5202601643971059;0.1876325790296242;9.81567411305954
127;0.4087701911547612;0.33705116330926566;9.955339473692684
128;0.31459915281445144;0.28416340094748904;9.938239983030911
129;0.3720123090739355;0.16473321678011038;9.914214231065603
130;0.34248872333445923;0.45727996222576034;9.90839155346445
131;0.16823736863880573;0.2520068617468407;9.941734222056038
132;0.2607579208992448;0.28709449952108756;9.914954203495205
133;0.22415077177031711;0.21670182912578412;9.808468385883915
134;0.41031049450268037;0.22520861857356145;9.810874065615748
135;0.3992935650312476;0.39975915526011596;9.700685229016294
136;0.515177602383416;0.4015606772352172;9.772186728582442
137;0.17324805824133355;0.24012652137250484;9.796148692222479
138;0.05650637336181974;0.11177703291638463;9.840503940735752
139;0.11102910303948653;0.34164052582216686;9.688625584952907
140;0.04995889745538609;0.34387800827457243;9.756645215645204
141;0.3915149845495943;0.12641101860740628;9.773024644648636
142;0.3549730450883466;0.21856154253512794;10.073293147977974
143;0.44328470118978225;0.3790770338259247;9.994320469517245
144;0.13769350326951563;0.013036999110077552;9.864183118194973
145;0.1564845901455377;0.25195505166569654;9.626741606815065
146;0.24097566444371232;0.13347558438041238;9.85098343134082
147;0.11009746879246174;0.23415652039423226;9.992857357111633
148;0.22291080663550267;0.19744115045063387;9.778891972493007
149;0.25226523170828474;0.3752650923719;10.081859583340604
150;0.3110540162161739;0.15943941141736823;9.882614035340163
151;0.2571802939601574;0.386450933467439;9.910705872334544
152;0.20070262592130725;0.13041545276138672;10.060278642126862
153;0.26042329656414814;0.1504400486315855;9.924205084011536
154;0.21347797650158157;0.24178486442520453;9.766667882085734
155;0.5184030997105805;0.3343656180562625;9.963217498663782
156;0.17771642940181653;0.30950753271971226;9.863641957691545
157;0.45503274098145075;0.2127591053571265;9.858555008525311
158;0.21937753324646025;0.26925672159120295;10.077887193649355
159;0.2492619899506872;0.0834439836474207;9.817910048746677
160;0.4205183553827113;0.10552606422756056;9.952954149485954
161;0.22444933745938095;0.40416223043919;9.89762129309932
162;0.23474382447771955;0.215596206807466;10.051995958455489
163;0.18753389015151384;0.282720841910692;9.983645027081582
164;0.38261575196972797;0.1989592606584694;9.989619284708624
165;0.08692625951408689;0.04992506991243542;9.796508428348112
166;0.25998526791157023;0.24029064845655515;9.806753494913972
167;0.22431507916413176;0.22479819896643186;9.998456834113652
168;0.11261698032426848;0.22440890304925964;9.879150570317025
169;0.1858396966262999;0.251652335028924;9.81109417545841
170;0.16985531290396153;0.21500488254564953;9.918064186038302
171;0.22982840858712855;0.3173847027889832;9.957610582163408
172;0.27628220925937125;0.5339462424748889;10.121928712287176
173;0.19018025708333544;0.3706013161200727;9.589671309302533
174;0.33397491735291807;0.30762240649071476;9.661560219413724
175;0.11154399343602406;0.18438373741030245;9.620068905228115
176;0.21905881526963408;0.4168636516192249;9.706349480128692
177;0.5645448169678939;0.2775052863672241;9.693595813636405
178;0.3984156335532338;0.3092467859297387;9.797839098233895
179;0.2740946466800085;0.29310922293527714;9.973277018535457
180;0.30355194113186657;0.4436489321344592;10.008555298120529
181;0.45346082196754967;0.23582637634317133;10.043051389009431
182;0.24179441288180617;0.2831333203769333;10.05154223878129
183;0.371759628866809;0.45446707708134226;10.028739100463897
184;0.2602443783034866;0.28516943420142854;9.886432177493386
185;0.20180819148665557;0.3014299941309875;9.70578276024776
186;0.34422492140729294;0.1362450988385252;9.97848574369042
187;0.17528231049690116;0.6975545475256696;9.776135455391472
188;0.3624066472446139;0.19816377465209506;9.84875449577001
189;0.22881365276557125;0.10406885731656657;9.954778412275878
190;0.3309344206814379;0.27508140526194114;9.98838843156719
191;0.2451111666479873;0.3566206347215379;9.719818104275548
192;0.1710661222773784;0.2975233174689774;9.916933944953467
193;0.26379268542738726;0.14117953037016237;9.941386520108113
194;0.3111399087381145;0.12780559867735025;9.979428089958706
195;0.4634563648374004;0.29972807357222503;9.897972958250888
196;0.13853159523276906;0.40911065259919793;9.883424004141352
197;0.26982954983921653;0.09844506200911751;9.956375024127242
198;0.370537917430005;0.22309957954684007;10.07765469936855
199;0.21354028945519893;0.26380485032672535;9.92773368573341
200;0.343722645344661;0.3305491960218775;9.646775582923972
201;0.22647786970531625;0.3822678004333299;9.802157325166332
202;0.33359267212959953;0.3654353295176459;9.687202688691402
203;0.18520132753082577;0.07875703871463025;9.759945972394002
204;0.5048502961554158;0.14689967935550663;9.75821572005385
205;0.4429123862636555;0.4466226591089715;9.61329846619178
206;0.32496902666911637;0.2652455825513803;9.847450509179511
207;0.3581257991907061;0.39631720935395864;9.895559301548996
208;0.17916239983608268;0.3445058309869215;9.874223454482742
209;0.2792313288978275;0.2199534030252591;9.74623633900564
210;0.2130316385998511;0.325573101053439;9.824402137113408
211;0.43787460946171125;0.2535631478242339;9.727593169891387
212;0.25755862095265786;0.3516085954195968;9.76349516081299
213;0.26576070318205297;0.1504379510326029;9.74037270427866
214;0.3373994199347289;0.42054634007833613;9.804314971699608
215;0.21363104488979284;0.35798128735724644;9.745374466543062
216;0.15672002532992646;0.3931789657620829;9.790264737974596
217;0.07364105567213655;0.02187164914954609;9.833239468287008
218;0.20791127711814733;0.30989482159004667;10.07063037157128
219;0.29664971356714165;0.13294246819942412;9.821168876177818
220;0.35312975494606896;0.2091408653123294;9.825364133174878
221;0.34604792171608945;0.04452737903986742;9.777181087356492
222;0.2780687012625989;0.22920976636505064;9.939831554652834
223;0.20764522758352927;0.31630088741749607;9.930976296096839
224;0.15360738205065588;0.30341658034598834;10.019481666502903
225;0.201200815648501;0.23202659701997808;9.852656042007737
226;0.3536301344586848;0.5246797965365926;9.894224833983115
227;0.21573411719383215;0.141035207386907;9.921539231456874
228;0.2100286888055466;0.3312425439674035;9.706936925294876
229;0.38536243482240223;0.2899389315467433;9.921800176744046
230;0.23797982396068024;0.34637775992629605;9.724224499664953
231;0.20870927086522206;0.1454080868090574;9.948789443224747
232;0.27538198569870775;0.27807274880079647;9.586006149602234
233;0.2814216435977153;0.15599643730235407;10.043742510393509
234;0.2670841410778972;0.16082750571375165;9.855925209065841
235;0.23870547778183948;0.39030058172352783;9.699428196279271
236;0.12347580164801347;0.2405086537341322;9.886278595764335
237;0.278827798853515;0.19842250073901602;9.788545420664871
238;0.13439764937908635;0.5223287444519065;9.85642723073852
239;0.17974210847211564;0.2746685208564222;9.990555918837957
240;0.3271954952920719;0.09069351339484444;9.767756181300571
241;0.2089655781209264;0.2960200142161097;10.021441753263924
242;0.3850098107572697;0.3684925243170079;9.714429359723715
243;0.34857361230156586;0.27047468221435766;9.981506750056015
244;0.3287789040955164;0.3092108852143651;9.735795932716183
245;0.27809125977063043;0.4614488178147249;9.685131356422204
246;0.3210339952409362;0.40639282599827065;9.71145954513844
247;0.3623958698259414;0.17989434670223597;9.90208237403016
248;0.3195838173782563;0.33585085794989417;9.964798254626432
249;0.21588023092186953;0.11511389701170813;9.898974851369033
250;0.3881467394129252;0.3104758328829472;9.944977361868853
251;0.13062690770900723;0.3108634078034792;9.779440923720916
252;0.30043637779209453;0.29136990255605144;9.748691505383508
253;0.3787834085901437;0.3100026017131169;9.922959109321665
254;0.3248683265617674;0.33645159419462256;9.790397748657192
255;0.05328658120386723;0.3580925238309637;9.862748909805235
256;0.26928344465007725;0.10182568096683617;9.830627119615757
257;0.28322886348846416;0.3066961466482488;9.696529218755382
258;0.16655362973441162;0.279939865342538;9.882306298442396
259;0.26797767675317496;0.1866475200774066;9.73579468304178
260;0.2921738259597414;0.21708172944941267;9.796847754699506
261;0.296672864753101;0.3916284655334308;9.894509632281135
262;0.42688451208341477;0.17373516666537558;9.747028533131061
263;0.3075746985754392;0.37722015808934695;9.882267771107934
264;0.4367777074262841;0.44081448948253055;9.95683710167392
265;0.27746452994225473;0.49428534739972807;9.981885811231244
266;0.30527845931937025;0.47888405704773523;9.92570647996368
267;0.29644024140439695;0.43297527605272235;10.055490815275592
268;0.2879385843082457;0.37061478583389385;10.07185490719014
269;0.38936207790613253;0.41318133949848734;10.091984396284557
270;0.400914559705229;0.5062525937985035;9.781978400126187
271;0.533901192122535;0.8237384526280374;9.855624643760567
272;0.5748786975103851;0.6837514100781588;10.083759945802855
273;0.20222297363158867;0.5563710280372908;9.859954892036107
274;0.4047473615652335;0.6165819037087817;9.78982362307734
275;0.3529988421084647;0.5625070444073846;9.906654596475402
276;0.36309753487683255;0.5623956480966537;10.066617017815549
277;0.188411655100277;0.8502129642931122;9.916277250802166
278;0.17394993140309267;0.782867125384243;9.970580248303555
279;0.19149435976537232;0.7330708636391088;10.42378579392313
280;0.6206549930276732;0.7465987527558517;9.685622900076845
281;-0.590408891689507;1.2204111537486972;9.827037629890285
282;0.4926399887418999;0.48888719279052134;10.265454581700101
283;0.6831706832000273;1.1157576228470805;9.853549242058616
284;-0.4413488330624755;1.042666709181537;9.791040270650019
285;0.5224098024383633;1.2848423563225915;9.922678451032857
286;0.1717520070522435;1.3139986046529195;10.263708531850295
287;-0.16427535711395158;1.8944360172880799;9.875806028826501
288;0.4525867738423489;1.8238595426629018;9.674011503328217
289;-0.05174233602787318;1.8110897727760924;9.892388341746832
290;0.13474887753084985;2.0377181178081534;9.902987455309864
291;0.5394166879470602;2.1525039625156634;9.48702895531723
292;0.41061869038543086;2.2222348726016676;9.669602143122047
293;0.17394818741788426;2.306273034413701;9.759872167689778
294;0.3492339475013462;2.2376804975430034;9.489770463614724
295;0.254501957802394;2.276503213647473;9.789989382415763
296;0.12891196315611514;2.326314563020611;10.11459470572955
297;0.5493395896725632;2.3793897315053067;9.21574901676306
298;0.18653951841589536;2.109692597948207;10.006469937815583
299;0.3423812164005077;2.2290464156829777;10.317174551916766
300;0.2631982831317758;2.4764881870662205;9.271492047357327
301;0.4361050530584473;2.3356097719211935;9.82720075906114
302;-0.06190415986748561;2.148725303487653;10.591281810720538
303;0.25908109345195646;2.6426478401495124;9.034795868552502
304;0.5538641924904013;2.4331759220969618;9.852024415713137
305;-0.09364382747291221;2.3797286256555354;10.863768600678863
306;1.0198718604177777;2.4015629130672047;9.66264703390487
307;0.4702907961171528;2.385894066844303;9.872363214550079
308;0.06703111352609631;2.2696894473958005;10.65234383235332
309;0.8446925878609354;2.225483595762487;9.721392188396448
310;0.2991063716986125;2.37064442222072;9.584709602284798
311;0.2582961953661741;2.2167391321361625;10.10750794287163
312;0.2658823556144845;2.247829694510192;9.526028224168876
313;0.21051252645541796;2.3696764326266955;9.376648523277845
314;0.13437768491154306;2.185542073303302;9.645669447280952
315;0.022583667318478884;2.224011788752676;9.408917820936024
316;0.3212725340382849;2.0901127698741813;9.393440655329666
317;0.35474087307216734;2.0440814256839;9.95427109449628
318;0.3862192614118729;1.427604713047405;10.165081624531114
319;0.789732459521372;1.2865026496382168;10.217334911393069
320;0.04176018104431084;1.1177061078136088;10.288053325382808
321;0.40590731402252644;1.178707137438377;10.60331404015409
322;0.14521153939339126;0.9028993856391347;10.264787010811213
323;0.1823364183513891;0.8407110013288985;10.170583586269819
324;0.33591524718203425;1.0593245420838173;9.867561208362211
325;-0.1335631587635582;1.065056006504698;9.360839226620486
326;0.3642994185464228;1.0991124292492553;9.523776793225544
327;0.08403694477424481;1.0364927259245664;9.742100635367109
328;0.26745514342567406;1.2311541030061801;9.868443348856603
329;1.1312792223530825;1.01223024300239;9.538648944138444
330;-0.1603749425528898;1.1993760386463648;9.36485083997323
331;1.5399549577804885;0.7005737681715336;9.589730096043844
332;0.12590921227132962;0.6859001447030063;10.272881948252607
333;-0.0861918072864782;0.4350524245249678;10.271903591482644
334;0.1912122878109604;0.3053869167596703;10.352812905045305
335;-0.767729887930203;0.23527919030031327;10.196964056168948
336;0.11293570784772075;0.08955954890233755;10.488801222785108
337;0.24494145225473873;0.26035033841724353;10.76868391083119
338;0.6323822995013526;-0.19212919052812694;11.25645570214673
339;1.193545293470345;-0.16915795972295303;11.151721866729265
340;0.18601777245333456;-0.014679252887213834;9.891826162589751
341;0.4207570575210574;0.4729752652572883;9.69893642717718
342;-0.13751977603498394;0.32819345223965135;9.518174394582905
343;0.1365911385165614;0.4594589661144273;9.808815784398705
344;0.442218398677613;0.7847290093304556;9.283421651808759
345;-0.9763119495192468;1.157519208563678;8.694480570644682
346;0.7292019815531167;1.1401398214591616;8.681882678209659
347;-0.1442090964225504;1.2931606520573258;8.748670336152626
348;0.24617310918625543;1.1403333189723417;9.490382882851089
349;0.9854553773380561;1.1901731768656483;9.857015461891184
350;-0.32088324787842104;1.3016939845496467;9.078155099433415
351;0.24655093942607054;0.9489334650536235;9.130994467690535
352;-0.009302379997916735;0.924924933719257;10.171967035009356
353;-0.25209254266424985;0.7175502518921274;10.66456439530146
354;0.40945701090388686;0.3812684176340295;10.712171217144538
355;0.24875148946613376;0.31143098741497527;11.556891343749156
356;0.7951967602421045;0.36720718332909547;11.890216226561277
357;1.2251018616763905;0.3704706004597677;11.188753390677796
358;0.5511010350327652;0.6629436566725762;10.950183031656753
359;0.13221073353389262;0.791592910083785;10.228433054892733
360;-0.09411228940375285;1.295685586847072;9.708981017868599
361;-0.4886268027300442;1.1040360888841105;9.641695505910421
362;-0.5041534771658502;1.5547153036256707;8.3856631932028
363;-0.34704638019047684;2.296713581381829;7.936752138564597
364;0.4207456767657225;2.5777090106398264;9.302059374338395
365;0.8714685669813311;2.670784626488403;9.327239464093333
366;1.4001237509975304;2.7160906644746676;8.083130004494297
367;0.8347457618150376;2.613234324727907;9.205843431335614
368;0.49379301754383964;2.0500226156597217;10.287474127416433
369;0.7250004820925309;1.866496330868167;11.578615280495457
370;0.39914567383188726;1.393672522175149;10.992484308285977
371;-0.6568269288132006;1.5042928031550866;10.578472715827074
372;1.1072936323615667;1.278910684853623;10.234450583712233
373;-0.9431214420347266;1.4443288000696082;10.231069570936047
374;-0.3424801129892828;1.2805257443276732;10.402731075806642
375;1.0474575748115686;1.7517493409482738;11.124930279349098
376;0.8648352441074741;2.254044074237415;10.286867741135053
377;1.224805951752542;2.435393315982534;7.994199037750631
378;0.8478322729054633;2.7534168925682567;8.053682519596268
379;0.5223673035388918;1.8521795265718508;9.738576631719834
380;-0.691713910471209;1.6680082612479004;10.101989418192147
381;0.08626090796420618;1.4432607919088882;9.371438156941691
382;-0.7264626328007319;1.261310779975152;9.582187827655464
383;0.041442228081739085;0.8895286933179438;10.05058204384597
384;-0.23403453749325906;0.6744673429540577;10.425725043622862
385;0.8917176732320543;0.17140963533634834;11.341168748358871
386;1.1045545144830937;0.8237742592849381;10.42315632190473
387;1.0413489532192477;1.569278618808261;9.628976848457276
388;1.3054357858271937;1.823067016054896;9.587095950626155
389;1.6664066360504313;2.1235885378742316;9.45255530566564
390;-0.11164614550600291;1.9538220881167296;9.157388618750419
391;0.9304994354389999;1.8613933648647294;9.298204798942386
392;-0.3327626292068303;2.1839814421293604;9.465636203683976
393;-0.7069489414640359;1.5277970888635444;9.917028366449486
394;0.44084226484536837;1.5287214167428924;9.30210747177556
395;-0.9626159263906715;1.259677485522125;9.325258738890504
396;-1.2308073680202702;0.45451009622872873;10.338435201838482
397;0.4002667020882677;0.1939322414039909;11.612472630154986
398;-0.26131555550830055;0.9488040968248109;10.251041452990462
399;2.3552198625454666;1.4123857010385268;10.521437142644595
400;2.9256090897442237;1.687377120584344;9.976881871974179
401;0.14452695650432335;1.610704038359313;9.55963933797545
402;2.6112945160171437;0.44147187219373474;10.385948677484814
403;-1.7859809307241727;0.7920546637966156;10.716638593448005
404;-0.9255846256445087;0.37878544352001475;10.204191295208586
405;-1.4833763011951195;0.03852746835917557;9.272334908050256
406;-2.5493166473428985;0.2754151556198502;10.628336754684224
407;-0.8220912340299881;0.214449187160894;9.623646079178036
408;0.21575000392648164;0.6671194723857363;9.738482518932175
409;0.1451257669613757;0.8815882284312577;10.553165745910745
410;3.604132223265597;0.8088941891829668;12.870033295204216
411;2.3277302824358843;1.277288690687089;10.001576441784971
412;1.0915952560311153;2.0039605271178407;9.052155890910129
413;2.0875319909089027;1.4098806075212218;9.626126094124308
414;-2.5524249569821738;1.5306109042465788;9.027666798807227
415;-2.2207043420488675;0.8797038338162946;8.71582796204035
416;-0.7068218901287562;0.04787148220729501;10.056052761082007
417;-3.571569323471265;1.044274354306472;9.96214495798744
418;0.6710326688656796;0.9074329126691518;8.708880675255122
419;0.4313728365270837;2.455093271087021;10.096305264564792
420;2.857616603282617;1.429500460661238;11.436981609688448
421;3.8985119164906035;0.9821882496243244;11.640187207889293
422;1.657210198988393;1.3084609975174382;10.720795040893869
423;-0.18240313618017584;0.8646367290204512;10.384196655543134
424;-0.18116484972507996;0.034506584757536596;11.881955930455012
425;-2.138394472183556;0.060568454909960774;11.306178213604053
426;-1.1511455803024262;0.3000078460932921;8.38385020691716
427;-0.7585309440463142;1.1246726134311784;8.83289012090589
428;-1.2421977929968369;0.9417312251757519;8.79040999067197
429;0.5932028341738154;2.0511086957309894;10.701832785748426
430;2.320682435913193;1.491888240290203;10.202721014504771
431;-0.48326051277087956;2.5669903305457424;9.562794045299652
432;3.860108881649185;2.549167608955615;8.610904110163743
433;0.14114618831357412;1.7512092626464963;8.367282166497166
434;-2.166158088848906;0.7031455681299769;10.265192588038103
435;1.6158725794398086;0.9990696210896726;9.545772406193619
436;-1.284960651979986;1.4323596419437974;9.512805303817423
437;-1.6794492158569168;1.690666085678354;9.59650327439109
438;2.0764043797711933;2.462825590212135;8.094603539020913
439;-0.15193058944959348;2.0085434020722492;8.836669302631494
440;-0.023090748496092828;1.761062581749774;11.628905307733193
441;3.0227839186934338;0.8494147023147918;11.462647381407583
442;-2.382967015897383;0.7693500201724177;9.810341321145719
443;1.0194228025798935;0.5294681490224555;10.713494822121048
444;-0.6760163498486959;1.225372554231965;10.108011146677864
445;-1.0535986108586164;1.7349848395548229;9.52451882490266
446;2.8451360866718174;1.6048095122993904;10.317760511069777
447;-1.4650381818843288;1.7328187303989755;10.42230585797719
448;0.6960902425676694;2.409256565094148;8.718429603750486
449;3.199658032482134;1.0272435395995263;8.185448511797365
450;-2.54237855754674;1.3039355628915672;9.927095063016765
451;1.0748095504358885;0.9073044577206373;9.438546675163249
452;-1.6229071210046442;1.3997735119424113;9.09106860641487
453;-1.7870291373132128;2.358510535734164;10.258061249527637
454;4.588282638872179;1.328541340113444;9.915680053535455
455;-1.2685816466224125;2.369060544700786;8.774285067514095
456;1.9724558494478843;1.190524356326304;11.171225211447648
457;1.1239038173400553;0.7241303479155774;10.392199162745476
458;-1.5120872768276612;0.755311811179394;11.032636420268277
459;0.2245933546129002;0.5357043383817066;11.372573113155987
460;-0.00866973056431674;0.8952183361605931;10.494302757479256
461;-0.6579022658374897;1.6559092539556364;7.919037799087427
462;0.469189226749076;1.8271528257619019;9.467880001206652
463;0.17554716427022285;1.7606189324306631;10.480764251627708
464;0.9784464249520579;1.6936916537032316;8.902527083434496
465;1.5340326298184923;0.6053405886402341;8.736363962677247
466;-2.9605696661497136;1.021078375343454;9.941909150582921
467;0.7743207755107033;0.9337941050638702;10.008800911200119
468;1.1780591049458389;1.5632788110364515;11.85536921379897
469;1.051465415114574;2.1537844834279496;11.803842457776302
470;0.5190125918351217;1.2373344907930894;8.598260729622044
471;0.31048803754041554;1.186854604284928;9.85400998461111
472;-1.0961138241206605;0.04134692566979409;13.3839078228131
473;-1.4330879696514065;0.24898697109774331;11.96378878846613
474;2.0628673491866234;0.9890410674276091;9.821320234998712
475;-0.25453835168242556;1.330441425326525;9.258130216908484
476;-0.3082886603942369;1.2943867096402932;8.295875496825145
477;3.2405346644548825;1.5210573227302204;9.136769451514887
478;-0.05139108118014246;0.9286775374289494;10.361947197155231
479;-2.415906375563681;1.4762350064587748;9.524841952143758
480;-0.04197804987472959;0.8525002445721988;8.869323559611145
481;-0.21336309658477803;1.4800557061510256;11.362807956867943
482;2.056170894824295;2.02486799634;9.186616142749045
483;2.9943867901610495;1.4378677808796736;7.586535124352096
484;-0.24734448539391946;0.9977397616041848;9.248776197716834
485;0.3671733411662368;0.17129921726967026;10.066771982290591
486;0.4626766600312621;0.8737241867377874;10.452692026182321
487;-0.39557168338627063;1.0615845441316119;9.26552783532265
488;-1.0428979798903129;1.6410282956620248;8.350629889453042
489;-2.071408299464327;1.6480478913654912;7.1378882635495815
490;0.9285114725213623;1.5712912362165277;10.582533804716547
491;1.9381682147583805;1.0694260245508243;11.301613594012672
492;-0.02263039964101384;1.5386538303971153;9.278461947291632
493;2.3681737291974336;1.0263085754224845;9.027027443254733
494;-0.2205459823930562;1.4053835374657262;11.335959547407638
495;2.25088652280911;1.1131207622058064;11.745995285673906
496;2.329790881847305;1.1226051359551958;10.103755013266264
497;-1.7998417201813104;1.3746520553099408;10.646404490057286
498;-1.5513922233695698;0.48329929699736035;8.763313948554769
499;-2.7037214262509637;0.7499311879392668;8.924695740446067
500;-0.9511620210456138;1.1406536659118964;13.447097860803801
501;2.309788789866935;0.945860525683239;10.645441165384728
502;-0.576743563133906;2.137386366654099;7.283819549354728
503;1.0055431675301283;1.4036269457668238;9.568229925132917
504;0.8082687785333362;0.9190841634496127;9.7838886236597
505;-1.357896766918387;0.9257152946207033;9.560002997582306
506;2.184827000197574;0.6474908322027606;12.965268021311555
507;2.6343844061123156;0.710157697010117;12.812062036755481
508;-0.9179560592017839;2.347295820189337;9.430094902398627
509;1.389956687411641;2.0121884718141896;7.509950548085143
510;-1.795093387428836;0.9081725282809973;10.01266228262946
511;-1.2563946867543723;0.6518512799042943;10.997627626778378
512;1.4190177437052045;0.04205105190931116;10.720575334278221
513;1.5162303594693372;1.372054845053915;9.756161720775339
514;1.6384051334842369;2.242037579081255;8.512948421426508
515;1.3144189156392834;1.886912702029593;7.135247458659853
516;0.6387305593908147;1.1867949704046135;9.455554182356686
517;1.1707683693736186;0.09378263635151135;13.230204672160056
518;2.815315356553352;0.9690000256756583;12.67690777533805
519;2.39367322849218;0.562217156688543;7.850071696366301
520;-1.8262792908917522;2.1813849131285217;8.093928546873306
521;-0.4648882756565553;1.555459431176008;9.41434331014037
522;0.7029257041422861;0.1338155655053403;7.8142915931173444
523;-0.5784500185695061;1.6913904171963008;10.511579353476382
524;-0.255281095054317;1.1924659477050454;9.873250957486318
525;1.794857105357617;2.251200103487661;9.958347706985133
526;0.9448037991293708;2.4029908852729815;8.204139276941607
527;-0.9541485776065155;1.6102373775599996;8.195053512569366
528;-0.26845471966025686;0.8446543714469028;8.624700940086372
529;1.5956563455823085;1.2942457557058966;12.37254733520739
530;-0.180756536871379;0.7831805262327097;10.461030789180297
531;-2.512004253396197;2.7474214186991146;6.767410182632942
532;0.6439258321267721;1.991474060094061;8.633576967701933
533;-2.5077055471728915;0.4255986911535433;9.503390029191475
534;-2.332416109884569;1.775893888471813;11.236784582934748
535;3.1449200138201783;1.0669837752212137;11.886649531327294
536;0.2378772072111775;1.1536989156579631;12.96345785089232
537;1.3374995489620702;2.686020291728206;13.18324701854197
538;4.06705183062022;0.9104040704453419;6.502811049957035
539;-1.0219475422916935;0.523568398834198;8.853904834805197
540;0.31091889535083345;1.024591694645482;15.318265761663007
541;2.88054665629625;0.427520610678382;12.661670336791799
542;-0.7504429094988507;1.7810953479432314;8.396227617443653
543;-1.055698851554033;2.3734178772291687;8.506382600941253
544;0.5783145411159211;1.4706407974439581;6.52948158489987
545;0.5109949593764296;1.5375323422739962;10.649889765095779
546;0.6644124390542215;0.7777824803532799;13.341336967354493
547;1.2524453790736396;1.0602907150302332;10.459383352520854
548;1.1775932072099236;2.6477079650242916;4.595795700374494
549;-0.8360632785502027;3.102409442231088;4.914050457551188
550;0.5692510307328017;2.170575685256039;8.134204324689708
551;0.8289557210543275;1.3696809158919543;12.39270485911399
552;0.36093749495898997;0.5489235627690865;10.325388496836036
553;-0.3777354797333606;0.7077246400162095;8.695927608450612
554;0.35983983690472093;1.1149779893679606;9.297348835546973
555;-1.2494884916426803;1.2662671800828251;10.354295966503102
556;2.4674541302332833;0.706195831261525;10.869614370432869
557;2.07964356362438;0.13225429151550583;11.300619679584006
558;-0.00010929976773923717;0.10304104545283319;12.199707690233753
559;0.2683373741670395;0.15359127386063606;9.133341028228221
560;-2.152985807119516;0.10239584479360847;5.483065232113705
561;1.0413395206097473;0.10871456989749673;11.588639010337234
562;1.8060871609436833;0.30487176334935895;13.977586571873971
563;1.0104889758933906;0.3858675156591368;11.486054904141339
564;-1.2297478748367892;0.4419374121018787;6.825871382462533
565;-2.228022609928911;1.2077082078061767;10.136155122727331
566;2.164364670295174;-0.2055403093935182;11.183126232198108
567;1.909892065681484;0.45866976091859696;10.273531534977373
568;-0.491137044450459;0.2101044266589754;9.226210171966825
569;-1.517365881152801;-0.13253383712991607;8.918765828626602
570;-0.6280670289735799;1.3091994936133704;9.321928112021451
571;1.6212573132558774;0.14263527774797563;9.405771387576369
572;0.8779937877206372;0.24159725215809374;11.233569223567981
573;1.8506397806349453;0.22716852125245637;9.590795245909023
574;-0.459844219888711;-0.4073382685593609;8.301722670353307
575;-0.27094341718472453;-0.9176716919779756;10.48176080018031
576;-0.5948288727663552;-0.7462559473720756;11.487633645755954
577;0.6074051824143712;0.16938195533899705;7.881220520834586
578;1.6505899163725997;0.12001966453070059;8.5385362966974
579;-2.624005736493021;-0.037694628997075916;10.074413073195334
580;0.11000053514822986;0.6025633641817779;7.532934420839548
581;3.690820491723765;-0.09531769771757151;8.775681004876253
582;-0.08350555529659365;-0.0016441586135430217;11.800089910026829
583;2.566086571985765;-0.34162339884499826;11.620410196791784
584;-0.5122279118941936;0.42321863024922673;6.0107512761697865
585;-3.5058654225394363;0.1955301934757642;7.384349461701507
586;0.681788399084296;-1.1522086784117231;12.525462561985314
587;-0.4324606234657066;0.285815742951578;11.744859173762249
588;1.4198898894041516;0.14668080988296067;7.457472783091244
589;-0.16709275367709714;0.5911250055960853;8.480293131552909
590;-0.6963187536736708;-0.4332422969500445;10.636209262954678
591;-0.8880270325841507;-0.1170520054907097;11.332315489127975
592;3.5830224106712336;-0.8153340041964139;11.68523574803497
593;1.0240498464490282;-0.3400598201978504;11.162516325918707
594;0.19259039630634894;-0.09901165998141419;9.457897996633712
595;0.14809752128136633;-0.23906001123538925;7.756456666025204
596;-0.29417471010975;-0.8451089123968483;11.745640716141654
597;0.36997927082354337;-0.5611522033490278;13.019766349714027
598;1.5353822504615584;-0.32688642890999;9.216066535500406
599;-1.8221178384490997;0.511557877583483;7.8248608128069055
600;0.6882920523109464;-0.3564941090852703;8.18091178668882
601;-1.9447283370953896;-0.4719084563067152;10.237262984192075
602;0.37764618573757125;0.06552116050915954;11.507817327520941
603;2.7238971707604387;0.13534736777802142;10.307259144443499
604;0.30676185615837326;1.0139788008590958;8.543694747417758
605;0.7036359951174128;0.23141108441162062;7.244242296705571
606;-1.0370240270485922;0.08177897878909285;9.293902025954283
607;0.7889321453611344;-0.6386311227484023;11.229450653262942
608;1.9066670259512646;-0.6480187493281122;10.524395579291646
609;-0.5919039150717681;0.3423280295002777;7.844438729175092
610;0.2970438173913527;0.9811260480868329;6.35725030134137
611;2.3210595111882406;0.48839962959667543;8.707722420081259
612;-1.6000620469654658;0.148337825307908;10.448453731195187
613;0.026532869839039963;0.6719005534526042;10.230982951298255
614;3.585415457485178;0.012953801198288761;9.038907732794748
615;-2.1415255742864185;-0.36025595837395097;10.05444721849169
616;-1.719258859628989;-0.26898868001514886;10.94573914716353
617;1.8899144014120695;0.025927836094802537;11.083128218780207
618;0.2763017308005193;-0.15741987068853228;12.149409403195202
619;1.4352704441788635;0.13925857142957018;12.71666234264283
620;2.756010090945715;0.5661028253067656;9.997279805129558
621;-1.192644429505026;-0.0630923782966786;8.160584160084118
622;0.5768982031308201;0.40233793697135883;10.709466433485291
623;0.999254630782223;-0.5701553087499951;11.783037432853963
624;-0.8842065018236163;1.0556419680247444;11.09560193475424
625;2.2201848715751376;-0.17729239224985752;7.565496932956453
626;-2.7976730427394045;0.6642690811011286;9.796482057643953
627;-1.7629519054329459;-0.4570385746019492;11.435061287422323
628;2.3051116755333294;0.10226880472716618;11.525189328790663
629;3.331827341209058;0.13015271767887554;10.888843900224881
630;-2.0751969992717756;0.8154195417576786;7.168653959828857
631;0.21301727769018036;1.2029446371069032;8.129473751435205
632;1.7751276868154655;0.8077178409342237;10.855880985449046
633;0.052721668290028445;0.33824377970564345;11.366857399985761
634;-0.8502476015816433;0.6856481126325941;7.839855405971463
635;0.2023793728588964;0.9595866262116768;7.083122442031566
636;-0.061851631517777034;-0.20430786718455463;10.082436449015812
637;-1.0362323184094215;-0.14436547048827653;10.144773527646853
638;0.37480675849646533;0.9463514709708478;9.300044007087203
639;2.532821581288801;0.5817250398926734;10.151604419578554
640;1.8029011196363829;0.42872965227311693;9.454472774344234
641;-1.3027958210856663;0.6812895885966005;7.7144116494295565
642;2.0043222068394715;0.48236205967803425;8.109355791015174
643;0.5016907033512494;-0.17149481715358433;9.833957871048783
644;-0.5609595467040138;0.2125801158057467;9.578286990093536
645;1.4790216228583921;0.08711094889630253;9.905629900110204
646;-0.4286200098627162;0.32337790489181906;8.617451098114985
647;-2.616227882976301;-0.03461050800303137;7.762792344432542
648;0.6091450438954689;-0.2879084993960188;12.19492817771745
649;1.3870145743789415;-0.8201147997036276;12.601503178637861
650;2.5858109809862673;0.39827350718679094;9.866806027988451
651;3.5543826464857626;0.14407272040229363;9.074517145583245
652;-2.1534334662548744;-0.040226536626492324;10.719277378148472
653;1.0464673940553435;0.6194014025526213;12.193296403540145
654;3.5816217151544394;-0.5104206313988184;10.396481950366821
655;-3.823338252244401;0.040755456524428677;10.531162875831392
656;0.36557170930231175;0.0018667079059966896;10.2464242150881
657;0.48482631443102264;0.12542909603171123;8.095128101591
658;-3.5179703941841365;-0.5222767947188068;9.47564099215646
659;0.6245256576755315;-0.8542363339132063;13.00482167167867
660;4.2247281175146405;-0.924388906538731;13.518898568200726
661;0.6740416447356438;-0.627839836934585;10.314485116521535
662;-0.0029759500090195887;0.5652771324440803;7.492413269565659
663;4.993099529836314;-0.8598565918833502;9.02897177747713
664;-1.7026560611908366;-0.12382055284925861;11.367815581304813
665;-1.1154641544388575;0.08383711353443996;8.454106286936295
666;1.830013080487332;-0.31255740629898726;7.673690925502996
667;-3.3097857216090314;-0.3487707452726773;9.676712380512773
668;-1.4796899547269087;0.3103061538826112;7.153052941665422
669;1.7691192646814982;-0.34919898464604066;7.472023530094771
670;-0.3946186545198521;-0.6877730264640043;11.858941010196322
671;1.7826049517997113;-0.2112915226998215;11.143326705985903
672;2.8559863192896398;0.08049254122718441;6.519724409538158
673;-0.6833124969666845;0.2198500224874942;7.227964431276367
674;0.04066705233588844;-0.7608210955772063;10.128458078954539
675;1.7461842801944911;0.4364640584141736;9.816116934491953
676;1.4558385737040442;0.34340103474057193;8.364672960535104
677;-0.7931709026497186;-0.36756787633790255;10.49891719668907
678;-2.8499720256503047;-0.19996483055064576;10.038621024700909
679;0.5205344956521176;-0.7962554051092174;9.44721166264029
680;-1.3187058886500318;0.05969140582388774;10.449578284453905
681;0.5621018561735935;-0.4990349561205538;12.033222593957088
682;3.1362639226075517;0.04091691884566667;12.05319272312116
683;-0.7130672116380397;0.2984509430805666;7.390798929911368
684;0.503825774593658;-0.02478273185028143;11.031779697603321
685;1.1028919941317907;-1.6924689924398446;14.464916201171606
686;-0.8498775652651681;0.34255123106260515;13.207088669033851
687;3.553004422146977;-1.078374258309139;8.714182400135886
688;-1.9096550391404987;-0.3752244231051214;10.188920880539948
689;-2.4269569063207324;-0.6577914283482559;10.846408375326478
690;1.7724437460902276;-0.6764354227078426;10.587111268234835
691;0.24522264713888883;-0.9239284877793931;10.977215929143311
692;-0.6526722293131783;-0.05069423003934176;11.879835549738182
693;1.9933415239242918;0.23717936836227183;9.058252735196094
694;0.685469857241194;0.7733866906870542;6.033711070511418
695;1.3344789330564133;0.20384365503058813;11.161378872559972
696;2.561645014471034;0.6699454319148648;12.526453537019185
697;1.6845862334845463;0.7021318724034749;6.826158590810906
698;0.18924182862229647;0.14058515622545187;7.987820731174596
699;-0.8926775123518373;-0.9813814931382713;9.988311392909448
700;-1.6447514966934262;-0.500375058687699;10.70135933585028
701;1.8454113956301312;-0.21346028145296314;10.371793720648007
702;3.484305293505848;-0.7156379974577347;10.67710463845472
703;-0.9820335805850858;0.1745367743072399;9.597332096675219
704;-0.10865828444403178;0.8305993284354297;7.537541240842676
705;1.1373652876302784;-0.487941208370853;10.778739465713596
706;-0.8043964014017037;-0.21650634768584717;12.700798129841628
707;3.4448548119730305;-0.16156207016919918;11.596956099742421
708;1.4883023889354778;-0.27980326760932817;8.486655384096116
709;-2.9664071981623;0.14503808593362227;7.840276107650999
710;-1.0231778517504857;-0.7217913215701383;9.782256282348767
711;0.2595452054871272;-0.03400564705285994;10.924356272433053
712;0.8881263118918468;0.2178581108821118;9.43662389073013
713;0.310491540148984;0.27335247311671956;10.566518254608669
714;-1.7910393058753054;0.48835240026739163;8.96316982275442
715;0.8486076312753809;0.9963873545977981;9.68259800727888
716;0.730281258792366;0.06399186440245447;11.514814398879153
717;2.2006098549518263;-0.10138771743988081;11.781957342874023
718;2.0246613455790166;-0.11021546193510318;8.898058153316992
719;-0.836631759319364;0.009719954427212615;8.093280001956359
720;-0.9814763797218531;-0.7357748454023081;8.16082154891237
721;-2.476021217405286;-0.9295611518622054;10.25383618996389
722;0.4608073844310835;-0.2162209890174174;10.639144436892458
723;2.1928273442933537;-0.13080333154558466;9.187728579397989
724;0.16185945397590584;0.2933024116858636;7.510996903173966
725;2.1683441024280845;0.4742056185449021;8.727780667651352
726;1.5824513736012722;0.2921137065352864;8.86860665923992
727;0.5724421685283785;0.8815774952885216;10.02519741836874
728;1.5488695520422644;-0.3378040701264641;9.638454448572885
729;-0.7932417822906055;-0.04009777382296646;9.833573566108273
730;-1.025030689968841;-0.2913822213036944;8.249645532817876
731;-2.61837373890972;-0.13702126549438015;8.637313934098517
732;-0.047922027533095025;-0.3894980290540524;10.268222803739606
733;2.1861424404913774;-0.04639491574374188;12.799146776454736
734;2.833596750201762;0.5143554638307732;9.916002273031168
735;1.6060594828080326;0.6469359015654533;7.780137654507462
736;0.37529652558721577;0.557531810155692;11.124385055986972
737;1.99877065522353;0.21224249389615782;12.162480637016346
738;0.7439946824009261;0.3412241893519625;9.885196667331906
739;-1.2027166576259982;-0.08524798361089111;9.32844695301321
740;-0.8071659238176221;-0.058628015368152854;11.914370352727255
741;-2.326364857430377;-0.1692636582665644;7.53908917984679
742;-3.293355517903624;0.004685943352302255;7.885809620219267
743;1.6904778541938228;-0.9527807440423377;13.350766458676379
744;2.802943850341908;-1.2650631859423993;13.046336111628555
745;0.13512549044823502;0.7031165921271374;7.262529630559955
746;4.2223117490112525;-0.6821062063738298;9.698924116068511
747;-0.3286716923441738;0.022673420524980326;11.450152279250197
748;0.39420024892358246;0.8404401003384117;9.756139204362848
749;1.1616257655254087;0.011525814211897077;7.292425228920588
750;-1.3971015329695686;-0.30143810535541754;10.302898839982381
751;-1.7489879998872682;-0.10497949172674044;9.910809588125765
752;-1.6765649647103338;0.4193517184066443;5.948065959584528
753;-0.22182562466923608;0.48603355781024526;8.195385566110923
754;0.5343238658802385;0.38909253755802037;12.177928069671344
755;0.7727223730146714;1.222715515517166;7.403435776732181
756;4.662949500233263;1.2603108721348888;6.015312961952612
757;-0.049535543934243684;0.5714073628793144;9.969039460311283
758;-1.914544711536732;0.7553796125697512;8.008445963104517
759;2.123039161554427;0.8807310462911381;6.061186021741869
760;-0.8542878783318655;-0.05597463885387473;8.924499751701674
761;-2.4850970948246727;-0.7835252930705134;12.472203187605375
762;1.1476127950371422;-0.8880030948218011;11.838690755507592
763;2.180546957791176;-1.2782368047929604;10.221202006409035
764;4.440738272643715;-1.1692751083637984;15.061100217903032
765;2.1975185721406088;-1.3307593608973765;16.37651672761391
766;4.2492126668013634;-1.7070817326616112;13.429821649151641
767;1.5844736305931206;-3.055499640249322;13.903202420296733
768;-2.2670347668169093;-2.010077894437408;13.119008908139707
769;-0.292435195696342;-2.681078855906041;12.926631049282362
770;-2.3942181689527557;-3.3314029720488283;14.208797310692688
771;-2.8936292254751907;-2.857532575268214;16.0260639780806
772;1.1335851487537394;-2.620252280205008;15.850866145419593
773;5.368149647986254;-2.1822402632793523;16.451157791240906
774;1.9021738270002146;-1.0965731254434394;14.883420512145095
775;-1.0944316928812128;-1.3059951303337174;9.750494843112133
776;2.4657301731963788;-2.379582793229865;10.522100923312957
777;-3.279267627117541;-0.6319078490874898;9.422759710661206
778;-3.2796634713438544;-0.2574574809937279;6.068291737989482
779;-0.013069092761710789;-0.26085255700324755;7.59145965199848
780;-3.6173430804391957;0.6041689305923754;7.091913628252399
781;-0.39615197331577756;0.9570862308177028;2.771229604583255
782;3.2937440263133007;-0.042157230746155065;4.928319247564822
783;-2.842405747074803;-0.046686681009001155;9.13403804079755
784;0.0580483680049287;-0.08722222194198329;5.856768741107572
785;0.8657710925019307;0.35790342585523166;2.355208465383034
786;-2.4336269858179227;0.21145501573171172;7.323187772632782
787;1.2039547483296094;-0.4066111168708782;7.3669832167387685
788;2.0608148226339007;0.5568359785725839;6.084947978570464
789;0.5464692255747173;-0.43084266996903753;6.788784844278384
790;-1.5000933928399218;0.011642021488568022;10.10048245861611
791;1.0084097761037332;-0.836947371848338;9.492639686021647
792;1.3203765166958488;-1.045513075263946;11.764199514891912
793;-0.41020957918389683;-0.35148333830859946;10.781169824739477
794;1.0212904458368053;-0.21474115668553956;9.667681214584956
795;1.3605732469229537;0.3847798986185693;11.048577887656826
796;1.67027832093494;-0.7037625886345783;13.601447161249764
797;1.1883214934132862;-0.6226554631142943;13.261977942074967
798;1.5260063269156336;-0.44654763691190286;12.512304756101052
799;-0.08749970117605191;0.12723064635140652;11.543563658079329
800;0.7159290427195764;0.2666704511906974;13.447050356719927
801;1.4171400503163347;-0.03574682641365281;12.625151859855334
802;-0.39457470827827634;0.6111729624897149;10.853746760231466
803;-1.1396430509431352;0.5577912605267993;6.877464780388363
804;-0.6112450509613101;-0.27687934668390773;10.258517497322337
805;-0.1451325670309364;0.2380403496312321;14.249315782230164
806;4.555367720026105;0.5436726040961766;13.370130168217539
807;0.19117678251404618;1.2633626410028576;5.520621832455984
808;-0.6454418261283117;1.1092776281633359;7.676932368057988
809;2.0962573559649385;0.7433745870408139;13.583884824477217
810;1.610943551838234;1.1592396587535636;10.46402298839584
811;-0.3364645369278768;1.0256703224667882;5.646998016951346
812;1.2480687851517505;0.7401615108366663;7.4903096550237835
813;-0.5237239315912681;0.7881481999337437;7.783623098597555
814;-0.8131594009233876;0.4952120242754673;6.77429158910388
815;0.9580265642045629;-0.08183980523383225;9.796807011465098
816;0.9201523884687287;0.21030588476402165;10.464988148527752
817;2.3702084134952432;-0.07236985255244685;9.03999891916669
818;0.397336369744219;-0.09334427167339397;6.704981076816646
819;-1.662123313984143;0.6528956510845061;7.7758827766684835
820;0.6129309039627369;-0.09276217501971386;8.758304910469167
821;0.10976772325952416;0.10368760252832193;10.282876390832394
822;0.7465358355803683;-0.0828088370629885;10.684469658550215
823;2.0465804733255686;-0.8400258805131705;12.244548862904836
824;-1.1592502986697772;0.505462977815837;9.644324526623311
825;0.08579864006387669;0.3406856322598817;8.177686656560441
826;-0.09049631648914752;0.578628564564379;11.165617936471028
827;0.15652232378153194;0.2075067033869264;14.640509188509807
828;1.9775611802221018;-0.030134000340861986;11.929590949159124
829;-0.46915233057225164;0.5233932233600014;8.451250615917512
830;-4.354040927152039;0.32864875518834885;8.562844244039828
831;-2.271617981143251;-0.36524178545169916;13.643369716982175
832;0.1146249650764975;0.20689076516404362;12.372681755734039
833;2.600528968017317;0.7546987285266383;11.68054367569998
834;1.0788108687405171;1.4593873463888343;10.972438702019511
835;3.7416927647494;1.631413715680627;9.658565413374639
836;3.6143939520268953;1.3212015813258928;11.005103130396268
837;1.457222042110055;1.206306631098355;13.072385004774526
838;2.5389455733991455;1.2947328543020649;9.90463834099948
839;-0.470657162933406;1.6511072587797273;3.5640586135896317
840;-5.978364429009422;2.292056162104073;2.425498834786299
841;-2.1954230101090766;1.5755032196459495;6.731292497291482
842;-4.9635125467676575;1.3330377872517638;9.29708178097713
843;-3.161804954533528;2.2474689732810784;10.040620585161923
844;4.960375728271402;-0.3887819795863182;9.418032793899597
845;1.1373050126634308;1.6855034535452413;12.314805968102421
846;2.0896372102247938;2.067022097651655;14.107825977472526
847;8.357205183457156;0.08286815706055735;10.820772915190801
848;3.721220678746719;-0.27771409609219244;15.165207408156755
849;-0.4116857966610423;0.46509460238460143;12.425816743833286
850;0.6460033748465113;0.16136538736860775;8.131136936428607
851;-3.222010516258415;-0.4869389851160507;7.821112152069099
852;-3.8645187714634996;-0.43030862217265786;9.487632756923915
853;-0.6242307424154783;0.2092940117415244;9.499718785470678
854;0.7160437686671399;-0.7785788044552814;6.772866371371839
855;-2.0996928926048675;0.3329019979587069;9.411780729004068
856;-1.1488413970555063;0.5018889928057086;9.857439307473632
857;2.2445438763793626;0.8717147758871842;9.322192582165805
858;1.7187610722409714;-0.2882013088788883;8.173380879331775
859;1.2759682635930498;-0.18940908390441957;10.365160556975404
860;1.2969528593464932;0.48027186839110914;10.100594270633035
861;0.8482988238258501;1.7152669126155229;8.74051281922541
862;1.5846931132012378;1.0730679900384723;7.4289101097586965
863;0.880953708096982;1.3673474954183553;9.373719080386296
864;1.035944876613144;0.6193035706417309;8.43250282935796
865;-2.876661622311811;0.3834844351494611;7.713278034438844
866;-3.204041599634438;0.23256539208637955;10.19077969707802
867;-1.001188330210304;0.6502446362157835;10.884540562259001
868;1.261922667231007;0.671793700472618;7.635962019952703
869;0.5281073571447278;1.1188620874958122;7.9172899262164345
870;0.714035963343126;0.036941570751146915;10.435176765284714
871;2.4428346455376193;0.3386385937733546;12.840828999006252
872;1.1552683993678263;0.5476175925525255;9.497014851876587
873;-0.7748349449911062;0.3326444597604027;10.595176093984195
874;1.2377881800391008;0.10334790531191883;11.042125706868891
875;1.4085159161814607;0.010106413284346027;11.728309178445746
876;-3.0328600565677366;0.07010784352242572;9.76747728942428
877;-2.3942613784305156;-0.846723272072492;9.80336803553118
878;3.0114713308299477;-0.8318665922204433;12.353086381978633
879;2.4772658677921537;-0.6847812660512224;9.87421492845717
880;0.8081760467217481;-0.4316759761035463;10.155389790992675
881;0.447166353133733;0.0763250245682518;8.044069521737773
882;-0.8992062050526497;-0.3477764682533548;10.37169597169315
883;1.0689612490068816;0.30693752873755187;10.327337311736361
884;3.481179519730225;-0.09590307654232816;8.720948336084188
885;-1.0970297838155474;-0.329318716528234;8.446665152655667
886;-0.9335136089817565;-0.36222382306941875;8.069631698674007
887;-1.235861947638083;0.23711457931624486;8.146858123010023
888;-0.6874288669968782;-0.12644594479212123;10.579626325383671
889;0.04162687781418742;0.07462199486241398;10.6791774361454
890;-0.4624514634231046;0.8486276479986717;6.315119513520085
891;0.9047124047307927;-0.08358949802978366;7.35956353514027
892;-0.24965493678555134;-0.18001172218885564;13.31419629192713
893;0.05185457395060954;-0.44190945467083764;11.11635865914984
894;3.622846433220893;-0.032614483005011824;10.08502800959087
895;1.1401010920897072;-0.7455853691128553;11.60792278417552
896;-2.756550033882282;-0.4640069584318005;11.247832308836097
897;-0.23549413279772835;-0.6260758888979057;10.195392706150486
898;-1.0165502485724236;-1.3547155217281537;10.726306149846263
899;-1.2623723510997058;-1.761418736753249;12.364019398563768
900;0.6434233446571578;-1.0359025061264513;11.214853870180884
901;1.8166648536174326;-0.349826337417265;8.671837770670273
902;-0.33963495244208936;0.09443747926300627;9.887388877172016
903;1.846063215997135;-0.4826757647614681;11.353429365759741
904;1.0758530056326499;1.1103623167838903;9.936643228459179
905;1.7693836886886967;0.08768660465768721;6.151575957765645
906;-0.4820748102686008;-0.4088685218553708;9.492609165139536
907;-2.5260540096497937;-0.979291462733495;10.890874913459669
908;-1.0860368993866092;0.20264022147687685;8.855135139626197
909;1.2284749286376513;-0.2531771291430622;7.947315200725238
910;0.4548601551791765;-0.4309928548276153;12.420899851211264
911;-0.7423713375297323;0.3800735405779008;7.856339195376586
912;0.6057815405372328;0.5449636646123766;7.649915885221265
913;1.592048521219443;-1.181987626891009;12.735391255642066
914;-1.0009173808635827;0.3994546278968546;13.211567476390195
915;5.091381505561309;0.36341344312557733;9.789192170205741
916;2.210258679650274;-0.7985676849580611;10.313633576111913
917;-4.199686427606688;-0.5960307134324208;11.034428371961909
918;-1.0916172556111;-0.8802513749153728;10.516879830366031
919;3.066044306939068;-0.9083472925469165;11.434995986488849
920;0.43617806522774977;-0.4731264901384119;12.59446427365647
921;-0.9935877484941622;0.9397827349379084;9.115188526258079
922;1.5933713725560006;0.7084706173195223;6.567263248407225
923;0.07891557614889211;0.12756428069664597;11.380591511961427
924;-0.35586961345830675;0.550189606595987;12.125618765108346
925;3.3032833826831234;0.23500551756154026;8.768325399544473
926;0.4154862175797339;0.6330303246091382;8.337969796013516
927;0.5816623081973626;0.7185016229840674;8.472319311373454
928;-1.0433153864978488;0.0159295230911555;8.324835954687689
929;-2.158692402464188;0.8197219340943017;10.483986252265106
930;2.9449066181920514;0.4650000554885681;10.85942054652545
931;0.3010623409126506;0.09925474824401703;7.30672213760391
932;0.5605313648391532;0.615115591370083;7.430822719304165
933;-0.4660069894719988;-0.19081484787732592;8.82859286104383
934;-2.554844592866095;0.82365325283716;10.782092000912858
935;3.093833214379971;-0.5838199843758525;11.357177354130057
936;1.515696329365407;-0.417102087537359;10.828558684315993
937;-1.1164337007941305;0.7494783410937599;8.807077111649702
938;-1.0604615725707958;-0.6913823624008908;7.156940399398391
939;-1.0778300993070085;-1.1304110141990311;13.133234029838459
940;0.3888327001341296;-0.670372890857926;14.631751279667416
941;3.617866826641465;0.030750542236688952;9.301430007252446
942;0.37739672584573825;0.6018607330854686;7.37857857632057
943;-0.9645284110845005;0.48287038400493315;10.26977053781765
944;0.36910484570944363;0.41678913237352355;10.325057829352115
945;-0.39564925089091485;0.5601747967879478;8.651356033789627
946;-0.043189849865278206;0.16497058661297448;10.93986053063697
947;0.8737694714217057;-0.6818683900254728;12.863536819011548
948;-1.0759573382971896;0.5895159841376182;9.044917705168379
949;-1.0868173349003845;-0.7131311133809382;7.500091209859399
950;-0.818589726623952;-1.1947604223761097;13.918573323955286
951;4.083298984065268;-1.3983438094487508;16.13277448068185
952;0.06369402553239761;0.11359523826029362;6.870053661446932
953;-0.08984218019259461;0.11872657051688551;6.563219245255508
954;1.029835680638346;-0.6235437449485884;12.017121445953746
955;-0.1363024445301894;0.03302168168051818;11.615675196439586
956;1.1373038716401833;0.3810199592368128;7.35267962830687
957;0.889408465979651;-0.15182396965799846;9.157081124761941
958;-0.9838173123973349;-0.050131706864673754;10.93952543163884
959;0.6152819519339903;0.17490760386952028;6.539091237746425
960;-0.2641262856908546;0.19861716714503114;6.965110616918762
961;0.9555640635201104;-0.2931700269819391;12.557855210104488
962;2.1662761642345196;0.93356957306274;9.965502551498204
963;0.6098837999040885;0.9315525196320313;5.067969648843789
964;-0.8353593826697057;0.47381872181666507;8.301754572341196
965;0.4006406545281033;-0.1675213737485875;11.223153692991339
966;-0.9379566272658522;0.3267949168982683;10.214654113389175
967;0.9716058250696059;0.24775972440677982;8.383140773168286
968;1.163001789523497;-1.0096968037567227;11.02091441812727
969;-1.1684768222258748;-1.0224138992481335;10.85141687290849
970;-0.4167123079857753;-0.3751927298684101;10.207621358832382
971;2.047872187225482;-0.823207423962305;12.817006829907964
972;1.2619403929006752;-0.8050552450704649;13.59024231739277
973;1.0033950323809946;0.07256258730585016;9.597493177637672
974;-1.130984793052527;-0.014910832980433553;7.641146355922367
975;-1.4678231560065298;-0.9453226597141098;12.179458239670343
976;-0.8978347159195463;-0.07943320446462622;13.638183455227958
977;1.2862993041476747;1.1285113208407695;8.676073755645863
978;2.7963698211921955;-0.5440796035367975;7.448952491073019
979;-1.5362489714438905;-0.6446927570023191;11.15660207566455
980;0.19633890726588743;-0.6659470891596575;9.428944490224545
981;0.5585009157670522;-0.06103014402346239;9.68953012533125
982;0.806255238187618;-0.7306452676702712;11.426870990123568
983;1.8574532046393442;0.2795054410889968;10.095537583034725
984;0.8921433091007797;1.2096622078254664;5.817130027915507
985;-1.5870658910012256;0.5266341860496763;5.475452946388929
986;-1.0500328155914278;-0.14565983538572372;9.518469425066627
987;1.0958710997981782;0.670478341138193;11.77735384718248
988;2.3874067722003094;0.09119661632876211;8.81160134643206
989;0.7060338075131299;-0.3518060355157835;7.502058105330806
990;0.4510010802291118;-0.20380217497487982;9.380225993377962
991;0.6767150901005565;-1.0005091824346586;11.208774768365544
992;0.7239955218428189;-0.3986094569426283;11.62928911717625
993;1.712544420692346;-1.0676845070870242;8.885480725396844
994;-0.7925547107079868;-0.8288215703875449;8.758979314527254
995;-1.339278432065306;-0.9687974105961468;9.88554031104171
996;-0.9509147911374167;-1.0084442400052125;9.253612043410776
997;0.7099259794489935;-1.0416077956673575;11.83545305853015
998;1.7644943953302712;-1.1510499851402336;12.298556551927321
999;0.9801446952351944;-1.1386841021492753;9.89038557076944
1000;2.0306282369919466;-1.2053813341997424;8.869716612910338
1001;-1.3690491113174679;-1.8020707486909429;9.382231995890002
1002;-2.1887450830014723;-2.7332419995995507;12.227854064971165
1003;0.507535953794072;-2.3084333325557114;11.913798971088537
1004;0.04411315810428311;-0.8009594465608652;10.679448192639942
1005;0.46558207651847044;-0.9765909269498041;7.734629790475808
1006;-1.1693364957468666;-1.3580073178349892;6.840115007590906
1007;-1.6509254349111455;-1.4092956350362515;9.369854148457387
1008;0.2809245404551568;-2.089225240655593;13.677334717491554
1009;2.2415725462122937;-1.844991688980386;12.996781593676442
1010;2.226097109636569;-1.0948664460590432;7.737927165388048
1011;1.3551603509333507;-1.424367187062381;7.85868008846659
1012;-0.7249400932406415;-2.0866546181849803;10.141900244986358
1013;-0.4180350266438931;-2.773395834854584;12.274118674309515
1014;-0.36762135011639135;-2.7407980604359867;9.846474821097113
1015;0.7639546587143589;-2.138532563951965;9.542832178177743
1016;0.6543189089379942;-1.1732512796562016;9.730684854605338
1017;2.389470204767096;-2.1058231329831725;6.206971510729356
1018;0.5551436002145737;-2.5585093642782017;6.815201254237033
1019;-1.4839193065925962;-2.5242827910533427;13.096928128613262
1020;1.1194928589079995;-1.6306995211838387;10.401993585009757
1021;2.5836881663642868;-1.775821973726096;7.01836736676162
1022;1.2555335647696997;-1.5921847901376296;7.847862750020608
1023;-0.08343736865586132;-1.4422076756212467;8.068567701844229
1024;-0.03458496919062008;-2.4964371096980194;9.989267526641557
1025;-1.5566265708998945;-3.6976083778030984;13.517982345233055
1026;-1.8307061869332395;-2.320256919929097;13.619894140273004
1027;2.3188294181953144;-2.419310738998733;9.132425998200011
1028;0.8301268784300904;-2.294209475003224;9.717130214160997
1029;-0.2019655700465646;-2.4860494681211462;11.505621200961514
1030;2.1515448218234274;-3.5349695278739652;12.150673737850251
1031;-2.0348304766564547;-4.195585193202367;12.842373363040902
1032;-1.441508366492423;-2.9453813414503336;12.19715425389586
1033;1.6148601647982637;-1.9043229635610563;9.459837468633888
1034;0.34111272040683277;-1.1754849801996072;7.078699527641385
1035;-0.09450351735925647;-1.9062999950262483;8.880838893256945
1036;1.6445720778475068;-2.265177514117901;11.526381767722702
1037;-0.1626910343003518;-3.215587832661745;9.99392464568711
1038;-1.1999739235286242;-3.384732904039028;11.548385484796029
1039;-0.8562441951565193;-1.8477665338777134;10.554771954778818
1040;0.21575630746289098;-0.9741048632653845;6.9979182451937065
1041;0.8567747147381064;-1.3013802566129662;9.441048400664103
1042;1.6655844555988752;-1.7369482428733247;11.651427276549756
1043;1.6209632566012018;-1.6533781046867848;10.53424498006658
1044;0.90573486302389;-1.5599804030517286;9.681885628987525
1045;-0.8747522134434477;-1.920776024161611;9.63898520015147
1046;-1.584563224096251;-1.3675344808143894;10.258215835405476
1047;-1.1183892019108868;-1.298758045659398;7.804922354419268
1048;0.6633634257347311;-1.2268826810337794;10.538304701482149
1049;1.3506128313074366;-1.7409411575658142;10.938271614572942
1050;2.684920976410151;-1.0386957004916646;10.79266188333702
1051;0.2547187086280543;-0.876123834235384;9.150653376100765
1052;0.4403025573422332;-1.8088368689849812;10.327378511252585
1053;-1.2742679123366598;-1.763599936971126;11.50804703629002
1054;-2.441365597561094;-1.2263096763613162;9.376260760175816
1055;-0.19971841112545835;-1.4553263106680112;9.065315375896718
1056;-2.326752980031657;-0.8766641374839748;9.465946399285679
1057;1.8679696488249105;-0.6001497754059869;12.311433593692447
1058;2.788213518212901;-0.6090020994798877;9.742257364353422
1059;0.37144963123045527;-0.8712271366038394;10.358810768313953
1060;2.1492389704450074;-1.613968518314598;10.742884084586004
1061;-0.9045609058922193;-1.4068484120974145;10.0948792234712
1062;-1.5918764014509692;-1.3354958576380649;7.062308966752799
1063;-0.5616247489764106;-1.0275751814833805;8.485465986404755
1064;-1.3397996914462733;-0.7318728655338524;11.156123032076934
1065;-0.41644874268121;-0.9232505886127574;9.305872163140553
1066;2.7350434467886484;-0.8336738591865832;9.905687559367314
1067;2.8740761995038473;-0.6490793973299505;9.456427395665115
1068;0.289595395114551;-0.9732784663843177;8.664281294993874
1069;0.9121444053399983;-1.9679830333366606;12.112856173055004
1070;-0.7240552646178595;-2.389682629186547;10.983852144749537
1071;-1.7287617901611014;-1.9539171051538309;8.824247738371195
1072;-0.3733868583496382;-1.9453823742172283;12.744755974327413
1073;-1.6504130230946765;-1.5059187827578542;10.357114008760428
1074;2.0093411063083515;-1.1849968040699637;9.395415019298689
1075;3.6505140962261233;-1.0424909036476109;9.739656712790078
1076;1.1122907308184553;-1.4740590561580944;10.581064370361311
1077;1.2126079057265062;-2.03954460732118;12.088824129631297
1078;1.3755995484493684;-2.013504530059091;10.17811462267533
1079;-0.8107516817755713;-2.0240689647988797;9.024980169629913
1080;-2.0799180836239843;-1.7016535169831222;10.492112406528515
1081;-0.34372181137656155;-1.144641271163794;11.1034554139056
1082;0.07576031422610398;-1.2643052140039759;8.883151557373123
1083;0.08185947749686603;-1.0390515235953124;8.609347356884554
1084;2.767608024016383;-1.2582604769713963;9.368369251656
1085;2.8343357523834323;-2.3629062927810525;12.117933470078132
1086;1.0436898234676917;-1.7983173509312613;10.74827027429459
1087;1.7386509178090939;-1.75447547659044;9.154613991738909
1088;-0.3115030609003754;-2.1843838118025327;9.730314379699832
1089;-1.7464523593338934;-2.2980695311358965;10.868553920973614
1090;-1.3675206780830753;-2.382746189414164;10.91824330442931
1091;-2.818886696531653;-2.146003472210361;11.12719064372389
1092;-0.10407301092345195;-2.224934713794576;10.67261222079283
1093;0.027792463712830603;-1.3746926658535203;9.610511806518424
1094;0.651780020465067;-1.1061811549063185;7.987862674510476
1095;3.372146302768299;-1.3858512843903705;11.51559222778299
1096;2.3383343582564136;-1.2578547818672605;11.252612280184193
1097;2.594302146228064;-0.8721340426177582;9.893498247730726
1098;0.8519157803156686;-1.185831859257519;9.439344263885292
1099;-1.4395034436235015;-0.9718738241032532;10.10957001626225
1100;-0.8076257918731845;-1.8414891802820494;8.705008042922262
1101;-1.8059039887906978;-1.7764689950435923;9.776030721380218
1102;-1.026735354225823;-1.6310188884839376;9.915021303055426
1103;0.496836363736761;-1.8394321132566382;10.425951795694223
1104;1.2662129550637458;-1.6415567092043308;10.16369380269192
1105;0.9986202850510726;-1.2695896320459519;10.689407736039252
1106;2.831946010734252;-1.4413541523112694;10.546161353513464
1107;1.5465747097082074;-0.981914909679513;10.519121772617787
1108;0.8963787465068794;-1.1730709151359595;9.75562611816121
1109;0.7460503267419186;-1.135445335504603;9.172000677949873
1110;-0.6268799533425085;-1.7321897962910302;9.654127844401602
1111;-0.27031267259249875;-1.3642334067533122;9.65944355949544
1112;-0.5107557900948516;-1.7994161173327592;9.10098655970336
1113;-1.6402444293174354;-1.735223070113439;9.225902939270503
1114;0.12725536260961764;-2.3652424464661994;10.862016714850338
1115;0.28804582871663603;-1.8313910870730519;10.405056884758903
1116;-0.4381118896799169;-1.750529857016133;10.426129261375014
1117;0.6251132059874865;-1.90147446990608;10.627397806516836
1118;0.14438974882630115;-1.4743451854411647;10.23361127030888
1119;0.08110117696507349;-1.436015881147477;9.616042615102124
1120;0.08135537013372121;-1.0647935756176587;9.260350498000296
1121;-0.36208738284871544;-0.9877401843641924;8.686770025115765
1122;0.17757553038623455;-0.7462784954340083;8.678219247340095
1123;-0.32697412379446045;-1.0871063330231299;9.07881078168539
1124;0.5058050033035941;-0.8524647730972867;9.813234928806942
1125;1.411774803954787;-0.8384667412524426;9.585501728085786
1126;0.1927467268272176;-0.9771080860825653;9.555797097121356
1127;1.2384305211479345;-1.5362424316105854;10.403698235328678
1128;1.1091516391395493;-1.7542184624570722;10.983783448445541
1129;0.18371274317060873;-1.9702446289666034;10.728053622195043
1130;0.9413615764129806;-2.1869767749817406;10.656057792630397
1131;0.2847767310698154;-2.634334479821118;10.977632424225117
1132;0.4017074697258579;-2.498603745027699;11.246202109456215
1133;0.885450952141187;-2.4129135647016478;10.945363397490022
1134;0.8654821240708594;-2.4578747653593433;10.150366477819476
1135;0.49568129695448804;-1.8230577080808847;10.175736512971877
1136;0.9451941240617987;-1.6919267649067253;9.701159352264998
1137;0.7183074214781837;-1.5399319494695942;8.811854100342941
1138;-0.062397619193818005;-1.524048956058521;9.077601916036496
1139;0.07772048638413674;-1.1972707360643395;8.783398116589629
1140;-0.01381979627907489;-0.9550108446455309;8.462696506861349
1141;-0.29066981312352036;-1.1702301444236949;9.140391933806766
1142;0.39708360738074566;-1.1998057431962832;9.754363869412733
1143;-0.011610878304542577;-1.3678293793532064;9.731039157508174
1144;0.3128664574319369;-1.8199115467084874;10.454680736004159
1145;-0.040621230932636594;-1.8994398940734123;10.589510703332076
1146;0.3343200371400314;-1.745838067973284;10.808288607112663
1147;0.12628916850811844;-2.2484116189237437;10.422770729840424
1148;-0.2800522699580441;-2.261302321079273;10.913700381108233
1149;0.42510250570215;-2.123053840715858;10.66575588931782
1150;-0.2214045043053292;-1.957449837557821;10.364173183795636
1151;0.40329633490385186;-1.9194079992479343;10.267779080562466
1152;-0.0973054632127838;-1.4952471010823571;9.669324137995618
1153;0.3022394328671921;-1.491037617865484;9.722732855898444
1154;0.5908898561402979;-1.4759901840194534;9.632958227818655
1155;0.2105067592909567;-1.0615521690453895;9.649131875999236
1156;0.3510392209825813;-1.326452407421599;9.565697559655032
1157;0.4711528570790487;-1.3506563032524443;9.630375714948007
1158;0.39728799316708524;-1.4128779667991695;9.683552942557201
1159;0.5432710129035652;-1.5646504569529922;9.864873434310356
1160;0.3638312452630078;-1.6937500095227875;10.067598493941485
1161;0.3406461345056305;-1.5656920922514996;10.157947603150939
1162;0.254389713158701;-1.8641416638321568;10.09771358445821
1163;0.09019321252574194;-1.6133157172712527;9.927884611178722
1164;0.1750759120891443;-1.74220173591101;9.965174461419872
1165;0.15847228900335297;-1.6239548775065566;10.083973798316663
1166;0.11887273533097595;-1.5845503755996415;10.023274601367829
1167;0.3764641222146672;-1.5054480926729044;9.86368801776305
1168;0.32755963967348856;-1.3035360726190708;9.999898695119775
1169;0.2542257572035028;-1.4998135304749576;9.766318002456222
1170;0.444510620713868;-1.5027326986017067;9.944351212715613
1171;0.14914994013728988;-1.371297416245632;9.840826556924348
1172;0.19859713219102676;-1.1709105298216036;9.71001380480927
1173;0.3169258812630588;-1.521915768741696;9.662621355585564
1174;0.5475917572280762;-1.3160329507473978;9.763604590221938
1175;0.34946802707319025;-1.1750463275205507;9.94331172042248
1176;0.46220575619733695;-1.4074215940434094;10.000737542988789
1177;0.4523066800722795;-1.4063914641852908;9.9613869377263
1178;0.31154723914522175;-1.4117096407459242;10.241299981227456
1179;0.5517731321098793;-1.5824801773175625;9.889562639403753
1180;0.349091591535402;-1.3540349858620557;10.180103095537609
1181;0.43324856789583216;-1.5255907589623394;10.14159233192987
1182;0.20563981404872717;-1.5951425625651896;10.071646639265879
1183;0.28162445091352856;-1.3843199887783622;9.902738923439765
1184;0.33416462250961126;-1.4120271730011564;9.870459936854072
1185;0.15864125577314778;-1.4741611246989994;10.07520769667599
1186;0.34529753405794233;-1.3901386651761132;10.268731091608778
1187;-0.03466347641764915;-1.5286377380165945;10.69313898618638
1188;0.04520137268765423;-1.4148862248459269;10.486414365275518
1189;0.043378158901719165;-1.2835192917351848;10.515092134268397
1190;-0.1254391497909435;-1.1336787929352268;10.244543840521317
1191;-0.1386594804741381;-0.9912902724875043;10.241877326939699
1192;0.20009881229975307;-0.4191729878039133;10.273278704156532
1193;0.21998846036102562;-0.35162927179430636;10.183650820704294
1194;0.3273859940614358;0.06301264311370672;10.014606223652986
1195;0.5246987152973844;0.3886618689479178;9.562738507875531
1196;0.2561565123115692;0.6174039189793992;9.206593713566907
1197;0.36230492763446215;0.8778667205417976;9.18563021959552
1198;0.9310801498187802;0.5034012975988942;9.658210469415517
1199;0.8358446986325471;0.44787373710309597;9.349462845525695
1200;0.583422853675965;0.7685900835339818;9.09265801736258
1201;0.5605394604984797;0.8253644237077283;9.224730355270252
1202;0.5567396481086082;0.6752983843520188;9.619509589136332
1203;0.6819648674806484;0.5886988399247471;9.60391202872022
1204;0.6718043878038489;0.5175695242011344;9.758814308033005
1205;0.5507041657761713;0.22229954548217423;9.937539149341394
1206;0.7508765374183004;0.2804173036282096;10.060432744321472
1207;0.43030433863728285;0.09513883064862373;10.033495767280858
1208;0.4068714352871307;-0.16998934822965095;10.47302672330958
1209;0.1511643087028154;-0.003068279115447166;10.27748204286618
1210;-0.1609917718768931;-0.1800835921253772;10.052003493257766
1211;0.0677951108976673;-0.12026733944722628;10.001606012401231
1212;-0.43057048825955524;-0.09951021272950272;10.003547814609227
1213;-0.11694845716347868;-0.20303747928968777;9.836282287463156
1214;-0.5270937846211516;0.011537420897178139;9.771821491355457
1215;-0.08485279457941741;0.2185858367099343;9.771243614862941
1216;0.25828787714309015;0.12328877694155324;9.902872840559388
1217;-0.3256055858464425;0.2374377192902461;9.70622817236756
1218;0.3611253432432775;0.22577170661794388;9.84154561852517
1219;0.22064976125518454;0.29789465854274505;9.962076480453419
1220;0.3862173872493364;0.13024502399735974;9.923739084946257
1221;0.3064586798980281;0.32424647231551196;9.788525847666262
1222;0.29871763401191925;0.016039391034651823;9.75901622226859
1223;0.44372556764956883;-0.028188763703593467;9.893837667680657
1224;0.4975217986912612;-0.039631591698353646;9.95268819426558
1225;0.6087751922409695;0.09938233184021963;9.802830690178602
1226;0.6809466828839699;-0.07713250734979438;10.043634467198643
1227;0.6620366955292737;-0.17576898748474148;10.154374402765797
1228;0.8254095627636729;0.017235100751277446;10.171198019989054
1229;0.6165799227275502;-0.02669970183192666;9.89937620581367
1230;0.6031309991650804;0.03538904175028991;9.91693762825445
1231;0.4485948046782669;0.048795259990437;9.931239387576495
1232;0.516069490209469;0.08954206576796572;9.88328605305783
1233;0.33276479963447475;0.13571474811843934;9.781513004910865
1234;0.4212181768770776;0.2825449740569782;9.779476299885797
1235;0.2969720032801285;0.16819305168818788;9.733265215224273
1236;0.21629445195077887;0.1924650391367516;9.848051097536244
1237;0.1998071326221552;0.2778206449079382;9.766768030415694
1238;0.39981771942707345;0.2504405689832345;9.753236226553435
1239;0.2762191034632653;0.28175732702113787;9.696101657189345
1240;-0.04142918738942946;-0.034681079079788166;9.869441332132146
1241;0.017976126212358157;-0.02238303630839894;9.746216282920301
1242;0.10491481833266061;0.04679142660648382;9.841793944854091
1243;0.2822264475680259;0.10736228229338736;9.833321366986356
1244;0.12450931915289756;0.055783183194820125;9.945569000053844
1245;0.0570965817208676;-0.11502612665092649;9.958138193612465
1246;0.30043022049744234;-0.06365010997513701;9.830754135095567
1247;0.05848433718635376;-0.156475824537287;9.755809443456474
1248;0.4127874027280199;-0.19734792489453612;10.02650215047893
1249;0.22234002883638138;-0.25561772604271293;10.10414048927124
1250;0.1200312047330021;-0.15111012129408857;9.957141657358006
1251;0.2826805076628974;-0.20579946630416343;10.186181591792842
1252;0.3553049148971856;-0.1766330818609726;9.998930679527307
1253;0.5841758196966705;-0.0650485423817199;10.104705466096664
1254;0.3881593644338661;-0.34004938069624047;9.761945923434924
1255;0.5837768231969968;-0.4035968842705222;9.873927665210028
1256;0.5824831111813048;-0.3376462157749307;9.905425559417619
1257;0.23860962201755426;-0.24969359574564257;10.0403760975665
1258;0.6007935176868913;-0.23902280146326327;10.016574156552823
1259;0.6396860832531587;-0.22257184671801267;9.98456367893974
1260;0.36780300323876036;-0.37931390804546306;9.74897185389891
1261;0.3912792167926102;-0.27791652469221284;9.83435094266359
1262;0.48337584724447574;-0.21519529739239707;9.712372110538077
1263;0.36320165634334367;-0.2664285495552293;9.78930901027198
1264;0.3851517212559623;-0.09942060832658843;9.799199367222426
1265;0.3990039859044543;-0.4093570669455453;9.941117361678659
1266;0.4137747784375328;-0.40682393075201223;9.838817535046763
1267;0.4000252194251705;-0.41593555124822884;10.089999298068308
1268;0.2777335833370461;-0.14262607004518102;9.731167951912235
1269;0.3824912979184569;-0.31791748600060904;9.864637762619296
1270;0.1810297509204387;-0.4973891928035459;9.939077421819183
1271;0.18814708587291645;-0.37025438721028725;10.058206368462306
1272;0.054426625099293725;-0.36122147081560924;10.015424936185285
1273;0.01600714997012706;-0.45090540561649567;10.010243417280446
1274;0.08956393561046565;-0.46186308897643497;10.001565030062993
1275;0.28360973398982114;-0.19867990417470519;9.94341997441021
1276;0.21064224269395362;-0.17510652173418356;9.8569716864969
1277;0.3772347395025951;-0.37536291253443066;9.918900137328576
1278;0.4116356232492109;-0.0765648398295431;9.890047273617679
1279;0.44918008083764904;-0.43314211018752874;9.90082546141406
1280;0.4808700365745594;-0.22184780946294125;9.910538685266031
1281;0.43580503384193603;-0.36040501055925483;9.863388675029823
1282;0.5596916076408487;-0.06871008180346383;9.949735735760418
1283;0.45341884230400686;-0.18605944578870398;9.950520587877762
1284;0.5614102289319605;-0.1455410668760631;9.983186437539183
1285;0.4677512301033552;0.07618912026377421;9.877168359841814
1286;0.528937363709764;-0.05869716604620008;10.129370470548182
1287;0.20166972856551021;0.07149502655791518;9.922282651627466
1288;0.5018870676049214;-0.06820027094642521;9.775837863334894
1289;0.20656025410031145;-0.14987513582287906;9.752748634504153
1290;0.3957654268790946;-0.10486168688360997;9.854150479042634
1291;-0.015674951674657545;0.038717885719608006;9.751517666046542
1292;0.30667838397950753;0.0833849140402256;9.843556556144145
1293;0.13738467888295264;0.07002871386464454;9.867888099930944
1294;0.22879507699256513;-0.09494668123400272;9.915272498897394
1295;0.21261038470410892;0.13658363165114634;9.789836487314302
1296;0.04527693450875199;0.1317935752441676;9.942473725079864
1297;0.1760878985580015;-0.035738842505694896;9.660452249638192
1298;0.0759240627513696;0.1226169128580451;9.991595093096612
1299;0.4109848582249126;0.0442759813685748;9.946699884123642
1300;0.3649176941509957;-0.1066484186562997;9.81254480340158
1301;0.2415750800331041;-0.07294778096046504;9.93212355942212
1302;0.009643985438453268;-0.08884303739360067;10.047549628390234
1303;0.30628919329799326;-0.09353937884101286;9.83586310012655
1304;0.3277562580860484;-0.04201281119548833;9.816731083644132
1305;0.411873811625692;0.0014030527754959263;9.733789744152428
1306;0.2797540229838911;0.134185396863723;9.90622910035873
1307;0.4438385606095091;-0.1274456513327836;9.867206231729272
1308;0.3897410130662332;-0.06841395499220225;9.773199606969769
1309;0.3465796525079449;0.15642949045992083;9.89520858251026
1310;0.2249450571254935;0.1153956422409358;9.9435118759198
1311;0.33756871993948256;0.11085845242381771;9.77415822845228
1312;0.36881596368766667;0.07036374187507671;9.697599279025873
1313;0.4343413195126899;0.016675903497761824;9.904006590075618
1314;0.3251862179956009;0.04570818966264967;9.80045544665893
1315;0.3417236112093522;0.23064752034480016;9.700283118932829
1316;0.5572489069001239;0.16151221471175967;9.825538380368528
1317;0.217913071206696;0.31931754114203004;9.962207567460945
1318;0.0009378372864211615;-0.053928772991036225;9.94682248734654
1319;0.22721263403140235;0.029522626985881664;9.742014956767239
1320;0.40943747166360905;-0.15404915899001342;10.049901233638415
1321;0.23411485069012306;0.10530453873171941;10.123920132474126
1322;0.15081523946374817;-0.3817460318600691;9.878562702381588
1323;0.23088416263423;-0.21759038344716938;10.160530478793246
1324;0.2039196018104217;-0.12559124699661428;9.879177603921299
1325;0.3049245228997319;-0.08851315307886859;9.946595807084286
1326;0.21533227057975662;-0.14035727926947636;9.851197505269335
1327;0.4235472134654005;-0.06741109249538284;9.838337666193008
1328;0.23890681449996787;-0.2209076201427034;9.929278710150689
1329;0.23687942899750264;-0.283547905649085;10.082639933695905
1330;0.4501574065077165;-0.003538605352597972;9.943455811833001
1331;0.3598626806615202;-0.12285410567537906;10.033214725336359
1332;0.4180243093354813;-0.17418061146532177;10.080806463878158
1333;0.3311449333651475;-0.1911231210431594;9.841367108187875
1334;0.4852628241127937;-0.1046648628154847;9.787828103560914
1335;0.534833198735742;-0.12839477198938415;9.998094461771048
1336;0.5498971154328156;-0.13814035139466688;9.807655657010525
1337;0.4002574104973642;-0.13777932495434603;9.921490459110355
1338;0.4220885164701835;-0.3058442048868464;10.01599582676047
1339;0.3591697613250151;-0.08198256038936684;9.734037471005278
1340;0.4093098921725188;-0.22818664548719092;9.673481313128834
1341;0.35600335059733906;-0.2111312773156224;9.989079124861952
1342;0.4520155339046975;-0.24626801299847167;9.985991245654237
1343;0.4297225890390539;-0.11775912340406006;10.107234215818153
1344;0.39637364680704856;-0.2214005919953792;10.084202178064206
1345;0.2930356731709996;-0.2643325032103643;10.009577438111162
1346;0.17903533639621355;-0.071391673480749;9.97833160292803
1347;0.14428163990916415;-0.38613862635079;9.903711316507158
1348;0.14625841926936473;-0.10133904636852045;10.032781480311618
1349;0.30557818535857506;-0.22640190134683555;9.993368250374376
1350;0.3115662812782383;-0.3407852186609116;9.868927458429955
1351;0.2637481124000659;-0.2799656326408014;10.19148713870553
1352;0.4414605471546317;-0.2820856641287264;10.001283691441966
1353;0.17298513016076797;-0.07366608539388121;9.773644366983651
1354;0.39193735681377795;-0.11657415607988698;9.99315928197714
1355;0.33645544126603977;-0.16705223594341817;9.871983887549863
1356;0.45472279116955083;-0.10725392161681851;9.849186389247404
1357;0.3629758672408693;-0.1124821639103098;10.019479131169321
1358;0.4180581426737716;-0.10850873031697898;9.929702062755094
1359;0.270120166496404;-0.14952501795594736;9.826426244922782
1360;0.209123841105048;-0.14640082868737303;9.763572975037729
1361;0.21533265284124617;-0.0030404297302686657;9.891716410674805
1362;0.42971246908034394;0.10336635962767723;9.773473680228912
1363;0.3849031341222924;-0.006164564763374965;10.060459960219061
1364;0.7072309062285851;0.05760702694248317;9.84817978014782
1365;0.4277868291668342;0.17846106274385903;9.826137017699315
1366;0.3567655103428982;-0.03579070096963913;10.084412824576631
1367;0.38062057091167373;-0.017683316874795768;10.208419158015731
1368;0.2183901558672269;0.11206844161282392;10.066150802186751
1369;0.3366345952428996;-0.021765617160077026;9.902430988624555
1370;0.25641005462194477;0.05486157178474387;9.809481938222312
1371;0.3540919026768431;-0.004360852414640673;9.782527678452773
1372;0.215292177429152;-0.017205623228193228;9.725460536229491
1373;0.23336256768257457;-0.012574224185794073;9.90802824227185
1374;0.15488104622639998;-0.11409470777301547;9.915014550104138
1375;0.22819334623885987;0.04707944188347278;9.853836495360474
1376;0.23246847420173833;0.1475293229159569;9.698293153389368
1377;0.35779876331494176;0.0084812309701597;9.872778750787877
1378;0.08278539933577256;0.07587175689597445;9.908003126017592
1379;0.14439830783869104;0.06989329507245831;10.024851025205827
1380;0.25164908361675065;0.2043713696004007;9.909550650737206
1381;0.31153431901171025;-0.019702376803657346;9.817541423864148
1382;0.2865122793209822;0.010743132405506388;9.747901678549193
1383;0.20604713169192274;-0.020916762237936697;9.908771602194033
1384;0.2445235360477081;0.005369947789681738;9.951490563953687
1385;0.5266580815761598;-0.03946275855508305;9.866059602358721
1386;0.39780347599908594;-0.02945695860878192;9.666217812199868
1387;0.33310284823956005;-0.0692993993502549;10.04488074691837
1388;0.19945803190892222;-0.008184256413543797;9.974097380391301
1389;0.4291607029029279;-0.02412996727257479;9.882196000960407
1390;0.30546105049134276;-0.05693099175081329;9.968693483383527
1391;0.39606653207742115;-0.07412044359239775;9.979823611541272
1392;0.1467205590379288;0.12146376926152763;9.876306378391323
1393;0.18307005784151967;-0.0046378870934439854;9.932548257418361
1394;0.2928035101724716;0.25570714454325294;9.86759246505474
1395;0.24442104790781172;-0.1312814923899234;9.771648603521772
1396;0.25696196628484946;-0.14027681822917795;9.900128748017142
1397;0.3798895024236539;0.019612060587431396;9.940241326425483
1398;0.30885291645326773;-0.18498776300060307;9.877661601574342
1399;0.36193322850997134;-0.010902159169654813;9.370591731460214
1400;0.5061388922554151;-0.27557979820465256;9.532321202020466
1401;0.16158857120598752;-0.0474225892887485;9.392899923581687
1402;0.5389535206213215;-0.04145553857805534;10.118939342938475
1403;0.21601974835477072;-0.10358320423743327;9.664059431149843
1404;0.36547903260587655;-0.0991098305245186;9.616964803303317
1405;0.4008782370765336;-0.007436487436486616;9.621495791000735
1406;0.28696878339080445;-0.03181498235865182;9.841387430903431
1407;0.1939545429684733;-0.12728057470829043;10.330376251132138
1408;0.36728636586024677;-0.16587898394537143;10.162186056765695
1409;0.05164265206084309;0.012715936984181081;10.174081130810825
1410;0.3589353828154019;0.10354781343919858;9.66919106662878
1411;0.29489003630576055;-0.14088943601195664;10.083669105796838
1412;0.37532234350908933;-0.0580470978524989;10.067836466184852
1413;0.49123222253589394;-0.18153665796316923;10.125228260056344
1414;0.4179173536059039;-0.1779615563500777;10.16458909732539
1415;0.27944996998970095;0.006377740523895024;10.116847267277898
1416;0.4510427013092045;-0.11220562911412722;9.740092087614595
1417;0.45925647367728384;-0.05529669260273959;9.937604200020868
1418;0.3501856845995157;-0.19320403971481714;10.070605478811244
1419;0.32239810168728117;-0.04660461699213134;9.820147400744501
1420;0.3374712847773216;-0.04373249357866786;9.988544112129944
1421;0.542320134172189;-0.21067269896638835;9.812204053668168
1422;0.49385879897602014;-0.2030685289346096;10.06688491722239
1423;0.39613475996318814;-0.11728776326865528;9.967167841829687
1424;0.36188997139231316;-0.040828389570592594;9.974414460491651
1425;0.344602521444721;0.0741420904248942;9.988295062621324
1426;0.3816572025240131;-0.03313520019090976;9.800772016858394
1427;0.44986033498874295;-0.018548649641064625;9.729796862364378
1428;0.35026242472673536;-0.01622070887746156;9.765391813791329
1429;0.39870784368541956;0.0031198582053744567;9.818396189793626
1430;0.3569075975309685;0.11368045631954315;9.86287780388316
1431;0.5318337486415491;0.1809463576388566;9.798844285278337
1432;0.3899918433524263;-0.07259844427025611;9.88716856952125
1433;0.15517667140268393;0.09675211819194361;9.99789234115103
1434;0.40933505841277273;-0.08176324508455715;9.95234693372095
1435;0.42567849058916035;0.08982555863996095;9.893026838626053
1436;0.474259609546712;-0.04331289554976343;9.824343545049032
1437;0.3021626890492955;0.12882697639901072;10.01812149462827
1438;0.2950778154667345;-0.1028034444723186;9.974656950947457
1439;0.43266309972989747;-0.09024280281990354;9.95089256152692
1440;0.3698124658720775;-0.0840271333794082;9.975729670898525
1441;0.2689113350382985;0.0885952536390519;9.618558721536173
1442;0.24722879347476567;0.13580308424164883;9.920512613060387
1443;0.3786017522669866;-0.03973359948702826;9.854881053481051
1444;0.39176914298026777;-0.1074381967094292;10.026376349265814
1445;0.27993805791456144;-0.17657943036220558;9.841454389420461
1446;0.13366464765927338;0.1439370983506865;9.958831871471455
1447;0.4778579379352327;-0.07940808657312769;10.056611116982733
1448;0.14314583236783054;-0.0010923571500568025;9.843965061494936
1449;0.07767704595402722;-0.05330538374285102;9.884336846026445
1450;0.27033788082895344;-0.08484921234724191;10.076275010665674
1451;0.10428027280849943;0.2090345951137641;7.181965000144543
1452;0.29389391762225;1.0121266210913864;9.182471333778501
1453;0.9596079594771075;-1.259728460035812;13.916135202970949
1454;-0.5180848187311107;-0.19696253995083807;10.575481623775762
1455;1.0575102172295154;0.3653112980479475;7.703615808587967
1456;0.19710671520173034;0.16893663671205267;9.11185765916981
1457;0.2554964602512575;-0.38065739790455977;10.369490513234272
1458;0.8776884617058398;-0.6690414214076925;11.407207804877011
1459;-0.15874236318187723;-0.21686799699861004;10.50853243981211
1460;0.5118869459087478;0.11520480749848669;8.839890748824082
1461;0.6208094159989928;-0.17835813491906544;9.19241671889384
1462;0.0428463096576635;-0.48399887712139344;10.705569298907584
1463;0.5017064490928254;-0.11701746007699075;10.490169122212253
1464;0.618732130975403;-0.155046850847248;9.86663405267348
1465;0.4356843930685701;-0.12062000166498843;9.798031194147311
1466;0.31246736548479437;-0.15192541313584798;9.925792041070016
1467;0.1229690565984175;-0.022811138402627718;10.153771092849734
1468;0.27444247826484414;-0.09172445021634873;10.25226193694004
1469;0.23827042382398636;-0.017395740266981097;10.513683455719473
1470;0.520049150597446;-0.21682067139253752;9.869081943807563
1471;0.37835469373530767;-0.22593148918642914;9.822605871808994
1472;0.35681355974831824;-0.049920173282671676;9.797401883785493
1473;0.17182663252287517;-0.0008808342094211979;9.497164366597502
1474;0.18888864869789818;0.04547426407738815;9.73118200357666
1475;0.10529971540286107;0.15967972682397774;10.011884274995452
1476;0.3291490958398433;-0.022967741102613938;9.919674006124922
1477;0.3359503688961685;-0.09462463023246302;9.7684810193232
