;ay;ax;az
0;-0.076614454;0.11492168;10.228029
1;0.038307227;-0.0;9.749189
2;0.22026655;0.02873042;9.595961
3;-0.009576807;0.047884032;9.873688
4;0.02873042;0.10534488;10.275913
5;0.047884032;0.12449849;10.0269165
6;0.05746084;0.02873042;9.672575
7;0.11492168;0.02873042;9.787497
8;-0.076614454;0.06703765;10.04607
9;0.095768064;0.11492168;10.055647
10;0.10534488;-0.038307227;9.835381
11;0.047884032;0.095768064;9.816227
12;0.10534488;0.05746084;10.065224
13;0.038307227;0.095768064;9.921572
14;0.095768064;0.076614454;9.931149
15;0.08619126;0.10534488;9.892841
16;0.095768064;0.076614454;9.873688
17;0.05746084;0.019153614;10.065224
18;0.08619126;0.019153614;9.998186
19;0.11492168;0.047884032;9.873688
20;0.1340753;0.047884032;9.835381
21;0.05746084;0.076614454;9.931149
22;0.1340753;0.06703765;9.911995
23;0.12449849;0.05746084;9.844957
24;0.095768064;0.038307227;9.921572
25;0.10534488;0.06703765;9.864111
26;0.047884032;0.02873042;9.854534
27;0.11492168;0.038307227;9.969456
28;0.08619126;0.06703765;9.931149
29;0.06703765;0.05746084;9.825804
30;0.076614454;0.095768064;9.940725
31;0.019153614;0.06703765;9.940725
32;0.11492168;0.05746084;9.911995
33;0.06703765;0.05746084;9.844957
34;0.076614454;0.076614454;9.950302
35;0.11492168;0.009576807;9.969456
36;0.038307227;0.047884032;9.902418
37;0.06703765;0.05746084;9.931149
38;0.11492168;0.08619126;9.940725
39;0.05746084;0.06703765;9.902418
40;0.095768064;0.047884032;9.892841
41;0.076614454;0.095768064;9.892841
42;0.1340753;0.019153614;10.055647
43;0.047884032;0.009576807;9.873688
44;0.08619126;0.02873042;9.998186
45;0.1340753;0.009576807;9.902418
46;0.076614454;0.076614454;9.940725
47;0.16280572;0.06703765;9.902418
48;0.05746084;0.02873042;9.835381
49;0.10534488;0.08619126;9.950302
50;0.1340753;0.019153614;9.921572
51;0.047884032;0.019153614;9.873688
52;0.06703765;0.06703765;9.959879
53;0.076614454;0.047884032;9.998186
54;0.08619126;0.10534488;9.911995
55;0.10534488;0.047884032;9.9790325
56;0.02873042;0.1340753;9.950302
57;0.095768064;0.12449849;9.969456
58;0.10534488;0.06703765;9.959879
59;0.047884032;0.076614454;9.883265
60;0.095768064;0.1436521;10.007763
61;0.02873042;0.08619126;9.9790325
62;0.11492168;0.19153613;10.007763
63;0.095768064;0.12449849;9.892841
64;0.095768064;0.06703765;9.969456
65;0.08619126;0.076614454;9.864111
66;-0.02873042;0.11492168;9.758766
67;0.24899697;0.10534488;9.969456
68;-0.1436521;0.095768064;9.835381
69;0.038307227;0.038307227;9.844957
70;0.10534488;0.05746084;9.80665
71;0.10534488;0.1436521;9.873688
72;0.076614454;0.1436521;9.883265
73;0.009576807;0.1436521;10.065224
74;0.17238252;0.06703765;9.931149
75;0.06703765;0.019153614;9.911995
76;0.05746084;0.038307227;9.998186
77;0.11492168;0.10534488;10.01734
78;0.11492168;0.019153614;9.911995
79;0.02873042;-0.0;9.873688
80;0.11492168;0.076614454;9.998186
81;0.05746084;0.095768064;9.892841
82;0.095768064;-0.0;9.950302
83;0.095768064;0.038307227;9.864111
84;0.095768064;0.06703765;9.892841
85;0.1340753;0.08619126;9.883265
86;0.08619126;0.095768064;9.873688
87;0.076614454;0.038307227;9.959879
88;0.08619126;0.08619126;9.9790325
89;0.05746084;0.06703765;9.921572
90;0.11492168;0.10534488;9.998186
91;0.11492168;0.02873042;9.902418
92;0.095768064;0.05746084;9.969456
93;0.1340753;-0.0;9.940725
94;0.009576807;0.047884032;9.911995
95;0.08619126;0.11492168;9.950302
96;0.05746084;0.009576807;9.892841
97;0.08619126;0.06703765;9.921572
98;0.095768064;0.019153614;9.950302
99;0.095768064;0.009576807;9.854534
100;0.11492168;-0.0;9.931149
101;0.095768064;0.08619126;9.883265
102;0.095768064;0.038307227;9.892841
103;0.16280572;-0.019153614;9.911995
104;0.05746084;0.02873042;9.931149
105;0.10534488;0.05746084;10.007763
106;0.095768064;0.02873042;9.873688
107;0.06703765;0.02873042;9.902418
108;0.12449849;0.076614454;9.940725
109;0.10534488;0.02873042;9.892841
110;0.1436521;0.038307227;9.911995
111;0.11492168;0.047884032;9.873688
112;0.02873042;0.06703765;9.988609
113;0.095768064;0.05746084;9.931149
114;0.02873042;0.02873042;9.883265
115;0.10534488;0.08619126;9.892841
116;0.05746084;0.038307227;9.883265
117;0.10534488;0.047884032;9.883265
118;0.02873042;0.095768064;9.921572
119;0.06703765;0.095768064;9.854534
120;0.095768064;0.10534488;9.959879
121;0.1436521;0.076614454;9.921572
122;0.019153614;0.08619126;9.921572
123;0.095768064;0.06703765;9.921572
124;0.076614454;0.06703765;9.825804
125;0.12449849;0.009576807;10.01734
126;0.06703765;0.02873042;9.864111
127;0.1436521;0.009576807;9.854534
128;0.11492168;0.038307227;9.931149
129;0.076614454;0.009576807;9.959879
130;0.1436521;-0.0;9.969456
131;0.11492168;-0.047884032;9.902418
132;0.11492168;-0.019153614;9.940725
133;0.12449849;-0.095768064;9.950302
134;0.095768064;-0.12449849;9.940725
135;0.08619126;-0.19153613;9.873688
136;-0.009576807;-0.18195933;9.883265
137;0.047884032;-0.20111294;9.940725
138;-0.047884032;-0.2681506;9.892841
139;-0.1436521;-0.19153613;10.01734
140;-0.095768064;-0.23942018;9.969456
141;-0.05746084;-0.24899697;9.998186
142;-0.095768064;-0.29688102;9.959879
143;-0.038307227;-0.36391866;9.950302
144;-0.22984336;-0.40222588;9.950302
145;-0.08619126;-0.46926352;10.055647
146;-0.16280572;-0.40222588;9.835381
147;-0.22984336;-0.4213795;9.9790325
148;-0.019153614;-0.51714754;10.055647
149;-0.23942018;-0.5363012;10.0269165
150;0.047884032;-0.6895301;10.275913
151;-0.095768064;-0.7661445;10.180145
152;0.047884032;-0.8619126;10.362105
153;0.15322891;-1.091756;10.553641
154;0.02873042;-1.2737153;10.151415
155;0.18195933;-1.3599066;9.988609
156;-0.20111294;-1.4269443;10.170568
157;0.02873042;-1.6567876;10.103531
158;0.08619126;-1.8100165;9.844957
159;-0.20111294;-1.8962077;9.864111
160;0.18195933;-1.9440918;9.691729
161;0.20111294;-2.0494366;9.691729
162;0.2681506;-2.1068976;9.854534
163;0.7374141;-2.1643584;9.77792
164;0.59376204;-2.2122424;9.615114
165;0.7086837;-2.030283;9.758766
166;0.7278373;-2.0973208;9.816227
167;0.49799395;-2.135628;9.634268
168;0.5363012;-2.135628;9.662998
169;0.30645782;-2.2122424;9.662998
170;0.47884035;-2.1452048;9.701305
171;0.40222588;-2.1452048;9.720459
172;0.33518824;-2.1068976;9.691729
173;0.29688102;-1.9728222;9.77792
174;0.22984336;-1.9153614;10.007763
175;-0.009576807;-1.8387469;10.04607
176;0.11492168;-1.7429788;9.835381
177;-0.009576807;-1.7238252;9.902418
178;-0.19153613;-1.6089035;10.055647
179;-0.15322891;-1.4939818;9.950302
180;-0.17238252;-1.4748282;9.835381
181;-0.05746084;-1.4077905;10.01734
182;-0.29688102;-1.4748282;9.77792
183;-0.038307227;-1.3503298;9.576807
184;-0.25857377;-1.3215994;9.720459
185;-0.06703765;-1.13964;9.80665
186;0.17238252;-1.1875241;9.56723
187;-0.11492168;-1.1013328;9.5385
188;0.1340753;-0.94810385;9.662998
189;0.15322891;-0.8331822;9.643845
190;0.009576807;-0.7086837;9.749189
191;-0.019153614;-0.59376204;9.653421
192;-0.16280572;-0.61291564;9.835381
193;0.48841715;-0.50757074;10.342952
194;-0.23942018;-0.49799395;10.25676
195;0.8331822;-0.41180268;10.113108
196;0.58418524;-0.31603462;10.409989
197;0.18195933;-0.23942018;10.649409
198;0.47884035;-0.35434186;10.208876
199;-0.2681506;-0.23942018;10.160992
200;-0.47884035;-0.2777274;9.77792
201;-0.90021986;-0.34476504;9.548077
202;0.038307227;-0.30645782;10.496181
203;-0.62249243;-0.59376204;9.77792
204;0.06703765;-1.0247183;8.916007
205;1.1587936;-0.9576807;9.701305
206;-0.25857377;-1.292869;9.80665
207;0.5363012;-1.2066777;8.772355
208;-0.23942018;-0.9959879;10.0269165
209;-0.7565677;-0.51714754;10.247183
210;-0.9959879;-0.41180268;9.586384
211;-0.91937345;0.009576807;10.247183
212;-1.1683705;0.20111294;11.176133
213;-0.47884035;0.16280572;11.099519
214;0.06703765;0.2777274;10.927136
215;-0.32561144;0.17238252;11.520899
216;0.05746084;-0.02873042;11.032481
217;0.047884032;-0.30645782;10.036493
218;-0.06703765;-0.46926352;10.764331
219;-0.10534488;-0.6703765;9.988609
220;0.29688102;-0.92895025;9.461885
221;0.2873042;-1.1492168;9.902418
222;0.48841715;-1.1683705;9.835381
223;0.7182605;-1.2545617;9.270349
224;0.06703765;-1.1971009;9.557653
225;2.135628;-1.2162545;9.816227
226;1.1492168;-1.2641385;9.586384
227;1.283292;-1.4556746;9.394848
228;1.9153614;-1.283292;9.299079
229;0.25857377;-1.5227122;9.77792
230;1.3215994;-1.2545617;9.998186
231;0.49799395;-1.5035586;9.356541
232;0.2681506;-1.5897499;8.896853
233;0.20111294;-1.340753;8.944737
234;0.46926352;-1.1779473;9.634268
235;1.1587936;-1.2162545;10.534488
236;0.81402856;-1.388637;9.835381
237;0.10534488;-1.8866309;8.8777
238;0.842759;-1.7717092;9.528923
239;-0.91937345;-1.9440918;9.710882
240;-0.15322891;-1.6567876;9.797073
241;-0.31603462;-1.541866;9.864111
242;0.45968673;-1.7717092;11.147403
243;1.4173675;-1.3024458;11.176133
244;0.095768064;-1.3694834;11.310209
245;0.8714894;-0.9576807;12.488156
246;-1.388637;-0.7661445;11.386824
247;-0.8714894;-0.8619126;11.425131
248;0.047884032;-0.9768343;10.936713
249;-2.183512;-1.3024458;10.084377
250;0.45010993;-1.5514427;9.059659
251;-0.9959879;-1.4939818;9.423578
252;-0.12449849;-1.541866;10.658986
253;1.733402;-1.2066777;9.988609
254;0.29688102;-1.7717092;9.624691
255;1.8866309;-1.436521;9.433155
256;0.5650316;-1.5035586;10.266336
257;0.30645782;-1.283292;10.352529
258;0.82360536;-0.8619126;9.337387
259;-1.2162545;-0.93852705;8.743625
260;-1.3311762;-1.3790601;8.456321
261;-0.37349546;-1.3790601;8.054094
262;-1.5035586;-1.5227122;9.165004
263;-0.9864111;-1.8866309;8.283937
264;1.2449849;-1.8770541;8.303091
265;-0.047884032;-1.8387469;9.77792
266;1.1779473;-1.8195933;9.883265
267;0.5554548;-1.5035586;9.710882
268;-0.47884035;-1.3790601;11.21444
269;1.6376339;-0.94810385;10.352529
270;-0.7182605;-1.0247183;10.802638
271;0.22026655;-0.8523358;9.835381
272;0.8523358;-0.78529817;10.409989
273;-0.7086837;-1.0821792;10.28549
274;-0.33518824;-0.7757214;8.944737
275;-0.20111294;-1.3120226;9.883265
276;0.89064306;-0.7661445;11.473015
277;0.40222588;-0.63206923;11.252748
278;2.7006595;-0.08619126;11.568783
279;1.6759412;-0.48841715;11.60709
280;1.9536686;-0.47884035;11.884817
281;-0.08619126;-0.94810385;9.720459
282;-0.38307226;-1.13964;8.791509
283;-2.7006595;-1.6184803;8.236053
284;-0.90021986;-1.3982137;8.695741
285;-1.388637;-1.13964;8.954314
286;-1.7142484;-0.9768343;9.969456
287;1.5897499;-0.8331822;9.988609
288;1.5705963;-1.2162545;10.218452
289;2.0685902;-0.9864111;9.883265
290;1.5897499;-1.2162545;10.036493
291;-0.076614454;-1.532289;9.423578
292;-1.2641385;-0.94810385;8.303091
293;-2.873042;-0.89064306;9.32781
294;-0.25857377;-0.50757074;9.682152
295;-2.1452048;-0.30645782;8.916007
296;0.10534488;-0.29688102;9.375694
297;1.2066777;0.095768064;12.152967
298;1.484405;0.05746084;12.631808
299;2.3463178;0.02873042;11.386824
300;1.340753;-0.61291564;10.888829
301;2.183512;-0.7757214;11.003751
302;-0.91937345;-0.7757214;9.394848
303;-4.012682;-1.1683705;8.762778
304;-1.043872;-0.9576807;9.251195
305;-1.9153614;-0.41180268;12.095507
306;-3.074155;-1.3120226;9.557653
307;1.1779473;-2.4420857;6.9144545
308;-0.6991069;-2.930503;10.036493
309;3.0550013;-2.9496565;11.405977
310;3.016694;-1.6950948;7.52737
311;-2.2026656;-2.2122424;9.212888
312;1.3024458;-1.8291701;9.816227
313;-2.777274;-0.9768343;11.051635
314;-2.0494366;-0.8331822;10.43872
315;0.7278373;-1.6089035;10.6398325
316;-3.0454245;-2.3750482;9.308656
317;2.1739352;-1.4939818;10.381259
318;0.23942018;-1.3790601;12.5743475
319;0.82360536;-0.21068975;11.990162
320;0.20111294;-0.62249243;11.243171
321;-3.2944214;-1.1875241;8.37013
322;-1.0055647;-0.47884035;8.312668
323;-2.1068976;-1.0534488;11.434708
324;-0.545878;-2.0494366;9.77792
325;-0.31603462;-2.2409728;6.167464
326;-0.4405331;-2.7102363;8.590396
327;2.4995465;-2.3175871;10.113108
328;-0.38307226;-0.9959879;8.331821
329;-0.02873042;-1.5035586;9.835381
330;2.825158;-1.8770541;9.739613
331;-2.7868507;-2.0590134;7.3549876
332;-0.9672575;-3.620033;7.967903
333;2.6527755;-1.6759412;12.0093155
334;-0.47884035;-0.79487497;11.386824
335;0.5746084;-1.8962077;8.513782
336;2.087744;-1.0726024;9.500193
337;-1.1013328;-1.9153614;13.838486
338;1.8674773;-2.1930888;11.597513
339;0.10534488;-2.0015526;7.747637
340;0.8714894;-1.2258313;9.576807
341;0.6512229;-0.6703765;12.6222315
342;0.30645782;-0.095768064;12.287044
343;0.48841715;-0.15322891;12.0571995
344;-1.6376339;-1.1875241;10.170568
345;0.61291564;-1.283292;8.619126
346;0.36391866;-1.1013328;11.128249
347;-1.2066777;-0.7278373;10.496181
348;1.283292;-1.1875241;9.768343
349;-0.23942018;-0.7757214;10.218452
350;0.59376204;-1.1779473;11.654974
351;0.6607997;-2.432509;7.7572136
352;-2.480393;-2.7102363;6.0238113
353;1.7429788;-1.8962077;7.9391727
354;-1.0247183;-0.9864111;9.251195
355;-1.3215994;-0.38307226;10.036493
356;0.5267244;0.10534488;10.323798
357;-3.7828386;-0.90021986;9.844957
358;-0.9864111;-0.7374141;8.264784
359;0.7661445;-1.091756;10.390836
360;0.24899697;-0.641646;11.87524
361;2.1164744;0.45968673;9.835381
362;1.0630256;-0.24899697;9.691729
363;2.1164744;-0.46926352;11.243171
364;-1.6376339;-0.80445176;9.548077
365;-1.2162545;-1.5035586;5.9567738
366;-2.27928;-1.388637;6.8186865
367;-2.231396;-1.3503298;9.279925
368;1.3311762;-0.842759;8.954314
369;-1.091756;-0.41180268;12.679692
370;2.7006595;0.32561144;12.497733
371;-0.7086837;-0.9768343;13.43626
372;-0.22984336;-1.0726024;9.14585
373;-0.16280572;-1.5993267;10.534488
374;-2.834735;-0.2777274;12.0093155
375;3.4380736;0.41180268;12.880805
376;-0.89064306;-1.4939818;9.500193
377;-4.3766007;-2.1164744;8.159439
378;1.0055647;-0.7182605;8.552089
379;-1.5514427;-0.6703765;12.095507
380;0.50757074;-0.8714894;12.344504
381;4.673482;1.283292;12.603078
382;1.0821792;-1.1300632;11.626244
383;-0.40222588;-1.2545617;9.050082
384;0.32561144;-0.1340753;8.8777
385;0.30645782;0.15322891;13.139379
386;-2.5953147;-0.5554548;11.377247
387;-0.6512229;-1.5801731;4.76925
388;-0.29688102;-0.6895301;3.86903
389;-0.80445176;-2.2984335;9.500193
390;3.083732;-0.59376204;10.965444
391;1.340753;-3.0262709;9.241618
392;2.1739352;-1.8579005;6.8569937
393;2.5474305;-1.1779473;10.25676
394;0.90021986;-1.5514427;11.444284
395;0.11492168;-1.8195933;7.2113357
396;-4.405331;-1.685518;6.895301
397;-0.36391866;-0.38307226;11.425131
398;-2.0111294;-0.076614454;13.541605
399;-2.834735;-1.2641385;7.249643
400;2.9017725;-0.7182605;7.7093296
401;1.1109096;-2.825158;13.168109
402;0.50757074;-1.484405;14.365211
403;2.1643584;-1.283292;7.5848308
404;1.4077905;-2.2409728;12.066776
405;-1.9440918;-1.982399;11.769896
406;-0.9864111;-2.5474305;4.8745947
407;-1.982399;-2.3942018;3.7253778
408;-0.6512229;-1.1587936;12.26789
409;-3.8115692;-1.8291701;10.697293
410;-0.08619126;-3.3327289;4.7405195
411;2.7868507;-1.6089035;10.611102
412;-5.45878;-0.7565677;14.891934
413;5.48751;0.038307227;13.819332
414;2.9592333;0.33518824;14.451402
415;-4.185065;-2.1643584;13.139379
416;1.5993267;0.16280572;11.597513
417;-0.545878;-1.1492168;10.400413
418;-1.8962077;-0.8810662;13.857639
419;0.10534488;-0.93852705;10.515334
420;-2.719813;-1.7238252;7.2687964
421;-2.0590134;-2.825158;7.795521
422;0.34476504;-2.336741;8.111555
423;3.8307228;-1.2641385;8.820239
424;-1.7525556;-2.7964275;13.024457
425;0.79487497;-3.6008794;6.445191
426;-0.23942018;-3.2944214;2.4612393
427;-1.0630256;-1.8674773;9.701305
428;2.3654714;0.9672575;13.062764
429;-6.3781533;-3.323152;0.58418524
430;3.572149;-0.5554548;5.1906295
431;-4.309563;-0.23942018;16.01242
432;-3.1507695;-1.1013328;12.344504
433;4.9416323;0.59376204;6.789956
434;0.019153614;0.51714754;12.0093155
435;-1.7525556;0.4309563;14.566323
436;3.3997664;0.1436521;11.109096
437;-2.0973208;0.18195933;12.947843
438;-0.7661445;0.5267244;13.828909
439;2.777274;0.94810385;12.488156
440;-2.1739352;0.61291564;11.712435
441;-2.8634653;0.6799533;11.099519
442;-0.29688102;-0.41180268;9.184157
443;-1.733402;0.2777274;9.337387
444;0.33518824;0.4309563;11.080365
445;3.6870706;-0.6895301;10.218452
446;0.9864111;-0.91937345;7.575254
447;-0.22026655;-0.8619126;7.920019
448;-0.16280572;0.17238252;7.2304893
449;-1.283292;2.2888567;10.247183
450;-2.9879637;1.8866309;13.081918
451;0.24899697;2.1260512;9.921572
452;1.0342951;1.5035586;9.701305
453;1.1204864;1.5035586;9.385271
454;0.2873042;2.4708161;10.534488
455;1.0630256;3.4284968;11.271901
456;1.2354081;2.0111294;12.29662
457;-0.8714894;1.1779473;10.457873
458;1.3694834;1.9153614;8.303091
459;-0.81402856;3.0550013;12.248735
460;-2.825158;2.777274;14.441825
461;0.6895301;2.8921957;12.583924
462;-1.091756;1.2641385;7.795521
463;1.091756;0.90979666;9.442732
464;0.7469909;0.35434186;10.46745
465;0.29688102;-0.9576807;8.169016
466;1.4077905;-0.20111294;7.967903
467;-3.2848446;-0.91937345;10.189722
468;-1.1013328;-1.532289;6.483498
469;1.4748282;-0.06703765;6.3589997
470;-3.514688;-0.02873042;11.118672
471;-2.2026656;1.0726024;10.01734
472;1.3311762;0.7374141;9.682152
473;-1.1587936;-0.23942018;12.229582
474;0.6703765;-0.93852705;10.160992
475;1.7142484;0.7278373;6.033388
476;-0.842759;-0.94810385;11.18571
477;0.12449849;1.5610195;11.9135475
478;0.5554548;1.8770541;13.656527
479;-1.340753;-0.46926352;12.804191
480;-1.0630256;0.095768064;8.274361
481;-0.9864111;0.46926352;10.036493
482;-0.019153614;0.8714894;12.641385
483;0.38307226;0.076614454;12.842498
484;-1.8387469;-1.982399;10.132261
485;1.3790601;-2.5187001;5.9663506
486;-0.095768064;-1.8579005;9.299079
487;-0.36391866;-2.2026656;10.46745
488;3.5242648;-1.6663644;7.536947
489;-2.4037786;-2.6144683;8.236053
490;-0.5363012;-1.685518;10.036493
491;1.1300632;0.08619126;10.43872
492;-2.3175871;-0.076614454;9.509769
493;-3.3614593;0.50757074;10.5919485
494;-3.8115692;0.9768343;11.329363
495;0.23942018;0.24899697;10.505757
496;-0.7182605;-0.30645782;10.065224
497;-0.11492168;-0.50757074;11.18571
498;4.271256;1.0247183;10.67814
499;-1.13964;-1.2449849;12.804191
500;3.2848446;0.8810662;10.400413
501;0.36391866;-0.4405331;10.984597
502;-1.2545617;-1.6089035;7.872135
503;-2.767697;-1.3215994;5.851429
504;-5.583278;-1.9440918;5.0374002
505;-1.0726024;-0.63206923;8.66701
506;-2.4420857;-0.60333884;10.419566
507;4.4915223;-0.82360536;10.773908
508;3.8115692;-0.37349546;10.697293
509;-0.63206923;1.1683705;11.501745
510;1.340753;0.21068975;12.555194
511;1.1587936;1.3982137;10.907983
512;-2.8538885;0.48841715;13.292608
513;-2.0207062;1.1875241;9.481039
514;-1.7621324;1.0342951;8.178593
515;-2.7485435;0.51714754;10.879252
516;-1.1013328;0.7374141;8.944737
517;1.1492168;0.4213795;9.461885
518;3.6487634;-0.5267244;10.563218
519;1.0247183;-0.36391866;7.1826053
520;-1.7429788;-0.641646;3.7541082
521;2.0590134;1.9919758;9.959879
522;-2.5953147;0.6799533;16.089035
523;1.0342951;0.2777274;7.642292
524;-0.80445176;-0.16280572;7.1634517
525;-6.157887;-0.9864111;9.107543
526;1.1587936;1.8770541;11.520899
527;-0.81402856;1.5705963;14.958972
528;3.371036;-0.25857377;13.148955
529;2.078167;0.038307227;9.787497
530;-1.9632454;-1.3599066;6.6367273
531;0.36391866;0.4405331;9.749189
532;-2.9400797;1.9632454;13.713987
533;-0.7086837;0.6703765;12.928689
534;-0.8523358;0.08619126;8.580819
535;-2.0111294;-0.047884032;7.153875
536;0.6607997;0.45010993;11.089942
537;1.283292;0.91937345;13.034034
538;0.24899697;0.7086837;11.87524
539;-1.8004397;0.19153613;7.0006456
540;-1.9632454;1.2258313;7.086837
541;-2.0015526;0.545878;11.798626
542;0.7757214;0.009576807;10.199299
543;-0.82360536;-0.80445176;6.493075
544;-1.3120226;0.17238252;6.981492
545;1.0534488;0.06703765;12.0571995
546;-2.3558946;-1.0055647;11.36767
547;1.1971009;-2.3463178;7.2687964
548;-2.8634653;-2.4420857;3.265691
549;-6.3781533;-0.58418524;7.7189064
550;1.9919758;2.0973208;12.325351
551;-6.339846;0.18195933;16.452953
552;0.89064306;-0.9768343;8.887277
553;4.6926355;-0.4213795;9.481039
554;-3.6487634;-2.2026656;9.002198
555;1.8770541;-0.7565677;10.965444
556;0.9768343;0.93852705;13.350069
557;0.4213795;-0.545878;12.98615
558;1.091756;-1.8100165;6.14831
559;-6.14831;-2.030283;1.7142484
560;-2.6048915;0.6799533;6.3302693
561;-2.1260512;1.6376339;16.16565
562;-5.4204726;-0.33518824;17.046717
563;4.2042184;-0.4405331;5.209783
564;3.5529952;-1.0151415;8.542512
565;-0.5554548;-2.9017725;13.168109
566;3.466804;-0.6895301;11.884817
567;-0.63206923;-0.17238252;6.4068837
568;-4.5298295;0.29688102;13.857639
569;-2.27928;-0.22026655;13.445837
570;-3.8019924;-1.0247183;6.1195793
571;-2.3463178;-0.9672575;9.595961
572;1.1492168;1.6759412;13.733141
573;-0.6703765;1.1971009;13.340492
574;2.5761611;0.22026655;11.81778
575;3.8115692;-2.3175871;8.034941
576;-3.2465374;-1.0534488;5.085284
577;-2.27928;-1.0821792;7.249643
578;2.3942018;0.94810385;12.813767
579;-7.1730285;0.009576807;10.141838
580;-5.2959743;0.8714894;6.1387334
581;2.2218192;1.541866;8.456321
582;0.076614454;0.30645782;14.077906
583;3.2752678;-1.1204864;11.750742
584;1.0726024;-0.79487497;7.517793
585;-1.8100165;0.1436521;6.291962
586;0.076614454;2.0111294;11.549629
587;-0.18195933;-0.29688102;13.733141
588;-0.9576807;-0.36391866;8.015787
589;-1.9919758;-1.388637;6.081272
590;1.5705963;0.545878;7.97748
591;-1.9057846;-0.095768064;12.871228
592;2.5761611;1.0055647;12.583924
593;-0.7757214;-0.9959879;11.21444
594;1.3982137;-1.5897499;6.129156
595;-1.541866;0.17238252;8.513782
596;-2.4133554;0.17238252;11.415554
597;1.6280571;2.920926;14.010868
598;-2.0111294;0.29688102;16.156073
599;1.6472107;-0.9864111;8.686164
600;2.078167;-0.019153614;5.899313
601;1.1971009;0.19153613;12.4785795
602;3.916914;1.8483237;15.638926
603;0.10534488;-1.0151415;10.936713
604;1.6759412;-0.9576807;5.133168
605;-3.371036;-0.41180268;3.4284968
606;-5.1906295;-1.0055647;7.967903
607;4.817134;0.6895301;11.18571
608;-4.55856;-0.06703765;12.229582
609;1.388637;-1.5705963;2.681506
610;6.1100025;-0.19153613;7.153875
611;-0.2777274;-0.6799533;15.571888
612;3.064578;-1.1300632;12.047623
613;3.3327289;-0.33518824;7.3549876
614;-3.9935284;-1.4652514;7.469909
615;0.11492168;-0.11492168;12.459426
616;-1.4939818;-0.4405331;11.616667
617;-6.3781533;-1.1492168;6.981492
618;0.32561144;-0.10534488;9.864111
619;-1.6472107;-0.5554548;12.650962
620;2.930503;-0.7182605;11.999739
621;-0.25857377;-0.6703765;7.3071036
622;-0.32561144;-1.7908629;9.595961
623;8.025364;-0.18195933;9.653421
624;-2.327164;-0.6799533;17.659632
625;-2.4612393;-2.0398598;9.490616
626;3.083732;-0.6799533;6.4068837
627;-6.1770406;-1.2162545;10.132261
628;-1.5514427;0.16280572;16.041151
629;-2.2218192;-0.8714894;7.2113357
630;2.183512;-0.7086837;8.7053175
631;2.585738;-0.80445176;11.980585
632;-0.15322891;-1.6567876;5.813122
633;1.5227122;-2.2026656;4.807557
634;9.576807;0.7182605;13.522451
635;-6.483498;-1.0247183;18.090588
636;0.842759;-2.0398598;5.1810527
637;0.2873042;-1.7238252;1.292869
638;-7.240066;-0.7182605;10.802638
639;0.24899697;1.733402;17.113754
640;-2.6623523;-2.2026656;6.5696893
641;3.6774938;-2.078167;6.4164605
642;3.1316159;-0.05746084;11.281479
643;-1.5897499;-2.0685902;12.344504
644;5.3247046;-1.8291701;1.5801731
645;1.0055647;-0.92895025;11.769896
646;-2.5187001;0.41180268;18.176779
647;-2.9879637;-0.8714894;9.375694
648;1.0534488;-0.45968673;1.3790601
649;-2.2697031;0.8619126;14.81532
650;-3.9935284;0.89064306;16.711529
651;1.6759412;-0.7565677;7.575254
652;2.4995465;-0.038307227;8.743625
653;-1.1300632;-0.019153614;13.426683
654;0.90021986;-1.0726024;11.386824
655;5.0661306;-0.36391866;4.146757
656;-3.6583402;-0.7182605;10.994174
657;-1.9919758;-1.0247183;13.01488
658;-0.2681506;-1.3694834;4.759673
659;-2.6144683;-1.388637;4.855441
660;-0.46926352;0.019153614;13.024457
661;-0.61291564;-0.8714894;11.022904
662;2.930503;-1.0342951;7.374141
663;-0.90021986;-0.6991069;8.63828
664;-0.5746084;-0.545878;9.758766
665;5.2289367;0.4309563;9.959879
666;0.30645782;0.51714754;11.63582
667;-2.4708161;-0.06703765;10.97502
668;1.5801731;0.94810385;9.749189
669;-1.6376339;0.18195933;9.270349
670;0.29688102;0.41180268;9.433155
671;-0.8810662;0.2777274;11.061212
672;-0.7565677;-0.50757074;10.180145
673;2.3750482;-0.0;8.475474
674;-0.12449849;-0.16280572;9.691729
675;1.532289;-0.9864111;9.375694
676;1.8866309;-1.091756;9.251195
677;0.20111294;-0.25857377;10.007763
678;0.19153613;0.009576807;11.501745
679;-2.3750482;-1.1013328;8.599973
680;0.39264908;-0.30645782;8.149862
681;-0.7469909;0.08619126;10.898406
682;-1.091756;-0.7182605;13.168109
683;2.4229321;-0.21068975;8.724471
684;-0.11492168;-1.3599066;8.350976
685;-0.9672575;-0.6799533;9.222465
686;2.183512;-1.2258313;11.501745
687;2.5187001;0.12449849;11.310209
688;-1.3790601;0.35434186;11.473015
689;-2.2984335;-0.60333884;7.8050976
690;0.7469909;-0.4309563;9.270349
691;0.6607997;0.81402856;13.522451
692;0.009576807;0.16280572;13.867216
693;-0.6512229;-0.2777274;9.375694
694;0.33518824;-0.7086837;6.033388
695;0.90021986;-0.8523358;10.362105
696;0.58418524;-0.59376204;12.909535
697;3.1411927;-0.6991069;9.548077
698;2.9400797;-0.18195933;7.52737
699;-2.825158;-1.3311762;8.66701
700;-0.59376204;-1.5610195;7.5082164
701;0.4213795;-0.47884035;8.6095495
702;-2.7006595;-0.2873042;13.302185
703;0.93852705;-0.5363012;8.1881695
704;2.0398598;-3.2273839;3.8498764
705;1.4173675;-2.384625;5.650316
706;2.4037786;-0.019153614;13.01488
707;1.9632454;-0.41180268;10.97502
708;2.1452048;-0.4213795;6.090849
709;0.81402856;-1.1492168;12.53604
710;-0.48841715;-0.25857377;8.858546
711;-0.29688102;1.2258313;7.0006456
712;-0.50757074;0.047884032;14.537593
713;2.882619;-0.5267244;13.713987
714;0.22026655;-0.82360536;7.5848308
715;2.2026656;3.0071173;11.425131
716;-1.8100165;2.0973208;17.946936
717;0.33518824;-0.009576807;14.441825
718;5.535394;0.8714894;7.28795
719;-0.91937345;-0.39264908;12.459426
720;1.2258313;1.6663644;12.890382
721;1.5131354;3.514688;8.992621
722;-0.22984336;-1.5131354;9.289502
723;1.8100165;-0.9672575;9.059659
724;-2.3750482;0.47884035;9.184157
725;-1.7142484;0.6895301;7.7572136
726;3.5051112;-0.0;6.38773
727;-0.15322891;-0.7086837;9.308656
728;2.6431987;-0.06703765;11.224017
729;0.8331822;2.2505496;7.326257
730;-2.6048915;0.05746084;8.887277
731;4.2904096;-0.49799395;9.969456
732;-3.371036;-0.7757214;8.178593
733;1.532289;0.7182605;7.335834
734;-0.7374141;2.2409728;14.116213
735;-4.367024;-0.62249243;13.484144
736;5.3438582;0.2777274;5.947197
737;0.2777274;0.90979666;11.281479
738;-3.3806129;0.9672575;16.950949
739;4.1276035;1.8866309;15.437813
740;-1.7142484;1.4460979;8.724471
741;-1.8004397;-2.0685902;10.266336
742;1.4460979;-0.076614454;7.4507556
743;-3.323152;0.15322891;8.303091
744;2.72939;1.340753;12.210428
745;0.7278373;-2.4133554;11.176133
746;3.7349546;-1.6759412;4.050989
747;1.0151415;-0.7661445;9.844957
748;-0.47884035;0.05746084;11.836933
749;-1.5801731;0.34476504;7.1826053
750;2.4516625;-1.340753;10.572795
751;-0.4213795;-0.545878;11.33894
752;-3.964798;-2.7102363;4.0797195
753;0.9959879;-1.0247183;2.4037786
754;-0.8714894;-0.45968673;13.713987
755;-3.2848446;-1.4748282;12.124237
756;3.6296098;-0.6991069;3.8881836
757;-0.2777274;0.7661445;11.195287
758;-4.548983;0.8810662;17.956512
759;5.305551;1.1109096;13.158532
760;0.038307227;-0.05746084;9.739613
761;-2.27928;0.095768064;13.139379
762;0.641646;1.6376339;10.783484
763;-5.535394;-0.7565677;5.9184666
764;-1.436521;0.60333884;9.643845
765;-2.4133554;-0.9672575;15.150508
766;0.45968673;-2.030283;5.305551
767;2.681506;-1.3599066;5.0374002
768;-2.2122424;-0.4405331;11.836933
769;1.4269443;-0.58418524;13.599066
770;5.353435;0.17238252;7.843405
771;-3.7445314;-1.4939818;11.022904
772;-2.1547816;-1.7717092;9.260772
773;2.6719291;0.076614454;5.133168
774;-5.659893;-0.2873042;8.0445175
775;1.292869;-0.10534488;12.124237
776;2.777274;-1.13964;9.615114
777;-1.0247183;-1.1971009;6.1770406
778;1.0821792;1.5131354;10.994174
779;1.5705963;0.02873042;14.33648
780;2.2505496;1.0534488;11.750742
781;1.541866;1.043872;10.151415
782;3.3901896;1.5035586;12.200851
783;-2.3942018;0.91937345;12.545617
784;0.06703765;1.283292;11.463438
785;2.1547816;0.40222588;11.568783
786;-1.4077905;-0.92895025;11.166556
787;0.6895301;-0.9576807;8.130709
788;-0.50757074;-0.32561144;6.483498
789;-0.095768064;-0.7565677;12.938266
790;3.6487634;0.038307227;13.455414
791;-2.5187001;-1.7238252;6.5984197
792;2.6623523;-0.17238252;6.215348
793;0.6607997;1.8866309;14.5567465
794;-4.2425256;-1.0055647;9.710882
795;4.8458643;0.7565677;8.130709
796;-1.2258313;-0.7565677;10.189722
797;-2.528277;-1.1204864;8.389283
798;-0.90979666;-1.8866309;3.8402996
799;0.21068975;-0.46926352;7.201759
800;-6.1387334;-1.9057846;7.374141
801;0.46926352;-1.292869;2.920926
802;0.22026655;-1.7908629;5.1140146
803;-4.9895163;-2.0685902;4.405331
804;2.1260512;-1.1300632;3.1794999
805;-3.122039;-1.1109096;8.714894
806;-1.4748282;-1.388637;9.452309
807;3.2848446;-0.12449849;4.405331
808;-2.5953147;-0.641646;5.48751
809;-0.30645782;-0.49799395;9.097966
810;0.7469909;0.009576807;8.724471
811;-2.1452048;0.81402856;9.883265
812;1.8100165;1.4077905;15.380352
813;6.3111157;6.742072;9.509769
814;0.009576807;17.84159;26.987442
815;4.213795;10.093954;34.48608
816;11.674128;9.595961;35.616146
817;-3.6104562;10.295067;30.731974
818;2.3654714;6.2823853;34.112587
819;5.7365074;12.871228;28.376078
820;-8.274361;3.4955344;18.282124
821;6.742072;4.098873;15.792154
822;6.0238113;4.0701427;18.904617
823;-1.6759412;0.6607997;14.4609785
824;5.6407394;0.6512229;7.97748
825;5.9567738;-4.146757;5.48751
826;-4.175488;-6.0238113;3.916914
827;-7.517793;-9.787497;-6.655881
828;5.6120086;-6.646304;-6.5026517
829;-0.9768343;-5.410896;17.228676
830;0.22984336;-5.353435;4.663905
831;6.483498;-4.1659107;-11.923124
832;-5.3342814;-2.135628;2.920926
833;-6.1195793;-4.232949;8.935161
834;4.0222588;-0.641646;-3.8881836
835;-7.1059904;-3.1507695;-5.6120086
836;-4.663905;-3.514688;1.9728222
837;-0.46926352;-0.51714754;0.8810662
838;-12.909535;-1.7238252;3.4572272
839;-4.156334;0.40222588;3.9935284
840;-8.916007;0.89064306;5.45878
841;-10.400413;-0.5746084;9.251195
842;2.2984335;0.009576807;5.0182467
843;-8.063671;-1.8866309;5.1523223
844;-11.473015;-1.8195933;12.708423
845;7.2304893;0.4213795;12.947843
846;-9.423578;-4.501099;8.983045
847;3.2752678;-7.1059904;5.717354
848;16.510414;1.13964;21.739351
849;-5.6790466;-3.9839516;19.000385
850;-7.9104424;-0.8523358;13.790602
851;7.699753;1.4652514;18.83758
852;1.9919758;0.25857377;25.828648
853;-4.146757;-2.9783869;26.795906
854;13.01488;-0.5746084;15.131354
855;1.6280571;0.4309563;12.842498
856;4.050989;-2.882619;21.883003
857;15.1696615;2.7006595;24.641125
858;0.39264908;-2.72939;15.859192
859;1.8770541;-1.7046716;5.631162
860;3.2465374;1.0534488;5.094861
861;-3.6391866;-0.31603462;11.271901
862;1.1013328;-1.0151415;7.642292
863;1.4173675;-1.13964;3.9839516
864;0.6607997;-0.79487497;6.8282633
865;-9.80665;-2.030283;-3.1028855
866;3.2848446;-1.4269443;-5.8322754
867;1.7525556;2.6240451;10.333375
868;-8.054094;-2.1452048;11.463438
869;0.11492168;-1.3982137;-3.964798
870;-0.8714894;-0.4405331;-3.8402996
871;-4.213795;0.40222588;9.174581
872;-0.7565677;3.667917;11.032481
873;-2.2409728;1.7717092;8.542512
874;-0.6799533;-0.7469909;7.0102224
875;-3.4380736;3.2273839;9.299079
876;-5.947197;-1.6567876;10.91756
877;3.9456444;3.715801;12.344504
878;-2.6910827;3.4859576;17.401058
879;-1.6472107;0.45010993;17.056293
880;3.9073372;3.5051112;14.116213
881;-2.2601264;1.1492168;12.29662
882;-0.45010993;1.2641385;12.593501
883;-1.8579005;3.9935284;9.672575
884;-3.4763808;4.31914;10.036493
885;0.20111294;0.78529817;16.041151
886;9.576807;1.8674773;15.006856
887;6.1387334;-6.435614;13.350069
888;-2.0685902;-7.4028716;4.644751
889;-1.9919758;-7.8529816;-0.08619126
890;-0.02873042;-4.8841715;7.920019
891;-2.7485435;-5.3725886;18.148048
892;0.6703765;-1.3311762;10.658986
893;-8.456321;-6.6175733;2.7581203
894;1.1875241;-3.6008794;8.676587
895;-2.4229321;0.50757074;20.178331
896;1.6950948;2.1164744;20.944477
897;7.6710224;1.7429788;21.38501
898;-0.31603462;1.6089035;9.481039
899;8.054094;2.1068976;13.263878
900;7.4124484;2.8443117;14.33648
901;-1.2737153;0.37349546;10.812215
902;-4.9799395;-1.934515;-5.544971
903;1.541866;-1.0821792;-6.5601125
904;2.078167;0.6799533;14.700398
905;-0.91937345;1.8291701;10.218452
906;-7.52737;-2.4612393;-2.719813
907;1.283292;0.02873042;-11.128249
908;-2.6240451;4.2999864;19.776106
909;2.2218192;0.047884032;14.54717
910;-5.3438582;-2.1164744;-0.63206923
911;6.5601125;-2.9879637;-2.4708161
912;5.6982;6.0142345;19.6133
913;-9.107543;-0.5746084;18.914194
914;2.9113493;-3.1794999;3.3327289
915;1.4460979;-3.821146;14.250289
916;-11.884817;-7.0581064;14.470555
917;1.3311762;-4.4723687;5.4779334
918;2.4899697;-4.060566;7.374141
919;-12.08593;-5.267244;12.105083
920;-1.4460979;-3.5242648;13.67568
921;1.1204864;-4.759673;11.951855
922;-4.10845;-6.9144545;16.807297
923;2.27928;-4.0414124;16.280571
924;-3.3135753;-3.7349546;10.601525
925;-3.6774938;-3.4859576;12.11466
926;0.91937345;-0.5363012;14.81532
927;-0.2777274;-0.18195933;17.420212
928;-0.49799395;-0.842759;11.089942
929;-2.6719291;0.33518824;10.170568
930;0.33518824;-1.1109096;6.847417
931;2.6527755;1.6950948;13.876793
932;-5.104438;1.2545617;10.04607
933;4.31914;0.39264908;5.631162
934;1.0821792;-0.02873042;3.964798
935;-0.8714894;0.7661445;7.144298
936;1.388637;-0.009576807;7.747637
937;1.5610195;1.6280571;6.703765
938;-0.6607997;1.3503298;7.1634517
939;1.0534488;0.5554548;7.6710224
940;4.7979803;0.39264908;8.63828
941;-0.15322891;-0.61291564;9.002198
942;5.8322754;-0.90979666;9.452309
943;4.2904096;-0.6703765;8.647857
944;-0.8714894;-2.087744;11.971008
945;3.4859576;-0.8331822;7.28795
946;0.25857377;-1.3790601;7.335834
947;-2.2697031;-0.9768343;7.1251445
948;-1.4652514;0.51714754;11.21444
949;-3.3901896;-0.20111294;14.279019
950;0.94810385;1.13964;12.53604
951;1.0726024;0.93852705;12.325351
952;-0.22026655;0.60333884;16.328455
953;2.0494366;0.6512229;17.678785
954;-0.58418524;1.1109096;12.947843
955;-1.091756;0.6895301;7.469909
956;-0.62249243;0.9959879;12.947843
957;-4.232949;1.2737153;12.77546
958;-1.3694834;0.4309563;8.66701
959;-1.9728222;0.18195933;9.222465
960;-0.35434186;0.4309563;10.927136
961;-0.92895025;-0.7661445;8.264784
962;4.903325;-0.39264908;7.920019
963;3.6487634;-0.12449849;9.739613
964;-1.5993267;-1.4269443;9.921572
965;2.5091233;-1.3694834;2.2601264
966;-3.0933087;-0.641646;7.6710224
967;-2.3750482;-0.22984336;8.513782
968;-0.29688102;-0.019153614;5.363012
969;-2.9496565;-0.0;6.742072
970;0.5650316;0.8714894;10.94629
971;0.60333884;0.94810385;11.664551
972;2.0590134;-0.7278373;10.630256
973;5.353435;0.019153614;11.808203
974;3.265691;-0.2873042;11.999739
975;2.3080103;-0.82360536;11.003751
976;2.5187001;-1.541866;8.226477
977;-1.6472107;-0.9768343;7.4028716
978;-3.9743748;-0.29688102;9.500193
979;-0.9672575;-0.45968673;8.935161
980;-2.2697031;-0.05746084;7.929596
981;-1.0151415;-1.091756;10.400413
982;0.60333884;0.49799395;11.386824
983;-0.40222588;-0.2873042;10.754754
984;6.9527617;0.038307227;12.095507
985;3.0262709;-0.16280572;12.947843
986;0.8619126;-0.18195933;14.84405
987;1.6376339;0.49799395;10.208876
988;-0.39264908;0.095768064;6.9240313
989;-2.2026656;1.1300632;11.176133
990;-3.4476504;0.8619126;11.530476
991;-2.5474305;-0.0;6.9623384
992;-1.1013328;-0.0;8.073248
993;-0.25857377;0.1340753;11.33894
994;-0.076614454;-0.5267244;9.203311
995;2.8443117;-0.7565677;7.9104424
996;2.528277;-1.5801731;7.642292
997;-2.6240451;-2.135628;8.341399
998;6.3589997;0.6991069;6.042965
999;-3.514688;0.59376204;12.421119
1000;-4.261679;-1.733402;8.446744
1001;4.4436383;1.1587936;8.90643
1002;-5.5737014;-0.076614454;14.393941
1003;-0.2681506;0.50757074;9.816227
1004;0.90979666;0.25857377;6.694188
1005;1.1204864;-0.38307226;11.520899
1006;4.711789;1.3982137;14.719552
1007;0.35434186;-0.08619126;13.43626
1008;0.7278373;-0.58418524;8.992621
1009;-0.48841715;0.05746084;6.6175733
1010;-3.5529952;-0.5267244;8.303091
1011;-1.1300632;-0.9959879;10.907983
1012;2.633622;0.009576807;10.352529
1013;-1.2258313;0.59376204;11.3964
1014;-0.08619126;0.009576807;6.9048777
1015;4.223372;0.4213795;10.266336
1016;1.3311762;0.2873042;14.700398
1017;1.13964;-0.095768064;12.564771
1018;1.2641385;-0.47884035;5.2768207
1019;-4.759673;-1.5897499;6.4739213
1020;0.89064306;1.1492168;11.281479
1021;0.30645782;1.7046716;13.283031
1022;-1.5801731;0.58418524;11.520899
1023;3.7445314;0.7565677;10.084377
1024;2.4037786;1.0055647;12.53604
1025;-0.6895301;0.50757074;13.579912
1026;3.1028855;0.94810385;13.40753
1027;2.777274;-0.39264908;11.664551
1028;-2.6144683;-1.4077905;7.5944076
1029;-3.1028855;-2.231396;2.0398598
1030;-2.4229321;-1.2545617;6.540959
1031;4.912902;1.4939818;13.9151
1032;-3.763685;0.29688102;14.384364
1033;0.50757074;-2.0590134;0.8810662
1034;4.951209;0.2777274;6.3111157
1035;-0.45010993;-0.4213795;13.053187
1036;-1.7238252;-0.6607997;9.662998
1037;1.5993267;-1.8100165;1.5035586
1038;0.18195933;-0.46926352;11.233594
1039;-3.265691;-1.5035586;11.252748
1040;0.17238252;-1.3311762;5.602432
1041;-0.02873042;-0.45010993;8.389283
1042;-4.2425256;-0.8810662;12.287044
1043;4.3766007;0.45968673;9.720459
1044;-2.8634653;0.16280572;13.417107
1045;-2.0685902;-1.043872;11.453861
1046;5.085284;0.08619126;9.097966
1047;1.5705963;0.7565677;13.350069
1048;0.2681506;0.16280572;17.027563
1049;3.217807;0.34476504;12.995727
1050;-2.2888567;-0.33518824;7.2209125
1051;-2.8921957;-0.45968673;9.883265
1052;0.1340753;0.6512229;11.405977
1053;-1.8100165;-0.48841715;10.160992
1054;3.8115692;-0.48841715;9.653421
1055;-0.7565677;-1.1587936;9.308656
1056;-0.78529817;-2.3175871;7.0581064
1057;6.2823853;-0.78529817;11.032481
1058;1.484405;-0.59376204;13.120225
1059;0.17238252;-1.8195933;9.509769
1060;1.043872;-2.0207062;4.6255975
1061;-0.81402856;-1.0630256;8.025364
1062;-4.1276035;-0.41180268;7.5944076
1063;-3.8498764;-0.93852705;8.916007
1064;3.4476504;0.38307226;8.24563
1065;-2.4133554;-0.12449849;12.277467
1066;2.384625;-0.82360536;9.136273
1067;5.592855;0.2873042;10.553641
1068;0.8810662;-0.6703765;11.856087
1069;3.9552212;1.532289;13.062764
1070;-2.030283;0.6895301;11.013328
1071;-1.0342951;0.019153614;7.680599
1072;-0.93852705;1.5705963;8.159439
1073;-3.6104562;-0.2777274;11.9135475
1074;0.9576807;0.7565677;10.371682
1075;0.30645782;-0.5746084;8.772355
1076;0.095768064;-0.9959879;10.812215
1077;-1.2162545;-0.16280572;10.093954
1078;1.9919758;-0.60333884;9.5385
1079;4.6926355;0.5746084;12.105083
1080;-2.681506;0.45968673;13.369223
1081;0.9672575;0.08619126;8.781932
1082;3.6583402;0.641646;8.0924015
1083;-2.6527755;1.7429788;12.4785795
1084;-2.3463178;1.6950948;13.43626
1085;1.6376339;0.7374141;9.289502
1086;0.90021986;0.22984336;10.1226845
1087;-1.8770541;0.34476504;10.46745
1088;1.9919758;0.1340753;7.5465236
1089;2.0207062;-0.095768064;10.907983
1090;1.8004397;0.22984336;12.449849
1091;1.541866;-0.36391866;10.5440645
1092;-1.8195933;-1.1204864;1.6472107
1093;-1.4077905;-0.78529817;6.991069
1094;-0.4213795;0.11492168;11.798626
1095;-0.1340753;0.7086837;12.50731
1096;2.4995465;-1.0630256;7.690176
1097;3.572149;-1.3215994;7.019799
1098;-2.0111294;-0.4309563;10.333375
1099;3.1316159;-0.50757074;12.143391
1100;2.777274;0.8331822;12.53604
1101;-2.5474305;-1.1492168;11.15698
1102;2.4899697;-0.02873042;6.7708025
1103;-0.7278373;-0.8523358;7.536947
1104;0.5267244;0.39264908;10.419566
1105;0.12449849;2.0398598;13.656527
1106;-2.585738;0.58418524;13.40753
1107;3.3327289;0.32561144;11.070788
1108;-0.38307226;-0.29688102;10.582372
1109;-0.009576807;-0.076614454;9.11712
1110;0.7565677;0.29688102;10.802638
1111;-0.10534488;-0.45968673;10.716447
1112;1.8100165;-0.9959879;12.0571995
1113;-2.27928;0.06703765;7.422025
1114;-1.4748282;-0.7661445;7.249643
1115;2.3175871;0.59376204;11.36767
1116;-2.3654714;0.29688102;14.949395
1117;0.91937345;-0.019153614;11.099519
1118;-0.2681506;-1.6567876;6.8186865
1119;-0.2681506;-1.8674773;7.929596
1120;1.3311762;-0.39264908;11.971008
1121;1.2354081;-0.5363012;11.003751
1122;0.62249243;-0.92895025;8.66701
1123;-2.336741;-1.0726024;7.7667904
1124;0.6991069;-0.08619126;10.496181
1125;-1.9440918;-0.10534488;11.281479
1126;0.05746084;-0.0;10.67814
1127;1.1683705;0.5554548;10.994174
1128;-0.7661445;0.22984336;11.070788
1129;1.5801731;0.019153614;9.758766
1130;1.5514427;-0.45968673;9.097966
1131;-0.93852705;0.1340753;9.662998
1132;-0.9768343;0.15322891;10.505757
1133;-0.41180268;-0.1340753;7.9583263
1134;0.076614454;0.23942018;7.967903
1135;-1.8579005;0.20111294;10.208876
1136;0.80445176;-0.1436521;10.505757
1137;2.5474305;0.095768064;9.471462
1138;-1.0630256;-0.9864111;10.381259
1139;1.9536686;-1.1204864;9.892841
1140;-0.18195933;-1.3120226;8.312668
1141;-0.21068975;-0.79487497;8.944737
1142;0.45968673;-0.15322891;12.0571995
1143;-2.0398598;-1.3599066;9.672575
1144;2.2218192;-0.8523358;6.3206925
1145;-1.5897499;-0.45010993;10.477027
1146;-0.58418524;-0.16280572;12.555194
1147;3.217807;-0.25857377;9.5385
1148;-0.78529817;-0.6799533;8.916007
1149;0.038307227;-0.2873042;10.314221
1150;-0.6991069;-0.5363012;9.155427
1151;2.432509;0.019153614;10.28549
1152;3.0933087;0.05746084;12.392388
1153;-1.6759412;0.39264908;10.228029
1154;-1.5514427;-0.2873042;7.5082164
1155;-0.33518824;1.292869;7.9104424
1156;-4.510676;1.1683705;13.350069
1157;1.1587936;1.5705963;13.522451
1158;2.2601264;0.89064306;9.11712
1159;1.4556746;-0.90021986;6.9527617
1160;4.2042184;0.20111294;10.477027
1161;1.2545617;-1.1300632;12.11466
1162;2.7102363;-0.10534488;6.83784
1163;-0.5554548;-0.61291564;9.442732
1164;-2.1739352;-0.019153614;8.39886
1165;-3.41892;-1.2641385;5.305551
1166;0.076614454;-0.37349546;6.8282633
1167;0.58418524;1.4077905;14.001291
1168;3.667917;1.532289;14.058752
1169;4.3957543;0.45010993;11.836933
1170;1.5801731;-0.7374141;10.275913
1171;0.8523358;0.15322891;9.404425
1172;3.6583402;-0.038307227;11.683704
1173;0.36391866;0.8619126;12.861651
1174;-0.7661445;-0.4309563;9.701305
1175;-2.0973208;-0.4405331;5.00867
1176;-3.265691;-0.5554548;7.8529816
1177;0.6607997;0.32561144;11.568783
1178;-1.532289;0.39264908;11.166556
1179;1.5227122;-0.40222588;9.998186
1180;4.711789;0.10534488;9.519346
1181;-0.36391866;-0.45010993;10.505757
1182;2.9496565;-1.3503298;9.854534
1183;3.1028855;0.08619126;10.563218
1184;-3.3135753;-0.34476504;10.01734
1185;0.31603462;0.23942018;7.029376
1186;-3.122039;0.4309563;7.3166804
1187;-3.6774938;-0.31603462;9.32781
1188;3.217807;0.61291564;11.051635
1189;-0.5746084;0.29688102;12.5264635
1190;-1.3024458;-0.9672575;11.022904
1191;5.046977;-0.19153613;9.423578
1192;1.6184803;-0.6512229;10.965444
1193;1.8579005;-0.59376204;12.555194
1194;1.292869;-0.33518824;9.653421
1195;-1.340753;-0.16280572;8.734048
1196;-0.8810662;0.9672575;10.1226845
1197;-3.7062242;-0.0;10.247183
1198;-0.18195933;-0.24899697;8.580819
1199;-0.61291564;0.92895025;10.793061
1200;-1.1587936;-0.08619126;11.271901
1201;4.2904096;-0.47884035;11.109096
1202;1.8579005;0.37349546;8.801085
1203;3.6391866;0.10534488;13.081918
1204;4.6351743;1.5801731;12.239159
1205;-1.7046716;-0.17238252;11.87524
1206;-1.8866309;-1.1204864;6.847417
1207;-1.7717092;-0.29688102;5.995081
1208;-4.663905;-0.1436521;10.0269165
1209;-0.47884035;-0.25857377;10.266336
1210;0.62249243;-0.33518824;7.374141
1211;0.4309563;-0.58418524;9.394848
1212;2.4899697;-1.0055647;9.864111
1213;0.60333884;-1.2258313;6.694188
1214;4.0414124;-1.1779473;10.840945
1215;2.9783869;-0.0;13.962984
1216;-3.4284968;-1.13964;10.170568
1217;-0.16280572;-1.0247183;3.2369606
1218;-2.2218192;0.7661445;10.208876
1219;-3.3327289;1.1300632;15.198392
1220;0.5267244;0.8714894;10.390836
1221;0.6512229;0.095768064;8.236053
1222;-1.0151415;0.19153613;10.91756
1223;-0.095768064;-0.009576807;11.951855
1224;4.2904096;0.076614454;9.797073
1225;2.777274;1.4556746;13.024457
1226;-1.1683705;0.7757214;13.196839
1227;1.0534488;0.17238252;6.339846
1228;-0.61291564;0.39264908;4.223372
1229;-1.4269443;1.436521;11.827356
1230;-1.1971009;1.6089035;12.74673
1231;-0.02873042;0.21068975;6.8282633
1232;0.047884032;0.25857377;5.93762
1233;-1.1013328;0.35434186;9.299079
1234;1.13964;0.58418524;8.226477
1235;1.1204864;1.3024458;8.858546
1236;2.566584;1.3024458;11.9135475
1237;3.964798;0.5554548;10.275913
1238;0.8331822;0.4213795;8.408437
1239;0.51714754;0.82360536;8.063671
1240;1.7046716;1.6950948;8.015787
1241;-2.6527755;1.3120226;12.861651
1242;0.06703765;1.7621324;13.034034
1243;2.1739352;1.3311762;7.4986396
1244;-1.6663644;0.45968673;6.6079965
1245;0.45010993;0.842759;12.08593
1246;1.2449849;2.6144683;11.377247
1247;1.8004397;2.1260512;13.369223
1248;3.0933087;1.388637;11.453861
1249;0.9576807;0.78529817;7.1251445
1250;-1.1587936;1.3024458;8.264784
1251;1.4556746;1.6950948;12.191275
1252;-1.2641385;3.3423057;12.220005
1253;-1.7908629;1.9057846;11.070788
1254;2.9017725;2.9783869;8.743625
1255;-1.1779473;2.0207062;9.576807
1256;-0.8810662;2.1547816;12.459426
1257;2.6240451;3.0550013;8.523358
1258;0.5650316;3.5817258;10.151415
1259;1.3982137;1.8579005;11.81778
1260;1.3024458;1.9728222;9.5385
1261;-2.1452048;1.4077905;6.1004257
1262;-2.882619;1.7046716;8.772355
1263;-2.2697031;2.231396;10.984597
1264;0.15322891;2.4229321;11.530476
1265;0.16280572;1.685518;8.283937
1266;2.6431987;2.3750482;7.9966335
1267;1.3024458;3.3518825;12.200851
1268;-0.7469909;2.0207062;13.522451
1269;1.1109096;0.12449849;9.787497
1270;-0.35434186;1.1204864;6.38773
1271;-1.4652514;1.0534488;9.662998
1272;2.7868507;2.825158;8.686164
1273;1.4077905;1.7621324;10.103531
1274;0.009576807;1.3694834;10.477027
1275;0.16280572;1.2066777;9.998186
1276;-2.873042;0.40222588;5.305551
1277;-1.6759412;1.6184803;10.879252
1278;-0.60333884;1.934515;11.674128
1279;-0.5650316;2.384625;11.664551
1280;1.1779473;2.8921957;11.042058
1281;2.6527755;2.6719291;13.9151
1282;2.480393;2.384625;13.962984
1283;-0.5267244;1.6759412;12.133814
1284;1.5035586;0.37349546;7.038953
1285;-2.087744;0.8331822;10.04607
1286;-2.834735;0.49799395;9.720459
1287;3.1124623;1.6472107;8.734048
1288;0.8714894;1.3599066;11.18571
1289;0.32561144;1.2545617;11.971008
1290;1.8004397;0.8331822;9.615114
1291;0.076614454;0.90021986;7.422025
1292;-0.7661445;1.1683705;10.304645
1293;0.22984336;1.1204864;10.505757
1294;-0.90021986;1.4556746;7.565677
1295;0.38307226;1.8387469;10.01734
1296;0.5746084;2.5378537;12.641385
1297;1.091756;2.3463178;12.50731
1298;2.4229321;1.9632454;11.195287
1299;0.49799395;1.436521;10.036493
1300;0.29688102;0.5554548;9.165004
1301;-0.89064306;0.7757214;7.2113357
1302;-2.5378537;0.5267244;7.747637
1303;-0.4405331;0.7757214;8.6095495
1304;0.31603462;0.30645782;8.360553
1305;1.9728222;0.21068975;8.169016
1306;1.2162545;0.23942018;9.030929
1307;1.3694834;0.6607997;10.553641
1308;0.90021986;0.80445176;10.477027
1309;-1.3215994;0.545878;8.494628
1310;-1.1204864;0.8714894;8.858546
1311;-1.2066777;1.3599066;9.653421
1312;0.12449849;2.0207062;11.654974
1313;0.12449849;1.982399;11.587936
1314;1.6950948;2.5953147;12.392388
1315;0.8810662;2.6719291;14.192827
1316;2.2122424;2.7389667;14.288596
1317;0.50757074;1.9632454;12.50731
1318;0.30645782;1.3311762;9.059659
1319;0.23942018;1.1587936;10.429143
1320;-1.4077905;0.7278373;10.237606
1321;0.62249243;0.5650316;8.504205
1322;0.842759;0.5554548;8.848969
1323;0.9959879;0.6991069;9.825804
1324;2.1452048;0.842759;9.088389
1325;1.3599066;0.7469909;9.375694
1326;0.5650316;0.6607997;8.90643
1327;1.1109096;1.2354081;8.303091
1328;0.79487497;0.9576807;8.944737
1329;0.62249243;0.6895301;8.954314
1330;0.46926352;0.82360536;7.422025
1331;0.18195933;1.1204864;8.8777
1332;-0.8331822;1.1204864;9.911995
1333;0.24899697;1.1683705;9.002198
1334;-0.89064306;1.1109096;8.868123
1335;-0.6799533;1.3120226;10.208876
1336;0.1340753;1.6089035;10.840945
1337;0.5554548;1.4748282;11.348516
1338;0.25857377;1.2066777;11.377247
1339;0.2777274;1.1779473;10.812215
1340;0.1340753;1.2641385;10.611102
1341;-0.81402856;1.3311762;11.3964
1342;0.038307227;1.3790601;11.15698
1343;0.08619126;1.2066777;10.084377
1344;-0.25857377;0.641646;10.505757
1345;-0.49799395;0.4405331;9.356541
1346;-0.9672575;0.2873042;7.843405
1347;0.2777274;0.6512229;9.021352
1348;-0.17238252;0.9864111;9.931149
1349;1.2162545;0.92895025;9.059659
1350;1.1683705;0.9864111;8.734048
1351;0.2873042;1.091756;9.404425
1352;0.9672575;1.532289;9.816227
1353;1.2162545;1.4748282;10.141838
1354;0.9576807;1.6184803;10.898406
1355;1.3311762;1.5705963;10.1226845
1356;1.4748282;1.388637;10.390836
1357;0.6799533;1.6472107;11.061212
1358;1.043872;1.4939818;10.419566
1359;0.9576807;1.484405;10.457873
1360;0.78529817;1.5514427;10.764331
1361;0.78529817;1.340753;10.371682
1362;0.5267244;1.0726024;9.155427
1363;0.45968673;1.091756;9.739613
1364;-0.40222588;1.091756;9.911995
1365;-0.36391866;1.0726024;9.136273
1366;-0.59376204;1.2641385;9.797073
1367;-0.34476504;1.3503298;10.218452
1368;-0.842759;1.4460979;9.959879
1369;-0.1340753;1.5801731;10.103531
1370;-0.2681506;1.7812861;11.099519
1371;-0.6991069;1.7525556;11.109096
1372;0.038307227;1.5801731;9.892841
1373;-0.81402856;1.5035586;10.141838
1374;-0.8810662;1.3790601;10.113108
1375;0.25857377;1.3311762;9.921572
1376;-0.9864111;1.1683705;9.730036
1377;0.33518824;1.1109096;9.346964
1378;0.2873042;0.92895025;9.299079
1379;0.37349546;0.8714894;9.461885
1380;0.93852705;0.9768343;9.691729
1381;0.58418524;0.90021986;9.299079
1382;0.8331822;0.9672575;9.308656
1383;0.31603462;0.92895025;9.682152
1384;0.79487497;1.0247183;9.682152
1385;0.25857377;1.0151415;9.739613
1386;0.5554548;1.1683705;9.9790325
1387;0.48841715;1.0247183;9.988609
1388;0.50757074;1.1013328;9.998186
1389;0.79487497;1.043872;10.28549
1390;0.61291564;1.0630256;10.342952
1391;0.81402856;1.043872;10.151415
1392;0.5746084;1.1013328;10.093954
1393;0.38307226;0.9864111;10.199299
1394;0.40222588;0.9768343;10.228029
1395;0.2681506;1.0821792;9.911995
1396;0.33518824;0.9672575;9.921572
1397;0.32561144;1.0821792;9.883265
1398;0.31603462;1.0247183;9.9790325
1399;0.32561144;1.043872;9.940725
1400;0.29688102;0.9959879;9.787497
1401;0.22026655;1.1109096;9.787497
1402;0.0;1.1492168;9.854534
1403;0.038307227;1.1300632;9.730036
1404;0.0;1.13964;9.816227
1405;-0.047884032;1.1204864;9.816227
1406;-0.02873042;1.1492168;9.749189
1407;0.06703765;1.0821792;9.730036
1408;0.10534488;1.1587936;9.873688
1409;0.17238252;1.0821792;9.931149
1410;0.17238252;1.091756;9.825804
1411;0.18195933;1.0821792;9.9790325
1412;0.17238252;1.1587936;10.007763
1413;0.30645782;1.091756;9.825804
1414;0.2873042;1.1013328;9.883265
1415;0.30645782;1.1109096;9.988609
1416;0.4213795;1.1300632;9.969456
1417;0.45968673;1.13964;9.883265
1418;0.47884035;1.13964;10.007763
1419;0.45010993;1.091756;10.180145
1420;0.29688102;1.043872;10.304645
1421;0.33518824;0.9672575;10.46745
1422;0.29688102;0.78529817;10.333375
1423;0.23942018;0.7278373;10.314221
1424;0.2873042;0.39264908;10.180145
1425;0.0;0.4213795;10.218452
1426;0.33518824;0.2681506;10.237606
1427;0.30645782;0.076614454;10.180145
1428;0.2873042;0.009576807;9.998186
1429;0.6895301;-0.06703765;9.931149
1430;0.24899697;-0.49799395;9.844957
1431;0.45010993;-0.36391866;9.749189
1432;0.45968673;-0.51714754;9.730036
1433;0.38307226;-0.62249243;9.500193
1434;0.6607997;-0.58418524;9.404425
1435;0.48841715;-0.82360536;9.32781
1436;0.4405331;-0.62249243;9.232041
1437;0.29688102;-0.6512229;9.481039
1438;0.6703765;-0.30645782;9.615114
1439;0.047884032;-0.22984336;9.691729
1440;0.4405331;-0.19153613;9.605537
1441;-0.06703765;-0.15322891;9.701305
1442;0.08619126;0.095768064;10.065224
1443;0.20111294;0.076614454;10.208876
1444;0.08619126;0.047884032;10.228029
1445;0.29688102;0.02873042;10.208876
1446;0.02873042;-0.0;10.0748005
1447;0.2681506;-0.02873042;10.0748005
1448;0.095768064;-0.05746084;10.132261
1449;0.12449849;-0.12449849;9.959879
1450;0.23942018;-0.16280572;9.730036
1451;0.1340753;-0.36391866;9.911995
1452;0.31603462;-0.39264908;9.854534
1453;0.31603462;-0.35434186;9.730036
1454;0.4309563;-0.37349546;10.093954
1455;0.46926352;-0.34476504;10.141838
1456;0.46926352;-0.40222588;9.969456
1457;0.45010993;-0.39264908;9.816227
1458;0.4213795;-0.48841715;9.959879
1459;0.48841715;-0.49799395;10.199299
1460;0.545878;-0.62249243;9.940725
1461;0.59376204;-0.6512229;9.883265
1462;0.5363012;-0.7278373;9.864111
1463;0.45010993;-0.92895025;9.835381
1464;0.60333884;-0.89064306;9.921572
1465;0.39264908;-1.0247183;9.892841
1466;0.4405331;-1.1013328;9.892841
1467;0.33518824;-1.1587936;9.77792
1468;0.23942018;-1.13964;9.768343
1469;0.2681506;-1.1492168;9.873688
1470;0.15322891;-1.1204864;9.844957
1471;0.1436521;-1.0821792;9.825804
1472;0.02873042;-1.0342951;9.787497
1473;0.038307227;-1.1300632;9.80665
1474;0.08619126;-1.0055647;9.844957
1475;0.06703765;-0.9959879;9.959879
1476;0.1340753;-0.9864111;9.902418
1477;0.16280572;-0.9768343;9.854534
1478;0.08619126;-0.8714894;9.825804
1479;0.21068975;-0.81402856;9.864111
1480;0.2681506;-0.8714894;9.835381
1481;0.25857377;-0.7757214;9.825804
1482;0.31603462;-0.7565677;9.873688
1483;0.33518824;-0.7565677;9.797073
1484;0.34476504;-0.6799533;9.816227
1485;0.4405331;-0.59376204;9.854534
1486;0.4309563;-0.51714754;9.988609
1487;0.51714754;-0.4213795;9.921572
1488;0.45968673;-0.38307226;9.816227
1489;0.4405331;-0.37349546;9.998186
1490;0.4213795;-0.2873042;9.988609
1491;0.4309563;-0.25857377;10.01734
1492;0.40222588;-0.12449849;9.921572
1493;0.30645782;-0.095768064;9.921572
1494;0.29688102;-0.095768064;9.883265
1495;0.2681506;-0.12449849;9.959879
1496;0.2873042;-0.1340753;9.931149
1497;0.25857377;-0.08619126;9.854534
1498;0.24899697;-0.095768064;9.883265
1499;0.20111294;-0.08619126;9.892841
1500;0.21068975;-0.12449849;9.825804
1501;0.17238252;-0.05746084;9.892841
1502;0.25857377;-0.02873042;9.902418
1503;0.20111294;-0.08619126;9.844957
1504;0.24899697;-0.20111294;9.80665
1505;0.2777274;-0.11492168;9.80665
1506;0.2873042;-0.15322891;9.911995
1507;0.34476504;-0.11492168;9.921572
1508;0.2873042;-0.16280572;9.797073
1509;0.32561144;-0.15322891;9.892841
1510;0.39264908;-0.16280572;9.825804
1511;0.33518824;-0.16280572;9.883265
1512;0.36391866;-0.06703765;9.883265
1513;0.34476504;-0.10534488;9.883265
1514;0.36391866;-0.10534488;9.931149
1515;0.39264908;-0.08619126;9.931149
1516;0.40222588;-0.15322891;9.892841
1517;0.37349546;-0.1436521;9.883265
1518;0.32561144;-0.12449849;9.969456
1519;0.38307226;-0.10534488;9.873688
1520;0.29688102;-0.1436521;9.911995
1521;0.31603462;-0.18195933;9.797073
1522;0.2777274;-0.10534488;9.816227
1523;0.25857377;-0.1340753;9.892841
1524;0.30645782;-0.17238252;9.911995
1525;0.24899697;-0.12449849;9.873688
1526;0.22984336;-0.11492168;9.749189
1527;0.2681506;-0.10534488;9.883265
1528;0.24899697;-0.16280572;9.835381
1529;0.23942018;-0.18195933;9.80665
1530;0.2873042;-0.15322891;9.787497
1531;0.24899697;-0.1436521;9.825804
1532;0.32561144;-0.12449849;9.940725
1533;0.2681506;-0.17238252;9.758766
1534;0.30645782;-0.19153613;9.950302
1535;0.33518824;-0.20111294;9.892841
1536;0.33518824;-0.18195933;9.864111
1537;0.34476504;-0.20111294;9.911995
1538;0.39264908;-0.18195933;9.883265
1539;0.38307226;-0.20111294;9.835381
1540;0.37349546;-0.22984336;9.892841
1541;0.37349546;-0.2777274;9.864111
1542;0.35434186;-0.22026655;9.911995
1543;0.36391866;-0.29688102;9.864111
1544;0.37349546;-0.25857377;9.911995
1545;0.34476504;-0.25857377;9.835381
1546;0.34476504;-0.35434186;9.835381
1547;0.32561144;-0.41180268;10.007763
1548;0.29688102;-0.34476504;9.911995
1549;0.24899697;-0.38307226;9.921572
1550;0.24899697;-0.49799395;9.902418
1551;0.2681506;-0.48841715;9.911995
1552;0.2681506;-0.5363012;9.902418
1553;0.22026655;-0.545878;9.864111
1554;0.2777274;-0.5554548;9.921572
1555;0.24899697;-0.62249243;9.816227
1556;0.19153613;-0.6512229;9.835381
1557;0.24899697;-0.6895301;9.883265
1558;0.25857377;-0.7086837;9.816227
1559;0.2681506;-0.7182605;9.931149
1560;0.2681506;-0.7182605;9.883265
1561;0.2777274;-0.7086837;9.844957
1562;0.34476504;-0.6895301;9.902418
1563;0.34476504;-0.6895301;9.844957
1564;0.31603462;-0.6799533;9.873688
1565;0.38307226;-0.62249243;9.892841
1566;0.34476504;-0.6607997;9.844957
1567;0.34476504;-0.5554548;9.864111
1568;0.30645782;-0.59376204;9.873688
1569;0.30645782;-0.51714754;9.864111
1570;0.31603462;-0.5554548;9.902418
1571;0.2873042;-0.46926352;9.854534
1572;0.31603462;-0.40222588;9.825804
1573;0.30645782;-0.36391866;9.892841
1574;0.22984336;-0.29688102;9.844957
1575;0.2777274;-0.31603462;9.892841
1576;0.22984336;-0.22984336;9.873688
1577;0.2873042;-0.22026655;10.04607
1578;0.24899697;-0.19153613;9.825804
1579;0.24899697;-0.17238252;9.854534
1580;0.2873042;-0.16280572;9.921572
1581;0.2681506;-0.17238252;9.902418
1582;0.2873042;-0.15322891;9.873688
1583;0.2873042;-0.17238252;9.835381
1584;0.29688102;-0.19153613;9.959879
1585;0.35434186;-0.18195933;9.844957
1586;0.30645782;-0.18195933;9.844957
1587;0.31603462;-0.15322891;9.921572
1588;0.36391866;-0.17238252;9.844957
1589;0.31603462;-0.22026655;9.883265
1590;0.32561144;-0.19153613;9.892841
1591;0.30645782;-0.20111294;9.873688
1592;0.34476504;-0.17238252;9.883265
1593;0.31603462;-0.22026655;9.883265
1594;0.34476504;-0.1340753;9.873688
1595;0.32561144;-0.18195933;9.864111
1596;0.2681506;-0.16280572;9.816227
1597;0.31603462;-0.16280572;9.873688
1598;0.23942018;-0.19153613;9.854534
1599;0.31603462;-0.17238252;9.797073
1600;0.29688102;-0.17238252;9.825804
1601;0.2777274;-0.18195933;9.835381
1602;0.2777274;-0.24899697;9.854534
1603;0.2873042;-0.19153613;9.816227
1604;0.24899697;-0.19153613;9.911995
1605;0.30645782;-0.21068975;9.80665
1606;0.24899697;-0.1436521;9.854534
1607;0.31603462;-0.20111294;9.921572
1608;0.31603462;-0.20111294;9.835381
1609;0.22984336;-0.22984336;9.902418
1610;0.35434186;-0.25857377;9.844957
1611;0.2681506;-0.30645782;9.873688
1612;0.30645782;-0.24899697;9.883265
1613;0.2777274;-0.31603462;9.950302
1614;0.25857377;-0.29688102;9.835381
1615;0.35434186;-0.33518824;9.844957
1616;0.2777274;-0.38307226;9.883265
1617;0.34476504;-0.39264908;9.921572
1618;0.34476504;-0.4405331;9.911995
1619;0.2681506;-0.46926352;9.835381
1620;0.29688102;-0.45968673;9.921572
1621;0.30645782;-0.45968673;9.835381
1622;0.33518824;-0.45968673;9.921572
1623;0.2681506;-0.545878;9.921572
1624;0.31603462;-0.46926352;9.883265
1625;0.2777274;-0.545878;9.921572
1626;0.24899697;-0.51714754;9.892841
1627;0.30645782;-0.545878;9.873688
1628;0.24899697;-0.51714754;9.854534
1629;0.2681506;-0.5363012;9.950302
1630;0.31603462;-0.48841715;9.873688
1631;0.2681506;-0.48841715;9.864111
1632;0.2681506;-0.49799395;9.921572
1633;0.2777274;-0.4213795;9.873688
1634;0.2873042;-0.49799395;9.921572
1635;0.32561144;-0.45010993;9.921572
1636;0.2873042;-0.36391866;9.883265
1637;0.30645782;-0.36391866;9.902418
1638;0.29688102;-0.34476504;9.864111
1639;0.24899697;-0.33518824;9.854534
1640;0.35434186;-0.2777274;9.873688
1641;0.2777274;-0.34476504;9.835381
1642;0.2873042;-0.23942018;9.902418
1643;0.29688102;-0.2681506;9.902418
1644;0.34476504;-0.2681506;9.797073
1645;0.34476504;-0.23942018;9.969456
1646;0.29688102;-0.24899697;9.825804
1647;0.34476504;-0.22026655;9.883265
1648;0.2873042;-0.20111294;9.844957
1649;0.31603462;-0.20111294;9.844957
1650;0.31603462;-0.24899697;9.911995
1651;0.31603462;-0.25857377;9.787497
1652;0.32561144;-0.22984336;9.825804
1653;0.2681506;-0.19153613;9.864111
1654;0.29688102;-0.19153613;9.940725
1655;0.30645782;-0.20111294;9.864111
1656;0.29688102;-0.22026655;9.80665
1657;0.30645782;-0.17238252;10.036493
1658;0.2777274;-0.21068975;9.816227
1659;0.2873042;-0.18195933;9.854534
1660;0.31603462;-0.19153613;9.864111
1661;0.2873042;-0.19153613;9.864111
1662;0.2873042;-0.21068975;9.835381
1663;0.36391866;-0.24899697;9.902418
1664;0.29688102;-0.22026655;9.816227
1665;0.30645782;-0.29688102;9.892841
1666;0.32561144;-0.25857377;9.864111
1667;0.2873042;-0.23942018;9.873688
1668;0.29688102;-0.2873042;9.873688
1669;0.29688102;-0.31603462;9.864111
1670;0.33518824;-0.31603462;9.969456
1671;0.2777274;-0.25857377;9.816227
1672;0.31603462;-0.31603462;9.854534
1673;0.32561144;-0.34476504;9.950302
1674;0.30645782;-0.30645782;9.835381
1675;0.35434186;-0.33518824;9.931149
1676;0.2777274;-0.36391866;9.816227
1677;0.2873042;-0.39264908;9.921572
1678;0.29688102;-0.37349546;9.911995
1679;0.2873042;-0.4405331;9.883265
1680;0.34476504;-0.37349546;9.864111
1681;0.24899697;-0.4405331;9.883265
1682;0.31603462;-0.41180268;9.911995
1683;0.2873042;-0.38307226;9.816227
1684;0.2777274;-0.40222588;9.835381
1685;0.29688102;-0.41180268;9.921572
1686;0.2777274;-0.4309563;9.892841
1687;0.24899697;-0.38307226;9.911995
1688;0.31603462;-0.4213795;9.902418
1689;0.24899697;-0.30645782;9.864111
1690;0.30645782;-0.47884035;9.940725
1691;0.2873042;-0.37349546;9.940725
1692;0.30645782;-0.35434186;9.825804
1693;0.2873042;-0.33518824;9.902418
1694;0.2777274;-0.40222588;9.864111
1695;0.2777274;-0.31603462;9.864111
1696;0.31603462;-0.30645782;9.835381
1697;0.29688102;-0.31603462;9.873688
1698;0.32561144;-0.31603462;9.911995
1699;0.32561144;-0.36391866;9.892841
1700;0.30645782;-0.32561144;9.892841
1701;0.24899697;-0.25857377;9.844957
1702;0.30645782;-0.2681506;9.911995
1703;0.33518824;-0.19153613;9.892841
1704;0.29688102;-0.31603462;9.873688
1705;0.32561144;-0.23942018;9.873688
1706;0.24899697;-0.2681506;9.921572
1707;0.2873042;-0.2681506;9.854534
1708;0.30645782;-0.25857377;9.854534
1709;0.2873042;-0.2681506;9.902418
1710;0.31603462;-0.25857377;9.883265
1711;0.24899697;-0.2777274;9.854534
1712;0.2681506;-0.23942018;9.77792
1713;0.32561144;-0.25857377;9.844957
1714;0.2873042;-0.25857377;9.797073
1715;0.31603462;-0.2681506;9.931149
1716;0.31603462;-0.29688102;9.835381
1717;0.2873042;-0.2681506;9.931149
1718;0.29688102;-0.29688102;9.844957
1719;0.2777274;-0.22026655;9.892841
1720;0.2777274;-0.24899697;9.931149
1721;0.32561144;-0.2681506;9.835381
1722;0.2873042;-0.33518824;9.911995
1723;0.34476504;-0.36391866;9.959879
1724;0.31603462;-0.30645782;9.854534
1725;0.30645782;-0.36391866;9.844957
1726;0.31603462;-0.29688102;9.854534
1727;0.31603462;-0.34476504;9.892841
1728;0.34476504;-0.29688102;9.873688
1729;0.2681506;-0.36391866;9.844957
1730;0.31603462;-0.2873042;9.883265
1731;0.2681506;-0.34476504;9.892841
1732;0.2777274;-0.33518824;9.921572
1733;0.32561144;-0.34476504;9.873688
1734;0.2777274;-0.38307226;9.873688
1735;0.32561144;-0.32561144;9.911995
1736;0.2681506;-0.34476504;9.892841
1737;0.30645782;-0.36391866;9.883265
1738;0.32561144;-0.32561144;9.854534
1739;0.2777274;-0.41180268;9.835381
1740;0.30645782;-0.37349546;9.940725
1741;0.24899697;-0.38307226;9.844957
1742;0.29688102;-0.36391866;9.883265
1743;0.34476504;-0.41180268;9.835381
1744;0.29688102;-0.39264908;9.921572
1745;0.2777274;-0.34476504;9.959879
1746;0.31603462;-0.37349546;9.864111
1747;0.32561144;-0.4213795;9.931149
1748;0.33518824;-0.33518824;9.911995
1749;0.33518824;-0.32561144;9.844957
1750;0.37349546;-0.34476504;9.883265
1751;0.32561144;-0.35434186;9.883265
1752;0.2873042;-0.31603462;9.844957
1753;0.31603462;-0.35434186;9.864111
1754;0.33518824;-0.2873042;9.835381
1755;0.30645782;-0.31603462;9.911995
1756;0.25857377;-0.33518824;9.892841
1757;0.32561144;-0.33518824;9.844957
1758;0.34476504;-0.30645782;9.835381
1759;0.32561144;-0.30645782;9.844957
1760;0.29688102;-0.29688102;9.873688
1761;0.30645782;-0.2873042;9.950302
1762;0.2681506;-0.25857377;9.854534
1763;0.30645782;-0.31603462;9.873688
1764;0.29688102;-0.2777274;9.883265
1765;0.30645782;-0.24899697;9.902418
1766;0.33518824;-0.2873042;9.797073
1767;0.30645782;-0.25857377;9.844957
1768;0.35434186;-0.30645782;9.883265
1769;0.25857377;-0.2873042;9.873688
1770;0.31603462;-0.29688102;9.902418
1771;0.31603462;-0.33518824;9.873688
1772;0.2777274;-0.30645782;9.931149
1773;0.31603462;-0.2777274;9.892841
1774;0.30645782;-0.31603462;9.80665
1775;0.29688102;-0.2777274;9.921572
1776;0.2777274;-0.25857377;9.864111
1777;0.2777274;-0.30645782;9.825804
1778;0.30645782;-0.2777274;9.864111
1779;0.25857377;-0.31603462;9.844957
1780;0.29688102;-0.29688102;9.902418
1781;0.30645782;-0.34476504;9.883265
1782;0.32561144;-0.39264908;9.883265
1783;0.36391866;-0.33518824;9.892841
1784;0.31603462;-0.34476504;9.873688
1785;0.29688102;-0.37349546;9.844957
1786;0.30645782;-0.36391866;9.854534
1787;0.32561144;-0.34476504;9.80665
1788;0.32561144;-0.38307226;9.892841
1789;0.25857377;-0.32561144;9.825804
1790;0.31603462;-0.36391866;9.873688
1791;0.32561144;-0.31603462;9.844957
1792;0.30645782;-0.36391866;9.902418
1793;0.32561144;-0.39264908;9.9790325
1794;0.2873042;-0.2681506;9.816227
1795;0.31603462;-0.34476504;9.892841
1796;0.30645782;-0.35434186;9.873688
1797;0.24899697;-0.36391866;9.902418
1798;0.29688102;-0.36391866;9.892841
1799;0.31603462;-0.37349546;9.921572
1800;0.2873042;-0.31603462;9.931149
1801;0.29688102;-0.34476504;9.873688
1802;0.31603462;-0.31603462;9.921572
1803;0.29688102;-0.35434186;9.892841
1804;0.2681506;-0.30645782;9.844957
1805;0.31603462;-0.25857377;9.911995
1806;0.2873042;-0.36391866;9.873688
1807;0.29688102;-0.2873042;9.77792
1808;0.32561144;-0.24899697;9.854534
1809;0.2681506;-0.25857377;9.892841
1810;0.31603462;-0.29688102;9.892841
1811;0.2873042;-0.32561144;9.844957
1812;0.31603462;-0.2681506;9.816227
1813;0.33518824;-0.2777274;9.892841
1814;0.30645782;-0.2681506;9.825804
1815;0.29688102;-0.33518824;9.883265
1816;0.2873042;-0.2681506;9.854534
1817;0.29688102;-0.30645782;9.911995
1818;0.30645782;-0.33518824;9.873688
1819;0.30645782;-0.31603462;9.797073
1820;0.32561144;-0.2873042;9.873688
1821;0.31603462;-0.25857377;9.864111
1822;0.32561144;-0.2873042;9.825804
1823;0.32561144;-0.33518824;9.816227
1824;0.2777274;-0.33518824;9.883265
1825;0.33518824;-0.35434186;9.921572
1826;0.36391866;-0.29688102;9.873688
1827;0.29688102;-0.34476504;9.873688
1828;0.30645782;-0.2873042;9.854534
1829;0.2681506;-0.2873042;9.854534
1830;0.34476504;-0.25857377;9.873688
1831;0.33518824;-0.34476504;9.892841
1832;0.2777274;-0.29688102;9.873688
1833;0.30645782;-0.31603462;9.864111
1834;0.23942018;-0.30645782;10.247183
1835;0.24899697;-0.30645782;9.797073
1836;0.4405331;-0.36391866;9.5385
1837;0.24899697;-0.31603462;9.825804
1838;0.25857377;-0.34476504;10.295067
1839;0.2777274;-0.33518824;9.969456
1840;0.37349546;-0.38307226;9.634268
1841;0.2777274;-0.34476504;9.835381
1842;0.24899697;-0.31603462;10.0269165
1843;0.38307226;-0.31603462;9.921572
1844;0.2873042;-0.31603462;9.80665
1845;0.30645782;-0.36391866;9.844957
1846;0.2873042;-0.34476504;9.911995
1847;0.2777274;-0.2777274;9.883265
1848;0.29688102;-0.32561144;9.873688
1849;0.29688102;-0.31603462;9.787497
1850;0.33518824;-0.31603462;9.80665
1851;0.34476504;-0.30645782;9.940725
1852;0.2873042;-0.32561144;9.921572
1853;0.29688102;-0.2873042;9.873688
1854;0.2873042;-0.32561144;9.864111
1855;0.29688102;-0.2873042;9.864111
1856;0.29688102;-0.32561144;9.940725
1857;0.2777274;-0.33518824;9.844957
1858;0.32561144;-0.39264908;9.940725
1859;0.25857377;-0.33518824;9.864111
1860;0.35434186;-0.32561144;9.950302
1861;0.32561144;-0.32561144;9.844957
1862;0.32561144;-0.2681506;9.797073
1863;0.37349546;-0.29688102;9.892841
1864;0.2873042;-0.30645782;9.825804
1865;0.33518824;-0.30645782;9.825804
1866;0.31603462;-0.34476504;9.835381
1867;0.30645782;-0.32561144;9.950302
1868;0.32561144;-0.2777274;9.844957
1869;0.25857377;-0.29688102;9.844957
1870;0.30645782;-0.30645782;9.969456
1871;0.22026655;-0.25857377;9.835381
1872;0.4405331;-0.30645782;9.787497
1873;0.25857377;-0.32561144;9.816227
1874;0.23942018;-0.25857377;10.04607
1875;0.35434186;-0.35434186;9.844957
1876;0.24899697;-0.32561144;9.758766
1877;0.33518824;-0.2681506;9.825804
1878;0.24899697;-0.34476504;10.01734
1879;0.24899697;-0.32561144;9.931149
1880;0.35434186;-0.30645782;9.864111
1881;0.25857377;-0.33518824;9.883265
1882;0.31603462;-0.33518824;9.854534
1883;0.29688102;-0.32561144;9.950302
1884;0.30645782;-0.30645782;9.825804
1885;0.36391866;-0.32561144;9.883265
1886;0.34476504;-0.32561144;9.854534
1887;0.2873042;-0.2873042;9.835381
1888;0.31603462;-0.33518824;9.950302
1889;0.32561144;-0.35434186;9.797073
1890;-0.38307226;-0.33518824;10.036493
1891;1.3024458;-0.12449849;9.80665
1892;-0.08619126;-0.29688102;9.787497
1893;0.25857377;-0.34476504;9.969456
1894;0.48841715;-0.21068975;9.883265
1895;0.076614454;-0.2873042;9.835381
1896;0.5267244;-0.22026655;9.854534
1897;0.15322891;-0.19153613;9.940725
1898;0.29688102;-0.31603462;9.787497
1899;0.36391866;-0.33518824;9.883265
1900;0.21068975;-0.22026655;9.892841
1901;0.35434186;-0.31603462;9.835381
1902;0.25857377;-0.30645782;9.825804
1903;0.32561144;-0.31603462;9.854534
1904;0.34476504;-0.35434186;9.835381
1905;0.33518824;-0.39264908;9.911995
1906;0.31603462;-0.2777274;9.921572
1907;0.29688102;-0.36391866;9.940725
1908;0.33518824;-0.33518824;9.931149
1909;0.2873042;-0.2873042;9.844957
1910;0.31603462;-0.2873042;9.816227
1911;0.33518824;-0.2777274;9.911995
1912;0.30645782;-0.33518824;9.864111
1913;0.33518824;-0.30645782;9.844957
1914;0.2873042;-0.31603462;9.892841
1915;0.30645782;-0.30645782;9.873688
1916;0.29688102;-0.32561144;9.816227
1917;0.2873042;-0.32561144;9.816227
1918;0.29688102;-0.33518824;9.854534
1919;0.30645782;-0.32561144;9.883265
1920;0.31603462;-0.2681506;9.902418
1921;0.29688102;-0.2681506;9.892841
1922;0.37349546;-0.32561144;9.816227
1923;0.17238252;-0.29688102;9.864111
1924;0.35434186;-0.2873042;9.835381
1925;0.30645782;-0.30645782;9.825804
1926;0.25857377;-0.2873042;9.959879
1927;0.38307226;-0.33518824;9.844957
1928;0.22984336;-0.30645782;9.931149
1929;0.30645782;-0.30645782;9.892841
1930;0.2777274;-0.2873042;9.864111
1931;0.2777274;-0.33518824;9.931149
1932;0.34476504;-0.2873042;9.844957
1933;0.2873042;-0.36391866;9.892841
1934;0.29688102;-0.30645782;9.864111
1935;0.31603462;-0.29688102;9.797073
1936;0.31603462;-0.2681506;9.940725
1937;0.2873042;-0.32561144;9.873688
1938;0.31603462;-0.31603462;9.854534
1939;0.29688102;-0.2873042;9.883265
1940;0.31603462;-0.35434186;9.9790325
1941;0.33518824;-0.2777274;9.844957
1942;0.38307226;-0.2873042;9.883265
1943;0.33518824;-0.2873042;9.844957
1944;0.30645782;-0.33518824;9.892841
1945;0.2777274;-0.29688102;9.883265
1946;0.29688102;-0.2873042;9.911995
1947;0.30645782;-0.32561144;9.902418
1948;0.2681506;-0.2873042;9.940725
1949;0.31603462;-0.31603462;9.835381
1950;0.24899697;-0.2873042;9.825804
1951;0.2777274;-0.31603462;9.921572
1952;0.29688102;-0.23942018;9.883265
1953;0.2873042;-0.31603462;9.883265
1954;0.33518824;-0.25857377;9.825804
1955;0.2873042;-0.32561144;9.892841
1956;0.31603462;-0.2777274;9.854534
1957;0.33518824;-0.25857377;9.854534
1958;0.25857377;-0.31603462;9.921572
1959;0.2777274;-0.29688102;9.883265
1960;0.2681506;-0.2777274;9.892841
1961;0.25857377;-0.23942018;9.80665
1962;0.22984336;-0.2777274;9.864111
1963;0.31603462;-0.30645782;9.931149
1964;0.45968673;-0.40222588;8.599973
1965;0.4309563;-0.34476504;8.992621
1966;-0.19153613;-0.34476504;10.228029
1967;0.2777274;-0.15322891;10.831368
1968;0.49799395;-0.16280572;10.28549
1969;0.2777274;-0.2777274;9.883265
1970;0.2777274;-0.29688102;9.816227
1971;0.32561144;-0.2777274;10.036493
1972;0.30645782;-0.25857377;10.113108
1973;0.2777274;-0.2777274;10.237606
1974;0.34476504;-0.37349546;9.883265
1975;0.32561144;-0.35434186;9.682152
1976;0.46926352;-0.23942018;9.768343
1977;0.38307226;-0.23942018;9.80665
1978;0.40222588;-0.29688102;9.768343
1979;0.39264908;-0.29688102;9.816227
1980;0.1340753;-0.23942018;10.180145
1981;0.24899697;-0.31603462;9.816227
1982;0.38307226;-0.31603462;9.461885
1983;0.2873042;-0.37349546;9.730036
1984;0.2777274;-0.2777274;10.0269165
1985;0.37349546;-0.25857377;10.218452
1986;0.2681506;-0.29688102;9.892841
1987;0.39264908;-0.34476504;9.730036
1988;0.32561144;-0.2873042;9.844957
