;ax;ay;az
0;0.17952756042644805;0.3648631710383074;9.63895067895306
1;0.21227927898199933;0.34270145037243543;9.514369429679613
2;0.28590862621785385;0.3868657127723215;9.417317908960422
3;0.13894157429438458;0.36470683657343383;9.670810594833725
4;0.1962536384583906;0.36465443502100997;9.6013887604855
5;0.25362410003661656;0.4087960728578622;9.439515393260056
6;0.16371190320847492;0.3866430977588096;9.536203913482483
7;0.16379508156760647;0.2871789509830699;9.577487168508036
8;0.2130413708396832;0.34235592635091916;9.600284969849088
9;0.2049507520198945;0.34230602629029805;9.521296892100793
10;0.21325579701629488;0.3643370078896513;9.544042048387228
11;0.18874371452374536;0.4415558760882603;9.511215965775754
12;0.18883774681895382;0.3421555251035798;9.608049854082793
13;0.21357468965977353;0.40831897814159107;9.686405472504585
14;0.23833567998083138;0.40825862628136733;9.551519268905592
15;0.24667553365628825;0.43026286390671475;9.546374414729932
16;0.22211684296052328;0.38607596011346745;9.587607852683446
17;0.24691705057574992;0.40807662804827904;9.600997330956755
18;0.27174089888537484;0.41904309112843013;9.586507069896799
19;0.263634024935412;0.38590291257030895;9.553393074537102
20;0.2884888914485597;0.48506220318114485;9.59460584105447
21;0.27213457221508974;0.38578681290107725;9.617226332748615
22;0.2557639896806478;0.3857285439405315;9.537489485827196
23;0.2641403505409443;0.38567012945879176;9.550750260216164
24;0.23123260201174442;0.4296814550321892;9.601248786324891
25;0.2396042122403785;0.3855528656200078;9.595867146994022
26;0.21491879037699063;0.37447991021889127;9.59045792943195
27;0.1902096997711967;0.38543502476128016;9.659613365562288
28;0.23994174140088992;0.3633544024060461;9.672835134237292
29;0.19866492232276536;0.3743075721344075;9.639386220769818
30;0.21532012869726821;0.3742498485728122;9.615223918661924
31;0.1988488379847387;0.3631863253815289;9.628374821297188
32;0.20722949398175652;0.3081103454408379;9.585457868794146
33;0.21561739097054516;0.3300669138617513;9.607907416353298
34;0.23230930377380393;0.3850180864726893;9.6116528123622
35;0.22411431662689055;0.3849579586580322;9.643439606178728
36;0.24912861288800792;0.3739006218029015;9.600371226857007
37;0.21600877829472845;0.34085588806563355;9.594689854714208
38;0.2077939974274826;0.35179587420713027;9.701353071894427
39;0.24946425845058043;0.3627322697039803;9.601983341335043
40;0.24957532823124076;0.4066355334400658;9.708685614536456
41;0.249685992958492;0.36261744342031504;9.712322535409562
42;0.22481661920562648;0.38453316663113446;9.659669858576294
43;0.26656652271921744;0.4174266665926415;9.625719986496497
44;0.250015562719929;0.384410557431292;9.638649347042767
45;0.2834745731593932;0.3953304417830321;9.764229874116698
46;0.23355105562741718;0.3952670355211496;9.673862283968125
47;0.2503415082411793;0.4171592470858099;9.658570846694733
48;0.25044935411495206;0.34025929237068625;9.643247674796442
49;0.2171492234610495;0.35117865911763785;9.693706960108615
50;0.23395293405535225;0.43890223926876665;9.687746978847514
51;0.21733442357419455;0.3510648289672402;9.68176123772599
52;0.21742650524286622;0.38391470497075514;9.685162225360106
53;0.22588432252036522;0.32901609726933695;9.697959892179474
54;0.20087043440703095;0.38378940482310403;9.748419954226513
55;0.20932759410727128;0.33987210141827506;9.751783527815498
56;0.22616797405402053;0.4055872167597783;9.726852769770453
57;0.2178817501610248;0.3397604208409109;9.673597812855117
58;0.2347388440872545;0.37257902517877917;9.714602089334656
59;0.21806144807497285;0.40538665028809634;9.746178016385374
60;0.21815078478018884;0.3943649230983951;9.702250661143523
61;0.22663361265314816;0.4271577629823469;9.705478708413603
62;0.18473945144835963;0.39423389119800917;9.765353734942451
63;0.24361869406014608;0.3394226117262014;9.759115546827358
64;0.24371682169371678;0.4378914702042206;9.7245015711644
65;0.23540717850239493;0.4487636308207875;9.75601928837726
66;0.24391194394124793;0.3939702431046648;9.768622268433804
67;0.22718072271901127;0.38296223329318463;9.696077692458227
68;0.26094043091226415;0.37195778054125966;9.699166706160657
69;0.2357810575441831;0.3937711344537026;9.730633718866994
70;0.25272172392762127;0.34995956830166136;9.733694945399323
71;0.22753845146834276;0.38270337397074833;9.765152988883383
72;0.24448828759191682;0.40450340150304204;9.796609369189884
73;0.2277152251989317;0.4372264906461493;9.79015556753807
74;0.21092880810936335;0.3497215249344591;9.726796570660705
75;0.21945022338635453;0.3933694384509298;9.748726344362103
76;0.22797778443749683;0.3933020432392641;9.761164180398263
77;0.2196177806616804;0.4260040652742303;9.754611343478576
78;0.26195128013561725;0.3604029683302193;9.786002495534335
79;0.21133079289713547;0.3166631730406955;9.807896714759076
80;0.23677945930161567;0.4476188792480044;9.810789889520894
81;0.2537872116109009;0.4038788414742496;9.775664547197339
82;0.21156815940743026;0.3492400397820069;9.83552820284916
83;0.22011249781448097;0.4146504833046129;9.809856067753104
84;0.23713179525797834;0.36002850905696215;9.736606531610333
85;0.22027476561022857;0.40359792460222;9.824984930618863
86;0.27120666454438846;0.3489966473909321;9.82777001670078
87;0.22043572126298625;0.4034567100202162;9.821021518572527
88;0.27140395823168895;0.4578975081939117;9.861844586730019
89;0.22907980033483924;0.33791256676117704;9.778888100447833
90;0.23764969560706356;0.44683788464214336;9.895878499592353
91;0.2801874080810785;0.4249658940107526;9.850954984930562
92;0.22083239661492507;0.3595229430501607;9.815517543351868
93;0.2633936093707803;0.38124466778702965;9.827702784548809
94;0.212489237737734;0.35939545009827106;9.868479415630626
95;0.3060920869183162;0.35933154059352895;9.823423321301245
96;0.2466605059467909;0.3919282068365711;9.806943437454581
97;0.22972945323253113;0.3918582518358608;9.838148674015239
98;0.24683206547904404;0.38090518229968634;9.85980541429374
99;0.22137412925941266;0.3481937772729525;9.84326663166232
100;0.24700219112516336;0.3590103786998901;9.864898387483397
101;0.2130057978413073;0.3589458262328345;9.886523529742298
102;0.23012460492430642;0.35888116799822206;9.841258305869676
103;0.23872868300500283;0.4131825338410206;9.891521843837886
104;0.19616473912370364;0.3913653118015982;9.874875767958745
105;0.2388895004229895;0.3478172804571189;9.819956975342645
106;0.24750401037444847;0.3477541751705795;9.908453745895335
107;0.22197400989374097;0.38028699690920936;9.863045053179556
108;0.2732893192236223;0.38021775578952094;9.875008922093217
109;0.27337945817777326;0.42359392907264853;9.867817700184615
110;0.24783147076080853;0.3800789463025283;9.956338785209843
111;0.26500987161835954;0.35829455000859234;9.81506790635457
112;0.22233862312152833;0.3690842909775652;9.807802952894509
113;0.26518188592261493;0.3364562235275463;9.867578229286623
114;0.2481533051091865;0.36894860849278655;9.88903402994225
115;0.2054341100249181;0.44482660918598566;9.872142603730023
116;0.2397496430602405;0.4230496281496929;9.836052571802838
117;0.23982580964251293;0.42297139533880346;9.857461326107321
118;0.214197894650612;0.3036155346232801;9.869271697118878
119;0.22283589832220324;0.34692478930529813;9.900256588949123
120;0.24005229770678363;0.37937846365329037;9.873664014919575
121;0.25727904971040333;0.3793078355530447;9.904628299119565
122;0.24020161885430383;0.4225784785935555;9.85879118160219
123;0.2402757798115044;0.335832989132799;9.97614449723546
124;0.2145978659458528;0.3899266179250392;9.930267910013951
125;0.24900963831499567;0.3465364943691227;9.91317214548944
126;0.2319070977956679;0.3789531474483057;9.857619675551161
127;0.2147938456677312;0.41135749432332164;9.965393955166304
128;0.23204724671613303;0.3246947574306701;9.93862954122168
129;0.24071378561568452;0.4328446829406073;9.931064753108133
130;0.24938511216656598;0.4111247843901518;9.92348062995006
131;0.26666327122407363;0.38941293719731784;9.91587524626407
132;0.22371915785771251;0.35689421288349443;9.898629834269972
133;0.3184632265101271;0.4325169297314768;9.939090123609134
134;0.25828899089421553;0.4540564516219901;9.95067942544302
135;0.24113994600182975;0.3891171439055181;9.97188184756882
136;0.2842829991412867;0.38904294294119524;9.916057090657745
137;0.2068108934659316;0.34574991133349603;9.860193869897193
138;0.15515267742858635;0.3240785340681681;9.910232922716142
139;0.3793703928027837;0.2808142533804408;9.806150023147895
140;0.16386557417076075;0.43193903864097205;9.865799315083635
141;0.33645072672598486;0.33468845290106225;9.93509091403315
142;0.10355241792856418;0.2374751222210962;9.850181216545701
143;0.2934806379198393;0.3021828246488228;10.035140612118445
144;0.2676597963965922;0.36686545966446643;9.959825858611296
145;0.19000473252185632;0.36679454413292056;9.884468409344853
146;0.2764467003886274;0.43143943090614606;9.982678943001826
147;0.22467453453446787;0.3774363280489527;9.95549989693329
148;0.27659796241402324;0.3234540340360668;9.88005152782365
149;0.21615082528919918;0.3772896740390728;9.97826405261254
150;0.2767477680898416;0.3448833916789835;9.92206500995912
151;0.22491796977180875;0.40946916477176;9.933405148687926
152;0.20767208732046272;0.33397541251211754;9.925422440140915
153;0.27696975696170184;0.37699526637525765;9.98501817477575
154;0.25972783547353473;0.3984598127731268;9.919060346823569
155;0.22515669641776095;0.4306828633381195;9.959322510726924
156;0.2685263630433127;0.3444786399420104;10.009243429849178
157;0.20794551439534897;0.3659365823066754;9.952871504653748
158;0.2599992393374496;0.37662522978360796;10.051098067397369
159;0.23405961617208565;0.40882675204015323;9.936686618598207
160;0.22544853312472163;0.3226942181710965;9.986572114602403
161;0.22550602936616881;0.31187606595290557;9.891421870572325
162;0.21688774232247235;0.32256651800339425;9.989636904041406
163;0.2429755667002968;0.3440027345367146;10.000818589641831
164;0.22567678509483494;0.333186487179688;9.944273679852271
165;0.20836904375281398;0.376103489343326;9.974770802043045
166;0.23447337662238127;0.39751596720619364;9.985908441410997
167;0.22584495206823768;0.4511443684201564;9.94864448916049
168;0.35622761959280974;0.4188361463754209;10.06622041591067
169;0.07821541212552187;0.49391311342354566;9.883720979387864
170;0.2694741259742851;0.30058261232809713;9.952880374501484
171;0.2260651716095872;0.3756529563190566;9.838065582975078
172;0.25221023777380636;0.36484679560788347;9.926576833187163
173;0.252270535365887;0.46133115085345594;9.947297309189816
174;0.21752631487733823;0.4397854076108451;9.958319961373089
175;0.3307181703019906;0.38607524765415263;9.949955347634496
176;0.2785650048906864;0.4074416840077959;10.04815864736279
177;0.21767981248554993;0.3966394240343266;10.059153602348267
178;0.2874041612702213;0.4072770302297061;10.050753618114433
179;0.24391448612422018;0.45005715177335026;10.032641841392264
180;0.22654409792044716;0.3214042286541291;10.0532896398639
181;0.2265959078473011;0.38560679473468495;10.015751686037516
182;0.24408187260299166;0.39623757252037256;9.958797277485223
183;0.24413706765492565;0.36403612026691595;9.99879468454402
184;0.2267496659936159;0.3104381389672691;9.932094395586537
185;0.2006310901746254;0.41740061344560203;9.991470080783905
186;0.2792009741306667;0.3424126255628253;9.915023102689306
187;0.17453917424273097;0.32094619860403745;9.935569856269971
188;0.22695079546568134;0.41714465349234253;10.02403382751502
189;0.25319275008198333;0.3849776905089458;9.976634929818664
190;0.22704970595320506;0.3528238088968158;10.006859322636739
191;0.23583331074667574;0.32068302831259726;10.027367649605887
192;0.2271475190627386;0.3633660341800586;10.01874315784369
193;0.2271960153791222;0.3846612721963856;10.05864695011242
194;0.29716555930404753;0.4486789742464201;10.088834430132945
195;0.22729219009184912;0.37382198806290784;10.012192067059864
196;0.24482756723210317;0.3951016009026093;10.00350396212098
197;0.2623699392663855;0.3416388045842844;10.033652120733475
198;0.2536768570199284;0.3629160668949375;9.966652325167212
199;0.2362305562642092;0.3841843901210595;10.006489746546912
200;0.2887853894311716;0.3627655198133013;9.968593467463357
201;0.2713384942141236;0.3626901434950426;10.047278061822071
202;0.22762026711722086;0.3626146992051705;9.989914346916013
203;0.27144800846057193;0.31988750515431386;9.951963810827529
204;0.27150228651312236;0.34114221307601167;10.050066555310153
205;0.22775683820444084;0.3837048858706192;10.070409772042947
206;0.2803714903076074;0.3836247201461363;10.032414522787882
207;0.27166321170424956;0.36223647253196795;10.033287243806434
208;0.2541861351759482;0.3941159773337479;10.082761323736934
209;0.24546869449661265;0.39403337090453655;10.02526773179188
210;0.23674755210563636;0.3726560553529245;10.01637395635343
211;0.22802279397859;0.4045130191391824;10.085269035013573
212;0.22806619433623446;0.3512137522744333;10.017993919102532
213;0.22810933159897673;0.3511398275051336;10.057691369030382
214;0.2281522062781619;0.3723425666134611;10.019560065412659
215;0.193087929311768;0.3190834497939898;10.020323044436951
216;0.28968564263691826;0.31901607964258705;10.011343280743223
217;0.24583921851419654;0.40400163699521485;10.031539096223446
218;0.24588426562609556;0.38265741126782615;10.022532022749202
219;0.2283626588178148;0.4038306223020003;9.97458533285659
220;0.2459735203138357;0.40374501314652356;10.02393839079222
221;0.24601772899103586;0.3717914949398748;10.044087471737177
222;0.2636374789889613;0.4779160888215258;10.05449150894793
223;0.27247373671495734;0.39286969195216603;10.025949212879791
224;0.2637307229194129;0.37155438998324863;10.026593298169276
225;0.2637768998533115;0.47761100552596375;10.085635524581935
226;0.255028694311931;0.4138412689609638;10.057049275098867
227;0.2462771544136679;0.3713167426579887;10.018710922013428
228;0.27271079177800694;0.4348781056306307;10.038776752097741
229;0.23756277984491234;0.34994897900670857;10.07830631139766
230;0.2728034819890619;0.4134875349199774;10.010708784280148
231;0.25524618204304;0.48759874167178274;10.011261271323658
232;0.22887963164880532;0.3391263910055349;10.050758202084578
233;0.24652667721561572;0.3708398664850591;10.051287238821459
234;0.24656730994645765;0.33898074306396425;10.012842264566409
235;0.2113779935975243;0.3177260950025449;10.013343888837857
236;0.2995008515991062;0.31765770262126264;10.043056722698944
237;0.19382595152658277;0.34934818921982186;10.072758725884759
238;0.22910375300910005;0.3175207762818629;10.053741904165864
239;0.24676641634365576;0.3597792235193882;9.966512296604446
240;0.22917645627543995;0.3808603963022091;10.161806121303885
241;0.255660032641233;0.33846938150414385;10.0648060018484
242;0.23806539550653416;0.45471978594826945;10.05547910730169
243;0.2292836466240454;0.3488954165963912;10.085114023311133
244;0.2734186824296315;0.43338215797706975;10.027039026279596
245;0.255817787406077;0.42272010667458126;10.007927283230835
246;0.2558565380949751;0.42262830770263066;10.057017369627816
247;0.24707105505309615;0.3274657695205151;10.018388268835944
248;0.3000596398195389;0.4118834292421255;10.008983404403645
249;0.23831795051804128;0.36955850654253997;10.077533558359882
250;0.2295251277882375;0.3589214748749137;10.077851241962493
251;0.273704555837191;0.4010600404849419;10.0489168743964
252;0.2560833069256258;0.3587648821310753;10.058956632458194
253;0.2296249545320942;0.40088491941569515;10.156709990167737
254;0.25615672534692846;0.369155390461165;10.098496102001151
255;0.2826957566341288;0.5272494689411343;10.118248779671069
256;0.27390004155851094;0.48496327335410433;10.108747618476606
257;0.28277498769335957;0.4953973934179165;10.138225919120487
258;0.31816592271369537;0.558517060703366;10.157945339338113
259;0.335887980044789;0.6321447034595477;10.0216741385571
260;0.3182530652303677;0.6741395852020913;10.148606707733114
261;0.3801870507732715;0.6318669140365314;10.129295053265073
262;0.31833888654518977;0.7370159248308149;10.090472978598774
263;0.38028877305028264;0.7684330771216399;10.061387436798945
264;0.4157194442584722;0.8103603793742032;10.168781689276788
265;0.3892351939577387;0.8733127694837001;10.178671457246578
266;0.389285836212679;0.9783152702385897;10.061802702862861
267;0.38933607995916847;1.0937883428429795;10.13016666614139
268;0.22124201226534507;1.1566359164260602;10.110771573195963
269;0.2124192923055993;1.2930432309463438;10.11086411292867
270;0.21244604871240771;1.1876548295134217;10.101194720473853
271;0.3275619213524648;1.3239943958117473;10.325519426847407
272;0.28333189357350674;1.323700951343178;10.081821063894676
273;0.23909064606063105;1.2813944620417543;10.081867488478634
274;0.26568865532220837;1.333614525892132;10.257409527310125
275;0.08857358419353595;1.385811130089546;10.033174221450672
276;0.2923278580605284;1.4694730539163219;10.07218803395072
277;0.12403261915313449;1.8364327218525425;10.579212363565413
278;0.30125755396833526;1.5737348186787226;9.964925397547123
279;0.017723101984048473;1.7517011926736479;10.033156453638831
280;-0.026587729906423795;1.9191010413056422;10.3938877593527
281;0.38999813362065117;1.8347966853104811;10.442594391096891
282;0.09751063052386166;2.2956046836640365;10.081777651732628
283;0.2925648620329308;2.4313302774699577;9.876957537475203
284;0.17733185337377355;2.294579177208466;10.052385166838524
285;0.0886757481628505;2.608321703170816;10.03279717337132
286;0.4522959888843276;2.670574995483873;9.613451763526223
287;0.27495493126033055;2.5652722698864787;9.808343967445806
288;0.026611409287459413;2.637974574370944;10.18846562544363
289;0.38147094148076904;2.6269174037003054;9.671604779824277
290;0.3992560383403519;2.5949377901626267;9.515476859354578
291;0.08873286595692484;2.5838942403333;9.99304838597146
292;0.3017231085850305;2.5205610710559245;9.934390991649268
293;0.19525268789987413;2.5304510285373816;9.7002437440964
294;0.18639656353636283;2.467157820077978;10.051022719279239
295;0.16866154250170265;2.445699311953525;9.933843780576481
296;0.36399025439878135;2.4346993576213016;9.904395593671616
297;0.2752394107433052;2.3087869982769305;10.372095830776162
298;0.408459807237432;2.1620414632865517;10.527830742293277
299;0.47066243973505506;2.1719961459247217;10.205905208936395
300;0.3286072865154144;2.098426542978691;10.381109011084698
301;0.18652459027961749;2.066639937093067;10.741491544584258
302;0.23983992813666458;2.1079140097624736;10.039419984510394
303;0.31981642538930694;2.003108917856563;10.312049557961547
304;0.33761519431960746;1.9505034301477702;10.526176263086445
305;0.3198752108762556;2.0647715083189455;10.05804631447968
306;0.5154011519595431;2.022600943320073;9.81408990097216
307;0.1599664013021612;1.865791519233463;9.920977822420651
308;0.31996115257881635;1.8862107294999566;9.940142924023041
309;0.3111006233630629;1.8024335265717966;9.579244745310259
310;0.04444679935804431;1.7186939108048416;9.530188609871104
311;0.26670368953361495;1.697475847883553;9.43240430443389
312;0.13336316516676952;1.551328058712866;9.422312663222367
313;0.24896549050559244;1.4260647458285896;9.490160873960855
314;0.32901742958482655;1.3632992768841967;9.704141049136346
315;0.35572371070973907;1.425416224996355;9.732982328387783
316;0.4269031352654899;1.3522768710155673;9.713101094145953
317;0.35578116392611275;1.2375715756771932;9.849081751188095
318;0.47144745996509396;1.1021235510981493;10.0142653402595
319;0.4359007288115286;1.1018723726749748;10.043051089327774
320;0.400348052678902;0.9561239941889188;10.198451854146409
321;0.3114056960095164;0.914344788219218;10.324608512232633
322;0.32922525309045225;0.9764635968134724;10.33386681196145
323;0.4271349970317913;1.1735658874995305;10.75216410570587
324;0.5428575592010646;1.121381907551924;10.839290865336512
325;-0.24919872407132196;1.1834104598838446;10.33236118861525
326;0.2848190890474462;1.276545714662318;10.380528777964509
327;0.2492344751470472;1.3385099592690455;10.652640656597836
328;-0.14242972196050524;1.1618512658361628;10.340503305826998
329;0.17804952105058958;1.1512139957446526;10.077072684797475
330;0.40063892256265693;1.2650085035341117;10.018111208066923
331;-0.35614760701563924;1.1921527875384021;10.066234518001805
332;0.26712857141941704;0.9120469310648518;9.686017192243193
333;-0.28495595303533117;0.797858041197779;9.899615890567048
334;-0.27606906234210116;0.5904867305440686;10.200781688591706
335;0.044530125708464686;0.5178519463287383;9.898459059561342
336;-0.16031861739723985;0.4970237293630731;9.790810344859134
337;-0.07125717374654104;0.36232990062211246;10.2768066859964
338;0.03563078337234938;0.7244933283279975;10.188592001487141
339;0.3563294837733082;1.0968376783549916;9.36085247932874
340;0.4098034649431016;1.2724530641148946;10.167848460461322
341;1.078024975891914;1.1997609615761813;10.984461667428436
342;0.6325969644684949;1.5407177562258125;9.952498254585992
343;0.8108397660931818;1.550701011709699;9.747550925700288
344;-0.204949103964373;1.62269328658246;10.66127718912329
345;0.11584725140980198;1.3433219744334657;10.475743488376787
346;-0.13367723010837115;1.4876444590459115;9.842825812980212
347;0.11585985636113261;1.497630152975988;9.890766970652564
348;0.1336915500683973;1.5489153216691416;9.73447290264871
349;0.21391766784643979;1.55888189562172;9.733777398875706
350;0.7130955602817608;1.145668653107746;10.355367191233787
351;0.2763385451512655;1.2692317443269365;10.422667105213685
352;0.6596796779146902;1.2586221598356104;9.86774693530909
353;0.4100912235297779;1.3099024264980288;10.02254680563864
354;0.43685733595975274;1.0930517768360672;10.187034317058968
355;0.4636256521069516;1.0618709469270833;10.050178054771079
356;0.6508893621179744;1.020397309050042;10.156307960639763
357;0.9273367823890692;1.4323479035713247;10.476213160895263
358;0.8292903198494996;1.8028985923704401;9.89233760571807
359;0.5439670800836794;1.9054803942182827;9.318263444494235
360;0.6153336312311919;2.1109897649228326;9.822735792665622
361;-0.0713460528747906;2.306108663194372;10.346546357886735
362;0.38350098494252693;2.3879166547161144;9.597694143017904
363;0.3300027053789416;2.2021370974079133;8.87809856973152
364;-0.2586611142412459;2.170763098573867;9.469822362775652
365;0.9722471802090037;1.5634101480038403;9.702100470293686
366;-0.5887226891590598;1.4910654162595582;9.341961389394708
367;0.16056677533031716;1.3776305648226752;10.302455677519028
368;0.29438326031038725;1.490374154610027;10.146205940990363
369;-0.5352615754546695;1.2022988722887644;10.145310353950725
370;-0.16950547499859847;0.8116202913438293;11.794692772806199
371;1.1598142688079727;1.1503846891751865;12.152780507447117
372;1.320448461018193;1.3246891527833042;10.86080561307913
373;0.08922241491595516;1.427046965110873;9.782564908292466
374;0.2319857295721373;1.703847394363318;10.23775178844458
375;0.008922807997399808;1.3853373925572618;9.79045533320556
376;-0.9993850411034543;1.4670905985613303;9.566386117267088
377;-0.42832061637925095;1.2923809772019665;8.944597375139875
378;-1.0351381824003485;1.3125899255296893;8.798238476120657
379;-0.8923857088839265;1.5788427089837564;9.369658536325437
380;0.9370307011120784;1.0249843238072476;10.076740597952513
381;0.9192070568890494;1.0759833371343819;10.997023526545831
382;2.1240480923494722;1.3318601753324852;11.374107105083365
383;1.0799003721791247;1.6081031945895468;9.850764232659214
384;1.1959518574831365;1.6077292242054249;9.142068331773425
385;0.0981774896823092;1.6790208679871645;9.800317818120462
386;-1.5083976979274134;1.351092691169666;8.587734735153797
387;-0.9728935375400644;1.3712445745225998;8.08288697472742
388;0.8836561039410199;1.0640019733462065;9.962052166689062
389;-1.151454532175727;1.3092361866219075;9.893191000278211
390;1.0889942492706008;1.2066711729045136;9.029862966268364
391;0.4373912889841698;1.0325883247808636;11.324891062512037
392;-0.1963833907223826;1.0630117251952984;11.711157306284356
393;2.240595717659647;1.2160475417851024;10.7026034999076
394;1.0087315185688035;1.6244246266071254;10.672399139974926
395;0.053561833144823996;1.797686637147121;10.52599181764165
396;1.7050781587503754;1.1028689537554366;9.585646127045274
397;-1.4194315184584008;1.6845462863383411;8.98434799034269
398;-1.0177199987685526;0.8573874506280706;9.786825021803748
399;-1.5444553116584347;0.9592339267199279;9.805096118939801
400;-1.4730539461907297;0.8161790569996482;9.368482344321398
401;-0.3749636447333451;0.45899378322762824;10.141595847929157
402;-0.12498928430880286;0.3773069760432826;10.759712580463907
403;2.2766142314873345;0.6117065691480226;12.799890864135582
404;2.687323952168515;1.1517789863668166;10.73790797231626
405;0.25891393809582014;2.201117473186807;8.64737273379073
406;0.8213889555778048;1.9459050193985348;8.598012401347354
407;-0.008928209303785604;1.7009968718854926;9.631744899275985
408;-0.3482025590745228;1.4052867125709303;9.66929192608579
409;-2.392791256603532;1.0079054524320379;8.5853185112676
410;-2.40173310283237;1.4657025832722337;10.85604494821255
411;0.08035576646326058;0.8954984392502051;10.158808286889187
412;-0.46427967919022994;1.5362358753864247;11.12405743440889
413;4.142817480998398;1.3324502585724662;11.103388597346926
414;2.339269680989013;1.2711257335086836;11.894353943616165
415;1.49106428287002;1.3623290404319766;10.066941273326856
416;1.5535661544667965;1.13839785070386;9.756587230128885
417;-1.18749676147376;0.9857040379047503;9.90992497785822
418;-0.6071412381474508;1.4832911722516795;10.323972593316757
419;0.026785622721293798;1.07665911998168;8.545909866825257
420;-2.124989863560786;0.5077397512597116;10.186220930321877
421;-0.11607064139063993;0.3857922866209337;10.24286256065587
422;2.892829749859164;0.9439558828601619;11.515729910263419
423;2.803535294708165;1.035065202709515;10.761446806474178
424;0.6160610322547436;2.718949205250391;8.762461958960996
425;2.741012142178403;2.6574580954380855;7.313978990125362
426;0.4374881714216622;1.946996593195518;9.194356938300709
427;-3.3481036870221086;1.8046076218774914;9.231750734202485
428;0.035712866125863794;1.9055461577552506;7.610138241479625
429;0.5446172290520734;0.6586789824433982;9.740473754599508
430;-2.4016534225207398;0.8104929981256099;12.236667978484784
431;1.8570244113338292;1.620608527250922;10.152489524129948
432;2.4105382504945028;1.2151734394896347;9.514889385755616
433;-1.4909475643999694;1.1845182830552354;12.164324674942492
434;2.2051507063244378;1.0020513472218158;12.981895065562814
435;0.6160068243120937;0.7893112191567502;9.935065655270163
436;-1.8837084822597276;0.56655313063817;11.889636111443005
437;-1.1427093496971932;-0.04045866168425359;11.23292800374519
438;-1.3837312881925088;0.7887603013075102;9.680578999125736
439;1.0623338953583958;0.8997863738568886;10.26675090217569
440;0.27673845670269054;1.5363563107913731;10.631271638844275
441;0.8123489862418073;2.6576824048179355;7.519816001955275
442;1.5621850969942213;1.677082473084112;6.228741053429463
443;-2.454822308086489;1.7069941749221222;8.855709719143695
444;1.0086916776691177;1.1007048846357694;9.45118785117509
445;-0.035705271155345296;0.7571896499603656;10.036868483672977
446;-2.731403654725755;2.129731805848695;10.073942051304897
447;1.7941234963889199;2.3007869258086306;8.812250556385528
448;1.9815307727116058;2.0076764475858018;7.820243263008935
449;-1.5976886411053122;1.3818482054327528;9.85806528966149
450;1.0442777175426687;1.008414053105014;10.895209921697587
451;0.5355156339534065;0.24196317068664672;10.787881866212269
452;-0.5622791322374173;-0.10079458112115257;11.536178783587944
453;0.16957243099307429;0.28215934699929784;10.72709453558083
454;-0.3659110078596482;0.896655490755047;9.216656918096964
455;1.2494226656882568;0.7252159494041409;10.868112955999983
456;0.05354538251959997;1.6212873999251052;10.39573744062293
457;0.14278413672698695;2.325655422779704;7.195253912628536
458;1.6419756758555075;1.8721715461340374;7.933783943038092
459;-3.3820248861384363;1.3383929979193105;9.11385907505815
460;-1.5705026588638136;1.5091159973096842;9.986310055752861
461;2.5519972323124924;1.0460780387301987;12.029792725323544
462;0.23199328810352216;1.8503247725276155;10.127323050668153
463;1.5346811907881963;1.9001653367221012;7.755119616854419
464;1.213433778538151;1.316740943507286;8.089830221177754
465;-1.0349569702826982;0.8240287898485226;11.581201215068432
466;-1.2044395247296213;0.39182544897340854;12.279778993904264
467;0.7940134508239816;0.2109341362682069;11.452993703042678
468;-0.2051880588328446;0.6025296110103247;9.312531022902636
469;-1.4184287214570108;0.7329082542761274;8.467260045021803
470;1.6503195278528078;1.435365246687066;9.846594647322501
471;1.85543318206996;1.9367936270319108;9.43287171862082
472;0.856325026729865;1.7156228701397607;8.07037881411666
473;1.141727755048112;1.7152267875971585;10.819535368969555
474;1.6946932971822604;0.7721753332909022;12.178472333123652
475;0.11594861214900383;0.8221269047313898;10.442541630667437
476;0.6421539322516223;1.5035437757058938;7.528950549965633
477;-1.132647011223223;1.30277086725121;9.108029468411337
478;-0.41915310130363126;0.7614443234810592;10.983459272300108
479;0.8650282155212141;0.5308848709935804;11.632783183763406
480;0.7579855911912897;-0.5107338438303974;10.903414475236318
481;-0.19617694586362303;0.760918316415078;10.50926583792601
482;1.47126953796738;1.311281062799698;12.057897924127374
483;1.061055364995189;1.2209121591687433;8.927165598652891
484;-1.1323413593985032;2.311195361389458;7.4141998766035435
485;0.7400039666082556;1.1803391869834974;9.287788042979043
486;-0.49034386596013096;0.8400483561318148;10.204406813075867
487;-1.9256334659484537;1.1198072394168006;10.766929405418797
488;2.0414417920890666;0.8596544926021151;10.325407645628507
489;-0.2674263224362071;1.938775537830381;8.067809269802758
490;-0.9359515351242548;1.2389331119191214;7.617300042113555
491;0.34762388265669947;0.5094443183155959;9.240566563816916
492;-1.0249992861746915;0.4294330037972676;11.847399091538076
493;-0.7308362148598483;1.1582050253357812;11.348719173969718
494;0.5703828226249122;1.4574068175976844;8.12809524341802
495;0.4634147338213623;1.906171183312094;7.888019863003264
496;-0.9000521849736343;1.7460922731169775;8.469155580781564
497;-0.37426152852866035;0.8878095150685984;8.047711402134924
498;-2.0405195697343035;1.027230045201476;9.993547580875743
499;0.9533847267122886;-0.9472286926067001;12.587683707050658
500;0.41875617467344156;1.1862575278931557;12.671468465228351
501;1.042384471101726;1.3255145553643815;8.433520083678111
502;0.39198842500421094;0.6177680598852615;8.451189463926235
503;0.0534502929587789;0.9762493326323297;11.854482774081347
504;1.2649264253643446;-0.5876079677538384;12.815570459681403
505;0.8373029546598717;-0.40824470105273114;12.985026776332568
506;0.38300182121728293;0.8760329762122941;10.466343373042498
507;1.8347506095002486;1.0251233831531466;8.529869856525243
508;0.9262332531839585;1.1343444794300197;7.651763086809898
509;0.11577302790411481;1.9199885719219159;8.584147915258118
510;0.9172295759888166;1.382475505336795;9.525739319817818
511;-1.3802224607860398;0.7855449472052406;11.067025960267662
512;2.6712530525792997;0.715777213306682;10.731852994353225
513;0.2760143474541083;1.4908641400529912;8.111781181897252
514;-0.12464474199639099;2.812125847277449;7.68202793167597
515;1.9407883921512286;1.1623468530215528;8.584884549685247
516;-2.483713075008422;0.0099323383523247;11.628522351323745
517;1.4153689682577957;0.5262947298155306;12.749213437166091
518;2.4300229135865385;1.2707639280843626;10.111997903109286
519;-0.5073381542471684;1.8064588115060964;7.59933399039688
520;-1.0235174478194908;2.5602255455705367;6.342776667939414
521;-0.40938296430001003;1.0119536204226065;9.850042096639015
522;1.3081682274885402;-0.06943212423003273;15.447431737207408
523;1.9576864858462082;-0.2578325570622487;13.39178246971979
524;-1.7262198919892222;2.1613396510962493;7.260141421503191
525;1.1388804198606952;1.9427848620235826;8.00946478815625
526;0.38256932846927205;0.9711737179281182;10.12644975384971
527;-1.7881796028854233;0.33686202072840166;12.58461236342489
528;2.268445860546822;-1.3570505992457558;13.256633131273107
529;-0.1690109439763434;0.6437113897128282;10.016683645162633
530;-1.111844480851747;1.8415913051568358;5.904531944565884
531;0.8627368366286606;1.5145173192865253;4.887939164024204
532;-1.4674488053907324;1.8803513893698414;8.2653278301424
533;0.5513697609740533;0.26714792582964053;10.474522516345997
534;1.60954024822897;0.38579392557665937;10.131167457366484
535;0.27564925769685333;1.4241509936622125;8.896396386055795
536;1.4048302356055637;2.72901240021196;8.278438920476201
537;1.4136287094808715;1.6805376653476412;6.38075428559326
538;-1.1646108872852516;0.6819482899167486;10.958154987928662
539;-0.15112265969828367;0.6719149900215744;13.429877188562696
540;0.8266745041063507;1.709049453740067;8.064068151384744
541;-1.511023549859673;1.2642172128090772;4.898211699314939
542;-1.7508909923543043;1.5799194513899257;9.216841856776893
543;1.8663047679445184;0.039489198405765064;10.99571865270914
544;-0.941974920958475;0.19740207967104786;12.71714064897714
545;-0.7019894471135407;0.08881119839002286;12.497103505841192
546;3.2431439142201985;0.7103318504009599;12.797760881256329
547;-0.7463152638720073;1.0356707492888608;7.978231299842784
548;-0.9150604209705329;1.1143319433547436;8.525611111405285
549;3.011490931924868;-0.9169018888301981;13.945040407521082
550;-0.10659388023816453;0.46327795004377725;11.93721824641786
551;0.47963818713539474;1.1825756578023732;5.759469445140764
552;-1.039141506990036;1.2906931456100694;5.758425952475518
553;-1.8117056648850216;-0.18715843051112727;10.29521942755439
554;-0.4795343068176286;-0.39393079651456075;11.437055002070839
555;2.193265599454392;-0.1378453913919035;11.019158329789704
556;1.0743548573399733;-0.5611040292252435;10.525823240595724
557;-1.012127495520983;0.7774992764168924;9.172991157416478
558;1.012052471073409;1.0823559580872226;8.321248567088803
559;1.1628859120555972;-0.21642361652202735;9.58515979690417
560;1.3580779800997436;-0.40324637367495325;12.434827364338368
561;1.2869705562670113;0.058998719102962886;9.00581241752687
562;-1.446622982628471;0.7864771500533481;6.68233632212629
563;-0.798688175772625;0.176918617988423;7.303927680936579
564;-0.3105772439425111;-0.9237062418785482;11.340712863011266
565;-0.6122338954281371;-0.6582423790977097;12.961130875555707
566;-0.15082860292416395;-1.2769079102451748;9.45026887949835
567;0.18630324652594632;-1.1980675537225485;9.23164905935836
568;-0.15080518380349872;-1.0898074277587215;12.030047791333615
569;1.6587273218420528;-0.12760730227452022;11.415130534210515
570;4.754053120859096;-1.0304500699480024;11.111445485645477
571;-2.430052110838742;-0.13736348153481298;10.544032704428545
572;-0.2571749165548336;-0.07847636709859145;9.99566980073881
573;0.7448611464605868;-0.009807417655443393;7.836815850899749
574;-2.092537879213851;-0.7255915639899878;9.464597644582675
575;0.132989610723839;-0.019606336304156986;13.125582177690022
576;2.3936201940846535;0.34303664551050456;9.028051277860117
577;-1.2055777407707953;0.3233646355975093;7.774547001276366
578;-0.26591462759134926;-0.32329480980375164;9.269383405465506
579;1.302875235271218;-0.9011122973327237;13.228769543851122
580;1.3027684429125048;0.5973479146162988;9.47290250073031
581;0.15950954706053055;0.401409684759227;5.737237318947017
582;-3.588668351447977;-0.24470937056687803;8.604258515022993
583;-0.5227502849721408;-0.7926880285634661;10.031735806378967
584;1.2491805780668508;-0.7435969687543892;10.481076339612272
585;0.4606521763923209;-0.9292969509423393;10.272364655193789
586;1.5589996061791225;-1.1149174943857691;9.330796625005382
587;0.5314323558780591;-0.17600193157888155;8.464736926755194
588;0.017712914518611466;-0.801615227633646;7.2890267339568915
589;-0.09741276387721562;-1.514924693110698;11.232026845036195
590;1.168853529057373;-1.5732314878239924;12.187672187134778
591;1.2838581236649025;-0.439629365939086;6.51515251638226
592;-2.6029094435971043;0.10744209198167029;5.603488788870544
593;-1.2659320791022672;-1.0253655120698457;8.483432382655113
594;0.19474194717540966;-1.3766270668717913;10.255157244342005
595;-0.362896701599724;-0.6832869113398067;10.51590656861078
596;2.398450001239139;-1.249174174321201;13.421458715233591
597;1.654874482579882;-0.761054356019958;11.20590407659978
598;-0.21237169350686927;0.2536311585520939;9.009927230019034
599;3.928531179678549;-1.1801111514918405;10.414318892981878
600;1.4332565152058694;-1.7161632967979232;15.604502149791367
601;-0.8315691004753135;0.3217128212144128;8.30210625974012
602;1.3356999006584251;0.0389872879244778;5.658617778611072
603;-4.652420645417754;0.058468639554141895;6.99701625959427
604;-2.3879115451852675;-0.48713639047260365;10.20792860539457
605;2.3700105344989284;-0.25325779471009846;10.646096198243445
606;0.3183310269496959;-0.4090230684552319;10.138582265437686
607;-1.3351014897409923;-0.2336785755963184;8.5923169095973
608;0.8398885097132919;-1.1584141988740666;7.96371922404864
609;0.9812544147648243;-0.8759287510253054;10.797197384107008
610;0.5568774931023524;-0.8368241245972176;13.545424260115446
611;1.2815851890987568;-0.6323516986372038;10.79316191559845
612;-0.5656134139372287;0.23343516378501275;6.686021480644426
613;0.5037032167381551;0.4278756109305919;7.264430620679959
614;-0.48598469464313426;-0.9430756076268132;8.263265476515231
615;-3.7461541024513356;-1.9635239349513316;10.401917872561313
616;-1.4135121535426165;-2.0797385545022533;13.296643289280928
617;2.3850806481493554;-3.6339325590256744;14.359187426162833
618;-0.7684544184974167;-3.312607694885094;17.26143343575263
619;-0.591742945991316;-2.4280978033999947;16.380358752194248
620;5.0337605358362;-3.2626917056219544;15.238172478105238
621;2.0044849937165017;-2.679517518103389;14.992608976489699
622;0.2119079867304633;-1.20359418677177;15.503161061499634
623;2.5338273656017978;-1.7856122885680221;11.506220677576637
624;-5.0495199837489;-0.21345342981471155;8.023928130534758
625;-0.7238136511705361;-0.8827405148266296;11.875066745022599
626;2.038842278406145;-1.7069299063637497;13.84078143055212
627;-1.0766886513174483;0.30059115021516675;9.772531237081589
628;0.7853781522445186;1.4735661869561094;7.365326375172408
629;1.7029604105308471;0.3877017461439124;6.69281039807622
630;-1.226366841087405;0.9012236391680757;9.16129301637324
631;0.50285026680321;0.7654003219686563;7.081676311155277
632;2.5581144046795505;0.19373301423229822;5.282320969181637
633;-3.6603962458371715;2.8860386127330075;1.5462122314579227
634;-0.2734007273620072;0.6293779811654915;2.8031534627332726
635;5.2470207091154695;-0.5905280237962275;6.061508646659776
636;-3.994402225664811;0.4549054243139594;10.817458856405194
637;-1.3842383819377508;2.1482704643108836;5.3146504364129505
638;5.227855111768572;-0.20317398520011473;4.141122871326215
639;-3.808114963545422;0.7254759889403738;9.676337267481758
640;-0.16747012146652335;0.2901323393483673;9.860594947248675
641;4.1070214172526365;-1.3826879344798146;7.068552851503965
642;-1.1015603805085052;0.1450082618928686;11.047221979954697
643;3.1016878067498745;-0.7055663420476571;11.379883453354644
644;0.5286445020055904;0.05798022129843559;9.06318460045286
645;-2.3434250411600197;1.0434367529858717;8.225064910745552
646;0.8897084544380887;0.048297680382128456;9.533741339529511
647;-0.9248524213082417;-0.83055568964799;13.387515233971481
648;-0.325867917309915;-0.44416292665491625;13.849486848926887
649;1.9462060105410275;0.2509990780279712;10.494327396568654
650;0.096860295168803;0.23164581853425817;8.848899042058626
651;0.17609196947604092;-0.5307506278054133;11.390981502315249
652;0.5370266424191495;-0.41486897826286434;13.393781894504828
653;1.7517631979623127;-0.733113054908498;13.112921041311056
654;1.0562331852699423;0.6172375501891387;10.568210836908179
655;-2.341080614001548;2.102054682010492;5.454759023639234
656;0.0880016552430347;1.1279468211113308;6.724451898666641
657;-1.8302492036489006;0.5494055434972389;9.82054310489248
658;1.1525881687813813;0.5782091601663853;11.941976632093596
659;0.6598116941564305;1.3970676083244873;8.862148912152893
660;-0.8884560591191517;1.4931276409914747;6.2190579485704545
661;0.430989207679872;1.9069812006190558;7.635725450912524
662;0.6332256753205339;-0.14444037524982864;8.90363924477643
663;0.9937109770265511;-0.5872776538957153;13.737461740050325
664;1.5739473828271986;1.1550779003089966;8.548468998895197
665;-0.5363181859393575;1.1933512673881639;4.898505875986284
666;-0.5186807176201714;1.4625370440544796;6.98072902065212
667;-0.2109670776644198;1.2794749506025473;8.497548668546784
668;1.0898844440274957;-0.028854821744210155;9.699153986640187
669;0.8085405356571194;-0.10578083736711474;11.816400724933722
670;-0.500891916838131;1.172982267147572;9.677158146482576
671;1.1862004074427068;1.3265637992828465;7.177939492924656
672;-0.14057215909029702;0.7688765088974329;8.193959903654132
673;-0.632509177071711;-0.009609137001546253;11.068184599773844
674;1.8358430583516416;0.14410980371320004;11.223367275653214
675;1.4404162108105458;0.9317342340255645;7.671934616474179
676;-1.5280875620297636;0.3169220516525776;7.097582923553518
677;0.7024957932292499;0.8065590343411215;8.92583641228815
678;1.7472762661002248;0.3072029422983369;9.478548857825858
679;-1.8348875128926883;0.10558124027504234;10.649925292216778
680;1.7644682600710853;0.32628101176918894;11.56230665453879
681;-0.07899777528246239;0.5852773263459251;9.44580091553439
682;-2.4837810659466593;1.2566729760009216;6.563808526981796
683;1.3953348986251368;1.448262329329921;8.510213869121715
684;0.07897293640024111;0.00958936213971292;13.012239309889313
685;1.9390207569827251;-0.15340139217650112;12.188751771523549
686;4.316279987483008;1.131126258445282;9.086910857782826
687;-1.000008413974887;1.6580404060478053;8.614907414051155
688;0.3508431643897187;1.514000955301468;10.328700211491418
689;3.797476617500228;1.3700151622468895;8.796298821683603
690;-5.261537348665815;0.34483570516870543;5.503641270514657
691;-6.27810481581711;1.9058266135718203;12.28655579112196
692;3.5858567259410536;0.1436290485308473;11.657754983427502
693;-0.6311842783090822;2.489116709997291;9.582576330351525
694;-0.8765520063196275;2.412090167632692;7.462058415333428
695;5.3025774162868675;0.07656039920418245;10.316121944716336
696;1.2619671671647654;0.49755252315760284;13.178410363978026
697;-2.733972123828031;1.1671240093346773;10.248106637332864
698;0.28913941221222783;0.9660514274705164;7.530555472927848
699;-0.45556519478610064;0.831993650026116;9.664700078575713
700;-0.3153577403703295;0.009561429330338163;9.377753135408815
701;1.1561886613538126;-0.6500607917289836;10.130657297131439
702;-0.5605166207719439;-1.6917675622697046;9.816134694754899
703;-0.9370138248831165;-0.9938556880995874;10.209985031520278
704;-0.875620516176526;-0.8599144139554885;8.617233016882734
705;0.8667717809432992;-1.44248929717955;10.298466841874825
706;2.162321115791525;-1.4899897733720027;10.462205427754014
707;0.16631461933018388;-0.1814410535221586;8.75992730583353
708;1.7679980588411752;-0.11457414319998152;5.48666852142641
709;-0.26254588715672983;0.1622848233810334;8.279156524891654
710;0.2712684076692284;-1.6893747925674472;10.234664147901647
711;-0.5774773468486667;-0.4485125063337315;10.453408337654844
712;-0.35869753059227005;-0.13357613143309036;6.649387583382462
713;1.4608797530421247;0.13355284948101387;10.036698046921352
714;-0.04373422715692965;0.46735366105361986;10.549174810151317
715;1.5917552581049261;0.9059366818300253;7.637473512279061
716;1.5653496818266721;0.11441429860444131;7.7371691347792675
717;-0.052464193354665886;1.0486167189598887;11.452423701007534
718;-0.16611878921211468;1.9443723183725417;7.229986697442753
719;-0.6993724195348625;1.5533246330964083;4.467544746504271
720;-1.9580327260533223;1.229107573448352;9.483951036709097
721;0.8565472833025652;1.0193179514876358;14.828861932332833
722;0.4894030454811236;1.2191630714061712;7.491159406133413
723;-0.31458242900759004;1.2856173074883863;10.579427928968283
724;1.6601177874352484;-0.7521964212986245;13.052567415513087
725;1.1881671999395214;0.00951986225496733;12.124826891572045
726;1.2229818063829256;-0.2950658917195808;9.48387933935708
727;0.4105283246009412;0.3140494729845796;10.36187635533324
728;-2.410502876021308;-0.5899332252494133;8.986181698419692
729;-3.8948142427197037;-0.21880950412663364;7.601771098489285
730;0.7945963390493478;-0.47559333982808155;9.193929160868462
731;1.100092082368979;-1.5501757291925673;11.453960418376804
732;-0.646016330995175;-1.312200521918825;12.706296640875092
733;1.7196152873980588;-0.60845579918715;9.766191691277701
734;1.4139478663410059;-0.5893440563242942;7.1747779363175495
735;-0.4538110099004336;-1.634684601435444;11.812733876828485
736;0.3054168844527911;-0.9027296027069683;11.371748850181019
737;1.8846557972589724;-1.206608907971416;5.0309616757452575
738;-1.997869497908252;0.2279832510090551;6.8227509350379165
739;-1.2910607955491757;0.20895053852505707;7.937303550629839
740;0.750130317890403;0.22790893356037903;6.336060858672606
741;1.1861252553005608;-0.17090395253748317;7.605756815120099
742;0.2616171539140875;-0.2658075694259009;11.406882313920093
743;0.8196457479525984;1.2908569458485728;9.458585376218014
744;2.415079703233626;0.7876755400995901;6.122014160209849
745;0.5666546100980101;0.3700531823606089;10.552015859413192
746;1.4992943403444043;0.15179239188925808;12.349923962931934
747;2.117961912379435;0.6450147268340066;9.525904849234868
748;-1.071939910818448;0.7113000237318746;7.177597253199688
749;-2.047795616147176;-0.00948249555107361;7.833911299505399
750;-0.7231864808817391;-0.6447076881699999;11.858659056486065
751;0.6185631420971562;-0.3507414713872506;12.039446342495365
752;2.6133671135014764;-0.4549443765431397;11.508330543066474
753;0.5139071948453678;-0.8718399236232581;11.004753718977561
754;1.8899309646728097;-0.9190787982991184;10.83890688594776
755;-0.14804328486414867;-0.6442022529577324;10.116652379051548
756;-1.4715670380570853;-1.1650670614393268;12.012338150651606
757;1.4888229608564065;-0.6629435311906682;11.782597081902367
758;-0.39175369469544186;0.4639887464374589;6.18223007245892
759;-1.8192841251534648;1.0982531990676556;5.17846459432097
760;-0.8964893919356747;-0.46384604908286736;8.8969267739613
761;-2.7065872226139174;-0.4259158670455762;9.515429258714795
762;0.7483656021663583;-0.12302358983327139;8.311142473110786
763;1.0702230068657816;-0.4636337471711644;8.282625070494014
764;-0.5829049088972561;0.5581682470142604;8.299672991050256
765;1.5832451190066668;0.45403434991489355;8.189192011539548
766;1.0524852190857414;0.08511861287184122;9.317426583128448
767;-0.06957841425986017;0.08510583031474793;10.090191171908334
768;1.165314729207586;0.1985505461201502;7.6576432986183995
769;-2.086909715540113;1.1911255978952158;5.216672363407407
770;-0.704257525528404;0.12287563307554951;8.329139018700342
771;-1.6691744222941944;-0.40637452988365086;11.422549991820699
772;0.5650253391302731;-0.5197046349746002;11.757703372942464
773;2.1729449584092357;0.13226897470794324;9.235637660617648
774;0.17381723781053074;-0.32117751765093233;9.816653281107389
775;2.1290368398553325;-0.7367112169716089;13.717809389413434
776;2.189635731240412;-0.6988293252660003;12.751847853193002
777;0.9730690180213301;-0.5287670322378697;10.14918787370465
778;1.3204547445086905;-0.7175085022404201;11.96644780617224
779;-1.76331689291586;0.03775815976502692;10.291965228426518
780;-2.527445105740317;0.4152800699002338;6.836165677525063
781;-1.102927501803864;-0.1604261444314325;7.962362621824271
782;0.7381024963156885;-0.5000806926866356;13.332491913360261
783;0.3646713275731951;-0.028302430197893164;9.823147174686582
784;0.6337672928871405;0.5754012477729475;5.360692689279073
785;1.4931040282120582;0.13204065987823496;8.303465246708901
786;-1.4235089878902818;-0.25461400543932844;11.118320115018276
787;0.5294208103670226;0.3300089602228439;10.844435580457132
788;3.2195849538170163;0.2639703168691817;6.429556597526594
789;-2.1432748386258282;0.6975387716423117;6.392428510239206
790;-1.3968885201451513;0.7822661602890185;6.509657476933442
791;-0.4597976052655839;0.4429088486355952;6.300057592841546
792;-1.5267171727879318;-0.3768918400940188;8.414167455787842
793;0.8673633354656383;-1.0834156405900865;10.790957163807706
794;1.5697656008290466;-0.8195156199935621;8.321361959318807
795;-0.5116388370495393;-0.3390638023634448;7.104509786455466
796;0.9277918919771058;-1.1677283497203488;9.190293869030766
797;-0.03468024638862239;-1.9679217020101019;13.08983608170918
798;0.9102630658134037;-1.2615600895057115;11.945433269081953
799;2.73917773636031;-1.0637106702265173;8.79703605697264
800;0.5980504540444089;0.04706056723016978;8.070557527454758
801;-1.3693088746586795;-0.4517214954272837;7.407723603340586
802;1.585809987457434;-1.3738044618000818;10.833782997766205
803;0.12130645290846746;-1.0443303671269002;12.63644321007861
804;-0.11263025411960784;-0.8090146697641052;11.456692863505957
805;1.6892823202136997;-1.6554417821508203;9.416255791561655
806;-1.264667787670888;-0.9122555099699173;9.46049831469807
807;-0.38975546177161335;-2.4449042782879924;8.94297172001306
808;0.3983764601998562;-2.660841178439376;12.855783554766019
809;1.5067504334311064;-2.087035083775242;14.013876128835252
810;2.407094663087156;-0.9681852368563214;10.171848131366149
811;-0.04328871923771543;-0.4699330174785417;4.963101665529925
812;-0.19045127709398843;-1.7479292668972943;8.276974628012464
813;-1.947602291287821;-2.696733227197653;10.947246895984296
814;-1.1424791805023544;-1.3528947234648727;11.670380557721561
815;2.3539648580945256;-1.3057560133358113;8.971387774863496
816;-1.6787637047623853;-1.4370919577619967;8.363962955851875
817;-0.17305123171546458;-0.8640266188573661;7.249820030863878
818;1.9725886127191958;-1.737230453025659;6.506965189872999
819;-0.1470644273332775;-2.488159593551162;12.478692842767453
820;1.479148992418115;-1.5302658320828288;13.047451691270519
821;3.191533404376257;-0.7885072819368298;6.188316232627833
822;-1.2280574933499016;-0.2815756356533903;5.319245270682609
823;0.1902437588837913;-1.107397336680753;6.7207574441913644
824;-0.9943586767801289;-2.430351731837585;8.691801448947386
825;-2.170083947629265;-2.2330294718935826;12.652068742733118
826;1.5042143163991544;-1.5479247000504173;11.954544856334138
827;1.0372882735753939;-1.3601366389121856;8.246212987048539
828;0.7173881226647285;-1.5944552370610474;8.290629993904014
829;1.149438344087388;-2.3070005539929364;8.009599096601836
830;-0.2765298860621408;-3.2631814627343676;11.787287224506912
831;-0.4838806836474142;-3.272179019581178;12.69004010007902
832;2.3500516355772367;-2.240574512705143;10.62828385309093
833;1.0107708422622779;-1.6872683862301547;8.648248043784074
834;0.01727648142139594;-1.4058964496254986;8.792042842849295
835;-0.786004855474702;-1.9867746019082553;7.5805376002926375
836;0.04318296801833893;-3.1766060157510356;10.299221294176814
837;-1.8998703521085185;-2.6515589117920353;11.454619096388152
838;0.02590486767383933;-2.061052183575536;9.592860656393235
839;2.6334127290832514;-1.9390469459430597;8.9236645156202
840;0.2589998012623937;-1.4236836947855926;9.121593287430175
841;1.1740221860819602;-1.798139465984259;9.436892949644704
842;-0.3366365517017573;-2.500263955155216;9.607671856085648
843;-2.943136739626988;-3.202236774890372;11.521032773648678
844;0.0;-2.9397472219024103;12.684743517669089
845;1.311652547573119;-1.6850240386356141;9.533102534103302
846;1.1217041663857896;-1.310434058109457;7.60059883203404
847;0.8110034453694922;-1.9186456129353862;8.665083179968919
848;0.25880702486291857;-1.974592104680495;10.325087626369179
849;-0.9316196609883101;-2.4422479455961774;8.772039367536673
850;-0.6123975919346032;-2.170660099535457;7.751655787858933
851;-1.3540511688618369;-1.3565215008622102;8.102985977104149
852;0.6295333679218538;-1.9082881476533151;8.815179106807147
853;1.3106901611400463;-1.8332648896159034;10.230993913144417
854;1.6295922860014451;-1.3654557368523246;11.006094210260382
855;2.241564821640737;-1.3746686045008338;8.993684420186954
856;0.18965381594689226;-1.4119322527841849;8.027899536189265
857;-1.1809202121049946;-1.3556929745428425;9.1457591377137
858;-0.38785881113549764;-2.1034519248732266;8.468718078487383
859;0.29302278919336944;-2.2247642756639605;9.91106993241233
860;-0.6376988441060178;-1.654388779670748;10.703965762940726
861;0.4566898252268875;-1.4205791052708807;8.800663033141337
862;1.8782945720590498;-0.8130156555017514;7.384506175087992
863;0.69783711566753;-0.6540874063527963;9.024934541263098
864;1.283563259415805;-0.9903801850871218;7.626989518575346
865;0.18950285694740693;-1.4013479047322834;9.41145095406748
866;-0.70626741705036;-1.5039712202525761;10.041879636905213
867;0.7406552686424062;-1.8214086972350965;9.257088624922224
868;-0.09472680462064817;-1.3542544289096397;10.689643890923902
869;0.8352462811966064;-1.4008229411104216;10.364572939158304
870;1.5670287969646504;-1.1018792668886648;10.30090184299975
871;-0.37020046377458593;-0.47619241668851436;7.623866100870568
872;0.7231207990936418;-1.0363247340723913;8.93007171024801
873;-1.1792757325809775;-1.5776854049594622;9.226946629895348
874;-1.7558535211428956;-1.4748637884270797;8.217318905069792
875;0.6712992804156764;-2.0440918030445987;9.604398657055564
876;-0.43028404075908133;-2.1372407357058667;11.135496109733191
877;0.2409389678557029;-1.8104296507035242;10.207034804491647
878;3.407282118058239;-2.267506032182704;10.638946612857444
879;0.6194546097288905;-0.9237190789217692;10.14300378560753
880;1.195793036762331;-0.923640017310921;8.476133250704576
881;0.3268806146010541;-0.914232670073438;7.10666034753713
882;-1.298814272519651;-0.736921344822759;7.205422070932638
883;-0.6450539036229748;-1.2871728072916737;8.060719067284541
884;-1.6426042334705726;-1.6041691078587919;8.618753800106425
885;0.10319194153299503;-1.9304400622646225;9.122717519639119
886;0.4815237519269641;-1.5199808843716858;9.167380921943543
887;1.668002436926215;-1.603776285662255;10.36468242325773
888;2.0891357431170405;-1.342588584452074;9.382791556329593
889;1.3324707247362688;-1.221285486475893;10.670059314459593
890;0.46417899876566593;-1.127968479747561;9.121001331485441
891;-0.343809319429589;-1.56598236972101;8.121284290787573
892;-1.2548059553245654;-1.7895552591502633;9.300451188849785
893;-2.698482626682801;-2.190172537889179;8.886012701501583
894;-0.6358989430033417;-2.2179629829813856;8.993769319004967
895;-0.24059189789688;-2.2737062732235858;10.208837840969885
896;-0.37804400833929114;-1.9380960711171387;10.622646483163656
897;2.027536031054448;-2.1801962349616417;11.027441394007571
898;1.7095300117296623;-1.8446456768210622;11.702280018667567
899;1.8897901298381234;-1.3507784835508685;9.6586350115947
900;1.640558201993422;-1.2109553526397747;8.236194035791357
901;-0.36931273890413363;-1.2294974961698335;8.326013690462755
902;-0.8845671606720938;-1.3318613139385476;8.271824281936256
903;-0.37784543463030845;-1.5832205007992917;7.920623819849661
904;-1.8203941918672077;-1.3223630133565298;7.992471734798243
905;-0.0601029662558336;-1.3781428045600999;8.235331693843113
906;0.35200606427962944;-1.4246045830051108;8.766200023401744
907;1.1933002142310578;-1.191745827842731;9.018058711357845
908;2.7727213575432708;-1.8154291687822937;10.898904691350369
909;1.1759618947195334;-1.163659933247525;10.565759236731278
910;1.8367733487961413;-0.9774104823570866;9.521660147036952
911;1.0642234933952914;-1.0238877784684985;9.56654665055865
912;-1.3044403489547935;-0.9400550565537819;8.972481551339346
913;-1.3815806566788194;-0.7538579500452639;7.09152337604937
914;-1.184129827930252;-1.5448468128729715;10.232228685303188
915;-1.6816915369994347;-1.2748852761538698;9.206241747829292
916;0.37749673370201886;-1.2561971192332722;8.7742272191371
917;-0.03431554831233481;-1.3398625646120037;7.793276853293605
918;0.35171057937564215;-1.8608093856980417;10.71797003354148
919;0.12008822736144904;-1.990948612127505;9.881028783021044
920;0.6604411013781211;-1.8512884489181824;9.656040524606409
921;0.1543785900779712;-1.8046698175008464;10.771932924001403
922;0.2572806955333988;-1.3580763687148396;10.78994688403348
923;0.9433008660397555;-1.3580002170775574;9.098135827315614
924;0.0;-1.1719080350575426;9.674117842965488
925;0.6259276255354306;-1.2276460609095488;9.890149016280759
926;0.25721403643444885;-0.6974885528478928;8.549317626588353
927;0.703006970334601;-0.5300631225891252;8.342397549836075
928;0.7286806577319603;-0.40915005585991887;8.270474789532301
929;1.0200889336335646;-0.4184272619203405;8.099567025594736
930;1.3114612107296393;-0.6229598722680727;8.603636724225247
931;0.3428444809776021;-0.9948262413374986;8.909735687630137
932;0.4456704932686011;-1.2457953424969443;8.900858115524507
933;0.5913344911926225;-1.5246304140304734;9.116991060468862
934;0.42847735747749954;-1.6454061324696612;9.486144818493143
935;0.6426774909151292;-1.7754671578489087;9.540312876590193
936;0.5398170093200453;-2.0542406458919165;9.99051585384327
937;0.6426013690957573;-2.2307469595006224;10.755770368115227
938;0.42837586368151687;-2.0261705558038465;10.260953967520496
939;0.3341137743660976;-1.9238470226711482;9.532100915074244
940;0.4111933008468436;-1.9795242044342383;10.180418686670299
941;0.08566037933809557;-1.9236804032402903;10.576740364627927
942;0.0856555340983335;-1.8120862245221656;9.766865820798058
943;-0.26551728615660847;-1.5797019708136484;8.94795690762322
944;-0.6594739827883809;-1.3473380789405802;9.407330141984827
945;-0.24835964786402956;-1.4866583821737223;8.732427146286277
946;-0.6850926204903871;-1.4401438773487365;8.570653532795673
947;-0.32540141562777963;-1.5980336801618473;9.084111446680328
948;-0.368197650211146;-1.635135676898851;8.778307435043699
949;-0.15412107140689757;-1.6443654547987803;8.553525808286306
950;-0.29110228887864387;-1.8115234701081602;9.11209263941504
951;-0.11985940997339173;-1.904354652327774;9.166465974788935
952;-0.06848755852926042;-2.015759080095273;8.9237006475062
953;-0.14552864054810435;-2.0992909128913464;9.482380769461692
954;0.05992053180585816;-2.0992212945193875;9.590846589565734
955;0.10271577180284944;-1.9412522891056123;9.420152143932402
956;0.291013636331043;-1.8390229039927173;9.591693410747046
957;0.05135283214821408;-1.8668293253732915;9.853330998208326
958;0.2738685180076699;-1.7088867535248526;9.79074877673717
959;0.30808732311814985;-1.504519231507818;9.746189190971046
960;0.2909575947650805;-1.318738467711058;9.476437502989125
961;0.7958173411193772;-1.1886889451334504;9.431883611482986
962;0.6674287674315736;-1.1793704352793304;9.522472173211836
963;0.9240898755614076;-1.1793394625751563;9.622092539690117
964;0.7443721184842607;-1.0307350029912914;9.54153851990848
965;0.5988933654855888;-1.0121382009494844;9.145622388845796
966;0.6758640702290363;-1.1235392792550676;9.335387110200184
967;0.2566460706646175;-1.225650853886433;9.507163629726339
968;0.12831751615653295;-1.2999036745554962;9.309478759553292
969;0.7014393271133417;-1.4577175152078903;9.219934305625587
970;0.22239826284235406;-1.2627100327910652;9.238550207836555
971;0.6329535163741165;-1.5040802561490887;9.635760417044231
972;0.6158215609031314;-1.3740716509564497;9.122582500955295
973;0.5730330683090429;-1.4297507167968828;9.312518083836162
974;0.25657181492047715;-1.3368860928041189;9.529540745248246
975;0.11117677704632849;-1.3182960731538038;9.025304661571035
976;0.18813806614323555;-1.3089912294908708;8.971855233582525
977;-0.10261686780850576;-1.2347032791668877;9.15286833586725
978;-0.01710217276284881;-1.271818820264071;9.045336081132664
979;0.11116003199337754;-1.2253851974002006;9.064066550039795
980;-0.06840369505582479;-1.1789538830336128;9.38948125795337
981;0.18810346000339223;-1.206788526601252;9.263941270601277
982;0.12824786208939756;-1.3088865904936993;9.192520259902457
983;0.03419825162675979;-1.327438359935441;9.454909686316968
984;0.09404201155047977;-1.4759484560655471;9.52788209236119
985;-0.008548989001813757;-1.475935272365165;9.456505277239822
986;-0.008548709553429248;-1.5873137335909278;9.61073465237828
987;0.051290609464950905;-1.568737182181072;9.467180776054557
988;0.11112615692914192;-1.4759028411833173;9.477053336167973
989;0.213697552134407;-1.5315885995345222;9.595259730979839
990;0.17950049653724343;-1.4758871728355079;9.478789685026657
991;0.21368473582874492;-1.4016231057671402;9.281056607022952
992;0.25641421271086057;-1.4294651109048895;9.254853639303946
993;0.18803173942936358;-1.3459216728366856;9.318959029074817
994;0.3076797254555147;-1.3273550492077117;9.35599729708792
995;0.23929994633739224;-1.299507365063877;9.483374349467166
996;0.31620936379082687;-1.308789518915149;9.764347947691443
997;0.43584480887463106;-1.3552014353733464;9.900854080069934
998;0.1281863933868001;-1.150994984122396;9.96512594198324
999;0.0769099318914379;-1.1324333145113827;9.993284565645814
1000;0.12818012663621162;-0.8539688061033036;9.903990060048226
1001;-0.6836112456348602;-0.5940676984134564;9.742390220982635
1002;-1.0168485212828853;-0.3620117688592712;9.400000381606754
1003;-0.22216363976075146;-0.6590508638996948;9.90725991231043
1004;-0.2990599878069592;-0.17636687554867864;9.619082929589055
1005;0.5297523146498662;-0.02784760632822989;9.764850157528368
1006;0.8800544806046603;0.36202185309276913;8.970236585123478
1007;0.4784668234684608;0.6033752043479197;8.880854753823105
1008;1.0679859797270588;0.43629101009718385;9.180387235353114
1009;0.7945669504015388;0.6405192032456283;9.299089280430037
1010;0.7005734762818102;0.6962245142052989;8.865973668381171
1011;0.6834745910594365;0.770498010077033;8.62277272521476
1012;0.08543292151815236;0.8447740115336464;8.334278518061877
1013;0.4100715753585579;0.6405519722184249;8.290082805452316
1014;0.2990060038976025;0.6034274665034309;9.006212017627316
1015;0.683432373915206;0.28779302402659585;9.333275689263367
1016;0.44422494007953417;0.4363385842617829;8.954239974828122
1017;0.30753630546446076;0.3713584316327388;9.326685702212016
1018;0.35878788811073364;0.21353499653144245;9.282657735598246
1019;0.26481652330202393;0.04642153745588696;9.47412662847467
1020;0.04271186484925093;-0.10212942880453836;9.88307244953458
1021;0.10250740892961922;-0.1856937169244568;9.757605969047711
1022;-0.04271100250517315;-0.0278546608944149;9.532445894770884
1023;-0.03416849314393279;-0.05571057493908307;9.67880125552212
1024;0.0;0.009285312918178943;9.607681781333708
1025;0.008541985967166665;0.13928305938445332;9.464034743027947
1026;-0.07687733125161307;0.2971446441330593;9.401959578472766
1027;-0.07687684448460397;0.29715234283632574;9.231065281215116
1028;0.008541823731158445;0.3064465489064608;9.105481258223975
1029;0.05125068712581997;0.23216290237033183;9.34269643102015
1030;0.14520966908344915;0.22288272199946768;9.298767445426744
1031;0.22208457563627368;0.3343338931257103;9.18225290080432
1032;0.3075008479813647;0.2414706573738647;9.256286167129455
1033;0.22208346615446156;0.24147815929390495;9.212366750537345
1034;0.3416663774542741;0.16718252769098088;9.286457098032368
1035;0.33312447978575144;0.09288222561925877;9.287953149282316
1036;0.36729107897415875;0.07430828460023305;9.398431923651875
1037;0.3587496794362166;0.046444279897034244;9.499879348096123
1038;0.4185418748695962;0.10218104217231527;9.401535620185973
1039;0.4356261563812597;0.00928952230794067;9.339514264112498
1040;0.4014605465673904;0.08360880310282261;9.550087587787086
1041;0.36729498090941437;0.08361198141014987;9.651687741527802
1042;0.36729655578020354;0.1300681465215992;9.407927806955332
1043;0.29042200527712586;0.23227378420431227;9.345924654570961
1044;0.32459115671959016;0.2880311940703692;9.42940315015256
1045;0.27334169192107843;0.3066265673890714;9.421979501608549
1046;0.2733436618929714;0.3531001135713011;9.332702687960674
1047;0.22209348145264893;0.2601902982798202;9.434463467636103
1048;0.22209540930015223;0.29737346255845454;9.281489869003552
1049;0.24772414559289704;0.26021350577041835;9.264992657772398
1050;0.12813447787437204;0.18587531243696007;9.294019443779314
1051;0.11959348974638473;0.14870721565903833;9.3321757764649
1052;0.17939231639062336;0.16730359236919295;9.388574395122538
1053;0.14522415859759283;0.12083624509495222;9.417684935136775
1054;0.15376877268902026;0.13943332965048869;9.364834202786843
1055;0.17939939668552188;0.08366421041699687;9.357536768683138
1056;0.1110584009917101;0.046482497448829645;9.459609693456361
1057;0.17086170610328877;0.12086080081261315;9.397667646326129
1058;0.17086447129958546;0.09297477173879555;9.344832483833121
1059;0.20504084382787904;0.09297978513163581;9.41053547420603
1060;0.22213151211278634;0.1673727922607063;9.38507354222429
1061;0.26485402021969806;0.15808311706530337;9.450841794840958
1062;0.32466600738637147;0.1487925300141039;9.36153886722974
1063;0.23923238139400366;0.12090088366835709;9.354349910678746
1064;0.28195829862150334;0.10230672662956408;9.356301538585154
1065;0.31614189339365306;0.12091511611133503;9.440439214994042
1066;0.31614895911070356;0.1023189545719407;9.433308415417343
1067;0.3588800788835185;0.11162749214059232;9.417056916783189
1068;0.3332537567309334;0.07442294395333589;9.428221126143281
1069;0.3161716413977631;0.12094489575877977;9.44854274986309
1070;0.33327048166523093;0.1023445245390297;9.350071135526036
1071;0.2478230297740231;0.10235114990508243;9.39784167559857
1072;0.2905590081750098;0.09305259941668384;9.427361647871182
1073;0.222198361643088;0.08375291553011728;9.402033563564233
1074;0.22220472981041237;0.11167808786772622;9.459042436488451
1075;0.23075785735281634;0.08376429302752873;9.42459195233801
1076;0.16239008186027204;0.10238568061354801;9.463358402657175
1077;0.20513068194540413;0.02792532599443178;9.447233397671981
1078;0.19658983204603328;0.03723641633707876;9.4494288669539
1079;0.1624056081008781;0.0279293237552247;9.4424823117371
1080;0.1624110464459534;0.0;9.426387287243697
1081;0.14532013418078626;0.0;9.428626513174805
1082;0.17097085681407642;0.009311838235327649;9.45837836120326
1083;0.09403735741680887;-0.08381288628329593;9.488159322212278
1084;0.18808161731278644;-0.037253026590153664;9.481292637185271
1085;0.17098970649530365;-0.04656989301162166;9.456095501074678
1086;0.22229515346904033;-0.05588825890768691;9.458423503626792
1087;0.22230387142229285;-0.15836264709024558;9.442415519492146
1088;0.1795603196292526;-0.05589718657222916;9.499844669705114
1089;0.2565252274764424;-0.12112041530451859;9.520595148461156
1090;0.2394335433020559;-0.10249493193397761;9.477089167162871
1091;0.25654683997735644;-0.22364387850984505;9.396834000505631
1092;0.2993176358808106;-0.24230122772118087;9.43599803919723
1093;0.22236006801467906;-0.18640139746947343;9.493577182869279
1094;0.316449755380894;-0.25166349956913947;9.459276321676487
1095;0.2993580979843654;-0.27032873123726087;9.480144231332151
1096;0.2908186095163461;-0.344932453567228;9.473445990096033
1097;0.3592636006195354;-0.3169930772114228;9.503559832161303
1098;0.33361807545805044;-0.37296644345557173;9.42327739884823
1099;0.33363452099057456;-0.3730002293737862;9.563884974794954
1100;0.3422064065835921;-0.44764125971531266;9.612510832156318
1101;0.2823346899408593;-0.4476826510707841;9.569080506470943
1102;0.2652372637328267;-0.4850348324007395;9.654616260694233
1103;0.27380773339495107;-0.4570951660172775;9.57434663012683
1104;0.2652654615405466;-0.46646810756577556;9.623093834546427
1105;0.2224928108772163;-0.5038340008062272;9.625784093884377
1106;0.17115778283717362;-0.4945518033328032;9.573155910096773
1107;0.17972577267607806;-0.46660411478051567;9.61276776922149
1108;0.16261831347417857;-0.45731731309345536;9.560139227525962
1109;0.15406837685106414;-0.4386951968161055;9.58134059714159
1110;0.1626372976504964;-0.39206506300969307;9.547171854371358
1111;0.18832811000329056;-0.3640975203695814;9.476056148888215
1112;0.1883395158709054;-0.26143025153121685;9.515777972508657
1113;0.1455440266112586;-0.22410632634339772;9.564780843575923
1114;0.24829645766289551;-0.1867748359645792;9.484412305160015
1115;0.24831215396122375;-0.19613431602826423;9.588948496902052
1116;0.22263895262673997;-0.14945161495485507;9.582568172881803
1117;0.2312170103254416;-0.11210077395859591;9.631714778762253
1118;0.26548889560126565;-0.11211294770333939;9.569845218965092
1119;0.28263607248244466;-0.02803130753917739;9.609792467588818
1120;0.29122052198412596;0.028034405365853964;9.603477473234229
1121;0.28267458477447005;0.00934584380597501;9.532327989121912
1122;0.3426596602619293;0.0934689400770817;9.544550559659072
1123;0.3255496000416233;0.0467397695112982;9.528988225771489
1124;0.3427082061988105;0.08414120858834453;9.606156944418744
1125;0.3341646299369753;0.06545071250715523;9.534985232979801
1126;0.317051170146006;0.13091664705829387;9.556567978832843
1127;0.3342137937949237;0.1589888524444793;9.624586780559271
1128;0.30852815640818987;0.14030086000288483;9.506981616278582
1129;0.27426805632032225;0.15902659930495347;9.528625343093355
1130;0.24857450634924022;0.19646821827510008;9.522428408268416
1131;0.1885884107653661;0.13099468331515762;9.553416447821235
1132;0.18860323464769868;0.11229486037836899;9.537960956201237
1133;0.19719178395967435;0.18718112998747333;9.587606387733796
1134;0.19720764894381676;0.140403262993649;9.58148658751189
1135;0.13719909949649978;0.06552971684732492;9.593990653025209
1136;0.12863474042546383;0.09362566781580828;9.522741141659264
1137;0.1801036281406162;0.09363755444378888;9.572513789804896
1138;0.12865627801410728;0.05618972193671934;9.585077101313306
1139;0.17155630201062733;0.06556312961154478;9.579028895901606
1140;0.1801496216325582;0.14987804279478525;9.507744501482318
1141;0.1801652937922514;0.11242324030541909;9.6135932901136
1142;0.2659816905781096;0.168657094495535;9.588942503155723
1143;0.24884369218355412;0.1405662473378527;9.564292123631237
1144;0.26602922672196094;0.1687020676048575;9.520972097852367
1145;0.25747099774739535;0.17809841076855693;9.636377133058545
1146;0.29182724251638464;0.14062309628385106;9.621107347355563
1147;0.2661024414556935;0.1781469515474109;9.615187754413705
1148;0.30046636473007265;0.18754893011310123;9.59993380862655
1149;0.3176659230600507;0.16881745654246852;9.650141277174136
1150;0.343455415298788;0.13132081762556005;9.61621230963186
1151;0.30055250393958644;0.1501020469467196;9.610350003704959
1152;0.29199375518622217;0.17827143591923494;9.65130459993785
1153;0.2662558091462074;0.21583304789118213;9.570567274013106
1154;0.2834617659476074;0.18770787482036555;9.705250582381922
1155;0.2663090053634773;0.1501880288574477;9.661992627002878
1156;0.2233785634505992;0.1689861383940468;9.618719228271154
1157;0.21480907210303662;0.08450545965521304;9.669214889638504
1158;0.2320177397571811;0.17842675678805117;9.75729305658899
1159;0.2234477926548649;0.09392277291004072;9.676515006523104
1160;0.16330596297698854;0.046968413163965925;9.71775064907113
1161;0.2234950503506539;0.07516078306781313;9.721463908756409
1162;0.21492214196204146;0.09396522025036103;9.71580033239545
1163;0.14616286734443176;0.00939795668840294;9.644350195306732
1164;0.20637009918791016;0.03759760047763662;9.685703954777017
1165;0.1977931314067712;0.0;9.71769918776865
1166;0.2064157795730573;0.0;9.702682542697435
1167;0.21504056477990569;0.037615155517160014;9.706499592125352
1168;0.1720519051097665;-0.037621084332281104;9.710336453588896
1169;0.2581073214290012;0.0;9.761303666679536
1170;0.26674162181295846;0.04704132072437602;9.77462511471157
1171;0.2323503124173281;0.0;9.703106584174353
1172;0.2754104252346182;0.06587907917454924;9.69758180868266
1173;0.2668353796308186;-0.037651309093128686;9.692070329799495
1174;0.2754757880468649;-0.009414367875760098;9.762098516025635
1175;0.2927282029159851;-0.07532734176865738;9.747197296803193
1176;0.2755422773537531;-0.009417477804426975;9.713401684311462
1177;0.3272464347700316;-0.09419046810337389;9.793029117919852
1178;0.29283552244782357;-0.0942062617680591;9.815998280371241
1179;0.24118862443787825;-0.0753777253617926;9.83900446390086
1180;0.2756786555905903;-0.11308577438408338;9.833652653376504
1181;0.2843295015803809;-0.08482880954246322;9.78097081752256
1182;0.2843656907349725;-0.10369746693179292;9.766152292328401
1183;0.2413109487918135;-0.10371537933405106;9.770290516006883
1184;0.2585808695842854;-0.1320243254927498;9.774449109278398
1185;0.2241326302371402;-0.10375152908678385;9.892442693868407
1186;0.22416207761199552;-0.14150421836668964;9.839759771694997
1187;0.23281451405289053;-0.1509645217131551;9.853496212696092
1188;0.22422167773912816;-0.16986528246577778;9.7627966476533
1189;0.2242518315140958;-0.17933431101687025;9.862055316558552
1190;0.20702974595163137;-0.21712793928023863;9.856861559379162
1191;0.215685446671588;-0.15107284824451145;9.842169683263283
1192;0.25885813479697656;-0.18887540131634503;9.856022986466986
1193;0.19848541435693234;-0.1983554496395789;9.888940366145803
1194;0.23303715813929107;-0.18894469545351228;9.8838162620986
1195;0.24170219500281656;-0.1322857580473835;9.907283845746706
1196;0.20720267195283215;-0.1701133118313974;9.8354844413011
1197;0.2763096937529244;-0.14178760266308704;9.878054282873146
1198;0.1554465613007318;-0.17017711477102668;9.787132195804215
1199;0.13819474981164692;-0.15129714709080166;9.705688064580778
1200;0.3282604437047965;-0.037831475756521;8.946291639325022
1201;0.46654393199059657;-0.29324997766723204;9.972473334070855
1202;0.08640982077116642;-0.2743833253746615;10.206419057224538
1203;0.18148769537786436;-0.14194981950842808;10.144208391314837
1204;0.23337636667257758;0.028395476801646002;9.66107829462015
1205;0.2247668021860027;-0.06626904993848945;9.789987071930726
1206;0.3890787383648976;-0.05681318700595314;9.890310299748354
1207;0.03459008301689678;-0.14206098688350752;10.086532954606511
1208;0.7524505441605971;-0.3599592074608117;10.474625877631086
1209;0.01730040467033966;0.0;10.134421184737928
1210;0.13842491397837609;0.0;9.793911792763275
1211;0.6403161855944857;-0.028434917202804298;9.760199769563188
1212;0.1557773151135629;-0.009480224804310872;10.081732274246187
1213;0.22504764502573948;-0.07585722791623963;10.278709833387062
1214;0.29434045410590365;0.047420461401426584;9.880018289973822
1215;0.24243729712784023;0.07588833584793739;9.682885488916206
1216;0.34639546260325393;0.05692800888788538;9.860766048457277
1217;0.17322616881421704;0.018979943270674333;10.125461904355125
1218;0.22523123993646366;-0.009491951712023664;10.04376558622274
1219;0.2859179829560099;0.09493941458866803;9.856027446073574
1220;0.21664081645548772;0.07596753939569473;9.822347830464382
1221;0.1906760436264494;0.08548157924569037;9.904379617127256
1222;0.20804551342661082;0.09499974193824932;9.899669843998357
1223;0.2254211178073493;0.05701203588230659;9.952894002058128
1224;0.21678833513044862;0.009504048158477833;9.977212300627873
1225;0.2168258250759922;0.1045671067526241;9.904939410416556
1226;0.21686356011561342;0.0760653010321237;9.929292519242928
1227;0.2255775867883741;0.0570614126502458;10.002051807410364
1228;0.22561734255655122;0.04756159222880816;9.997477674386195
1229;0.22565735475658716;0.07611529958323163;10.060697392502016
1230;0.25173966683962806;0.06661561823281519;10.01743033601973
1231;0.2431026389551092;0.04759315306966455;10.003215154449155
1232;0.24314656079569452;0.0666452936512059;10.02779298744853
1233;0.26056151668302224;0.057137346478673946;10.081522984592304
1234;0.26929615739506596;0.04762518288850641;9.970287693386679
1235;0.24327999868090022;0.02858157919195354;10.062930009511502
1236;0.24332503726605048;0.028588079265037224;10.009911055664306
1237;0.24337035641404076;0.07625229608806913;10.024917660215253
1238;0.20864223820466174;0.028601173785642284;10.039956796000498
1239;0.2521568977803795;0.0;10.113430581153883
1240;0.2348112676016004;0.019076263583983327;10.07013204312495
1241;0.24355444964799264;0.0;10.026803878696375
1242;0.24360117987037588;0.0477129009007145;10.051692368617008
1243;0.23494645197827163;0.05726892458597107;9.998585977526186
1244;0.21758526242915605;0.019094143963083298;10.052798791421962
1245;0.25244817930410696;0.028647999337979922;10.058260523425474
1246;0.19155002166992513;0.009551605499093872;10.102827035858246
1247;0.261256165580523;0.0;10.030147889476575
1248;0.26130806738231266;-0.009556181427128246;10.064999370321436
1249;0.20037620923259708;0.0;10.1488403591519
1250;0.2265577523091479;-0.009560799862117775;10.115283503618661
1251;0.22660353538042324;-0.06694187634765107;10.140492660344501
1252;0.20049771091234414;-0.01913092180107091;10.175548634116273
1253;0.27901035640496685;-0.03827122870565039;10.161618838169229
1254;0.26162596019058193;0.0;10.088804739915515
1255;0.22678935470696993;-0.047862659754461245;10.143579718203755
1256;0.2181120187739529;-0.009574911173547272;10.198432957391018
1257;0.2705154156310908;-0.047886499598254834;10.16488926631252
1258;0.22693155491306416;-0.028739100802960087;10.190341549300864
1259;0.29681935946285665;0.0;10.17647114112186
1260;0.27068690442824145;0.0;10.133059310861546
1261;0.296945817532799;-0.019173930755041438;10.109320712336057
1262;0.2708028555542954;-0.0191788170412023;10.154582141385744
1263;0.22717399751881015;-0.03836744883542039;10.249234748864172
1264;0.24470203834628146;-0.038377307820253545;10.245311162206702
1265;0.2709792323289243;-0.06717762040243509;10.17226820322179
1266;0.46338867863670474;-0.2783793828991627;9.209797781996585
1267;-0.6383931250027329;1.2290286645779684;6.545556953865923
1268;1.3295515959634578;-2.103340564455342;14.038681178340696
1269;-0.3937049829879194;-0.48034067366691113;13.848979261781286
1270;0.10501151831352815;0.40359240533390744;8.16176762243312
1271;0.4551524039056124;0.09611883453716605;9.038777125596262
1272;-0.6916380568407032;0.211517581325338;10.154848234848748
1273;0.7793645318139696;-0.5866369066025358;11.718793255961137
1274;0.27152615690834286;-0.4040219990454567;11.944252461657163
1275;-0.0613264554539514;0.1250880291626663;9.606849387455101
1276;0.7799022390196562;-0.05774850726068061;8.91679950234902
1277;0.07888483718367251;-0.2599386438730676;10.752393304158709
1278;0.04383513981815201;-0.20222947231112398;11.306324171608445
1279;0.5787596240965814;-0.22154986977849175;10.237661657405642
1280;0.30699037379962985;-0.028905727463555277;10.303709300340516
1281;0.08773232014202584;-0.009637893144174058;10.260172673158252
1282;0.37733884244671134;-0.019281108979638;10.066941460997562
1283;0.31598722026550186;-0.019286453744425964;10.302770142985944
1284;0.1492520918523176;-0.04822954849542855;10.43901063684466
1285;0.22832308127394313;0.019297209590969117;10.105639990103546
1286;0.3601354251314685;0.01930262072096081;10.111934808449517
1287;0.2284343155031594;-0.028962080023322134;10.52858719854028
1288;0.16697373156389494;0.0;10.404998547401046
1289;0.32523954571070124;-0.019318987227235344;10.241188547475167
1290;0.24618820375885173;0.0;10.377998219260508
1291;0.18468710911121614;-0.019330009402850415;10.354463335683663
1292;0.2814983797951824;0.0;10.401192126979652
