;ax;ay;az
0;1.2884407211272457;0.10756211844280786;8.897628232183884
1;0.5437039386533706;0.3675228383471521;9.181089709286692
2;0.3246351464975842;0.2510043310074021;10.17450316312409
3;1.1499726649040387;-0.13447372732639978;10.718131105524966
4;0.6850663099877553;0.10758476550106352;10.091033663902309
5;0.4833057207952118;0.32277189040225474;9.722534134995984
6;0.8528085542423797;0.23312591069187036;9.343942781596137
7;0.7476850943630384;0.2062383169230591;9.907522947002544
8;0.5456458979085559;0.08967392121016007;10.423636345576135
9;0.7220243325083521;0.10761489551084101;10.025439504106563
10;0.7664351491632877;0.21524232558934228;9.732736089919047
11;0.5464688888829828;0.2242239919573625;9.66142486721371
12;0.6790182311134223;0.18835939046708608;9.802255200297362
13;0.8028760339380545;0.12558052474876266;10.174913347798368
14;0.600249547587959;0.12558820914728983;10.180932330110739
15;0.6888627273151133;0.15250941052161757;9.935640717943935
16;0.7245470062362046;0.2063491783531093;9.76740021033424
17;0.636501195794521;0.2063622586716782;9.850520700366936
18;0.7694836592068334;0.1615112557867726;10.137034379498663
19;0.7698608526207843;0.15254830612960876;10.123538998795341
20;0.6197310874250612;0.17948035332833434;9.993683287092116
21;0.6820364712264775;0.2153907068157148;9.834554750061395
22;0.7444015066032084;0.1884794998003517;9.7916700453227
23;1.3387991407418052;0.38596035206652907;8.030063393827803
24;0.34594970651262774;-0.15259943187733055;10.055431486263487
25;0.47923820323380606;0.9425910699681508;9.48759446160998
26;1.394010599651516;0.0;10.12516086142208
27;0.06218314295285145;0.04489159499801544;10.08219078524962
28;0.5332531760861486;0.538737579404001;9.659392871087913
29;1.6805484250127394;-0.26040859488649676;10.375994526346062
30;-0.1067522176339206;0.4490130046569438;10.167295911992454
31;0.5340141670269354;0.26942758414676615;10.172917858612795
32;1.5582777948431499;0.017963171754801346;9.98334270043869
33;-0.1336296433401825;0.5658822757438093;9.92046963924556
34;1.0784526295608026;-0.08982936656379768;10.365519807138156
35;1.0343732786037128;0.17068882358341445;10.009488547294854
36;0.2141083253492013;0.3503882344121194;10.230077105682618
37;0.8122059295965666;0.0628950844281519;10.186671078523268
38;0.9108079998280444;0.27855720389166;9.712401585963612
39;0.5092169517809311;0.1437828255253217;10.207398590323987
40;0.6167055564234615;0.1707557248408889;10.173635789398983
41;0.938897635544046;0.17076946440056812;10.03194212413328
42;0.5367596224000417;0.12584034733264984;10.272725419910815
43;0.5459558594824744;0.3056372821638693;9.924733374051165
44;1.0565941696142647;0.04495036563497576;10.047801143763012
45;0.47478831844898656;0.21577971670732743;10.27907190769258
46;0.5198159310270186;0.31470516289343;10.077944319106331
47;1.1208009209133443;0.026977009462646195;10.142189134192966
48;0.511316280846103;0.29677240783608533;10.108053019238938
49;0.5833428248508755;0.21585302955860608;10.10339922291832
50;0.9158110782254382;0.09894121529000348;10.167683755743473
51;0.4491282660227301;0.33283131689883444;10.14329217206158
52;0.7458862123133173;0.053977392578328606;10.256926460606643
53;0.8001622344641617;0.19793465578786312;10.045026593739292
54;0.6026370487022662;0.20695016404120248;10.148805601277637
55;0.7378828113982261;0.17097422300080467;10.193401934746102
56;0.756214052317247;0.2519848656564178;10.129313027641105
57;0.7025082600934446;0.1350042151541227;10.223331396433144
58;0.6217228178950058;0.21602661715707228;10.159147205161265
59;0.7932693502454811;0.16203497654154753;10.104772125357702
60;0.6763773040050565;0.17105288538462937;10.238453898581058
61;0.6044936788542165;0.2160871065811482;10.193924181903727
62;0.8033331638037227;0.16208066919351555;10.169150884596345
63;0.6682293829136515;0.2341388318334529;10.21374332303173
64;0.6052798825515873;0.18012407650141654;10.159145213339865
65;0.8043750103510371;0.1441131892958958;10.233507382238413
66;0.678135347883369;0.15313516057742993;10.20861109352858
67;0.6784258873754831;0.1711678172878898;10.243280822347979
68;0.7692111473039349;0.15316525194287298;10.20838002046345
69;0.6880582496092305;0.198233517072565;10.233090474866682
70;0.6974077653710369;0.1712187714104975;10.307549112089166
71;0.7248863917323672;0.1802483942685524;10.182973063960933
72;0.7433224270049213;0.17125330180344728;10.237514429180596
73;0.6710856665523072;0.1802849773075329;10.2422673341367
74;0.7620928211211107;0.20734896201440856;10.177227284224504
75;0.735183007689555;0.15327373386571808;10.26169089107411
76;0.6719290767015108;0.22542592966235167;10.24643998582348
77;0.7630478632694497;0.15330562495669867;10.28105957362254
78;0.7270139220126276;0.20743525495836582;10.255772149616897
79;0.6454920126843975;0.18941741193348083;10.320354019591411
80;0.7639958934678652;0.18943753578497385;10.275025833011341
81;0.6733210282721869;0.21652317811628163;10.289632592494929
82;0.6735973654178031;0.18045537482499657;10.254209624996454
83;0.7285113343087932;0.17145114778220744;10.318818395555121
84;0.7014782971719244;0.1895192406433985;10.333397374773549
85;0.7017637084308619;0.17148854550094544;10.277844913736086
86;0.7476360065750891;0.17150740715655108;10.322439376362851
87;0.729695989322611;0.153470972383119;10.326946419517023
88;0.7391152842662925;0.17154545483865177;10.361526515296259
89;0.7211553665073452;0.1986537936239241;10.325871264184048
90;0.7305767704008501;0.16255319707253194;10.350398619353111
91;0.740004850417142;0.18063508157285782;10.40505523850698
92;0.7220208004595459;0.12645893933121377;10.349211053037243
93;0.7040215733062857;0.17164245480597712;10.36366225984883
94;0.7043006397696925;0.1264879225858136;10.30770954783292
95;0.6954286346051978;0.18975378817170985;10.352293373227324
96;0.7140106465559657;0.1536280502946884;10.336505477830984
97;0.7142912088416886;0.15364597945598835;10.350888295727016
98;0.7237322245544557;0.18078116948376005;10.345117087363167
99;0.7148502104361361;0.17176236640938292;10.32924117882932
100;0.7059603413931215;0.1808239100701667;10.373819821160025
101;0.7337501277971018;0.18084544594137444;10.398243275819116
102;0.7248588393201687;0.1627803855024085;10.382305798660619
103;0.7251387083952398;0.14471108370960345;10.457179156190477
104;0.6886878709805097;0.15377411483676257;10.320036329651254
105;0.7165102873373352;0.18093268727880585;10.394901781238346
106;0.6708368123189772;0.1900025126366016;10.39906506268375
107;0.7170580243932593;0.19907466597858522;10.443650530346366
108;0.7173308423087472;0.14479941673088192;10.356768556898784
109;0.6900028654470155;0.18102167283597348;10.401330828307744
110;0.7270778923412277;0.14483535753595908;10.354809652163503
111;0.7365590676003315;0.21728018124549875;10.439869394079347
112;0.7184151280142489;0.11770821058544013;10.3932854401046
113;0.7371122510866471;0.1539455372135905;10.478383982146642
114;0.7189530901691547;0.1992488723883928;10.44187541680553
115;0.6915587000458073;0.19021630816848048;10.445884440185221
116;0.7287124759387565;0.16306339341294135;10.409294175988007
117;0.6920719656531846;0.1268433760553566;10.494447285989336
118;0.7015586276907055;0.2265352445448585;10.417194078970411
119;0.7387547073330226;0.18125165967652254;10.441431405458655
120;0.7020746913409761;0.16314772097857919;10.475828735089433
121;0.7208141150888845;0.13597420004155375;10.428913817192333
122;0.7025880655647919;0.15412432353412733;10.503963942729682
123;0.7213396213815984;0.18134662038630778;10.477328887489008
124;0.7401039287025231;0.17230209721474382;10.53206077181355
125;0.7126077371340936;0.1723249978293204;10.495196220739016
126;0.7036067699551236;0.12699326502436156;10.458284654804583
127;0.750166403637424;0.13608244080522489;10.472260316317232
128;0.6855828588502745;0.20868781867100689;10.516799909434384
129;0.6858279072343068;0.18149218784470308;10.46960160304369
130;0.7231572710231687;0.18151681053328356;10.483536735532454
131;0.695590595466475;0.16338738506904502;10.497463054331085
132;0.751504004295015;0.14525309641273504;10.46035338797652
133;0.6868016278421339;0.12711391368618466;10.504867903373558
134;0.6777590791401553;0.15437388488339848;10.498332082415207
135;0.7151474848345815;0.1816414575978606;10.512204370026527
136;0.7339795110955188;0.1725833635032074;10.423871950361418
137;0.7528239322074878;0.1816920273131966;10.519472620087996
138;0.6043280658942666;0.14537397647292596;10.594667179950097
139;0.753346977592514;0.14539440582522423;10.4652926316299
140;0.7815187745017936;0.19085707230186233;10.479080103914223
141;0.6607971658269028;0.18179437409586927;10.58498976854057
142;0.670334446009843;0.10000112402148399;10.189173589459813
143;0.7823247717342474;0.15456923401052455;10.704770622206928
144;0.6707931525296489;0.22734024476059522;10.79030928351866
145;0.7362597372437705;0.11823391125061646;10.650372693527373
146;0.7365096890811654;0.11825096281645181;10.653879687177312
147;0.718106849173287;0.17285334387409065;10.636855680432268
148;0.7090199479268094;0.1637795833332718;10.578757800188518
149;0.7185907938146762;0.127402696175423;10.582187276813878
150;0.7188317773069297;0.1911319915490501;10.544530948237776
151;0.7003949177965353;0.11833717738037912;10.547913677350241
152;0.7286534754397426;0.18208400806367028;10.510183349797131
153;0.7195507816727171;0.218533113955321;10.564905366013589
154;0.710441232449079;0.1730310480973302;10.527120012516678
155;0.7293778287045503;0.1821650490037979;10.520142591422754
156;0.7389720230965532;0.20041148749216858;10.585150391678395
157;0.7205002751990673;0.19133053870541805;10.619310393657237
158;0.7956176863167354;0.1549099210770301;10.519660607032991
159;0.7209711019258428;0.14581956455778475;10.636153745141376
160;0.6743740412789265;0.1549567404133674;10.567309939328823
161;0.7308086589857563;0.15498027114892;10.70445754715323
162;0.6654382797530679;0.15500388230459627;10.635555520531641
163;0.7125295634306356;0.19150464197566633;10.638754834756694
164;0.7033799976328743;0.1368100046936359;10.65224871303057
165;0.7223679755828968;0.20068554285963175;10.614158225727909
166;0.675676569959825;0.12772869374382592;10.71016127290438
167;0.6758915399503518;0.10949868026949577;10.641065761334982
168;0.7136673186979076;0.16427352649408372;10.664827254935943
169;0.7796462809649292;0.14604366194541132;10.647277143943747
170;0.7423068109508147;0.20084141199665476;10.67101783947021
171;0.7895362705966138;0.1917423025243036;10.643089696161
172;0.7145660699467725;0.11871628039916042;10.95621653428061
173;0.7430045161012226;0.1461353856428202;10.401028821719871
174;0.7526438105362416;0.21923774543040553;10.455681046639956
175;0.7152334842786577;0.2192725266874621;10.665518805424727
176;0.6119020426192656;0.2375830320742447;10.513286336059476
177;0.8380934251916685;0.15536755140712927;10.6197161195948
178;0.7064755545822594;0.14625168618596648;10.726187165472723
179;0.5747761847677385;0.2194127407669715;10.698066456237521
180;0.8388639366291708;0.12801137761900805;10.690632288951354
181;0.6599815028937959;0.18290291091436803;10.693537389386513
182;0.7450622279665486;0.10061289795399389;10.810437687165148
183;0.7924577308521777;0.16466601188641788;10.834076627239869
184;0.6794543152883734;0.13724402224121773;10.660673827728488
185;0.6702188411655353;0.2104751962788857;10.694623253958136
186;0.7554023527549639;0.20135707551923762;10.624814138040973
187;0.7178465807351725;0.17392784949627235;10.596465797660708
188;0.6991639698836074;0.173956489593324;10.640753179287703
189;0.7371752760060293;0.19229944239713223;10.581207196192937
190;0.73739332532476;0.17401401939739203;10.625479046243525
191;0.6997845725502384;0.18320305515638685;10.700924783052715
192;0.7567461593663675;0.10994013296660586;10.724432315319916
193;0.7380436623679671;0.17410093446365493;10.747933388489372
194;0.7098646090709491;0.12830637184321353;10.781827444257473
195;0.7668769804222829;0.18332556036092337;10.722122798102065
196;0.7386882993557347;0.18335640197483938;10.79760077234405
197;0.6915364396113206;0.19255669901058736;10.758646130315517
198;0.7675424771184864;0.20176018265888135;10.730062809361815
199;0.7298487090274474;0.22931181607671636;10.659807730221564
200;0.7300577221498352;0.21100271574029164;10.724864520212453
201;0.7492340536095198;0.13763391919201587;10.644126131179737
202;0.7494472245243263;0.11930311158455509;10.688341285568848
203;0.7401704032685347;0.19275341312485622;10.732560684316114
204;0.7024114634734878;0.1652455786195563;10.662137386568153
205;0.7310935053277524;0.17445591444909522;10.73761312546524
206;0.750293572273171;0.20203643941162835;10.750543415158145
207;0.7315035011118284;0.16533113099090196;10.784321691840372
208;0.7412102662562416;0.1837331054290487;10.818099863121828
209;0.6938897120699917;0.18376503992317697;10.778833780357367
210;0.7606377864583519;0.20217676907042678;10.687349900872114
211;0.7988903326453748;0.17463770392231812;10.710639635783972
212;0.713491328359128;0.14708907454497383;10.733922234042204
213;0.7422345870787227;0.15630956742326307;10.767643900486922
214;0.7519560190593093;0.17472965044112265;10.81180931297697
215;0.7426399853535025;0.13796877652900558;10.73059653350747
216;0.7428417597295682;0.11959407108863297;10.826994044610032
217;0.7430429186338967;0.13801759432899785;10.714356503866254
218;0.7337147068772989;0.23007016874891661;10.831670452737725
219;0.7529747123079729;0.13806665275922209;10.781697952099526
220;0.7055072122067816;0.17491561406035705;10.752606635766316
221;0.7152321490256632;0.13811595027662518;10.733950010637779
222;0.7917343863420092;0.21181571871780377;10.746661297486328
223;0.6869880296958802;0.21185374097914866;10.717495665443312
224;0.7539778805081502;0.193466478052066;10.751113926708623
225;0.7255370587324019;0.19350135896105758;10.805670476285927
226;0.6875315282513456;0.24883240428719217;10.797396552593685
227;0.7641239129985191;0.18435367935349917;10.778628115413461
228;0.716553161135534;0.12907100173099384;10.791267606242744
229;0.7262960603765696;0.2028627370663819;10.793416886843636
230;0.7838383911290304;0.16600884772279886;10.868919255096348
231;0.7362334864363606;0.1475903713861015;10.76622104227699
232;0.7651148321756035;0.17529563892186598;10.768318894997536
233;0.7844439936803187;0.16610000376099018;10.749426818686553
234;0.7272315464791481;0.212277891615584;10.80393689421854
235;0.7848445616005347;0.17539229366215559;10.753539508901376
236;0.7658964296538161;0.1569589061441717;10.787052725003841
237;0.7182096769393913;0.1477533390946606;10.841553704744944
238;0.7279693816403876;0.1293081264118845;10.780591428505552
239;0.7377333267430141;0.19399818515355252;10.782584613342749
240;0.7091681059239728;0.2217534498440521;10.826566817393577
241;0.7956168736756044;0.16634608292856948;10.723508541344206
242;0.7286978881975894;0.1478907988689224;10.819989101929869
243;0.7576500653749859;0.1756531810021293;10.811421641749005
244;0.7962088219644312;0.16643946844379914;10.802835614038282
245;0.7388334079191422;0.15722236173399262;10.773210856929065
246;0.7678074626743348;0.1202514877750178;10.806633114489753
247;0.7487953446262249;0.15728159566703237;10.77696786199992
248;0.758580082406921;0.15731130517374062;10.862951250927376
249;0.7587642881134397;0.17585178693623424;10.791184099487472
250;0.7493409673738505;0.17588512868546904;10.866648899728077
251;0.7495216624701805;0.1666596650676202;10.815869289109363
252;0.7977596130946596;0.17595201635098848;10.80715039203799
253;0.7114258636377548;0.1574607693651977;10.85103610437954
254;0.7596763714217171;0.13896250372574823;10.842288610492808
255;0.7694754412851316;0.18531878769803545;10.865108330401124
256;0.7504163292638978;0.148283454411946;10.814210552121407
257;0.7409705190934305;0.15758142759191032;10.837001742136795
258;0.7603953510082812;0.22251068446250438;10.870319678418394
259;0.7605736181478474;0.1761882412810712;10.798282913577413
260;0.7511215388848876;0.18549710222338492;10.863184375677703
261;0.7320323891169429;0.24119286666392417;10.822709248289769
262;0.7707391182290477;0.14845513692863688;10.887603480260278
263;0.7901902480539231;0.17632468297234488;10.773300767588482
264;0.7325400903120067;0.18564100011423623;10.880350158743289
265;0.7327081963197913;0.13925786157624243;10.818703857311231
266;0.7328757397271903;0.16714202585159088;10.925762209039341
267;0.7619785983062164;0.1485997175964702;10.832432224190255
268;0.7428566238485665;0.17649669487666214;10.844550867930442
269;0.743024666365313;0.16724016589183424;10.835558670309291
270;0.7431921419466387;0.16727299985370325;10.910965131818019
271;0.7240510371431187;0.19519020936026454;10.880842582302515
272;0.8111186277975915;0.18593204933239024;10.819030791785288
273;0.7726661359350449;0.19526717040163963;10.87331010849941
274;0.792158791119704;0.1674049326045732;10.885357765723585
275;0.77300885583942;0.20464652573431674;10.92907210674703
276;0.7345203973066529;0.25120687110735446;10.909417988917923
277;0.7443486612436823;0.1954219195080437;10.953119195456026
278;0.7735185558644678;0.25130670421738033;10.912306025480406
279;0.7640162062775814;0.28859481300062856;10.839773958727402
280;0.773855445289238;0.3631432934581467;10.999669644942653
281;0.8127242055350152;0.4284084134167184;10.979938990001754
282;0.8709638032804953;0.4657545025982693;10.907344280420451
283;0.9485866640076779;0.5683343551756903;11.014413291829511
284;0.9003822154661543;0.5684483974080737;10.96291922160282
285;0.939308672250853;0.6710903005889846;11.02770018612895
286;1.1235357844686686;0.68987049571361;11.02903736213289
287;0.9397073346099127;0.8019029563450184;11.083238435171713
288;0.9108364045793593;0.7647595087218313;10.873016534031255
289;0.9691785970209756;0.8768527459353785;10.85313727313626
290;0.9887691988015405;0.9796614031716802;10.896714328179213
291;0.9114088213125066;1.007855971768476;11.014351529987648
292;0.8437132931474534;1.0453962130671657;11.026183344939327
293;0.9408866293612964;1.1296307913645491;10.784013468330073
294;0.82465838325939;1.0271462040959303;10.816963111785823
295;0.6501584110080761;1.1114118888109;10.98751300162567
296;0.8249967891043913;1.1957123185768652;11.052222943708939
297;1.4755893308542858;1.214643542017885;11.646311142739943
298;0.2524547323201537;2.1774605542156316;12.378162139453126
299;0.6215528676556251;0.8973350018157862;10.208550700969939
300;1.7193288321239173;0.6637902359150307;10.686196015990538
301;-0.048578367655648026;2.300365642867461;12.773902985714527
302;0.33039904111702084;1.0381834440628837;9.98922495819327
303;1.7786787425487458;1.2067860927743508;11.039033286266548
304;0.05832892007780246;1.9555838990171293;12.311533061579354
305;0.12640433681544888;1.413177940257313;10.627940185148313
306;1.7894601122118177;1.338584371816835;11.105830645553675
307;-0.38908945041818777;2.4249311540118668;11.954734894866304
308;0.505915233007304;1.9103804469519932;10.683951277344734
309;1.7223931548299611;1.5080153587065654;10.843936885814678
310;-0.1362609332678381;2.585706470553837;11.300769375779094
311;0.4867402683966088;1.9677948245712205;10.559639095112823
312;1.421555175193798;2.240004560423879;10.74082203102758
313;0.3311106327067191;2.549826016999788;10.434244913471856
314;0.574684109851416;2.1846822479928374;10.509375215550232
315;0.9060304547380028;2.4289745006757486;10.37239060566082
316;0.5846465761195447;2.4107225874526375;10.723273665400622
317;0.5847569875596392;2.167290627197662;10.628688205190675
318;0.8090660141478663;2.374197464171017;10.438598430120706
319;0.6629734955327106;2.0180225949047426;10.651614413462465
320;0.30229431555616704;2.224985916909886;10.864651065013302
321;0.7607528406261698;1.9907020466012022;10.769993963683282
322;0.9364845869127096;1.615438440200616;10.951211829487498
323;0.4000307217345155;1.9257837772794024;11.196117388752409
324;1.2295885641296345;1.456388107929664;11.228781559347714
325;1.0834071589296008;1.5224826014128385;11.250823785303316
326;0.605256606422366;1.475804877425388;11.10301958780386
327;1.005689405892218;1.2692734322566612;11.114412685001128
328;0.8886823048938057;1.3917951647778954;10.892238028626892
329;0.5567474018476148;1.2604064743838956;10.924825390356776
330;0.869463202171729;1.2606746201944243;10.968021844949437
331;0.6058016612192391;1.232713154963995;10.926264668992337
332;0.12704552021330268;1.2800361817951007;10.852632432446937
333;0.1857148059613068;1.3650356582043168;10.577203184239401
334;0.1857475715525172;1.450071679494471;10.503513033520948
335;0.4302278526219332;1.7705960373053777;10.971471152153415
336;1.25179098149287;1.3188112689752687;10.695961290882053
337;0.5868792635406616;1.3379380742287903;11.737561367072065
338;0.5087169790227155;1.4513144433948084;11.68511585372511
339;1.3796441415750453;1.0368758588932616;11.122725376705182
340;-0.2348734596201516;1.027670565079753;11.675781624216965
341;0.176185293423402;1.169344645616423;10.815814416272868
342;1.3118254554928181;0.46217921942108303;10.912006637354919
343;-0.2056195541768715;0.9339919711232941;11.231333483551005
344;0.6267561826302184;0.7171586533396732;10.689958653064163
345;1.8316120070497703;0.3397801052425061;10.67985293266493
346;0.5094107702447039;0.745789734700817;10.627225135152141
347;1.2737398887503315;0.6420845745760521;10.521441463803837
348;2.1853176677837878;0.28333394078759455;10.373123320320422
349;0.25483262909758264;0.8690791068684407;10.256664316952325
350;0.7352155012344644;0.4440824289627249;10.299621169942254
351;1.9412880188353945;1.1529750012279103;10.034312695188929
352;1.3924648627484324;1.0681515803711608;9.800861417739869
353;-0.03923075559396198;1.1534765479887608;10.736725656815114
354;1.0888302415739695;1.4563447127804694;10.078026091984382
355;2.3055536556672216;0.9837199060761802;10.897005250520872
356;0.8438703028542218;1.3150663665417546;11.907401420636761
357;1.5309867843108111;0.6907971310122317;11.429377442833847
358;1.0011896083472798;0.7477382958756356;13.045879451833276
359;0.03926857554929563;0.8331058768878534;11.185585035029293
360;0.981869728453477;0.4639900244102953;12.876588055449787
361;0.8445409382671697;0.5019766977251958;12.238977948280933
362;0.7857426750236381;0.719973472068362;12.303138009888663
363;1.5226142041154755;0.5306232070617475;12.314118114720717
364;0.7270385398946106;1.0899119314103423;11.314831667381773
365;0.589581959967362;0.853161994564332;10.538805664776502
366;0.2850085428193101;1.0145379035395685;10.34764041192554
367;0.35385799340742113;1.3656599295979759;10.039467721943662
368;0.8257947998007396;1.062414038281083;9.997152785192322
369;0.0;1.4042138198877339;9.582582690380876
370;0.5113614976787774;1.812594574846395;10.306004379791759
371;1.8392119179546822;1.3573730938219075;10.327474032941142
372;-0.5115153650692956;1.3766614464332851;11.019007990071565
373;-1.0822134932551757;1.6903442775499706;10.82774084477409
374;0.8363802322035989;1.3962672996157999;9.66853893121759
375;-0.37396655145450225;1.7670969632614524;11.210989558473619
376;-0.36417902165743;1.9765463066260054;11.34941949205999
377;1.6636563584156998;0.7508739436729689;11.094276520984634
378;-0.1279922713965863;1.644683909718164;12.764414405384604
379;0.6892894214801297;1.5024147458796513;10.413742460367473
380;2.6393756041830576;0.6943079504069807;11.137169001745217
381;0.7190380998585159;1.4174643366490438;11.35000489299323
382;1.6845637423554916;0.6946168973261192;11.509646409202224
383;1.5468671571916524;0.6662193418664046;11.339515573148335
384;0.3941623248463374;2.246611345348587;10.999170521404459
385;2.631405871313955;1.0378612461751877;9.595057742869262
386;0.7491199486331822;1.609519916264415;11.32900591209181
387;-0.9661059320981934;2.152856427382028;11.754528083805926
388;2.7113901596666397;1.143364938029398;10.850338799203262
389;1.8834452790788845;1.1912714572710388;11.456674833719237
390;-0.631189369460152;1.9445898321105037;11.765145513978007
391;1.9826020141215264;0.810427092915948;10.148207343459218
392;-0.35514154005154924;1.4686320306953928;10.722594085570787
393;-0.7893110149045919;1.488038547862888;9.818359994806098
394;1.9538099895732275;0.5629100231900268;10.467181706632815
395;1.0559894506525842;1.297846503868264;10.594756491961391
396;0.38494510851244473;1.193141393182904;11.115894238367808
397;1.6584469708797305;0.7351401325548583;10.477565903222002
398;0.5035241873748458;1.2796222304583007;10.764658775667764
399;0.14811497698092707;1.2608069578385894;10.573073061657789
400;-0.14813451674561431;1.0891237514544907;10.849498818027406
401;-1.6000628495301852;1.6436091603447704;10.540892256131912
402;0.0790257733868993;1.7013275449270875;10.27482765746901
403;1.3633719235068524;1.5583083477177795;11.327662878645869
404;0.6620125182089366;1.6638453624391947;10.785033377462742
405;-0.05929234219620713;0.9468841688081406;12.316419153733104
406;0.968565698054462;1.750696099639732;10.699557645529179
407;2.6391838289441916;1.731953852277584;10.24201896602791
408;0.2570317950507768;1.9429065112399952;11.081996380351276
409;0.8799507401280149;1.4934084452845058;10.422380847193196
410;2.5314123217777365;0.4979154144352476;13.112757657457443
411;-0.23734958325103347;0.9002815504139118;12.601984770981359
412;-0.6725742156528177;0.4694019144790163;12.37835061974095
413;1.3354229724632511;0.23954502941679315;11.112578519523378
414;0.19786479650483757;0.9583972066057489;10.825167487978778
415;-0.17810015081525155;0.31634276187407057;11.526674182730865
416;1.4744534114849737;0.2684729266011201;11.909133534468868
417;2.563287012185329;0.364438771579055;11.919407990053527
418;1.1481745105468686;0.9592671068680532;11.695756410241746
419;1.6135769713596027;1.8518058862320834;11.153140036320424
420;2.772120123544499;1.2284197386346065;9.111462880361364
421;-1.2079960268963825;1.4878775171133523;9.717145314593257
422;-2.7727778987526768;2.3235368838033197;9.929424804550267
423;1.178569289646814;1.4309330015576567;8.387615978089917
424;0.693357283581598;1.53692181437929;9.801134166584118
425;-0.5448442104947122;1.4411922585830839;9.54564305627308
426;2.4074996673715714;0.5669980518820343;10.831434813352752
427;3.061741590483497;1.6917693413141686;12.606050744472988
428;3.121550826596112;0.9614516587306154;9.746435380060257
429;2.0416282271737796;1.3271058052787383;12.62625612362825
430;-0.18832689658730287;1.962255912585159;10.935905140989563
431;-0.2379134694253587;0.79855096735408;11.243610943009333
432;0.25776854547601846;1.029692177568241;12.071989307380395
433;0.17847509313646887;0.22138623132394913;12.560240427365214
434;0.11899662259113447;0.009627686991948298;12.464014840390401
435;0.6148838967592979;1.3674438755321137;11.220260608698817
436;1.9142845247144866;0.2985947007980685;9.859744237071869
437;1.7260204865944342;1.1561146205456942;10.624191036691464
438;2.3412940013278125;1.7827508940958168;12.769624055038149
439;2.5300617904643157;1.1180887240540298;10.994901106383399
440;-1.2701285654271335;1.8124894324239447;10.516303266838507
441;-1.8657010459593037;2.2950595865657806;7.307903698438123
442;0.2381999583321005;1.292472121903849;6.117907660086896
443;-1.588167836711613;1.321710841774881;10.334011511215284
444;-0.5459902556462317;1.389561573744044;9.897994377859
445;2.829518529305887;1.2547528157347003;10.736364369828303
446;2.0056922164719784;2.220456053893061;8.86679970932673
447;0.9433688189114995;2.1437141534527395;10.214789827896592
448;1.7181012642304745;1.5067390044186975;11.658165883309847
449;2.155295688487445;1.7775869458734654;12.421866047536852
450;-0.30793077520109957;0.8503453279236164;13.482714825412994
451;-2.543169722295148;1.4884457201302923;12.834301140815347
452;2.692454904396516;-0.11600940374042748;10.668019591597673
453;1.5798641472772244;-0.6575375723330343;14.201860611892405
454;0.973849776978726;1.1025954594721223;15.01815551641585
455;5.167878025026382;-0.05804466453931285;15.133879285080164
456;1.7791178167567654;-0.280613658580064;12.798179410298673
457;-2.84289115221501;2.0905680178022283;13.731086690874031
458;-0.1292349095756001;0.3291465250610071;9.804194348062815
459;-0.25849482768028365;0.8521044175147402;8.731899262692554
460;-1.5411751466202026;1.249394752870909;10.481762718370412
461;1.9390833189330798;1.2496819872927505;9.611112823480601
462;2.1481119458268556;1.5019010557898393;9.705864803050572
463;0.9846444210855604;3.149871796531664;9.949087971056976
464;3.2128289430359565;2.2878175410169366;8.028661970407645
465;1.0146723520595655;1.328403058136301;9.77787887325424
466;-1.054561359442547;2.42465086157976;10.30732614898205
467;1.432743909653588;0.9312801292766597;8.673586187134235
468;0.5572293888917197;1.8920980725086696;10.613159949141433
469;1.1145604748481706;1.3296262269448524;9.2552830896816
470;0.8459484642414731;0.8639705596902761;11.258079699925863
471;-0.6668665110868467;2.0002124568879953;11.893144285930997
472;2.7075218614486647;1.330544717494941;9.53915578926715
473;0.975591049569712;0.9325671313479511;11.763962445530279
474;-3.872841994950766;1.7975483619113326;12.218635818743486
475;0.7965414000480775;1.3023077808687629;10.352623253512888
476;3.754029825895692;1.4581430785591092;12.841637988075174
477;1.4041491091855296;1.1959528085084754;11.13479178375175
478;4.172973484518563;0.9141907001009341;14.661441415151604
479;1.573714492408675;1.070044096503579;13.177157163515968
480;-3.0182037282144534;1.3524581204724462;11.290649862178665
481;-0.5877528356975192;0.7201795240753782;9.287981470279462
482;0.7472063487869486;1.8008635765858996;9.477730277658157
483;-0.20923528586167287;1.1878702599268802;12.653434101536481
484;1.4149467772473965;0.7985885281932525;12.027562278399623
485;2.8500577191472876;0.7598079813023692;13.085073561411278
486;1.106232152342267;1.5979131486080145;9.7493427532101
487;-0.27907231009142475;2.4851325791077676;10.309373867778264
488;-0.26912722507752024;1.978816365851113;7.3767205616172555
489;-0.8273836808183805;1.4527664751865448;8.39190476499157
490;-0.2592011513726177;2.2137850277128788;11.438512067088975
491;2.911259614017625;1.6192642207142398;8.559499818192599
492;3.4997700389956212;1.3854729653493618;10.473472787856918
493;-1.5555752048118385;2.0201336512863644;11.424430188615766
494;0.1994482549559687;1.395872855594767;9.73090996193917
495;1.486004605392782;0.0;10.184657176611719
496;-1.456196772240306;1.4258135761625734;14.15972406810702
497;1.8153976444233406;0.6837668151263543;12.656746892265812
498;4.508912049871153;-0.8207091675105149;12.14790223839716
499;-0.8579548994975866;0.44953950066702775;13.087444439236348
500;-1.107443295992594;0.7331136846762827;13.054303257398583
501;2.5942038241854357;0.39108401883496097;9.808145850373295
502;-1.5466586581318285;1.2126397863285678;11.772695525710581
503;-1.7962513501812405;1.4378958133082789;9.71085804970248
504;3.2833872517431595;1.0273050141152764;11.854574944825671
505;3.503198157681138;1.2232638364475619;10.184055992827247
506;1.9862861350374188;1.5661380635518494;12.358902439933726
507;-0.24955121131523605;1.0280147633560153;13.498166213688418
508;-1.637171633939723;1.5276877642926414;8.02614527903756
509;0.7687260031668067;-0.1469268685046696;7.634504252405073
510;-1.8470678518925228;2.1260311613142604;11.17061109728245
511;0.7189086266815871;1.1857556301077896;12.605033678668782
512;1.8573082341242542;-0.5391038803074202;11.379060886429551
513;-0.17975176052392247;1.9706328203486418;11.251034779636141
514;0.7290426261504382;1.0983166586343245;9.265674798065469
515;0.9388303324023792;1.4124460587649683;8.409839190086911
516;0.04994111212821058;1.707098233709766;9.812028395473515
517;4.105431446965532;1.324777358618286;12.057803624898982
518;0.3895920871942769;0.10796963475259189;13.11109198183386
519;-3.4466162615512412;1.0995798472707525;10.177483165189301
520;0.18982594750820658;0.7364949634788308;8.815853438248864
521;0.4895825665177882;0.3437766248984557;9.784772557629209
522;1.2989753968940538;0.8940245272876918;14.706903200980316
523;3.257636660167585;-1.3855650239735866;14.599591292237179
524;1.538980154724819;0.07863166762704282;15.440880410635645
525;1.868878128310907;1.828606039971897;10.717625271871993
526;-1.279311172564132;0.6883430432293016;9.69411577737141
527;-1.9690605164609039;1.4163448011918562;6.86926717695191
528;4.168265004376565;1.387155931842014;12.862356341507098
529;2.339167627949154;0.33456822767815847;10.585530886456699
530;-3.0590948017198833;2.4114122495646284;12.35338297037162
531;0.6498462806442927;1.959106311520977;10.203581032314672
532;1.9396555090402798;-0.12801115429357293;8.075415178575895
533;-0.14998212886942006;1.8516624723609734;12.453588064091962
534;5.459666235024406;1.6747591768605956;12.620275096970555
535;3.3399877548134898;0.5912268757499022;10.966217327302727
536;-3.5801909324100394;2.6709863059630017;12.269498815242036
537;-0.5800637426810632;1.1928535666452857;5.8498118541545905
538;1.0401726009832437;0.29581650637869533;8.826073028654905
539;-1.350299218607177;2.593918005169399;11.338677692646502
540;3.781046043351965;1.0555616504024234;12.06270676985826
541;5.68188207443827;0.22694831305596988;11.167172485356705
542;-1.8607172723639134;1.658088374288095;11.24966335752076
543;0.48021089526563177;1.579492616311604;11.710558915196973
544;4.67230055302408;0.39496337721755875;10.15326779021959
545;1.0605781676529469;0.592580383727553;14.092675980600808
546;1.140681542180461;1.2150672242411344;13.439119018334718
547;3.1420400855879165;0.6620168581300164;10.915686954718609
548;-3.732615394414451;1.1069076821902633;10.35731944243288
549;-4.723549994380553;2.560307806634574;8.223690062342044
550;3.2626166726865278;2.0862861243920046;7.686882538540416
551;0.5804945911710169;1.849404938573436;11.077084598908911
552;-0.23020753277193973;1.8102577734345409;12.05170234636884
553;4.053853636184322;0.9003878635374963;12.19679638318781
554;-0.6806801804463153;3.6023714729890477;10.442285356029144
555;-0.8709121685196349;2.494517248396557;8.100694016449225
556;4.875338878326798;0.9505084536649583;8.749899547779684
557;0.5906747286330225;0.8615942033277192;13.563361601242281
558;-3.5642381959043665;1.614618166707763;11.12796078357875
559;0.5406679314365574;0.8619859196346308;6.103152858230873
560;-2.453143410315811;2.6856465635942417;7.035330739086615
561;1.3417801081547718;3.677494697246595;10.49364778797091
562;6.528956087803134;-0.33709759323097443;10.942660274172109
563;-1.832595455063541;1.199942971497449;16.212218256431377
564;-3.7855284007824475;1.091104711189269;13.03472478901582
565;5.137727508081743;-0.3571697394076648;8.50680609358145
566;4.236554751773331;1.1511410758154368;13.030454540779052
567;-0.8112900214136317;0.03970350964152269;14.745862752228506
568;0.6510627481633311;-0.8538186873498548;15.319332750350648
569;-3.115215575745564;1.6484415853181829;10.825394393924409
570;-1.923299752198335;1.261442430450265;4.396426441502838
571;2.153783446029248;1.510099114732164;7.399407373548601
572;3.2558516720993023;1.729056782573135;10.987362851733062
573;3.2559825772943203;0.4969676259123541;12.973350878182965
574;0.14026329029004583;0.34795586937342793;13.609237405010637
575;1.1822656229407662;0.3977535685893211;7.749975461300845
576;4.378561289418428;-0.34811288086318576;9.923700187868244
577;-1.8637154854941127;0.6068478127496506;10.821134357074204
578;-2.3648041856318915;-0.8557486390849194;12.042303237507658
579;0.8217001734573162;0.36825385808074773;10.8069203431611
580;-0.33069650374138193;0.4479771071284174;6.353440985448015
581;0.571224070719462;0.3385477512003525;8.023988536765783
582;3.247075880810083;0.328664334549549;12.012966446509987
583;2.3151279322555105;-1.3846852032728523;12.543491291667408
584;-0.48108261286506854;-1.0262921191267882;13.710801259738624
585;1.0022905987582467;-0.04983118777029657;11.129551386873752
586;1.4333252057146584;-1.2161539084177522;9.947991123903646
587;0.17040113636375634;0.19941418199954186;10.676767889537583
588;2.405744211718194;-0.2592965374095152;12.605280313848764
589;0.2606309975658232;-2.354141971219357;11.695322604741918
590;-4.962177068468643;0.7782380215572672;11.338533368579995
591;0.9824427438941896;0.26945035294370767;8.113856720402973
592;3.7694933894196616;-1.2078068168123086;8.185353917549246
593;-2.877337454737892;0.2895390593152746;13.865617801818628
594;1.6743219350067557;-0.5592347937992043;12.466318177755621
595;2.7070714146000134;-1.2785362563895217;12.828745535789709
596;-0.09023845723236547;1.278821461605803;11.815660440838355
597;5.043479019065466;-0.08993717632032282;10.834197798016547
598;1.7647685962601216;-1.489291768010914;11.009220268010106
599;-6.156816005598474;0.8697800462666512;11.767328743823242
600;-0.902490901592405;-1.139965407746809;7.402638856236956
601;1.4640823537825516;-0.5200998390628582;7.442866324235683
602;-0.9125701029176696;0.11004557677395323;9.856007849870712
603;4.041493691738854;-0.770490057558985;11.487796379018455
604;2.0157874684237704;-1.281098988502382;11.558406766967437
605;-2.2465100146220514;0.4404754446856261;11.878618941789405
606;3.7208802603181206;-0.040052097788339715;8.330057992272488
607;5.004764611231677;-1.141737666960603;8.234855778358952
608;-1.4543275628571286;1.3824094652894514;13.431000846311441
609;0.7321971693310325;-0.6312395604817745;8.335562459508525
610;0.3811531945262526;-1.3729990405553538;6.816772182608843
611;-3.9019003323287773;2.135134134448814;8.394607366129424
612;4.343350473096958;-0.4411579475409957;8.403328361228342
613;2.8989791976111787;-0.8223393677714975;11.01873262249292
614;-2.899046596901136;1.1334735832316627;11.691434249527372
615;2.6683876616606916;-0.7223723354458949;11.481467603254355
616;3.149972089174504;-1.705976701899958;10.295952182934656
617;-1.5148290307920729;1.0438859272978107;14.143695150466995
618;3.5614300613075267;-1.264985987261553;12.688358901781193
619;1.274116245139384;-0.28116973896531666;14.169068909368278
620;-0.9230010944729021;0.3515392999085879;11.397238780416854
621;0.27088630993209656;-1.3160499395804373;12.224378784948748
622;-2.518290352133642;0.05024191900419724;11.071205381400516
623;3.08020074381915;0.8844514440639063;11.58713065456709
624;7.083595706282431;-1.4576536532856597;12.817812556734577
625;-2.3277980313211044;-0.59324391510204;13.623220562199648
626;-2.8696664257108924;0.7241168496893259;12.657115948998614
627;4.806277117899309;-0.8952842583276772;8.85398668223909
628;-0.14047825831601693;1.5796660929018176;9.60792656796538
629;-1.7961461814709403;-0.0704463282708639;11.36560742075971
630;0.040138031365156396;-0.19125309705134724;11.011341660886618
631;0.080277405260935;-0.05034071161153845;8.225717596472258
632;0.12041807555100333;1.1077365461346187;11.91699750934727
633;2.3180850491920997;1.2087023126454275;8.449750201872357
634;3.953851638913801;0.5339593830410643;10.48496328877762
635;1.8565321969386566;1.0479966280052908;11.433809314021465
636;-1.9268080511327945;0.4938746289493494;10.583816807847018
637;0.6222074704859851;0.493981558688739;8.990168488026304
638;3.3017604259622293;1.1999290448172668;10.444935583444709
639;0.3612918121924634;-0.15128425108210589;11.692481433180879
640;-2.378536189395052;-0.11096574948462432;11.844836322378857
641;0.33119290780194555;0.08071977167058667;10.778820635679926
642;0.9032648178827856;-0.6862660132951842;9.878420308071593
643;1.2043678967300284;1.7160344051169274;10.299369060706285
644;5.700742532030932;0.5755000921646121;12.195561769431258
645;1.0237367915853712;-1.0199650146713715;10.635231261471297
646;-2.8604731444672873;-0.15151248747360446;12.50986826655559
647;0.7427273806670452;0.9799910284828753;10.537709217538534
648;2.9709408997367412;-1.535985293590716;8.813826137869372
649;-1.0338175445818545;1.5363143293172243;13.161096412456747
650;0.5420067018349765;-0.5762412002461896;11.530119165567013
651;2.6096865496166566;-1.8706563206759834;11.25968148475597
652;-2.7100839259211096;0.14159343124194204;14.841297885166084
653;3.111604641304073;0.5867265332299672;8.134607986667135
654;6.253374054904741;-0.41484339139951265;9.49165349174472
655;-2.419061212711763;2.449109231311883;11.043627474483273
656;-0.1104144399817562;0.46563224224545174;10.032692863423918
657;1.997512145420681;-1.3263216057109493;11.61468350633644
658;-4.185770523648909;2.6329530252165534;11.468023858455117
659;3.432956697598966;0.7697957260850945;6.9100781211415345
660;6.052882966514773;-1.0941521085064037;12.069283824900715
661;-6.263716815224469;2.310365937205007;13.556814030830035
662;1.555899825925574;-1.1959686226813584;9.207039919033633
663;2.991358728160788;0.37508637107477816;9.102163424751582
664;-3.1620219396386;2.2408537890382716;6.542578256293804
665;3.1018072018284473;-0.354961178387356;10.268520096035441
666;4.467022667863211;-1.0651078678674595;12.00108242424016
667;-3.6940913754906655;-0.4362788269849826;13.537812507548939
668;-1.3150209120794019;-0.07103707145989355;12.354572873697768
669;5.209908569232626;-0.6902193571725361;8.371217691501736
670;-0.23088292180206763;-0.39594412693297437;13.04615562109793
671;0.10038413066730374;-0.7006633900948145;12.971274925547755
672;0.8733438900773549;-1.3102101116112443;12.055795987244402
673;-1.646306439872522;0.4673043925003372;10.003100057271022
674;2.19842488005895;1.1278614659309711;6.854989367451956
675;3.6740840097762297;-0.48782563814578245;9.270963627019709
676;-2.0578904050215607;0.0;12.423171701515525
677;-0.32123184364506735;-1.0065596207392067;13.679594932476396
678;0.7127333065517084;-1.5965931915882758;11.332069458961424
679;0.02007699185593725;0.9561207047209866;9.42574770873071
680;4.497244189888683;-0.5392011744536263;11.572123961378862
681;2.9412755053949318;-1.5060061238834326;13.154838513012221
682;-2.278733242381781;0.7226254748900264;14.082256801806583
683;-0.42161522224968756;-0.67187524880451;8.833759608271448
684;1.2548050789489977;1.2014796927038383;7.247218086346387
685;1.244764062997498;0.7230734131476337;6.908198115911988
686;0.6023037116314893;0.1527934676836434;10.97274009477417
687;1.3150262274561313;0.3056498447225436;10.163104759102934
688;-2.09801253964023;0.7439009006924697;11.457460753385668
689;-0.9034473445913387;1.0090590735762677;6.2071333651738065
690;4.878597720592176;0.468951907671319;6.797565862468718
691;0.27103211861523446;0.7647521708742272;14.499891080975393
692;-0.9636656597292356;0.6833183641327125;10.354470220384664
693;4.4669712398962025;-0.7446632966520598;9.474765328049882
694;-1.4856371564465596;0.6631917048164591;8.360982396438628
695;-0.692624492487411;2.6635127124690077;7.930735668277529
696;7.588712910521786;-0.5001482814893091;9.467596639117051
697;-0.6323890447008744;0.8269439678939235;13.051581126878897
698;-3.1016985053246757;0.5411966548070343;11.12311142214725
699;3.493152538219226;-1.6137060260027645;9.837170038034055
700;0.010037726380243521;0.2656003752138375;9.569958891712442
701;-0.39146854046291696;0.9297894469452249;11.562439315054611
702;4.025069983944323;-0.5007570442079434;12.30229530603353
703;0.702625274241366;-0.020443189841863055;12.319480303721571
704;-1.395201890641865;-1.901599937170472;11.573871997876495
705;0.39145625190781724;1.9019828023623997;13.268898131997133
706;3.9346033360466897;1.1966490876224762;7.715317468628131
707;3.9245311502318003;-0.5728701540074873;11.636033182941823
708;0.2509268071129035;1.50408557667078;13.197625293851639
709;-0.993660650710442;-2.4152062180828797;12.391771794266589
710;-1.3750523830314831;0.9519453918444701;13.221212637279391
711;2.7601137793561947;1.1978479086133218;5.9997649699206335
712;1.7865277159036268;-0.3993622784988416;11.21489611828919
713;-1.786508632133336;2.3044722382421527;10.968434823050558
714;2.027363989666892;-0.49171853543897165;11.777059060328604
715;-1.1742520389499516;0.7582166702077235;9.157521024044227
716;0.07025358570155828;3.4536447781049655;7.5836278480936015
717;6.372927773257405;0.47151077118408613;7.470125334502303
718;1.2143542141484283;0.8509377873914861;9.535309650519228
719;-2.1276024314834934;1.4561089281733093;11.862783059456591
720;2.9304339882630868;-1.8666485732523062;9.844196557623658
721;-0.461637710095633;0.9437664891578664;8.7986867152492
722;0.39138329979507813;0.3796329542002449;10.911907671986713
723;3.6026845736360156;-0.8928258123252272;9.593428583183886
724;-1.254399325217196;-0.04105751476391537;12.251605423507856
725;-1.364767196985268;0.5030530676644543;10.609806348500587
726;5.910560824968639;0.7495930274383841;8.261081793525872
727;3.96373018893664;0.760009833895434;11.604846834053202
728;-0.49169587242242807;0.8217924554849684;10.227288233082437
729;0.3010337014790413;-1.4589658024442222;12.22496200439851
730;-2.267752093684685;0.9659820681081468;12.60546038068344
731;-0.9432094060711231;0.46252799802673156;9.23946749416162
732;1.1739757820758885;-0.1542058907104942;8.580770318258226
733;-0.1806087011560206;1.4909455505110158;9.72894267826523
734;0.24080759654433498;-0.13369681854097787;9.090640702301547
735;-0.6321092766794342;-0.07200449043987538;13.032059649183417
736;2.698959942675582;1.111140428440746;11.283951675387238
737;6.170376617717754;-1.1730961889360056;12.08733906954937
738;-1.0333943934785592;-0.0823383524300368;10.64279178708144
739;-2.849307919289411;-0.07205988077084523;11.576881832189414
740;1.725605705170526;-2.2342839589545513;10.223917137512522
741;-2.467971996128195;0.14417492564345813;12.678167189190429
742;1.0132539811724095;0.1854031414329505;13.198139460280016
743;7.20299497250606;-1.9574062264612102;9.702106696370327
744;-2.5480855710106924;-0.7831114722375137;14.70002497328625
745;-5.366925161916786;0.13397873438527608;11.285980814495188
746;4.223235031978261;-0.8761809480759319;7.270480823187533
747;-0.6720927322559694;0.9175867559607578;9.972744614928773
748;-0.9629790181056684;1.0311913254978096;9.477474796019191
749;5.055535708518062;-1.0726413957133392;11.233121689007115
750;-2.4675314928735417;-0.3816847358642093;9.904056412141866
751;-2.6680871709926994;2.476258504900397;8.174061089186338
752;6.439381251025825;-0.010319682657912848;4.909072111329599
753;0.13038963426583056;0.8360510829101344;10.00604808281205
754;-2.9988959552470122;1.3214144295492958;10.45470442434225
755;3.410040075696497;-1.4249162257684511;8.876949598988132
756;-2.1161833843232105;1.2186338985809364;8.052157508798613
757;0.34098866568977965;0.8986516797573131;9.974607436328833
758;6.4385207403101035;-0.9504749927284406;10.803570123147962
759;0.6819459460061966;0.5166584081871741;12.293305649850149
760;-1.5443707195054315;-0.6304400728590822;12.059408519961822
761;2.847992896724793;-1.9226810171963986;10.994538817617627
762;2.5470879191897358;-1.7782912964536244;12.382813629058424
763;1.393845193272018;-2.4714532485673484;16.992686952277545
764;3.0784174495197565;-3.413095000845236;17.698106369479707
765;3.3891838434323214;-3.7757831894855385;17.562965120422863
766;1.233311484352379;-4.1386034723549034;17.807844627372962
767;0.4110934851647497;-3.404624378483333;18.03258216027815
768;4.050672191986793;-3.4362972531882607;17.12797029961658
769;4.120751612477678;-3.3955152306572307;18.251862286106018
770;1.323418893953641;-3.0855113968240793;17.43758101437015
771;0.7619485756482479;-2.620054364941754;15.515512022935573
772;2.3760139272981693;-1.822977106857429;13.834111514714754
773;0.37092906730420355;-1.4192789167850932;12.403146572942696
774;-1.0927077656782118;-1.295196500944263;13.277347700772145
775;1.022506210134914;-0.9327096243899117;10.441244542094537
776;1.7342035092247927;-1.627352983136752;8.823095790389972
777;-1.844420042553355;-1.3477319339375005;10.84372662450628
778;-1.9746776490187918;-1.2442833303421104;11.159363649767249
779;1.4634257473738368;-1.1407972965092963;11.654101466133604
780;-0.03006954699659079;-1.4210650280491242;8.912248899068103
781;-3.1171212568331526;-1.317572531246474;10.810985508217762
782;2.054635308086584;-2.386579621494043;10.011620504228052
783;1.2427680149028641;-2.0964118069212727;11.630319642090095
784;-3.4475785083825086;-0.8926899513222634;10.960473266754557
785;-1.5834344451180915;-0.6644449741982359;7.029711722496875
786;-0.5311363929769027;-0.7684001577326058;4.711580486399319
787;-2.6255396055669697;-0.32195410528579316;7.492549818960316
788;-0.15031265391489784;-0.37394793106547225;9.89435412636572
789;1.162382815903838;-0.9558124478043335;8.352061439312388
790;-1.1423070340524217;1.7145291758331136;6.552561133138589
791;1.9037867534424866;1.600506967838702;4.992342719610891
792;0.7214127514960469;1.1226292920774474;4.980915396108894
793;-3.486720160289998;2.037719045054315;7.102109212932207
794;-0.5510448768435032;0.9254515810005111;7.298284883941825
795;0.5309901243804523;1.6952220835243625;6.393979556249982
796;-1.7832688877927643;2.0803870873098607;6.302849548047008
797;-0.5209383409035131;1.9038828100805976;8.19319833610726
798;3.0654235084201145;2.195565582207846;7.616268813754729
799;1.101914028938486;2.633050319729947;11.158545917478571
800;1.3222537674496995;4.840231077420083;11.422393022971177
801;7.0417726410177295;1.8947804556931966;6.4021078506157405
802;2.183578850380822;4.893950329822544;10.831786249559206
803;-1.4523322230914684;4.676081967695199;6.813530496207535
804;1.1017325728026952;0.874961454934775;10.024386954042257
805;-1.872882467214642;4.3651319943940425;8.835357519113732
806;-1.3820805547477348;4.563846800724438;8.467084537547874
807;2.693964035165535;2.0113499103481614;4.434715880953889
808;-1.321899985246229;5.315862539087089;12.697745075491943
809;3.7051982705690016;4.826781354973748;7.590632349749667
810;6.118372960507814;2.2313274925499997;7.943526209630618
811;-1.8624841713997389;4.859686195037031;9.87454730112205
812;2.6033813687104757;5.507174258762651;6.419919491234905
813;7.149034583013915;2.8896623006323683;4.396922064439513
814;-7.2288803260388255;5.884623506656974;4.7109328621978435
815;-4.685589600894003;3.694153509237732;4.699615947518815
816;4.455155739351234;0.9810959255850389;4.806496756882417
817;-6.257016172324764;3.1316745489631086;7.1779587432886265
818;-6.677246606922371;3.9256793544677038;9.18373961753653
819;5.926217097341143;2.756781430974465;3.621179153321625
820;2.1922198580906582;4.605834024188859;7.456509022364085
821;-3.463380072652877;4.230539953994929;5.133349076498412
822;4.344079193881573;4.701367617496378;7.648454791878327
823;6.575931621149007;6.3740034024799614;9.572309188761835
824;2.1018176524036005;2.121529639656439;9.697022758995084
825;0.6105051654192443;1.8814643149275603;15.537853238543958
826;0.5204110294582988;4.223525428161974;12.243741471319456
827;0.14010537162264358;0.11501554307067073;6.9002690765198675
828;0.5403858600122099;3.68108975769147;12.68738387928737
829;1.240838818009008;3.4515759526802117;10.39781432571798
830;-2.081327128537717;2.1968092492188904;16.592012774824404
831;-1.9111450534877341;6.382227553569621;5.097584297953477
832;6.413594859697237;3.4427667166048463;5.742762807132558
833;-0.27014089423664617;3.1921300255167853;9.75763751364816
834;1.7608497497815767;7.67279470512781;11.958119046978219
835;10.45463513586888;3.999278970541959;6.853414567834519
836;-0.7202909956245215;7.183084507582606;1.0864094297777491
837;-4.161516519425064;9.03786838996089;-0.9784349708527312
838;9.86320298878067;0.5132388038574399;5.594860407970857
839;4.941407374256437;4.420830557188838;14.002235103573438
840;-1.6303989577861027;5.595005233376434;7.868849140166911
841;4.660952993905749;6.643794026037795;-1.534178132473747
842;-1.8403018260022201;6.21511406626295;-2.7254676615472158
843;-9.411161608746555;5.146870103639897;9.365175676832651
844;2.5602116764416647;1.9814842919393691;14.467913928121822
845;8.52035551857772;1.4994494166561587;8.119724179110657
846;-3.8100026240055254;2.223301668953842;12.068345881736235
847;-1.9099225221246663;5.485684472799303;9.021519816546151
848;10.889107685093101;0.3671669554510026;9.759596867820928
849;-0.7999011155173671;4.028960359130507;18.889095848245248
850;-0.759874371030988;3.7777247855433753;13.524038975582785
851;12.89732779878048;0.7451643153898784;14.435256013639846
852;-5.2986789735472755;1.983906427061972;15.462725725730845
853;-4.508685880036262;2.782087202664187;12.372006780569935
854;11.636114860985813;-5.691012109210874;16.35766330875991
855;-5.038103661817854;-2.572891397076964;21.663697542079333
856;-8.206560574354754;-0.5881774165839718;20.12988855378462
857;6.067197486788657;-6.365869138690271;19.919182460055342
858;-0.39979810388832243;-1.8701208228174808;21.38014403604269
859;3.0383346562441322;-3.9299378331033683;25.259197764355246
860;8.574928262401137;-8.628224756848674;23.862144411616818
861;-5.716370611397867;-1.8919725245243861;19.495124401184526
862;-3.817409859653797;-4.226026690311066;14.364214041706648
863;4.306889019906132;-4.794404696194395;7.965646521293336
864;-3.82706776538784;-1.556306235135566;12.356766936867503
865;-3.8069154906073575;-3.859780914360556;13.031432828602492
866;1.2589243610856475;-2.6612165783856394;11.330908735886185
867;-5.345195496949394;-0.9678552947338955;7.9939490890128555
868;-5.714609342342661;-1.0416468951419566;-4.775418492964958
869;-5.484581654884858;-1.7363281772283499;-2.7984609316238758
870;0.4295563758574707;-0.7998780936013036;11.664477241812115
871;11.137997630004463;-4.736798211707606;6.918962447393372
872;-6.023237745806535;-2.389792590439695;12.217851167593707
873;-5.273840595914082;1.4740905689121033;-0.8123200839794656
874;14.78206538656099;-4.222815243773991;-6.235394675853701
875;-0.6691576411937535;-4.339266336700942;13.114153273847604
876;2.0972643641418838;0.8005599746651904;4.231463472939728
877;15.529033243254348;-9.102381549825857;9.937743154960769
878;-7.189962783734693;-1.4645929169494938;6.796743491052676
879;-3.814499319042987;1.0011204746527882;6.350527777968667
880;12.850875922405267;-10.455260544850224;3.946052019467692
881;-4.343334887490056;-2.8144570882067566;12.740831751104883
882;-8.636345680246606;-0.9804521171206864;13.450069288849885
883;4.0034844945479575;-7.665450264691452;9.252875743033089
884;-2.4359220193620112;-0.9701764511132134;5.280088516466562
885;6.089519937220157;-6.30701055686519;15.468961982079886
886;3.8032761420051346;-6.750898304641976;20.971446817064358
887;0.9283151540357657;-3.460306160928575;14.168799581470623
888;6.378122570629332;-7.15367530280729;17.474137867464783
889;1.1478082891830408;-3.5984258208513022;11.263965773400324
890;4.221738057743826;-3.5461403399056968;10.250524477744301
891;5.009957548830592;-9.341533717619779;13.919119256140917
892;-5.8679574744522665;-4.381078891647297;15.75945712246499
893;3.1433987553559257;-6.767821405961654;10.855003398776448
894;7.1446539377096006;-5.163656948769691;8.825127472869704
895;-0.7882689557368995;-3.6013085529570787;7.305400655984424
896;2.5343127722931076;-7.541564314484044;12.964880168189941
897;5.058404062538437;-5.97911240390814;9.670019483049941
898;-4.539374152105221;-5.187506519901402;8.065222671658999
899;-3.870751546334478;-3.212235610825576;7.9187002333572565
900;8.209984621600972;-3.6459384449565113;1.0254417164485814
901;0.9675939036095128;-7.451361531858902;13.479524227141718
902;-6.343914749482718;-3.3297611630036608;9.548360619811824
903;9.884454300009867;-7.305272579620342;6.73999137061132
904;2.4236172232823336;-5.952815239915089;11.66657451782244
905;-3.061786060001859;-0.44413882780430075;10.629346258446104
906;10.81046602532749;-6.80041899420417;11.888207609634083
907;0.4088627832844904;-5.204090129279357;12.323975458669077
908;-8.097077698390152;-0.8039852779799519;10.656764130952965
909;5.873082630243287;-6.094128306160271;6.59252847671613
910;3.569540357945323;-1.777676730367413;10.563563392433169
911;-0.9172664694467391;-1.8943086128413604;14.675112955292134
912;2.562236445795888;-4.582891222174843;13.219333651174997
913;-4.516090606220751;0.021170712103907294;7.261001434081635
914;-1.864164986999565;0.9951461993431195;6.724391577351108
915;4.525607090702158;-2.191708150045355;5.587446493538059
916;1.335684757552749;0.03176777301998917;11.094827947003525
917;2.2526091149265253;1.2814563488080055;19.752343003406132
918;7.5847309333517625;-0.2753876837557899;9.953762094216819
919;2.890224764954929;2.5317543490472625;8.85534445834402
920;-0.22921313140313454;3.7080368864936;9.90888368760149
921;2.4016333360556015;1.7482841083330627;3.948875793933634
922;-1.61429416754711;0.5086525025385842;10.948433313000058
923;-6.377134119585013;5.659431944642729;10.935175083467334
924;3.0788035681558594;5.225525752782166;2.4999697785029826
925;1.225480765760549;3.6678401490436716;8.114989184567007
926;-6.904185262251794;7.304735729917128;10.002519123442907
927;4.692214796685161;2.3433027080547064;11.233541575553097
928;0.47816300320037775;1.367969470992352;13.574341952077607
929;-3.4665040105232916;5.101314828272552;12.35504898499852
930;8.865028373802414;0.137889300594771;11.544488687443515
931;0.42828830314693284;1.6972941146804021;10.696551602536688
932;-7.927905414592361;2.90694915622634;11.451230076166473
933;4.2127268007722884;-1.5809664843985178;11.305143426411863
934;1.7726398159711971;-1.53869895265715;11.850679721143765
935;-6.293541109362701;0.19103248054988473;12.367428971311549
936;3.1466074084506244;-4.0333616040734155;9.106709935297689
937;-2.449447069765472;-0.15922946638296892;13.409309375251997
938;-2.528972282801586;-1.2633612440046658;10.878887211945731
939;6.561046797479619;-1.6882077049969946;10.667083925650436
940;1.4734208526814176;-0.06371298976347864;9.73696836216515
941;-1.9412299836327789;1.2531599000586262;10.584111912684948
942;3.5736672798409654;0.6160273602679831;9.125638847394923
943;1.811625012253016;0.9028970156447126;3.8624173098382055
944;-3.9614779215700695;2.294669342199112;7.929847034445995
945;4.966516822506542;3.84611079932461;5.001623226895481
946;3.3838213586823063;3.5064996847596683;5.660253565839305
947;-6.359258915079044;5.005266055569912;7.949900051242941
948;1.9803222519764017;7.460871500067377;5.034133572277029
949;7.492984835528466;2.806094688325426;5.635520398312432
950;-2.9751449146854205;8.079002021364527;11.61569475131259
951;0.6069372777380831;6.6871375718190125;4.247250498256925
952;5.273109835103789;1.8925828527621125;8.538621746940308
953;-5.959293540790783;5.45503228770847;9.881408815095558
954;4.546331518762685;4.338952924119552;6.6982077375345295
955;3.6408510108113776;1.1593001409671875;13.899590969643207
956;-6.903323334955689;4.956780090333952;11.140248478078753
957;5.311496007838143;2.468003993763119;15.074043552127558
958;6.116846517275551;-0.5319511964187568;14.69301696654422
959;-4.266645857439076;3.7027527744096895;12.734523074823956
960;3.729386583168812;2.3623372361009283;13.82848005014458
961;6.25508987342691;2.1497279120292636;9.741317841642166
962;-4.18641019845851;0.14900579453202767;10.948127149676015
963;-1.8494789441595143;-0.23417500752365486;12.754295227902741
964;0.009942902359093979;0.08516288570001146;7.049916014896245
965;-0.37781001890920524;1.1817501658178762;5.444909665504583
966;1.2427294478592479;1.511934885130475;5.827112026017044
967;1.4812539449799889;1.2245722231249168;8.737617366618682
968;-0.6362090610044272;-0.06389684159491145;8.640948564250515
969;-0.9542622268828037;1.4697673998527618;7.702076568956936
970;2.0773964899151576;0.489968820619127;8.578781189661367
971;1.8983796600345255;-0.18109249196302898;8.332631329678117
972;0.3180359843818406;-0.010653496606252992;10.20881330115511
973;1.4410227730593055;-0.12785385218380957;9.223971167928752
974;1.460819922238767;-0.10655473121091265;9.117981057382176
975;-1.1129456143323864;-0.4688839583388213;9.376280789688632
976;0.8545369610203539;-0.159861415586772;7.9353085448684375
977;3.8849520102155815;0.330410298038906;8.959093995388807
978;-2.0268217562233155;0.2984620667438597;10.215390423074027
979;-2.126060474719506;0.5436761264083035;10.640801896865197
980;3.2485238983747595;-1.07678801559481;9.490396865990414
981;1.2218555756258058;-1.0768835010629334;10.78245844532046
982;-1.6290522274292425;-0.20259989503470882;14.23493942562397
983;3.6949666595645643;-1.301018580636679;10.94253412713515
984;2.8306674081445142;-1.9090374877851959;10.473222482098917
985;-4.091829958994877;1.0345957885205808;11.623527442533279
986;1.1122816590305697;-0.2560044511179185;6.521405925760756
987;2.6812474366554953;-0.36270393835874787;10.13671872588388
988;-1.3802707193190247;0.7148006297421106;10.91406669674583
989;1.85680977851195;-2.432661005635531;11.384191828323852
990;2.2538655430480277;-1.5898983665993205;11.984045186259035
991;2.541665646914964;-0.38416841008541974;9.472431247742001
992;4.894425468160603;-3.319062150389365;10.583119345340334
993;0.7147655107535766;-1.675676688365054;10.124676121144628
994;-2.441982325299821;-4.03476040065285;8.36778303034663
995;-1.240776928720697;-2.4552114154724594;7.604404278237591
996;2.75933710794166;-2.722300634962558;6.702504364488739
997;3.2554430045348077;-5.690595661244934;9.183747456125124
998;-1.0817802244909454;-4.719404421359603;12.274662676631216
999;-0.03969618507002535;-1.4095254864975737;11.62210540665459
1000;4.108330594697435;-5.69193687711688;4.906415867061149
1001;-0.2877658828744132;-4.592349350393462;8.384247507010338
1002;0.43658642778807805;-3.5993970571384852;12.877231336872644
1003;4.9113288322629955;-7.028438942573826;12.465809899409686
1004;-4.226487845744647;-5.010010968725091;12.165609595061262
1005;-3.2837816720201816;-4.305300931251268;7.845723708354067
1006;2.9661542019203715;-4.3697253049479645;4.554278579799878
1007;-3.134626773596535;-5.278249351095933;7.535466364604966
1008;-3.808958323634195;-2.4042373278204168;12.305447850598112
1009;7.399290293978832;-6.176667533199607;9.818750182080555
1010;0.16860730874439087;-4.114513549392469;13.763558624752177
1011;-4.2347867775950006;-0.010687813854678702;6.851695214774068
1012;7.21956941743316;-5.921469385078957;6.840067616203613
1013;-2.6377751751480805;-2.8006032734073076;9.694368605131048
1014;-2.1319196776659974;-2.1914648858117207;11.91103900581082
1015;8.180174595820324;-6.735211939428112;12.118651179007276
1016;-0.565144787554028;-3.5709768567891347;11.184638433473697
1017;-3.440254555099063;-1.8069944858353502;10.748201656381513
1018;5.4723822858278774;-3.9457158163217323;8.481471400611508
1019;2.1313365301101905;-2.609266023502911;7.430173289689725
1020;-4.4111297927356246;-2.0640233759122752;11.582582614437019
1021;2.0518065997151615;-2.598915203576656;7.213596241991655
1022;2.2796605110948143;-2.2675140127887086;8.175597739435348
1023;-0.5054623026187933;-1.2194023036112858;11.037769288558477
1024;3.9146410208948375;-1.2729661943132082;10.088390287171322
1025;3.8351476471561057;-1.7865446567715482;10.12155009062536
1026;-1.8728768033054861;0.6098169929415427;8.980521639946167
1027;-0.06936202136908397;-0.07489445979408853;7.05167953941585
1028;1.0800068180677356;-0.9843876820424242;8.644209982631478
1029;-2.7543623226160405;-0.2996145220949611;10.9595362751751
1030;2.704675893324519;-1.3376455153017348;9.957216380769554
1031;4.666054374494249;-1.2735145043626055;9.862148244823354
1032;-1.5156419900848483;0.3210730502137903;11.469759971070037
1033;-0.32688536261038836;0.2782795835691632;8.995063269653691
1034;3.417251603326141;-0.4174435437975507;7.519171434735698
1035;-1.2182582603487542;0.40676316711987576;9.30879429970608
1036;-2.951391793634283;-0.2462127016283403;8.711362515282957
1037;1.2280291251767128;-0.37469251687707583;8.086935552715378
1038;0.8516512371702224;-0.610247367366088;10.020626880546223
1039;1.0892622282393973;-0.42826722167887565;11.761202732760452
1040;4.267695152097735;-1.4776021247110493;11.766203719702442
1041;2.544636060561119;-0.18203320159868472;10.521081125589982
1042;-0.1980154040419543;0.4176276853755911;9.20385753845376
1043;0.3267077022857159;-0.11779859859097365;7.258376350088636
1044;-1.4948543097808784;0.13922372292268717;7.903021878936332
1045;-0.841428636208006;-0.2249113496291968;9.89581823241555
1046;1.4748951761312683;-1.0496392900342437;10.429779169050352
1047;1.9103312053155235;-0.6533795259989139;10.508076455623778
1048;1.2569894046449024;-0.5248716568220347;10.049265810092882
1049;2.1773443589452355;0.6962921773641227;9.108507247733428
1050;2.1376406855404264;-0.07498891420713617;8.013771056522318
1051;-1.3359534778000683;0.7927774654330528;8.129175534004975
1052;-2.4045864131307337;0.2035604856061896;5.435732930280445
1053;-0.9894884704151882;-0.21428406680738293;7.223905635464288
1054;-0.7519707255116101;0.31072603896941847;7.46663252664675
1055;0.959700502707163;-0.78220751283729;10.006510309207844
1056;1.622499219785209;-0.35361628176088267;10.003011618631172
1057;1.5432699980343547;-0.5250894717844208;9.935997927635624
1058;1.7410317906961164;0.0;9.261286377575075
1059;2.186064877635159;-0.34294481625328177;9.230847524250525
1060;1.0088989477791266;-0.8573977053414247;10.850163236128404
1061;-1.0088449674030178;-1.5112255832775148;10.175838604172029
1062;-0.37582411235786095;-1.4255398066152654;8.741100881922378
1063;0.4054727819635763;-1.7150031701544888;8.674666686261022
1064;-0.1780029407956035;-1.2648643633181087;10.699248150707149
1065;2.57101651967539;-1.7580146740684526;10.99412256452981
1066;3.5992315046651417;-2.6371218923383717;11.569202045479269
1067;0.3757239731581281;-1.4365342186559908;11.809315344904288
1068;0.9392600365787147;-0.8791053726759751;9.147675683519745
1069;1.7004646606358969;-1.7689949457811445;8.629434104066801
1070;-1.4136835469164302;-1.0292696871742433;8.192851206913074
1071;-0.7512884987823796;-1.7155086936731605;8.533131004373411
1072;-0.22735159673031516;-2.015791231793963;8.918308215907734
1073;-0.5337537952011534;-1.3188860679535568;7.91360056091882
1074;2.3325787885716363;-2.691473130949014;8.289704106390067
1075;1.492376486295321;-2.30551863739518;9.170512450428317
1076;1.1266354857608072;-1.6728937804986688;9.392679270208625
1077;3.0239678810119677;-2.702449904970985;9.69579231701158
1078;0.9486459466082109;-1.919654833501267;10.025716934631973
1079;1.3142009787429119;-1.9304357736716962;9.247835085845615
1080;0.9386658366411792;-3.0244361094476746;9.865738649142347
1081;-2.331721541522362;-1.4050079177957784;9.862319773254935
1082;0.09879659535389133;-2.7135627337229735;9.022335214396806
1083;0.7409358336460814;-3.207023445196174;9.145103389291696
1084;-1.0866493501956462;-1.930699723219657;10.59817678417292
1085;2.232454305058994;-3.2179144463965654;10.127237141269987
1086;2.143439774520169;-3.3788934572540863;10.51000104595543
1087;-0.06913963725244313;-2.0381117691177617;10.67698597233586
1088;2.607416898513566;-2.7676057804727185;9.838464970934131
1089;0.7012008738773469;-2.4673015016193616;9.503044105129526
1090;-1.264071512708121;-1.5662344146707468;9.428001429269084
1091;0.681378435318121;-2.18848396543595;8.743226933337162
1092;-0.4838524965369445;-1.5233879798122807;7.682422572303667
1093;-1.6292155137187145;-1.2981240857824696;8.737202059759413
1094;0.9873527134699064;-2.0920585500234306;9.200017276213272
1095;2.1523187334712817;-2.1350124192424063;9.572963035447627
1096;0.5232433401940875;-2.199424077889842;10.98408436000161
1097;0.967457180250877;-1.716653207498676;9.414249535965483
1098;2.8528659498230735;-2.29606181628135;8.784807804695879
1099;0.33561424061588613;-1.834732757923411;9.497210787523136
1100;-0.13818708135908978;-1.5343321223587123;9.413494682144194
1101;1.8259508688426238;-2.210328705492346;9.151104419916534
1102;0.21712912151833344;-0.8905816732493369;9.567845303508474
1103;0.3454152443921092;-0.49358186396830234;8.421463785125276
1104;1.3914598518210968;-0.5150483887290912;8.641766729089492
1105;0.6019487947127653;-0.6545483974253812;8.442473297561325
1106;0.7499312657262148;-1.1696158654247912;9.956214680261644
1107;0.9275001021396097;-1.1588973962178972;10.220360737536163
1108;0.37492807977724163;-0.6331075222787672;9.08463497697718
1109;0.019732071615748113;-1.2984186356556535;9.491496036645316
1110;0.5031427388933085;-0.6867726147407809;8.383522889726999
1111;1.4994880338474537;-1.4379409890182977;9.565180435827143
1112;0.5228218366427334;-1.4594131139447912;10.051593568272173
1113;0.6214367152304688;-0.9336009233486757;9.086965801748292
1114;1.4696745526639252;-1.7277079110107887;8.76358198352502
1115;0.1282203068666694;-0.9550728869602924;8.547146618130178
1116;0.6903830652141691;-1.3306689077440879;9.193286350861847
1117;0.9270402790344295;-1.3414046888998576;9.385701988115287
1118;0.6410070438853047;-0.7833824372138511;9.053775236933632
1119;1.074867016233486;-1.223366834442037;9.4059847478652
1120;0.7001085494772186;-0.6868033179706228;8.736879305420347
1121;0.7592356431913766;-0.8906985818847741;8.920317603735391
1122;0.6901807414351229;-0.7941167075079696;9.387566294110593
1123;0.4338068559877817;-0.3541328306133172;8.887679017156975
1124;0.8675717647013393;-0.9443527779588602;8.88467842378098
1125;0.13801612813581152;-0.622412935213792;8.881681182705135
1126;0.8181990786992378;-1.0623913062635386;9.10021127786393
1127;1.143452260102242;-1.5345596408175537;9.66405726818208
1128;0.029570624491528818;-1.3199301555890446;9.581109210842865
1129;0.7786558901665621;-1.5560071966847684;9.409698337312836
1130;0.9855934755913756;-1.8028115477102666;9.31804632242375
1131;-0.24638666416774635;-1.5130641461618006;9.589147397842966
1132;0.40405495951929166;-1.9422879757865348;9.276421342482594
1133;0.8179262482876525;-1.7920414143378436;9.043468544391652
1134;0.2266435653452948;-1.4271822370760572;9.119975566683125
1135;0.7488739550773448;-1.5666663522237096;8.913736591010617
1136;0.7981046106597817;-1.4271542325790207;8.822444193566179
1137;0.3941072598889641;-1.3198350898866604;8.757699918533278
1138;0.8965521988059715;-1.3842011405802885;8.666523815896525
1139;1.3792469871479214;-1.3519937277329017;8.637166625083546
1140;1.0146846007258026;-1.3519760271276988;8.987069390091126
1141;1.2904615016284393;-1.4270660212870805;9.045794908516802
1142;1.379055585325849;-1.5665307722629576;9.192618491051949
1143;0.7584456342818273;-1.6416133693398693;9.260051154423866
1144;0.9455512187339639;-1.5772110237282198;9.265785671320494
1145;1.58569579258662;-1.9848922319211229;9.34195767867561
1146;0.8469789300202593;-1.9419416762738102;9.893386114304967
1147;0.8469404329806527;-1.8131610558143245;9.766926217168972
1148;1.5263932287003847;-2.1993548608023112;9.640552046009983
1149;0.8173220663079038;-1.8881893565839032;9.59340219005733
1150;0.9059065191595033;-1.9739756704545501;9.511123584078518
1151;1.1126396418129427;-2.124124410898793;9.455265059890703
1152;0.39383709137948697;-1.7807924739774048;9.285244767214122
1153;0.6399567332328805;-1.9523907728669756;9.0011785554479
1154;0.7088436564430949;-1.887981993133761;8.761194438608385
1155;0.3051830536584137;-1.6197635964541401;8.793422867536972
1156;0.44298807062238954;-1.759169424712827;8.84317674549629
1157;0.511874794064065;-1.7591241905167379;8.735039382984793
1158;0.3445159997182357;-1.6625428392609036;8.793551463254168
1159;0.43308688883227353;-1.8984650453623304;8.799441903970807
1160;0.43306801726926797;-1.8018824661227304;8.954276834101064
1161;0.24605069856232442;-1.9090825534572082;9.170322593446448
1162;0.30508966106505725;-1.88757652860448;9.272404756294977
1163;0.5904706315520053;-1.9840402323937945;9.2431289477778
1164;0.3444264107953625;-1.9732544947660784;9.38012561051066
1165;0.3936133193691675;-1.747990593584288;9.420817413348555
1166;0.7871930436434837;-1.8766159688656519;9.435251469833343
1167;0.5903697217747912;-1.7157059164633628;9.362261782306081
1168;0.6395401207339664;-1.6834790884828013;9.140763296739209
1169;0.8953184075509744;-1.704865267230785;8.989297776472979
1170;0.6493245264731567;-1.4903638739409955;9.126126389656015
1171;0.6689730883741851;-1.543917763954149;9.123184099905796
1172;0.954230589650873;-1.4473693054825822;9.067881099388817
1173;0.7574505454681554;-1.415151786284442;9.178385773774197
1174;0.6983995798246321;-1.3936561744912357;9.192881079049632
1175;0.9737846046000961;-1.2971210400782833;9.242246420847298
1176;0.7573569488364489;-1.2649101224096335;9.291582844355618
1177;0.6688074421368965;-1.114790295578134;9.210187330997886
1178;0.8753152457680695;-1.0611502250988836;9.18982209877343
1179;0.599910890649752;-0.8574585849674439;9.247843544782139
1180;0.511378789430783;-0.696654912482381;9.323242432551968
1181;0.7473697320113445;-0.5680166059041767;9.18973792078169
1182;0.7080061888245747;-0.42867251806037193;9.134617726798202
1183;0.7768091360407441;-0.4393692564156777;9.227382556826127
1184;0.7669457049754413;-0.32147474224307093;9.40703255565242
1185;0.6194317313695685;-0.06429190748205842;9.421436164242701
1186;0.7275578696199066;-0.10714802350771647;9.096976905985219
1187;0.7078664662598307;-0.0749999562737228;8.955129904328187
1188;0.5800346469799326;0.1928474416478879;8.917572780723338
1189;0.5996736228873641;0.22497732822892091;8.775877316230142
1190;0.4128740843368982;0.3320923808556352;8.547497451684816
1191;0.4423481066006203;0.5891655001294805;8.562162645580097
1192;0.8748328340021768;0.47130746689765013;8.594165453274913
1193;0.7666782472188641;0.49270408294491513;8.565464374663016
1194;0.8551088076886311;0.7175950905769101;8.588786028906261
1195;1.120445228572579;0.7818142097440406;8.534118753646954
1196;0.6289983074607736;0.6318418133740786;8.32358341220452
1197;0.619147136096626;0.6639316322788613;8.641362461594758
1198;0.9827367868043473;0.35336257189888093;8.404963363579299
1199;0.6092743341736904;0.3533419101703683;8.87828555860667
1200;0.5502921065310797;0.4389745385915942;8.884183656528881
1201;0.933497150136643;0.17129684407761006;8.907376724361407
1202;0.8057261736172101;0.09634860467953092;9.285014592631887
1203;0.7762202977787592;0.18198058511526158;9.359932936139218
1204;1.0119977516342333;0.04281628252020961;9.426168533532616
1205;0.47159375717013247;0.32110177590475864;9.4319048170575
1206;0.510875077598854;0.3103784765042059;9.152699257271347
1207;0.8252305787664382;0.2247422188598291;8.890932946525641
1208;0.3241863383755158;0.5671692187185126;8.862322670866593
1209;0.47152730484425626;0.5564308623391467;8.885492808392762
1210;0.8447903850731572;0.3958952725967257;8.770668218525651
1211;0.5402543118532109;0.5670544828175018;8.940423838828748
1212;0.6188155010242746;0.5028249282102675;8.791183708936698
1213;0.8054149192746427;0.4706968016280004;8.814361565856817
1214;0.4223373860528355;0.7166920936304192;8.828916135843587
1215;0.5991096339378158;0.6096795561857073;8.852075795400259
1216;0.8053334974728901;0.4599003790363786;8.858008966581632
1217;0.5008614764780591;0.6844527919854851;8.872548229991727
1218;0.569588334153763;0.6416269566492107;8.869875793516918
1219;0.7561527370736215;0.5881140317295298;8.884409387804343
1220;0.5891907001793973;0.7805285673793717;9.00211491730624
1221;0.8052011986290579;0.7483947681208557;8.896272500251076
1222;0.8640905075259918;0.7910989126243967;8.850647232881508
1223;0.7560549723952849;0.8765545470181612;8.865185513987635
1224;0.8051238977529203;0.8871740614049252;8.845367418788332
1225;0.9720091038893143;0.9726070425141943;8.731128875030006
1226;0.844345070237448;0.9832156028386844;8.822944078738361
1227;0.8345011333129057;1.0686254407093738;8.78600849101781
1228;0.8442926910259948;1.0471665320417858;8.72336651855231
1229;0.7951815795977004;0.9936569266972788;8.755089958797067
1230;0.8344243147959506;1.004256875785314;8.726791008058454
1231;0.8736649361261499;0.8225659724754455;8.767072988974807
1232;0.6871316018620034;0.7797683417969047;8.824470640656754
1233;0.7460063300950042;0.6728924133983819;8.813318805853603
1234;0.7165375503440263;0.6514737085567702;8.844989809605925
1235;0.5791023989984393;0.6193792211745386;8.825287706793956
1236;0.6183455956257111;0.5766118877267425;8.831273277264698
1237;0.6870308362296034;0.42708142225473766;8.820149407440782
1238;0.5397944891879323;0.427042554371889;8.911665693129814
1239;0.5790357900983949;0.2989023452940103;8.823584448258293
1240;0.628088928698934;0.33089690663838334;8.76974794683243
1241;0.6182577708422536;0.24548116271389533;8.792852087478382
1242;0.6378673039602473;0.27747423085779455;8.77323531054939
1243;0.6869151878309913;0.20275030574397968;8.676772412264466
1244;0.6476452118530533;0.16005062892112368;8.77673545772452
1245;0.6966904748809615;0.12802807359369545;8.825435038954465
1246;0.7947946598476853;0.09601165016300882;8.780250406324546
1247;0.7359014128097325;0.04266762798912323;8.845991325697454
1248;0.7751290964580204;0.03199753033699564;8.877586964855816
1249;0.7652974218712935;0.0;8.85801603343457
1250;0.7750889343883677;0.0;8.881076810832075
1251;0.7750691382723008;-0.021325195815202185;8.887087509913757
1252;0.8241033301192128;0.06396898207769744;8.867545488091212
1253;0.8142721969686058;0.0;8.848018342026654
1254;0.7455801248567013;0.0;8.896615493725974
1255;0.7749918716255337;0.0;8.757945297339212
1256;0.7161143654772264;0.0;8.806550069245475
1257;0.6180016524017479;0.1172144087130933;8.761562350652579
1258;0.7847452668131805;0.11720168714207745;8.759124527203648
1259;0.7651086327841012;0.03196059682487747;8.782197487217623
1260;0.5983403008950688;0.149133005481939;8.720270624407263
1261;0.7748818116579356;0.07455821004072377;8.734854271182938
1262;0.6963969549338603;0.08519982672446157;8.715457509231422
1263;0.5786830113174621;0.031946324206518335;8.755521644440417
1264;0.7355976104568177;0.0;8.744629054225676
1265;0.647311642166537;-0.010646339749119956;8.759210803499819
1266;0.5590297455386573;0.0;8.807729721227153
1267;0.7159349817453325;0.010643866530114638;8.720500469057413
1268;0.6276557065152876;-0.0957835378781494;8.794457150128121
1269;0.637449449413386;-0.021282710692529093;8.834464247757353
1270;0.6766631492071329;0.021280170970751532;8.798170426906662
1271;0.6864558304153277;-0.031916417173205584;8.77884982027971
1272;0.6766356830885372;0.04255006753474922;8.759543996155006
1273;0.7158466684933261;0.0;8.774131460884831
1274;0.7354444576228921;0.0;8.737914450038186
1275;0.7060130333974238;-0.010633592976943487;8.752509640712727
1276;0.7354161852108724;-0.04252906186758179;8.784027654151567
1277;0.745207706452199;0.0425237145099784;8.747853055723846
1278;0.8040250165446012;0.0;8.745534721297558
1279;0.7549852722256394;0.0;8.75167895242317
1280;0.7157524054298111;0.021253721232952133;8.749371742547826
1281;0.8137862627999569;0.0;8.730168353103096
1282;0.7157272403837619;0.0;8.81236956986019
1283;0.7549321858560463;-0.021245410805124744;8.691809239146373
1284;0.7255070133612324;-0.05310650144530322;8.74865507566656
1285;0.6764750708766604;0.053099430656380425;8.712609846731283
1286;0.7254831235191258;-0.05309231125411485;8.693468944262186
1287;0.6764531762669622;0.02123405860002772;8.78403905691864
1288;0.6666390086499374;-0.0318467566982024;8.739593612043674
1289;0.7450555370563854;0.0;8.653008164308897
1290;0.6470120810624183;-0.03183800862197912;8.701378054763781
1291;0.6960178123884551;-0.01061119722327779;8.67386357957693
1292;0.7058105558764275;-0.07426800426465814;8.75592376947941
1293;0.7156032190774251;-0.021216444874827795;8.694721649389974
1294;0.7057905328438995;0.010606720312602264;8.717785323925966
1295;0.6469657303005735;0.0;8.690318837979802
1296;0.627352288284684;0.0;8.70496484946337
1297;0.6665530632702192;-0.03180646346196425;8.702776739297994
1298;0.7155550686127639;-0.09540551638636341;8.700595691295632
1299;0.6567340017491972;-0.021198123710792466;8.673184894611325
1300;0.695933530943788;-0.05298749921683088;8.66261384577551
1301;0.6959251884282225;-0.08476743173661654;8.7277277929965
1302;0.6861154114982527;0.0;8.666724503900678
1303;0.7057106549026666;-0.13770583883217136;8.70660557030124
1304;0.7351070899461358;-0.042364622217639696;8.67085543051583
1305;0.7154965260748863;-0.021179089552930346;8.677127745309855
1306;0.7840975071392164;-0.13764300754297373;8.683404044199895
1307;0.7056806178959806;-0.1058629205197854;8.681287492810144
1308;0.7448777052416511;-0.17993907971096323;8.645603252695564
1309;0.7056668818980857;-0.04233200142187117;8.685468148098897
1310;0.7350628297578028;-0.07406937795138456;8.733709969442543
1311;0.6958532655409382;-0.11637635596852841;8.681282081080628
1312;0.7252492134311584;-0.13751383301225695;8.704356812055664
1313;0.705642003597216;-0.04230518284174006;8.651974737034577
1314;0.7154368260148474;-0.09517134854269339;8.725348571118241
1315;0.6860300294041657;-0.0951559456595858;8.647859685615874
1316;0.6860249390190686;-0.07399813285766764;8.687701882354652
1317;0.6958203424941911;-0.05284714677845445;8.710779927256526
1318;0.666414977149036;-0.042270751786494816;8.650115906263414
1319;0.7056112564352853;-0.06339561547398392;8.68994900712534
1320;0.7644074406437689;-0.03169252143037787;8.721400483159156
1321;0.6958027508674873;-0.07393681442274941;8.660796731171063
1322;0.6467989456550679;-0.010560619442256025;8.650423334326186
1323;0.7251950580552021;-0.021117653566469274;8.656789825578871
1324;0.7055917551669362;-0.01055702391291057;8.612987191066125
1325;0.7447878657294447;0.0;8.594291613003348
1326;0.7055855345776901;0.03166016135878449;8.659195066527603
1327;0.7055827657053467;0.031654660614821736;8.640510950558326
1328;0.744779098390965;-0.010549710061412075;8.68867858234748
1329;0.725177286689443;0.0;8.619894972754535
1330;0.7153754906291336;0.031637973499354606;8.617954669964918
1331;0.6957743515487556;0.010544116824030107;8.599324048129173
1332;0.6467746382370574;0.0;8.622443578393302
1333;0.6761722081468403;0.05270167894654619;8.587144339426592
1334;0.6859706761855171;0.03161529117686483;8.610271010801478
1335;0.6859697815216933;0.052682570278162484;8.658417514053061
1336;0.6957686661289361;0.07374211924774217;8.614814909045027
1337;0.6859686762889678;0.03159795345842581;8.604590278008573
1338;0.7055675515568619;0.052653518404577014;8.577704044005296
1339;0.7545652854508201;0.06317247834776529;8.575839535206406
1340;0.7251669235637852;0.10526778098283637;8.632309647089652
1341;0.7349669867310258;0.010524800327938389;8.580464950249082
1342;0.7055690627150071;0.0841824894449622;8.62859510627497
1343;0.6467725049522279;0.04208324740972051;8.535152975387719
1344;0.7349700322139348;0.021037604660705176;8.624912624585654
1345;0.715372320330246;0.11568460586969935;8.598112635829226
1346;0.6859751283497922;0.10514750621278315;8.563010290880795
1347;0.7251756705283329;0.07358897110286403;8.569529649544048
1348;0.7447773020625674;0.07357460850810205;8.584371945436253
1349;0.7055809489587447;0.10508595211141875;8.582582150783749
1350;0.7153833840206265;0.06303913575721412;8.539226870828857
1351;0.7153863392543705;0.03151331757048359;8.587339280239105
1352;0.715389543683144;0.11552580432145025;8.602195160226442
1353;0.7251928951077917;0.06300144354705582;8.525646752999096
1354;0.6663969638981607;0.13647563388669703;8.61529501535445
1355;0.7350006634583847;0.13644799850433928;8.522177394683451
1356;0.7448050469130385;0.05246931445178542;8.553672964708415
1357;0.7252094499877941;0.12590059350657817;8.601769463105665
1358;0.6860134879406043;0.05244779063977071;8.525336325219744
1359;0.6958185063266292;0.06292434031899119;8.573433596763453
1360;0.6664226123329179;0.07339648073404548;8.571732721553916
1361;0.7154297172834105;0.09434719155518297;8.528558922504438
1362;0.6762335390221638;0.1152890367098507;8.551767354491416
1363;0.6762392041682329;0.052393047115663054;8.558388062831204
1364;0.7154476986907268;0.08381110351616722;8.515265433325675
1365;0.7056534732403144;0.14663818069749854;8.546775200766016
1366;0.676257665078374;0.07330338685293553;8.528551307109414
1367;0.7252689325250967;0.13610555460471743;8.54348933215286
1368;0.6860722249251786;0.052336962884923496;8.459008956670251
1369;0.7056817224070249;0.09418605462676025;8.531953827014027
1370;0.6762857247160103;0.08370264625031698;8.555187536058499
1371;0.6762933594016778;0.1255264006089245;8.51217821462848
1372;0.7057056230089402;0.14641516077162187;8.543702638780527
1373;0.7449204216492296;0.1150149762850267;8.525558867609174
1374;0.6861194611951484;0.09408218798693023;8.532257481784843
1375;0.7351373444849485;0.11496360047671468;8.547235172509852
1376;0.725345052087299;0.08359107407298147;8.529125835433813
1377;0.6959485979955023;0.10446521407124527;8.502759024379056
1378;0.7351671518725169;0.020888297371324173;8.50948924583765
1379;0.7253752773568484;0.07309235182854602;8.516225187056662
1380;0.7155833927359236;0.06263621281163222;8.506433162525186
1381;0.7351994449767472;0.07305874205594307;8.471857521542104
1382;0.6861967483180311;0.10434545214176995;8.528203861351873
1383;0.7156164485511661;0.11475329874562751;8.551488685617352
1384;0.7352342439660934;0.020859357381308886;8.5334693890548
1385;0.7156398468543632;0.1251267390238546;8.457649322664066
1386;0.6960450676196547;0.0521238343875769;8.505733692278259
1387;0.7058607267223237;0.1354898394361389;8.545553101978479
1388;0.656854173026121;0.13545755861704897;8.502815741417686
1389;0.7254939009759974;0.1458424555465879;8.517877987416965
1390;0.7157031488498345;0.041659250316007035;8.49168095198425
1391;0.705912308483445;0.0;8.506756929652038
1392;0.7059258882945394;0.12491722515673419;8.530085277915449
1393;0.7647680125705781;0.09366507233096538;8.512174167023721
1394;0.7157587819907425;0.13526085198717414;8.519016945485802
1395;0.7353836054318665;0.12482543884508904;8.509376436968406
1396;0.6765670309266618;0.15599322040299252;8.483258159205226
1397;0.7158034491172671;0.1143666222374019;8.46540085937731
1398;0.6962074397157414;0.0727605992896193;8.497006349371622
1399;0.6864167983440035;0.08313412428179444;8.528610416819818
1400;0.6668198279453996;0.09350234001705415;8.444868892601185
1401;0.7256733554122077;0.07270565156254497;8.492964198078909
1402;0.7060769397660589;0.124606585987312;8.52458023143958
1403;0.7159004342756871;0.09343108771859762;8.457375480173825
1404;0.6963034319759195;0.12454284638222889;8.596043294499237
1405;0.7159350509238549;0.13488667555887912;8.405378675323451
1406;0.7355679225146128;0.15559820829964224;8.45348680458744
1407;0.7061630089405151;0.18666933574673392;8.485128889547756
1408;0.6963730143123067;0.08294249773861342;8.483855524058326
1409;0.7061994331638453;0.09328584867593487;8.490819208816006
1410;0.6964094987007624;0.06217419090230878;8.456657393510445
1411;0.7062370068801238;0.10359624384963403;8.447191333627993
1412;0.7454926551721054;0.11392560859924673;8.487079815812166
1413;0.7160851139328696;0.07247877135009988;8.43651571657186
1414;0.745534147700078;0.13456736034327513;8.484634046494246
1415;0.6768858293401208;0.11383404849481676;8.425882457778291
1416;0.6965257926327011;0.1034575160026958;8.400034145864868
1417;0.7357881894444185;0.134458264696393;8.489253913267703
1418;0.6573235796263739;0.09306110712732846;8.471639357966216
1419;0.6867767336558591;0.13438479224195363;8.470469947067967
1420;0.7358546321945727;0.09301003567563175;8.46109528983245
1421;0.7260657021544838;0.1136475403567044;8.451732459724157
1422;0.6966524665141672;0.1136160148407951;8.491656187898675
1423;0.7359238430197454;0.08260680494371837;8.441253754253701
1424;0.7163222780525951;0.1445214694573151;8.456556518309451
1425;0.775223319030109;0.13416079845690956;8.480073099291946
1426;0.7359958420883909;0.1444400956069013;8.413304585330726
1427;0.7556476636071146;0.12377070800640803;8.461461104417713
1428;0.7066036049285367;0.14435807575410606;8.468584774355364
1429;0.7164421125777407;0.03092503198946768;8.48392038618173
1430;0.7164669942917358;0.09274847225457643;8.50746660972831
1431;0.7164921826385275;0.12362899234137027;8.473595079610819
1432;0.726332981987546;0.12359321580937059;8.439742383016279
1433;0.755806110613707;0.03088932498061605;8.4223096713017
1434;0.8147298147491667;0.06176062226317288;8.421290037133248
1435;0.6871468865776025;0.061742524733355;8.444876619204878
1436;0.7264394922811883;0.0822991437756335;8.4520718822251
1437;0.6970155658692201;0.09255917980474888;8.442880861436434
1438;0.6675897070840604;0.13365693040582488;8.433701698164588
1439;0.6970690811159769;0.061669434753443636;8.457315336198139
1440;0.7069145457402403;0.08220131659200461;8.456350426106935
1441;0.6676679005732866;0.0719045504701264;8.455395536799276
1442;0.7167897001570422;0.10268979756487055;8.429873302665515
1443;0.7069991986143865;0.07186109508188222;8.437132791048136
1444;0.6775685585379511;0.12315298361133135;8.436209880896856
1445;0.7266976547400639;0.05129807500065664;8.459865521967018
1446;0.6579833502516772;0.07179529467079668;8.409828496733336
1447;0.7267585460324981;0.1127864527313959;8.425313708528524
1448;0.7660753662773157;0.07175101512746009;8.448993639539578
1449;0.6777112565874966;0.12296356755151402;8.448119664766564
1450;0.7268523100330752;0.020487543883509315;8.439070407549348
1451;0.766175225784715;0.09216510627078392;8.397295234938591
1452;0.7072700694352169;0.07166146255410409;8.41282368649352
1453;0.7465962607183277;0.11257536381267583;8.428359974339473
1454;0.6876855995081942;0.07161618808390176;8.427538841134364
1455;0.6778924971175986;0.10227631490642206;8.42672799972078
1456;0.7663485476364766;0.07157058053122786;8.40956611655872
1457;0.6976062245029426;0.09198983322816429;8.433317185194541
1458;0.6878131475401182;0.030653415265521285;8.41617828087434
1459;0.7173249011289138;0.08171604590201846;8.4644791415841
1460;0.7271861307698758;0.06126716549482219;8.398296743214424
1461;0.727221331873868;0.0;8.454787154333237
1462;0.7272568666587239;0.0204090717462615;8.46222229462934
1463;0.6879796427408069;0.08160950599633429;8.412438743710663
1464;0.658527499892873;0.07138480509398705;8.452595415652866
1465;0.6978777115245683;0.09175011659079706;8.451885888353385
1466;0.6782535840944524;0.08152859245850853;8.402147015506928
1467;0.7274395715916706;0.04075071430733774;8.425981007847097
1468;0.6684925338840192;0.0509213533059419;8.376273213104296
1469;0.7078524610228043;0.0916276619297651;8.416468475180631
1470;0.7275532458910932;0.07124194086562229;8.43215621707924
1471;0.6685979274861713;0.030521927424416836;8.472361932776446
1472;0.6784665253335915;0.07119364272988243;8.38186081620226
1473;0.7080032405947161;0.061002310998862885;8.462929640860972
1474;0.7080417668641332;0.09147214477707823;8.429641888183324
1475;0.7375839651877748;0.0;8.445374897726355
1476;0.7277898028686866;0.05078287252401772;8.41211447308265
1477;0.6884882735899803;0.05076528908073228;8.42786870729786
1478;0.6786909395679489;0.030448587655650148;8.410966894922291
1479;0.7082394223248812;0.050729939256565444;8.467567701782295
1480;0.6787683195234948;0.0811394793607285;8.40169739569285
1481;0.7181586248266524;0.0;8.425655620804832
1482;0.6886853510675429;0.010135291877373272;8.44962077579846
1483;0.6788868226154903;0.03039510448092489;8.42461423227186
1484;0.7379640588478934;0.09115289274578085;8.448598231719902
1485;0.6986476559901423;0.060746907676466566;8.464428566820503
1486;0.6888489539943078;0.08096686260125303;8.439457440169104
1487;0.7085732620058597;0.010117218906294238;8.455308380208127
1488;0.6987746402144437;0.04045426855630222;8.43036248996591
1489;0.7283451302878042;0.05054951466740424;8.429912606158581
1490;0.7087040967328572;0.040424908483970685;8.421314271828903
1491;0.7185921188849032;0.030307615477186734;8.371928144146553
1492;0.7186373867033535;0.08079070134430215;8.444948407834072
1493;0.7088380405853334;0.07066587349819058;8.395588060595976
1494;0.6695010012013053;0.09082258730576587;8.460464395061527
1495;0.718775303330167;0.06052596291247936;8.402971763594849
1496;0.6892813740687598;0.020167820618537724;8.43523201267408
1497;0.6991739885466173;0.12096176394343787;8.434870761661381
1498;0.7583090565339328;0.060458229501351095;8.385577540784467
1499;0.6992665161842575;0.06043550226145461;8.417868786277575
1500;0.7387112036202573;0.07048148704192862;8.335976645415565
1501;0.7289108509760087;0.08051976491993594;8.425381847136595
1502;0.6600045755539238;0.10061144912024715;8.44138942829815
1503;0.6699012951978897;0.030171922031764664;8.351383335475704
1504;0.7192082418858871;0.05026728344922148;8.408191766967091
1505;0.689699606149013;0.07034716189622339;8.407921702918706
1506;0.7981367605256996;0.030137155777277314;8.366888718057252
1507;0.8080471229086685;0.11046014318876016;8.36664259580017
1508;0.4828916269820539;0.17064481626066139;8.42348802297677
1509;0.5913380801826132;0.09030615084724661;8.415109602536385
1510;0.9067835444655747;0.08024072838894687;8.276278628180684
1511;0.7392792281313477;0.010026152894956281;8.455463398657603
1512;0.532319815026174;0.13028862301270552;8.496039680798756
1513;0.5323588773089768;0.11020062295162833;8.332791403154653
1514;0.41408751350192813;0.3705276885529394;8.088028351196415
1515;0.7690768556459057;0.1701746389319234;8.096031128662268
1516;1.045234027626725;-0.0500313525105503;8.487234955179671
1517;0.8480839967581184;-0.18004061519968548;9.05779977575075
1518;0.5522827006795286;0.019996459322653055;8.894615836409832
1519;0.38465482695332653;0.4697269242645281;8.095543591385521
1520;1.0258251246271448;0.15984219501096447;7.818263634242076
1521;0.7003771792672117;0.02995821506800705;8.494836324866654
1522;0.8286798160117054;0.03992797494932055;9.228473945450208
1523;0.23678423999502285;0.38913821081489874;8.70665781176179
1524;1.371483777326787;0.0;8.28268900632979
1525;0.6117895894144473;0.15951492925007305;7.817973553863543
1526;0.26644579297787746;0.09965553386946063;8.567950338616503
1527;1.3520747005138543;-0.24903530501858473;8.779891250134982
1528;0.4145382181082383;0.46799108660224764;8.445648662201197
1529;0.5823749990038385;-0.17915560366972827;8.592395796696776
1530;0.7798542213024329;0.13928472637737138;7.907631601482853
1531;0.4343850857755362;0.08950243588824026;8.396796022737202
1532;0.6417585653568842;0.02982152633758957;8.462057733740405
1533;1.332994768809972;-0.16891692945243647;8.633312895485764
1534;0.3159957059848578;0.02979617229295383;8.584468081098288
1535;0.8591860833048452;-0.049639060500557726;8.55193989316819
1536;0.5728395303008197;0.2977066315426963;7.965050008869741
1537;0.6716625792752505;0.07935426823242345;8.364628184666058
1538;0.8791635631308683;0.0;8.641937282674935
1539;0.27661480038224084;0.29732107969816723;8.57684553086382
1540;1.067035888954867;-0.11887671344125339;8.59329426508055
1541;0.6521347713469715;0.3069641811598608;8.079800132375132
1542;0.4644400690355755;0.19795467714043052;8.332711334332027
1543;0.8400194420340408;-0.04946692420205333;8.593797614978834
1544;0.6523087192233831;0.13844633115590899;8.422762647912474
1545;0.751210956568329;-0.03953859296633975;8.586041200547717
1546;0.6623116556755367;0.1383236480387415;8.251941639259483
1547;0.7810057589400173;0.07900687213909269;8.29293398419123
1548;0.7909643212837142;-0.01974289006381177;8.513339887077766
1549;0.5735019879612154;0.167739301659853;8.440199668900465
1550;0.850443759463886;0.02958773062683101;8.489392766333125
1551;0.7219555956467136;0.10843936294601379;8.342873606687995
1552;0.6428974013456903;0.128097538474727;8.326847088548119
1553;0.8704662286697579;0.0;8.42501272115755
1554;0.7122671621181645;0.07875746936045651;8.482417857009619
1555;0.7618027415065749;0.01968035536407347;8.482744093341507
1556;0.8608207212413029;0.04917828813133685;8.434141838491945
1557;0.6926811705459667;0.09831124979601799;8.328448572645232
1558;0.6927483324395411;0.07861263577447247;8.394065344452313
1559;0.771994775988603;0.09822020012645326;8.410753803663882
1560;0.7918671338713447;0.01963489656342676;8.427455365015222
1561;0.683052811908654;0.01962572535317159;8.44417182570215
1562;0.7227216898122347;0.058849580750263586;8.420107364264412
1563;0.7425962897657253;0.05882190778301118;8.428689703232935
1564;0.6436479573716988;0.08819123254696135;8.388327071823488
1565;0.7328423059873775;0.04897193398470731;8.413255458439348
1566;0.723012296757368;0.009789735318400569;8.397394606959457
1567;0.6636541767565981;0.07828055707844786;8.414189975490725
1568;0.6736285568930618;0.05868234463692744;8.365706073684215
1569;0.7430491371724601;0.10753269178219643;8.358039746845066
1570;0.7034927104146079;0.04885496424551508;8.366710661893407
1571;0.7035659406172601;0.07813019444508822;8.440700055306761
1572;0.6937291595848624;0.048807708240209344;8.400420298347944
1573;0.7433594027614477;0.09756795934234958;8.368312369997868
1574;0.7137005217449781;0.07801629720668961;8.434189277126
1575;0.7137764018349239;0.03898905828801695;8.369443633443503
1576;0.7237673018187485;0.07793982833166647;8.443521073550057
1577;0.733760739308704;0.07790143237071709;8.435957182318651
1578;0.7338399824919094;0.03893146429515775;8.428405846373543
1579;0.7537552976895561;0.0778243168875916;8.404529679018326
1580;0.7240808210688555;0.0;8.42967341516024
1581;0.78368021531049;0.07774676930369576;8.389482010256451
1582;0.6845557128155637;0.10684827650513659;8.430992706778943
1583;0.7243203227261086;0.01941719770589776;8.398990244129836
1584;0.7343242855432703;0.06792593423278306;8.44870515383726
1585;0.7542552934661585;0.13578316101811566;8.351353264671538
1586;0.7047125423081664;0.009693875815856052;8.507337367001202
1587;0.7742787306254864;0.0872004656737091;8.426345167011176
1588;0.6552333841839232;0.11620790611628515;8.386220223152353
1589;0.6850950057849089;0.06775321409288246;8.378798581330047
1590;-1.0625155642265343;2.370143496053924;3.3109496427668
1591;3.6348182546318157;-1.2956546223991008;9.067121593677564
1592;0.6753997622678757;-1.478601472361563;16.58237907719677
1593;-2.4237755828603547;0.7534055183557683;8.242920232540504
1594;2.9207923998058414;0.8398993256426163;3.3122107627043826
1595;1.9176166061253377;-0.2701712000141528;7.1076452198036755
1596;-2.6730562806352274;0.89688396640846;9.660499612703015
1597;2.5640535556100366;-1.6964361655644655;11.314002231432289
1598;0.8050897120562799;-0.04816878103784857;9.245227419476027
1599;-1.2922741998645633;1.0880383451964444;7.364230856013746
1600;2.187189207384524;-0.2983299015042407;7.3159187804581265
1601;0.7656088595863075;0.25969728338573084;8.01237244574106
1602;-0.009944182518766154;-0.17303900375988143;10.31327854418225
1603;1.3625195990984043;-0.49962244610598755;9.954243737968083
1604;0.7857829131247012;0.40332415200459193;7.9331852843326685
1605;0.3282789531436046;0.1727599369740447;7.753962182401496
1606;0.8854681775893071;0.42207347014139357;7.754864395268175
1607;1.4825977948363709;0.0862863237314876;7.772158126087455
1608;0.15922505062997486;0.11498575234460866;8.780557621104672
1609;0.5374520886906858;0.16280745759074366;8.888115806782594
1610;1.4234326619146105;-0.17228984108644393;8.61884258737371
1611;0.2588387738839685;0.26785901442413423;8.234803843368095
