;ax;ay;az
0;-0.01864803254287867;-0.026971117908398907;12.001990113222266
1;0.28904814431334475;0.080902400999176;11.776955601790625
2;-0.01864847909466024;0.053927690015525456;11.118812494874222
3;0.3636490194035597;0.08986750379297276;11.08157890319503
4;0.13054184609931224;0.04492781141286893;11.766461009234193
5;0.10256938655522911;0.026953152093043897;11.929624576655144
6;0.3356837927405989;0.11678179955164883;11.492193231249525
7;0.16784278634859326;0.12574878680759663;11.210010401428194
8;0.28906377388132526;0.08082815354392577;11.417543270244407
9;0.13986996660827578;0.035919063037243674;11.59185115852401
10;0.28906510042439865;0.1705940668869333;11.45404720638172
11;0.27974054606399307;0.13466270543497716;11.416462719092037
12;0.24244163381917688;0.15259883938233276;11.356454209685893
13;0.3170384768331701;0.15258010081320697;11.60918018556872
14;0.1864926357394844;0.08974206624960432;11.56030220855275
15;0.27973776341419615;0.14356997941143773;11.533692995783078
16;0.27973623651165186;0.0897204934534499;11.495811842049974
17;0.23311199500436308;0.0538259105501134;11.592241654485592
18;0.3077054087981556;0.10763915991501191;11.58787831445875
19;0.24243237858049568;0.11659549881675246;11.583463947094904
20;0.2610783817189244;0.14348557033724413;11.545339331862143
21;0.27039953231232855;0.11656867584230614;11.507125011588844
22;0.24242412091176652;0.10758964022762095;11.524986091070128
23;0.2330969395425844;0.04482397403976862;11.587779927923902
24;0.21444598141516502;0.1075655529570645;11.639354468908957
25;0.16782460200523144;0.0;11.589673806687726
26;0.20511543452929556;0.06273278523310186;11.539892473361768
27;0.205111669756981;0.06272598742814961;11.568864501536822
28;0.20510766741634898;0.06271925443167223;11.631636947986255
29;0.23307208655270378;0.08958940182385974;11.638048677825209
30;0.1864535864933518;0.04478998399308471;11.610572544342064
31;0.22373916715282144;0.035828251826566064;11.741076291114572
32;0.2144115259133915;0.04478068829885887;11.589287622104644
33;0.23305013320963022;0.0537313327486868;11.685927667539277
34;0.24236571913650312;0.1343147326641016;11.66955180165361
35;0.2050730395819296;0.08953417803687867;11.664427805118864
36;0.23303086614980717;0.08952529487029352;11.738493197852685
37;0.24234485277081944;0.0984681622402708;11.744639308709381
38;0.24233734641711194;0.1521632741899687;11.694091225769505
39;0.2516499271058571;0.08054927538715162;11.632110258354759
40;0.260961643460723;0.13423601384182302;11.649425458523627
41;0.24231318263051416;0.11632692498838845;11.655366805263183
42;0.2423045816907668;0.1252634799910583;11.672625663533593
43;0.28889105393262965;0.11630536430360053;11.678500330287175
44;0.2981988581228777;0.13418625797762476;11.684338853260495
45;0.24227714780884374;0.09839438833325563;11.735629142022622
46;0.28885737465297157;0.11627390265714632;11.707285276079647
47;0.23293992477174588;0.07154685974209972;11.66748989864974
48;0.2142956697650577;0.1162535122601169;11.775663615479871
49;0.2608704000296961;0.07153445513855193;11.815537904826675
50;0.251542401052784;0.10729253926365116;11.707215806976766
51;0.2608469303835077;0.08940291735533355;11.769821829628508
52;0.2049415931688161;0.0983350335343499;11.752573936681294
53;0.24219212985788205;0.10726575339292675;11.849425064657758
54;0.2328656889810738;0.10725703807079748;11.740749161354952
55;0.17696907803713888;0.1072484291066598;11.711915722594936
56;0.2328421738834781;0.12511325360006487;11.774466904238116
57;0.2514564139920645;0.1429753758433508;11.71123070152516
58;0.17694140163190583;0.14296432125111652;11.830967977448546
59;0.25142937296106266;0.1072150533172502;11.756173446773563
60;0.20485703894391302;0.04466957105137745;11.818697662026324
61;0.21415661804875755;0.053599499501944;11.846865033815837
62;0.18621242475128894;0.08039334722085528;11.806244181345331
63;0.24206195506923853;0.1250472656231388;11.857286542329724
64;0.2141189390333692;0.0625191646845395;11.793610022801827
65;0.24203277867416587;0.09823747752165532;11.856089812038492
66;0.2420178014973017;0.02679017497397844;11.918583961284273
67;0.2420025657599298;0.10715335352785448;11.808784963904277
68;0.24198707203133327;0.08035958342586254;11.882725925317395
69;0.2512779037914675;0.08928247488072634;11.887708953191277
70;0.24195531287759867;0.07142129273431183;11.823647361146005
71;0.23263371663796706;0.08927083671934219;11.851545488783783
72;0.2419225285903627;0.07141212015146896;11.844894082961313
73;0.24190575344488952;0.11603741240910712;11.884262769769903
74;0.24188872372389025;0.07140322275928065;11.889063033648556
75;0.21396319654650287;0.07139887696695074;11.80162797344253
76;0.26045806564177115;0.12494055446203929;11.910088919329114
77;0.18602777833025091;0.062466594341299815;11.880188585089382
78;0.17671321094657366;0.11600265802130988;11.861764548773355
79;0.2324998010709141;0.04461385905111891;11.958721221205343
80;0.24178123119170197;0.1338340720090156;11.859405241097338
81;0.24176243538194744;0.06245245861464638;11.933254736408717
82;0.22314774718814864;0.07137036636227566;11.90311670115519
83;0.23242702977456572;0.098129032042003;11.96540420951634
84;0.241704550102249;0.0892035353302391;11.923615511594726
85;0.21379805444715677;0.08027905911040696;11.939605443680886
86;0.24166471739991874;0.08027500987300278;11.943996249612578
87;0.24164443000184352;0.08027103618876293;11.913619034634415
88;0.23233068527778344;0.06242999926886;11.941094427500156
89;0.23231070446879046;0.07134516946780226;11.956966486537363
90;0.23229048763382312;0.0713418380765545;11.961222702749575
91;0.24156082004674778;0.0891732134601517;11.942256105056376
92;0.24153930531369064;0.13375382742418687;11.958035979810093
93;0.2600958360686465;0.07133224357443499;11.97379059271306
94;0.24149554513941832;0.09807762543419786;12.024338910216835
95;0.26933561485030827;0.07132617912845027;11.88911808169132
96;0.26931053391612214;0.09806946876900129;11.99767200804033
97;0.22285669834972557;0.09806552661601488;11.955225964688347
98;0.2692595646467171;0.11589106626443703;11.970826643387431
99;0.2878015234317114;0.14262968697001388;11.939898353340167
100;0.22279242754227324;0.05348412912992321;11.908913133870929
101;0.25061687214160044;0.0802232639233962;12.00584316512482
102;0.2598732342671814;0.11587392537783757;11.89332831347857
103;0.24128668038863824;0.1158699058517429;12.001885400036883
104;0.23198297575404866;0.06238938185972882;11.970739572636987
105;0.21340252636483636;0.08912475228769258;11.974484947957214
106;0.2597676077093806;0.16041943217960553;11.931590340154449
107;0.22263475869001154;0.08020722580575072;12.028501342556345
108;0.22261136186006333;0.11585139288083639;12.00884502205969
109;0.2411367242372296;0.1693163148642954;11.989142199406972
110;0.24111090893983994;0.12475585909985903;12.016058367831006
111;0.24108486013039904;0.08019799122079663;12.089634012195118
112;0.25033005583196083;0.13365977258954403;12.034815897201115
113;0.24103206425249604;0.08910422864651645;11.968254958265957
114;0.24100531832260005;0.13365304078747445;12.065137123774994
115;0.24097834115778538;0.07127992310456344;12.056894912001782
116;0.2316837980495687;0.0890978562415629;12.001867766323572
117;0.2594563037287958;0.08018630450693312;12.075360560257542
118;0.2408960279466593;0.04454700300024349;12.020240268444352
119;0.25013228411518795;0.11581986613035723;12.035232522539586
120;0.2501030775926811;0.10690857035661047;11.991703397534248
121;0.24081165411545571;0.062362182165762205;12.076843681038275
122;0.23152220276802285;0.09799599000066987;12.021529946589178
123;0.25001404090092344;0.0979943503871745;11.989570154949154
124;0.24998389159952045;0.11580966514192934;11.992696216819217
125;0.22218090466485577;0.035633209020946605;12.089508824692265
126;0.24066649365514933;0.09798994921677082;12.057442795028177
127;0.24063678607539093;0.06235641545074803;12.037049683821664
128;0.2498609581379192;0.10689538765508158;12.098677509937062
129;0.24982964366441449;0.09798632117044524;12.043039080562384
130;0.20353920199776074;0.13361628637466844;12.022528129137262
131;0.2405157231068036;0.10689198942405366;12.189689127585197
132;0.24048490204868386;0.14252139320997925;12.110465235524165
133;0.2404538600027412;0.11579770719873389;12.00769404626656
134;0.24042259753825862;0.0623521686737895;12.127912286633705
135;0.2311453190673572;0.08016656797728097;12.02503396426687
136;0.2126256347636708;0.06235144145699942;12.156993942199524
137;0.24957085214353344;0.09798039303884618;12.136250160878753
138;0.221811099782249;0.0534436506025977;12.068461840191956
139;0.23102213024936433;0.09797975554250433;12.223931822603648
140;0.23099081003491573;0.12470125978623607;12.073774258687296
141;0.2494360007104377;0.12470112067135074;12.0763848558101
142;0.24016463106893593;0.12470108781346384;12.16129417458244
143;0.24013141045533432;0.09797948497756849;12.116806273024258
144;0.2585670664432056;0.1157940988167227;12.15463193208233
145;0.19389811175057026;0.0712580683526854;12.074755534731002
146;0.26772629514853935;0.11579472542100346;12.136068448513493
147;0.23999638643667076;0.1336098257212181;12.150281181284294
148;0.23073280236851235;0.08016628139189687;12.140916291003142
149;0.239927597458748;0.10688897964936882;12.17862913059039
150;0.23066625220312081;0.08907472567125527;12.145644000783967
151;0.23063267289373846;0.062352769923477595;12.147962953910556
152;0.23059889149641521;0.07126088752755577;12.17382113502477
153;0.19367451240341932;0.08016921934260202;12.164298701118552
154;0.21208825163651082;0.07126222963486255;12.08400508138099
155;0.2120566180120768;0.09798661596749227;12.156940802676521
156;0.23968020965806;0.08907975740254699;12.111937301861962
157;0.2580782074912633;0.12471320644491163;12.14945595135817
158;0.1935292607546527;0.06235742291549378;12.139767236871325
159;0.248785330495713;0.13362490905989982;12.165444751095892
160;0.2671728513070584;0.10690150844340518;12.143893367351177
161;0.2579201563770244;0.10690317737917747;12.169520196691442
162;0.23946006989496468;0.10690493387959803;12.159708214416003
163;0.2302141148746253;0.017817796915009815;12.185286273702497
164;0.1933494681716761;0.1247268332189638;12.234460618089969
165;0.23014159238996731;0.16927532087054656;12.10645315967365
166;0.23930922427586226;0.13364104001873525;12.202822966729904
167;0.23927100736738532;0.09800544459759304;12.251935023446814
168;0.23003135184759463;0.10691730190396595;12.26558062837437
169;0.2575935234132469;0.14255955835328615;12.196474699860229
170;0.16556895397604846;0.10692211713365249;12.198238229281213
171;0.25750969987924205;0.21384930762432947;12.140864648013617
172;0.24827217807616847;0.17821212406344306;12.166208360008778
173;0.23903750352023054;0.2762358054868234;12.156055719023067
174;0.22061344091609855;0.23168768255359762;12.063086298670125
175;0.20219530576718317;0.25842784359678184;12.041031058810578
176;0.25729640542536214;0.196054141264205;12.231876126147853
177;0.2572531110473734;0.20497153050774378;12.115130876543454
178;0.2663956567862185;0.1693292750843385;12.104821187018407
179;0.2755348702731848;0.19607137600606744;12.177319859642523
180;0.23875609805102757;0.1336891552673425;12.3089855197074
181;0.26625918010691213;0.19608364006621487;12.251262406367653
182;0.23867394498904546;0.2050031790269563;12.240850292332624
183;0.22945441910766212;0.2763178323886365;12.242247283764858
184;0.3120036608875868;0.20501696613059767;12.397549530145321
185;0.25689923317336855;0.2317663743007694;12.197588204819663
186;0.39445443446473516;0.22286022621003698;12.459454806097769
187;0.3668695418071608;0.3298451184806031;12.685814364779102
188;0.36680443460707324;0.3209422880688333;12.687116730437953
189;0.4400868609985056;0.3477006553933156;12.700236596204102
190;0.12833568051156827;0.41012431763401236;12.274941634618838
191;0.03666073804682635;0.5617141795882328;12.359064162011594
192;0.29323289565140165;0.5706532139370756;12.478727243611763
193;-0.07329491233194384;0.7579298296035997;12.3494985230495
194;-0.09160192714805147;1.0076429372515385;12.149101729981844
195;0.14653624056312636;0.7044882198231801;12.209425880960511
196;0.32964586494973;0.9720575429636455;12.506829091294723
197;0.027465411689078494;1.1415489758296846;12.211464831903804
198;0.302063447437116;1.1326813447769497;12.176873915108915
199;0.018303463273332335;1.3289544076673903;12.972286396150773
200;0.10980021363118284;1.4092918916865942;12.937693439680414
201;0.34763530287276795;1.7126378668338802;12.511703596482999
202;0.1646382557074051;2.0249342966120705;12.868405090530281
203;0.32006924115780566;2.4086291463349396;13.094654803116084
204;-0.10057403874841402;2.9083397937259803;12.217750425559862
205;0.3839365111385434;2.2928856093330365;11.494917814835233
206;0.5666546210965961;2.9443217675260667;12.729430669985991
207;-0.10965393746628561;3.1943074542784036;12.243771405205283
208;0.6029798933461471;2.917857965699582;11.532594468417994
209;0.33796849524666933;3.310650163136609;11.82987832427439
210;0.10959000809999814;3.2126633822147346;11.806782661822037
211;0.32870560488158745;3.293159245187118;11.427657515429502
212;0.31951203305709386;3.2040906290364046;11.594366912536382
213;-0.06388978789548243;3.132865613767492;11.749198188872278
214;0.20988195273000954;2.883113733398033;11.868413894170853
215;0.4379273401493758;2.8743527045648056;12.01135307569108
216;-0.10033829930991553;2.7941757837589747;12.367926791864038
217;0.5654296886174118;2.6247155192603078;11.941092586363789
218;0.23706791676719732;2.767722086826428;11.72786505641671
219;-0.09116153693451208;2.267883315088;12.85598984167208
220;0.8111730960897398;2.026932711708842;12.630855870182394
221;-0.17313651969934996;2.2056532422871853;11.7764955739514
222;0.8472844938869168;1.7682047365015066;12.168597500094128
223;-0.036434865620942586;1.5807677015461923;12.679416322027125
224;0.4644488800228518;1.5898000830722057;12.062358388617556
225;0.345988424986835;1.5631066203867614;11.64708116656429
226;0.2457828726491539;1.2952300174497406;12.193466556284532
227;0.609778653315424;1.2059834275792836;12.086825454838314
228;0.6551476789719101;1.2149976354566905;11.386491274245808
229;0.7004971016269801;1.1436041956562826;11.83784069532375
230;0.18190901304573512;1.116877021670903;11.873599022878793
231;0.2818994472080178;1.1437607091736266;11.375016988764232
232;-0.0454580144888978;1.1349039264116365;11.256364963387973
233;0.1545243936958839;1.1349835623775966;11.470155913175743
234;0.38168467055752925;1.0546263517522427;11.1852222749252
235;0.3816029444368474;0.9563821313633155;11.149615730175162
236;0.2725149686112735;0.20559231908625186;12.063901798116976
237;0.35419308445295045;0.4648513280845054;12.740680380574638
238;0.5447945659870714;0.5811069312012959;12.253795265276178
239;0.14524702279642118;0.40233469393543586;12.218091491867167
240;0.27227885594280016;0.0;12.491079209505948
241;0.9346198359762287;0.026826354051366012;13.975135499573994
242;0.42638353437337323;-0.3129980319161439;13.891845204977281
243;0.1723298997177422;0.0;13.867894125587513
244;1.577830869534523;-0.500874356214541;14.259472055067235
245;-0.670882967923374;-0.31307099855659737;14.48478800168749
246;0.6797979468545411;-0.3667693016050814;14.211421083056901
247;-0.12686735220413223;-0.19681872847405724;12.608342364585624
248;-0.126838997610727;-0.18788752215447777;12.714880555932371
249;-0.25362111916434354;0.02684325016344377;12.06160185308773
250;-0.742580495915542;0.09843330001777603;11.396462664111274
251;-0.027161448887820086;0.12528906448665883;12.203339846317613
252;-1.1676780144373755;0.5101478310367401;11.443226697453932
253;-0.09049712101399604;0.5370426455047271;10.80184480472269
254;-0.3980966765180206;0.7250687897063618;11.466156383951727
255;-0.7688747195646541;0.44761135917303446;11.72684131225473
256;0.5064367317888016;0.36707275275968326;12.023088874967447
257;0.3254916398883432;0.37605820014800817;13.233148480696611
258;0.0;0.2865454595002881;13.066415588971608
259;-0.5151238857372115;0.15224061685099805;11.499339133250608
260;-0.2168439701625494;0.1791224072960458;12.899053836282873
261;-0.2709919298339002;-0.10748300223692464;14.144347402649862
262;-0.30705256951620385;0.286647014840025;12.185816030174927
263;1.9050863168561183;0.10750232404145375;12.446186618993446
264;0.027080181235139184;0.5465198195052384;12.469223422960129
265;1.5432071461111918;0.5286494680869567;12.148192565812138
266;0.8300676103715616;0.7437618306343056;11.459430498225036
267;0.5773017306408903;0.7976017046973255;12.58562237731175
268;0.8928016900108374;0.8783400590339042;11.493587952551318
269;0.26146554621848056;1.2907434089132757;10.223765477195556
270;0.6940704198090543;1.2460439668327443;11.4209141299875
271;0.3154110763201665;1.3178841191671478;12.060510151834041
272;0.9460061669060628;1.31801049429221;12.427257035455103
273;0.4323559193869967;1.389873136242068;12.295927720361203
274;0.6573826514061277;1.1927167057123889;12.295013330724691
275;0.24308269362464657;1.1928333025649238;12.673448826161923
276;0.3780369244356453;1.1122247213469847;13.182203332421837
277;0.8638742383428767;1.1123348222422365;13.07446831249515
278;-0.12595094034798468;1.264958301148213;12.71782102093044
279;-0.2338516771644978;1.2471406175955024;11.804186794160245
280;-0.8722327543951578;1.471594774170959;11.791327749996082
281;-0.5933320563237906;1.1666264075054622;12.169484809606152
282;-1.0425690618634338;1.1128957049567123;12.689733994497644
283;-0.18869430767515963;1.3374071280455277;12.96107187320614
284;0.6378084420444685;1.2388002540779661;13.552185913308346
285;-0.10777183066214274;1.1850623833310332;13.349536560771345
286;0.6823849547029347;1.3557812148597683;13.727260996681434
287;0.5924495157438583;1.3289847848275935;13.500899745347429
288;-0.36794472039515674;1.3830085100892915;12.919307856366125
289;0.14355215674220229;1.841213484082826;11.532654047838488
290;-0.8072777537822755;1.6976903822867664;9.234639440400015
291;-1.811433231607353;2.263830410720367;9.790055200684579
292;1.2730618804708238;1.3656324242214586;12.002483194195396
293;-1.7567386490507377;2.0217150189598114;9.563068454757792
294;0.47491578969785603;2.183690509244029;6.686307286186657
295;0.8958394061850526;1.2762061967873441;11.087373306473873
296;0.08956106807430636;1.357242300090499;14.907679401951032
297;2.489160740097786;1.6720202977701273;10.824560734439707
298;1.9961888354064978;1.7621102709170924;10.220022559452417
299;1.789843584837368;0.9530848182601794;15.209931517093313
300;-0.724699880763094;1.0071465270072297;13.351425027314534
301;0.19678121188134307;1.1511549251170745;11.43422635046685
302;-1.3502850589919027;0.2248605377688158;14.94422011512724
303;0.008939964298799556;0.647672400274707;15.403370908496226
304;1.9930935220714145;0.7736975852110886;12.56460892128992
305;-0.7237600489452028;1.4935887868940305;12.657526502779179
306;2.1439136092412854;0.6209011740723577;15.019234789543352
307;0.13395951414237817;1.0529551744904968;14.58006953959455
308;1.7588731419985548;0.6930516849102656;14.070113212231982
309;-0.04462970538692597;0.8191575348280794;13.64295608929673
310;1.5437807508452335;0.6482013435549635;12.885201067248303
311;-1.213287350568252;1.0714600899772;11.92688370116944
312;0.05351320365069478;1.206662063022733;11.039658787740596
313;0.05349900067381336;1.2248190369005831;9.833922314792026
314;-1.3282052328291736;1.008796036188236;10.103980356288975
315;2.5042023927996016;0.7566885823633516;11.872796229772531
316;-0.3474654882180517;0.7027248229466343;11.57602820813057
317;-2.262374623355392;1.4686941213397275;11.090552442971164
318;4.95095584612301;0.2162759707592764;11.938230404864132
319;-2.3857901330397535;0.6759456942672297;14.201011630054015
320;0.14239686995019887;1.234880367749805;9.03346098544971
321;0.09787142090047439;-0.07211876179724394;11.873720206679428
322;-2.873083241633883;0.1893353811508914;12.107625269524101
323;2.463245427623892;-0.10820521027614446;12.046750129828778
324;-0.43561816372641615;0.6132400992634655;12.410151890122032
325;-0.7910094516205269;1.1093833565785507;11.854296825229234
326;1.4394222067180844;0.8840110871452471;10.980498476323564
327;-1.0570643289457704;0.703690340273511;13.723336106816102
328;0.5594690337074177;0.19850217688590194;14.545465964613712
329;1.2961913542050283;0.09023985489452246;13.53028491878525
330;-1.215954832821593;0.8393390100369963;12.491880234425794
331;1.872231830395947;0.5325528605125057;10.629798074689829
332;-2.421697640136862;1.2819041549670378;11.322345918120963
333;1.0819245457209887;1.0202400501729605;12.508867887997615
334;1.1170877677116868;1.0203738089096808;11.694828887044904
335;0.2570361001822863;0.7766698399800581;13.26901255344935
336;3.172183462134383;0.7406435394775733;13.6312056639287
337;-1.2401729299757198;1.029811738812176;13.993244853576474
338;-0.12398265692165379;1.228710944705388;10.698744272337978
339;0.07082740566535035;1.0571940050524535;10.21481381300046
340;-2.72609069336951;1.3374847074264133;12.798443476505339
341;0.9290880650964317;1.3015115238007215;9.870210683177648
342;-0.8845968240560443;1.762701774457145;10.044549271521847
343;0.574825819988914;1.4555564166859887;12.438752438293735
344;0.265229297694489;1.3110832220580158;11.790451600671588
345;1.4495099259830737;0.6782391264989436;13.326244293871163
346;1.1044962885380352;0.09044428020196589;14.121864311274456
347;-1.3868532864859402;1.4834903422250387;13.485288398932994
348;1.9781324026617753;0.6061437207172081;9.5516363013862
349;-2.224764749430652;1.2486482953285696;13.59719316014197
350;1.270931082263003;0.669658099615365;14.497599739768107
351;-0.16764434699454642;0.5701938928738631;10.894428960214368
352;1.4201583613576798;0.3349226675481672;12.744676086397147
353;2.275128378680081;-0.18106470452013798;15.379524936999486
354;0.5289475150657217;0.7605789749696068;14.614523805028545
355;1.3484277022634028;1.3402573678929057;11.06110900143935
356;-3.0749381651276146;1.10496353149486;11.140765740217446
357;-0.026424493694006294;1.7029730497434048;15.425082732484693
358;1.2768141967108715;1.1324576974756133;13.243745167857032
359;-2.227174637763161;2.2289961916079215;8.780421630708041
360;3.8986239656759913;1.495273287745523;11.131144307893047
361;-1.7595890292682244;2.392782404655681;12.556354394411207
362;-0.49254136836366597;1.9308196686152266;9.067122310284157
363;1.239786825914479;2.0852253980148765;9.36922310500204
364;-0.16701462714134435;1.7046933144121779;11.483788906510915
365;1.942075042178051;1.94073216429091;8.944109000156411
366;2.3456194707927795;1.5419290266647245;8.94207734927956
367;-1.32615926582381;1.796157802939854;10.225528272579368
368;-0.7814135068752635;1.0161583156622025;10.188125093105336
369;-3.063291640937763;1.787614121568224;8.492031295102985
370;-0.6932051224876172;1.1616678130998366;9.634516439763733
371;0.4298355698725567;1.261686348410378;15.434963272726351
372;1.5522116536754025;1.280031077347931;13.762124809880133
373;1.3325774012431;0.835322532306868;13.67716678160532
374;1.8405140985443105;0.9262575071066608;15.902326100619137
375;2.5409063523236144;0.4631984739053295;20.995827104786773
376;-1.0335780171503122;1.1899639474581614;15.929647937857066
377;0.9019218071576017;0.29072222850183216;14.328534546817352
378;0.32389452649550704;0.6542243440473008;13.310971051355722
379;-2.2403292584826113;0.9996616488803207;9.322379958889613
380;1.0498396195251152;1.2543124828477075;12.640350146800403
381;1.889144113775017;0.409077547881095;19.439163938114216
382;0.22732862893378816;1.091040970473132;15.98759284363546
383;0.9964486242936984;1.2367035850258146;8.381770454597714
384;1.0573152056496022;0.7093953235619793;9.811172461238513
385;-1.0395250325063454;0.46390723660742883;14.579206563471903
386;-0.9955464916394136;0.30022186303610304;11.236958834990407
387;-0.331748363104568;1.3830553275427537;8.477883782123138
388;-0.6894782652578803;1.1466590700857353;7.1967802816832
389;-0.8114179456646614;1.1923479296252213;9.554466790307943
390;2.1107895640147074;0.8739187679441763;8.610716550997065
391;-0.31390617955856837;1.3475034551021345;8.422576484247562
392;1.8654289913420266;2.3858212703753607;10.743206561214858
393;1.2897160781043138;1.0747001187425318;14.212101556968848
394;0.1393861383084385;0.8562527726423738;13.5234300876099
395;-1.4282705970785532;-0.42819442264733093;9.167933918641797
396;0.8532171853878047;-0.8383012960288823;14.258675497841836
397;-1.305543891674102;-0.5832592803885233;13.350111032227154
398;-3.4542778255631674;-0.03645954116348966;10.48237572189698
399;-2.3398358248602382;-0.11851252968841654;8.717465982513149
400;-0.17391188015767958;-0.07294252054648599;14.10403969955838
401;0.9736061481919419;-0.018238571801557944;17.008222774400036
402;3.224073943259338;1.0671289346073023;13.934067411945778
403;4.838959129008085;1.4869248246908005;12.332202710728643
404;-0.6426787856360602;0.6934027146897952;11.726778056673586
405;1.0592230509884664;1.0311482837518058;14.362124468659154
406;2.4476077743195623;-0.10952034032192455;14.161374733424438
407;-1.0932720972191015;0.7119986533105712;15.672553517912776
408;1.170998444805028;0.7303747589703768;11.70191481808758
409;-0.26881214309124424;1.3331529901795638;6.716265742699902
410;-1.6123696634454678;0.6940843932981721;11.533392464814789
411;3.1284065531839085;0.1096103669724361;17.757205683437014
412;2.3997164456153888;-0.14617134180646482;15.534479132321273
413;0.42436565365272705;1.6903863534195025;11.119206641516833
414;3.5237282988014864;0.7036831484027897;8.484131388323132
415;-2.3628401334127522;1.288777365114113;13.178261204444889
416;0.07787135159397265;1.7643655630983086;8.29454036938481
417;-2.0240183042578592;1.8378073376696349;8.176746564672758
418;0.5101686859430835;1.0242235577509091;10.756878630745991
419;-1.685619117158584;1.6280572923863617;13.519865364433818
420;0.22467827439336172;-0.7135384588379651;8.515065639304598
421;5.226438650656378;0.960694633860398;13.281328873997111
422;-4.585720399440045;0.5216081416701943;15.292496991839304
423;2.382783665483047;0.32949252581502686;11.431340204098024
424;2.0626982393188293;2.0139074275362296;13.315217656808635
425;-5.383745848174439;1.7670465362110732;9.98621973025155
426;4.312528424832577;-0.036628969435312624;10.408686266091932
427;-4.121465660634232;1.6760615718243688;8.462341520481143
428;-1.051587365681902;1.5206221009372403;10.517165123383307
429;3.7052327012926685;0.5772025643429466;11.628467209987315
430;-2.127675734264131;1.979320186279224;13.439762493363263
431;2.2906110331912943;-0.21996233553595435;12.99916352538991
432;1.4031963759442203;1.3933351063272605;15.577995601079081
433;1.7211623494436956;0.559264065558476;15.091057745310312
434;1.7722292172380119;0.23841611225738726;12.619679006776117
435;-0.541818624246913;2.081917335956782;14.634146878565174
436;1.9258478179882714;1.1558025907511837;12.600131710457433
437;-1.1259151254479327;1.9266730530284903;8.320972797499335
438;-1.9933457272860864;1.890304322383887;7.802686746404238
439;1.0908336435436357;2.15679209311331;11.557058140153911
440;-0.28335360258614434;2.294861601244905;11.518944367124487
441;1.6566546802318745;0.6426739829546728;12.27064708791481
442;2.797383643818449;0.991728361421062;12.907416832497425
443;-0.7977687337848821;1.3133531033121082;11.679197455181516
444;1.174827554848963;1.6259055979008028;9.891446523320429
445;1.868828322235091;0.23887578930567896;14.76938024370476
446;-1.3026138545817045;1.837831439506024;16.650019868946558
447;2.6215168719788458;1.5808152160330535;8.259399917126597
448;-0.8307338627321348;2.6198395205410767;2.3639322078145413
449;-2.3800924482421024;2.436424448273302;8.938824332596752
450;-0.8387524793595252;1.4161367849147943;14.584883753882638
451;-1.08660094597877;1.9590324323662225;8.122787545111223
452;2.1468344520647658;1.490234841490308;8.587614939123242
453;-0.8208322298304584;0.680846504548854;7.558630134407271
454;-2.5386209546980343;2.6318518863595948;10.405233915602729
455;3.622975163074734;0.6902950009433979;10.116843802638629
456;-0.7858602372445453;1.509716822233065;18.996718456475545
457;0.5635848319067538;1.34425847536199;13.149661454699583
458;4.541347590232895;1.307665733143982;10.789230264275398
459;-0.5120142105964826;2.265802622545569;6.439432501749838
460;-0.32416930838307145;1.3542003738489024;10.963689669323259
461;1.5350347331119298;0.6910439781833578;12.176354673206655
462;-0.6649631693557622;1.1243025952761976;13.229042306810816
463;-1.3635785196767598;1.2074626447824166;9.25934296830671
464;-2.777377209405433;0.8573626043085861;5.803501678182997
465;-0.28105296415514014;0.055323813608705925;10.955764233526386
466;1.0301879261045417;1.0236777698065018;15.854680688448248
467;1.2426266707709295;0.2767203207421587;14.544352157177501
468;1.1656417032022317;0.6734762932348523;12.236932435952294
469;1.5224886061534637;1.144197305406588;10.282594159558478
470;2.559316379478453;0.4337674541185429;10.346894621373592
471;0.05949929807707075;-0.5169245218147444;14.568793317721259
472;1.520978377438745;-0.7385997662504106;15.18638075085658
473;-0.8239443278985877;-0.4155391409083434;10.211146334883408
474;-2.131355536863922;-0.5356828806256922;9.177635276928026
475;-0.3735001371770857;-0.9884256065117697;13.767086714147133
476;0.11880151152596147;0.0;14.282225633676584
477;1.696600728121628;-0.055446317371936754;10.173623522379911
478;0.5003308568999636;-0.11091326463207887;12.881848532304412
479;1.6446085368056858;-0.4714691968846965;13.848524702918947
480;1.1440632997645823;0.42532603649188455;9.496165654222434
481;0.7878700112140596;-0.5363808466418415;11.79525739419373
482;-0.7706696371831918;-0.15724448328095544;13.799265844373801
483;-1.9048665914900276;-0.01850281545533626;8.470467695753428
484;0.9648103875159476;-0.45340396562406415;8.63641910251927
485;0.617610910274855;-0.13882319606824625;15.1136991601452
486;0.5920318236723308;-0.027769859230575886;12.899833420934966
487;2.2236044906349988;0.7036355275448097;6.914856277895763
488;0.684607389270232;0.01852021536599842;9.006177960613474
489;-0.642132660947015;0.22228451863049745;14.078070547339353
490;2.288943308623747;0.250117325906139;9.415560104145287
491;0.7261371386862163;0.6949018186188303;8.006360941467523
492;0.3207437508754803;0.46335564656319683;10.094052318500406
493;-0.6243967531406375;0.16683966158738417;8.921611578418895
494;-0.9278459117510389;-0.1297888265288789;8.985576670658643
495;0.3625815903762236;-0.5470711548484436;12.93424758517524
496;2.1831881011826098;-0.2874988828375077;12.716012396453111
497;1.8285426909191649;-0.29682958203785687;8.93029952580062
498;-0.4211815376060904;-0.3154416007088747;8.500679622367471
499;2.0630952227516706;-1.2341689436795646;13.575619588125132
500;0.31146458855170334;-1.030217684932141;15.990798309712549
501;0.6816252911705699;0.13924524678478106;10.495811605702615
502;2.187195590450271;-0.29711345748178725;8.285867697995888
503;-3.4562860130672424;0.1671583777617256;9.155646508049095
504;-0.6557162302375824;-1.2817937619597686;12.900128494190984
505;0.453804203811813;-1.7929981518940232;15.321945663654573
506;-1.940618315335595;-1.533169081265895;14.589220797967638
507;0.08398107298833521;-1.4869957915326524;11.666749830491673
508;-1.1249660869868499;-1.5058737102016364;15.504804352732075
509;1.0574464887896455;-1.6642187356799045;17.318713525377415
510;3.0538121582195314;-1.9249154305720686;16.162145822368817
511;-1.9037935867545863;-0.3627353880309007;11.759728459287533
512;1.1234447966004857;-0.45583271877742887;9.792128109812063
513;-2.229366755887975;-0.9397557511890284;8.639919064477626
514;-6.158006033400692;-1.786813023466056;10.508597301503334
515;-1.3819410590743768;-2.8017459506207354;15.20513791923707
516;-0.31815733219978903;-2.634711703260846;15.154448419029913
517;-0.6863172236475257;-2.3465604227670664;10.161942025103205
518;0.03346753105830177;-2.1048649395490253;14.563611426079113
519;0.7193077160042167;-2.245005845067528;17.115563967079176
520;0.6020067034289052;-1.5466544533837976;16.21924517966689
521;1.270471406758975;-1.071686843029536;11.501065833690596
522;2.540079735563798;-1.6031840862962181;11.229771715064734
523;-2.06311355497147;-0.9322662543633325;10.414639717142528
524;-0.4842911177905016;-0.7925815127637036;7.7356259817089015
525;0.15024613470504194;-0.839368501962968;8.830731046672991
526;-0.10013002097524842;-0.22387552522753568;10.024727018956446
527;1.9018231894986934;1.2222272795897127;4.522561232632138
528;-3.6105662150012177;3.919361512911255;-4.1550415666298495
529;3.592665886533508;2.6880909334617944;3.5552372016179072
530;3.9664193113162605;-3.1180527526060655;12.454754506618912
531;-7.705227115683804;1.951501327013381;6.241377725922186
532;8.60193272638969;0.5790284790264514;-2.40037700755294
533;1.839670348662483;-1.0648754262495705;8.945122632799416
534;-8.121747792063305;2.709428766885972;11.383941445144496
535;9.01739015989537;-0.28034114562155554;-1.5356334535759895
536;-8.814735581025662;0.4205949272327377;10.15962154510117
537;-2.917846246696466;-1.7014096662817424;13.466854187940854
538;6.9804971665486315;-5.5073019448559135;13.35082113497795
539;-3.663510737049342;-9.230535328359835;19.26777068479533
540;1.5695400975579685;-9.419446661575469;34.870111586695465
541;6.466954130790405;-8.476378687347557;37.32369339057657
542;-3.327809089985098;-8.468705714322269;36.580798845352746
543;0.6719713203280189;-8.910289123289841;33.29512782437357
544;1.4098283578162023;-8.30357157595439;24.806589783042064
545;-0.3316110042574343;-9.241553540263084;27.700191777890122
546;-2.469658078635456;-6.293375229460933;34.220017123256376
547;1.4912299962124127;-3.5688308679806453;26.082646184953365
548;3.966972481545696;-2.3703266066733644;24.829916919909955
549;-1.9786687967178707;1.6398815045144501;12.34371140831105
550;4.444275912365378;1.2934222368461747;4.665311392653656
551;0.45503097820091115;2.324875898074579;-2.490746677693123
552;-9.618546412892456;5.935245429481677;-6.569649031575542
553;8.135351472056817;3.479331831033622;-4.308431654738397
554;5.157239085260353;3.048543193957593;14.322317123486576
555;-3.304791988321134;7.027128369078893;-1.8401687526684505
556;8.38304146827061;1.6984851537524732;-15.765990859232385
557;-1.5274208392746031;1.8020697602425606;5.023212333468833
558;-2.8887268519667373;1.117132187486748;8.237086257729084
559;3.9438257174944495;0.29107613621599426;2.8538332253019787
560;-1.0639738604159126;2.883172379276625;-11.934930602814248
561;-0.15665571594411828;1.1271996847877526;-2.250470605562388
562;-3.1402846669450333;-0.18790443775143703;6.267965150059217
563;-2.7107617249898057;0.6390038537812642;3.514623891088365
564;-0.8401309958725587;-0.9399009335994324;0.20729294873253537
565;-4.2321528790467795;-0.1316126708438881;6.521384364800238
566;0.971251337824197;-1.7583239442154923;15.664002566807293
567;0.3620376178506183;-2.0032010585943625;8.607561903165921
568;0.43594156046826527;-2.229364024143333;13.700629913216979
569;5.566631626942075;-3.8198513439172457;27.389054136333247
570;3.131700455344098;-3.670057161528771;26.39754028382132
571;3.3031836259244343;-5.628559583987007;21.00200990920821
572;3.137772449329447;-4.99894603058649;21.590541886468472
573;-4.8610630329888584;-3.8041117183167934;23.830235025251717
574;2.1259876302319;-1.5728102231885015;21.50601791296309
575;-1.321108007453118;-1.2905310612277843;23.993406971719914
576;-2.0917224765999007;1.290792731477149;16.04990210957981
577;4.436215713738009;-0.047118775475555104;13.786501128058338
578;-3.3854540332285414;1.6023634915499267;14.192281110420124
579;-3.179436141255545;1.159592593015589;17.15525750378842
580;5.07880562053877;2.0179121652870813;18.414873617406823
581;-3.373794956681598;2.225813303550743;4.796526235080288
582;-4.911614627038687;5.537364194119433;-2.727260467892656
583;10.90824202659373;3.792969639691488;2.2284146505124873
584;0.0;1.3495149185144055;16.975824826604157
585;-8.938158517102341;3.303680761783776;7.414085157424256
586;8.837008559471368;-0.20770220113937718;1.0046583258871247
587;-3.873553550230732;0.9442931970385944;3.185364611559477
588;-5.41622234416918;2.2573203370738715;7.134114204783681
589;4.140403324651923;-2.2010998115404843;1.2729806998647297
590;-4.685957561535595;1.1338447079498843;1.4449257958337036
591;-3.5173494414411524;0.7182480792033651;2.4897371405230895
592;-0.3997478849823031;1.1626650228079367;6.463879398035331
593;2.169319869071829;1.9192613778640901;11.694242884489256
594;6.399757480913612;-1.4279193752555297;6.135036199014263
595;-1.4262112894724692;-0.2932088578035125;15.75009273863154
596;4.977817935238246;-1.7974535189379663;12.280263338918774
597;6.490947983467674;-4.144450058513915;16.5846700905633
598;-6.578293231707167;-2.119969176298709;15.68530089965013
599;1.0498896972378144;-4.496388815093688;17.557254841021727
600;0.8624063537162903;-4.51624420829116;13.599223303864386
601;-2.984862446444695;-2.8315162189392433;18.742556693951393
602;1.0488181892431747;-4.072912791638377;16.5355438295585
603;3.950017500649491;-3.211627794865446;16.377795765753763
604;4.346791777503168;-2.1604749980844833;13.07042392065317
605;4.166628811542928;-1.8671082088909274;15.184609680747458
606;1.510194214476668;-2.6827401233486223;13.518487141295141
607;-3.7255036643739254;1.8394281052472676;11.329684406932246
608;3.1562719898553038;1.8208377820178467;6.405390664874456
609;-5.539851106579572;-0.24662228534378403;17.561155207229916
610;-10.224570773993102;5.303465621546039;0.05341730882657991
611;8.908003812413268;5.684126906209956;-5.029551228993699
612;4.027094412544575;2.0596131185583513;17.910032571859674
613;-3.3048243144537164;4.490307389790837;12.695427037050726
614;13.052872940956163;7.349282199547374;-0.12796090882856156
615;-0.25902635381805034;8.186537299243293;6.117915685026594
616;-16.224126622292857;8.834154373799045;6.892729263608635
617;-0.5743258127533453;6.517712733164065;-2.513009264623082
618;1.8275174238733005;1.121352577916437;18.774814323229457
619;-2.5140078243528166;4.106132693957011;17.978709610868087
620;10.133442247567592;-0.57992015030151;16.173187864407634
621;1.971072592200679;-2.9097044976870308;16.973279699736754
622;-2.261122964461662;-0.9510789145010624;17.44328323962474
623;2.4783232372814137;-5.032239582270833;21.745984791426906
624;-2.7437970391795496;-4.624140592507673;18.965643438943268
625;-2.855814040409349;-5.253188462439087;21.088860826946167
626;1.0000046646089797;-4.264332378217674;14.653396881646296
627;-2.8619523792943267;-2.056439255363809;9.909123907552363
628;-2.3774416989484943;-3.6090300272146254;14.830129094268017
629;1.0876158887750065;-2.028710198872315;16.538303415820366
630;1.5543650395376756;-4.4393100482549555;10.392363876880529
631;1.4652817442908475;-2.734642675602739;8.250687558490048
632;3.951713000891949;-0.4860467216812032;9.589488252952561
633;-1.0539727906448493;-0.057193704161798024;-6.382892068059722
634;-3.0080427604829874;2.917477832324697;-0.5492577153354029
635;7.5577863898769735;-0.17165156166188664;4.5397650624756505
636;1.189550794042807;0.6867472042537727;12.852991477111946
637;3.961163296430446;3.4630610537230835;0.14766473775780428
638;3.7349379230990505;3.253846237898402;-11.15388273047933
639;-2.746067939756459;2.6723284632082374;3.7618388580835225
640;0.20869562950053921;2.2719452786679386;18.031303961192236
641;6.3711153261459135;0.5155891480269079;15.822446690415225
642;-0.6176474749690468;3.332917670961958;4.671848725229029
643;0.9061154365310816;4.881003846338605;4.701152561379026
644;8.048111707163224;-1.2133359882592472;4.362503134646672
645;-7.789002606282721;-0.9651344432531698;19.112218957957843
646;-3.0360590665761333;0.5256760940408328;18.819454574362183
647;4.604626055548527;0.21031355763438903;20.888757354057134
648;-2.4976795575069275;3.537816964705045;12.390812851673688
649;4.425506558028767;0.8798538049347818;14.85969833301507
650;2.67202267471453;-1.3200514199787248;21.445487660148206
651;-1.5355035504392744;-1.2055114257352857;24.525717226216365
652;2.87012015078667;-1.3397317114286407;25.351580195779363
653;-1.126888394698838;-0.9762902747260974;17.217335149845603
654;-5.033366633076347;-0.21061556273964804;13.526588774601484
655;0.1198024384885464;-1.7139958965037805;10.801389557895106
656;-1.8283796412032587;-2.1836376158372746;14.360036084289016
657;-2.067222638561938;-1.5422705252968891;16.52588304042169
658;-1.9867515441898411;0.8144088711823166;5.617328126643697
659;-3.5255212011197252;2.9420555341951378;8.140128816811487
660;-0.19934162499157093;0.9010092384318035;0.49025684096552685
661;2.5587041199418863;-5.541381696329708;13.334763505351942
662;-1.8646103040665425;0.09589127409219599;13.234496550290709
663;-1.2426651270578382;2.522456435970483;-9.092992651045714
664;6.418329543964741;-0.9209328963940033;2.0509143780287893
665;-5.054965827036208;0.8827411293863127;11.16528142304065
666;5.483040016944981;0.9596974196784555;6.791594735082514
667;-0.10341972430793751;2.5437177638156254;-6.7467063244576755
668;-0.07157485258514963;1.689757801599722;7.366848745685387
669;5.70821701166194;-1.5748686469469118;14.830373453537288
670;-3.361820885032619;1.1141589772369949;12.86125939533897
671;-0.5958731635362773;0.6724745887724053;1.4629164696353154
672;3.327860072243717;-2.2004015375925228;9.86209241662772
673;-4.017539612585662;0.9995128577448325;15.589224609165003
674;3.214573919058281;-0.6536609790261154;7.956570511343436
675;-0.5554248742830002;-0.9614621167083968;14.145013664586513
676;-0.33314674572631364;-1.8848498048820934;17.646759386924398
677;2.117174696617594;-0.12504102685016144;20.410589772089303
678;3.4006507954023233;0.0;15.158290563383423
679;0.05547052314397534;-0.4907454029692588;18.830091120334334
680;3.129110396028939;-0.5293429944972005;18.552314665272057
681;2.4312068854672715;-2.7723962567593903;17.36622554052029
682;-0.3800009377820437;-0.4043900337123418;15.283475092417657
683;3.102340940546818;-1.2615682764697633;14.81184405666777
684;1.0443295921785813;-0.49124473379020006;12.701439525528928
685;-1.312901281063147;-0.5009787481099088;11.891470622713362
686;-0.49020325168248824;-1.1563396082902044;8.826693610085218
687;-0.7350689774226863;-0.28914359363286274;9.625345078137165
688;0.45038176798461593;0.028920227313987478;6.852773493213315
689;-1.0110598789103737;1.1088336374859034;8.443504095419541
690;1.6503433139481618;0.6365030972525999;7.483388947532594
691;-0.06315086172892899;0.7813212947985294;5.003608085809783
692;-0.8443733228572318;0.09647895126453557;6.479940519760469
693;2.2719816560418065;0.27984563207433105;9.2994486749463
694;-0.9542440754847867;0.8783140131166036;5.427151938015567
695;1.5215749533444949;0.318573920843682;2.901950963015156
696;0.1576260990953864;0.5020967891757808;7.184705473936982
697;-1.0872752995903558;-0.2800721214480268;8.103165633469754
698;1.6619015866500813;-0.009659610625456052;6.798821178835904
699;0.5984102824359997;0.26086213386729196;7.348137641839815
700;0.42505192277988973;-0.7730808389926458;10.648559735563799
701;-0.5193440109166999;-0.976211520888978;10.050344645655827
702;0.2595901869250287;-0.0870066824242116;8.154881479162203
703;0.9908506690355509;-1.460073055410451;12.410187458091098
704;-1.0298463454688935;-0.8317322099427005;15.038071347946948
705;1.265291835087127;-0.8996124612730688;12.97967617878808
706;1.3748860280886794;-0.6579135169975109;12.014603251437784
707;0.3298693474571528;-0.4354714644711351;14.43493318381738
708;1.2405490941807653;-2.1100414476140497;15.20224561763115
709;1.82884632037114;-0.8422498646376303;14.369887895281828
710;1.1770017991020139;-1.3072018794569091;13.100635903031403
711;-1.4747163692032992;-1.4333681027739047;13.236665864321438
712;-0.14899414807493966;-0.997746674741818;13.952207723556421
713;-0.02351808793102271;-0.9979466165181914;12.298771685214795
714;-1.191213711708929;-0.4554649083064678;11.571447764204827
715;1.5198942414844883;-0.9886535815975147;9.60600335007796
716;0.3524438080113396;-1.1827438211178714;9.672354228107006
717;-1.057005148504915;-0.7951178395336027;10.235714741076668
718;2.395139857543123;-1.086231589755164;11.11284782215907
719;0.7120609066844553;-1.144651004092061;10.053431110056946
720;-1.7444043732622663;-0.9508320138010803;7.252763293048537
721;1.4623476409737712;-0.8927957738060264;8.302182272709997
722;0.4143351705227881;-1.1647482780552463;7.296282888755188
723;-0.9612762648858487;-1.2038129498398622;9.083031304889788
724;2.0000939002484603;-2.0973815858967946;8.815746071357653
725;0.9216371754426083;-2.34059935096978;7.113828686663734
726;-0.40602154365062615;-1.4862359853513825;7.736557538461488
727;1.4128376990071554;-2.0500527239292157;8.802860502388668
728;1.1236844130907366;-1.5548507530628046;11.31100773452877
729;1.8722399221647175;-2.148063671475152;10.458344551840607
730;0.9202395642472321;-1.5068588828471556;8.507758885365513
731;0.8653876999190393;-1.6919056212834473;8.443166776196831
732;0.748217731902094;-1.7797699761621995;11.258794019820707
733;1.1375718960900085;-2.1594922150708755;12.36053444594018
734;1.2151225795252334;-1.6150743410174906;11.167366339143719
735;-0.9655770198979562;-2.3647020234934217;10.719485809633916
736;0.4748593540317135;-1.9271742957647415;13.096349468453699
737;1.572014950498907;-2.4532508617873723;13.702801421510353
738;-1.7738240248304769;-1.0905484464700703;10.46289818123141
739;1.5010791365461962;-1.9185741808062187;10.658550607722125
740;0.2643601850979808;-2.7177028329992887;14.234609509194431
741;0.5285634428237678;-2.8741213044222254;15.821940570453743
742;1.1189790362684395;-3.0208558534174177;10.83348511099044
743;-0.8156809276778171;-1.900588533815149;8.344057351588598
744;0.9163993817037712;-2.6223514478469703;9.471381845282316
745;-1.3819578063437774;-2.310851088613571;10.807769181660495
746;-1.6764892032254062;-2.7794154386857595;9.662278841467623
747;0.22501812729117648;-3.531035187624508;11.517155318349655
748;0.6128007578627188;-3.0146491483740507;11.841358824005455
749;-1.341563689578629;-2.117496754021118;7.800542060316423
750;1.573745255699165;-1.4639928397555677;7.866665046878902
751;3.0845720916817614;-1.99141814036429;10.616879558160912
752;-0.14721062006571212;-2.0699156765057234;10.721479055941467
753;0.8287876099997286;-0.966799510859804;10.477075634315396
754;1.215719298943972;-0.986522459302679;5.679413385935801
755;-2.0436760275222774;-1.3481834302224915;8.534946744508439
756;0.4024261191942712;-1.8467830892370443;9.974228539626079
757;1.7949227416111246;-1.2705201672679676;9.203329866786563
758;-0.4099291753330502;-1.358742210992545;7.448639538088074
759;1.6083174390245547;-1.4372208775382693;10.16863740428526
760;1.6774279603074342;-1.9948960322653617;13.372862566700174
761;0.857794262508291;-2.572347462854445;14.270145987024183
762;0.548522871111979;-1.5847933177627416;11.464263396050507
763;1.5369720553846447;-1.6535904118164302;10.089689817032891
764;-0.16214700840694338;-1.3798883033637748;9.975798866730276
765;1.3276851967176908;-1.4584601654197518;12.240795759500436
766;-0.13118763933550578;-0.8713279915704806;10.88763651340264
767;-0.10029168082698357;-1.057544626849386;11.040892233625577
768;0.5784431028064052;-1.4984753219905844;10.441798321416913
769;-0.7016473375505795;-1.0089706394133025;12.751741938067818
770;1.002072717577481;-0.4800875160252494;10.115471974725278
771;0.36989271409367075;-0.3135864439714084;9.468259988164274
772;0.14637505476571255;-0.5096752028337531;10.05649745095835
773;0.7239699496990272;0.058819886871954524;10.268968940825767
774;0.16169308693581078;0.2549347065927933;9.790388512013937
775;0.7928465771545742;-0.3334395829003494;10.29872906057617
776;0.9311450563075565;0.2746494786697445;10.668553478812093
777;1.3078598829657748;0.2648908086667747;9.480880637150376
778;-0.3461030578689402;-0.06868842011955847;8.717911027464117
779;-0.3306300126345648;0.9225620105932316;9.68857776874876
780;1.1146102380724414;-0.12761249512334985;9.270684674197781
781;-1.2833731878192953;0.677455851898447;7.9383572200780685
782;0.46864946280927827;0.8838047719934342;7.41352725589945
783;0.21505937440899026;0.7562866015803388;8.667997718445346
784;0.314823066042368;0.5403064689600566;11.738563729317304
785;-0.9672436707947317;0.009825601145057355;11.143972848844658
786;1.8572211501538318;-0.07861957196864053;10.235894597123924
787;-0.10741367545092638;0.20641509351269113;11.319960419773627
788;0.05369243810851238;0.5308811106302248;10.059683008090712
789;2.737581936381525;-0.3244880783016474;9.025985252181718
790;-0.751292630357497;0.2950443055873326;11.735190429720275
791;1.0346686901491202;-0.4721590371545022;12.855725813036914
792;0.6589473339538734;-1.0133635233849618;10.686938786863736
793;-0.6357925360680237;0.07872250485410304;11.767803238032137
794;1.7001048006165835;-0.3641593199632277;10.950832141721605
795;-0.25265175274241325;0.41344681710635134;9.489599519656833
796;2.2732690301983802;0.7679722450255622;10.002958728521236
797;0.7652100897677044;0.5317716063410968;10.144816233150246
798;-0.6655589915740433;1.2508795892101114;10.862360325601118
799;2.0726383688458174;1.0540854009829435;10.672030072731394
800;-1.643917173298187;1.3203131495700593;9.3215583258486
801;-0.8332121209899764;1.1825880277294145;9.619423528567276
802;2.690045417738062;0.25627457277506405;10.521003037493326
803;0.4507722496524405;1.3111840545645992;11.324390879970748
804;2.100518028563519;2.18899486576401;6.9978738137501235
805;-0.5269042122968345;1.5384945189277437;8.084266138154323
806;3.8706125669750193;-0.01972790154022238;13.234281512889662
807;-5.151871588054104;0.4439589342249923;12.946412395215495
808;0.38915380982909065;1.9932462867242005;4.255225590483049
809;3.5777839984818276;-1.6481822610675343;10.332219486181984
810;-4.049731939280976;3.1785112333509526;11.919396147586225
811;5.939639477150735;1.5895446031067104;6.966016462822884
812;0.5183495764269604;1.8860753224633713;7.564132388281767
813;-0.1447967876510865;1.3135785387029302;11.476806714254257
814;-0.2742834927915214;0.7705088235707213;10.696545434623921
815;-0.9826052653978744;1.7487785184361546;8.45462155271985
816;0.5102190471078457;0.3359842133766129;9.322061148678367
817;-0.7232665675995257;0.9883669994909751;9.085677403696053
818;2.808628847828809;0.7908358674473918;10.029445931259925
819;-0.2663358406683424;0.435037932240537;10.27633283569928
820;-0.24344758013954562;-0.0692230037614505;13.373593489560403
821;1.1332769044159559;-0.7516986777703154;13.01995006758689
822;-1.4067472374793388;0.5836599804218419;10.253017535197584
823;0.9122640529837551;-0.5837642558487344;9.167668909324751
824;-0.7676372142870364;0.33646653971166984;10.52370310695996
825;1.6640809641601142;0.7621334254355795;12.370273753923977
826;1.3066364637295267;0.3068875217770053;10.986684632722627
827;-1.8303736281023517;1.5941182465069175;8.400165422578688
828;1.6097385076768593;0.6734115300886582;7.192863910322977
829;-0.2884696904787869;0.03961945167833172;10.818269519120367
830;-1.502724063784229;0.8519687179400832;10.16897263980274
831;1.282326414077514;0.6044100549482836;7.539267518916599
832;0.8496266688650645;0.33694362844627346;11.390500704299724
833;-0.5915660622451694;0.44603321000244056;11.270267124387193
834;3.1618674054117215;-0.7534327852502949;8.124912082241597
835;-0.21983908691584075;-0.1883912179010515;10.617346204414545
836;-0.06821016359176138;-0.9718720935417371;12.032926568698901
837;0.11365744588294205;-0.3074826516641089;8.478896352160357
838;0.49240268663352316;0.7142778010999058;9.443586015182426
839;0.9012698146801801;-0.08930026866290675;9.228711209521103
840;-1.8097014126359772;0.4763508964384988;8.458434091988158
841;1.6124646438779642;-0.6451704232039626;10.647530355150902
842;-1.4682982230451027;-0.5757902748902323;10.939704859637262
843;0.46914443938209677;0.297874051393848;8.514616058007132
844;1.6492029176986636;0.3177871785468594;6.961815831985315
845;0.6807116310958585;-0.8939304432837181;10.954492533235852
846;0.9074138136324031;-0.42717356584447447;10.902101433716647
847;2.872841140761191;-1.102893293686699;10.458179357786264
848;0.1360519493187036;-0.3279433818669669;10.892945657838286
849;0.06801104077754805;-0.616241504629538;10.34444543869091
850;0.6875168418451094;-1.0835773938888655;9.548400722329974
851;-0.6042787968087396;-1.2925602869008248;10.745818700831169
852;1.200743726312323;-1.0043908140240425;10.63651363801207
853;0.4454628225467452;-0.2884384286626163;10.984602313381586
854;0.9662200865365325;-0.616766038571938;10.22774006329253
855;0.19622143432229724;-0.48752659313531554;10.014101253081531
856;0.1584527674929286;-0.806047517877462;10.00998104719171
857;2.5724250927524603;-1.0550053773584496;10.3577912023515
858;-0.7391331506861072;-0.537545999051599;9.203156331537624
859;0.8822488929846201;-0.9757103363673068;8.125501665490969
860;0.40710651201812376;-0.9061686266852208;10.430605926592285
861;0.4974709194555151;-1.1652689215236915;12.572415994715977
862;-0.1883968673555821;-1.03596756156711;8.580710371109472
863;0.2787697668869554;-0.48818144413206677;7.552528907939571
864;-0.43690059581056406;-1.2953907609610547;9.398920611062357
865;-0.7606539694274769;-1.2158762886049992;10.646565412890245
866;2.6353927728427644;-0.7077173521913716;9.201845368696949
867;0.0677535019551916;0.24923746164261726;8.610850352778185
868;0.8881444861836313;-0.2991342943411718;8.02980348405643
869;-0.43645795241879637;-0.5485032277469173;9.43695039379583
870;0.05266543640700057;-1.017391314270742;10.010367801098523
871;1.000444301427389;-1.2968878974876805;9.732135862137786
872;-1.0152877387368844;-0.31928619655255475;7.251320112335094
873;1.0451645272963876;-1.2174775277951364;8.599882070975452
874;0.8344643124201748;-1.5270853240720064;11.798952751297662
875;1.1800482410461657;-1.6870548998970791;12.625334026326616
876;1.9312968614842865;-1.5275816539698228;10.185066435874939
877;0.23291306575555965;-1.2182690569408317;8.888424029311372
878;-0.49578425171125134;-1.0586670713531166;9.328292129165021
879;-0.5858149993904105;-1.6681690206865347;8.296998680437857
880;-0.73588424730137;-1.6484562256064033;10.018544184610862
881;0.6381464098898619;-1.1591008214806884;11.069877368597124
882;1.1184230952931966;-0.6396063761246891;9.238640569045888
883;1.3658722167295294;-0.2598816274128589;9.08449854691316
884;0.9154146420462275;-0.7697722203824836;10.577308331927156
885;0.2025543109364128;-0.9098756306779249;9.500926188704376
886;1.4626235230729543;-1.2000265749068;10.146173702129214
887;-0.3974609342140697;-1.2302222486128527;10.161161954345383
888;1.2071621268934027;-1.7605962548523755;9.537203707062055
889;0.9445649101747569;-2.0510180121483814;10.059639207927018
890;-0.4422168257994549;-1.9913016310169407;11.426731058573369
891;1.9633918760105482;-2.281849581441858;11.33802527195449
892;0.6293727126472782;-2.3422651157760943;10.16104919677368
893;-0.5543495797237636;-1.942181415072374;8.628555325400123
894;1.3332016412195906;-2.503201520189122;8.634767726778238
895;0.6140645067239198;-2.2632461905323;11.283890898710363
896;0.20964424383405286;-1.9030243630582315;11.626421323881777
897;2.088595428061093;-2.294000324221809;10.161236222973832
898;0.441598733779466;-2.134050316197392;9.071594093298762
899;-0.03741725741845378;-1.4630016124034113;10.144551365348844
900;0.21698344170570402;-1.1324973327093115;9.383151696338741
901;0.5012223777303546;-1.5837345397094456;8.154722553847295
902;-0.6656918796638915;-1.7844802685948504;8.18921484202961
903;-0.5010557631717405;-1.8749929017080067;9.186238762503615
904;1.622555388530219;-2.5371411636043377;10.089152205946128
905;0.08971189815982214;-2.6177643133168003;11.215565735480137
906;2.1153620464146807;-2.4977857527285123;11.034268964907001
907;2.511120147029145;-2.528261415016898;10.433172654237655
908;-0.20175411382810338;-2.0570304426826773;10.084385888728608
909;1.023552588346839;-2.4587718639506737;9.269576042026284
910;-0.9337508274435886;-2.2784688488029783;8.753655171448496
911;-0.8663848413010812;-1.8170242642653645;8.526994230278971
912;0.1568211051237281;-1.877537141919228;8.328448223264857
913;-1.485836992821594;-0.9941380629952907;8.018293280326912
914;0.9779636817093651;-1.2051946153998827;8.415892583402178
915;0.05224964250924611;-1.5870743114308095;10.274351033458618
916;1.6418833652293976;-1.687771113603554;11.83386558960936
917;1.3879294167280012;-1.4267784652013036;10.230270141924562
918;0.723704846104575;-1.2762497299126137;9.79919746557174
919;0.3953679162625742;-1.4573487804151957;10.325715496095373
920;0.11188017688082218;-1.5982914972311248;10.025000197344506
921;0.9620295888629495;-1.869971809381668;9.278673939198136
922;0.3877389000429534;-1.8903534111652072;10.3341261007799
923;0.313128893468091;-1.3777442584432016;9.161247402970778
924;0.7454391509620714;-1.5288127343875137;8.146883115925244
925;-0.5739072849344867;-1.8207562031495068;10.184963322115822
926;1.2892480415923242;-1.9115654599888607;11.034812255196169
927;1.7510481481185527;-1.8414028627317238;10.558525361265271
928;0.8642284997801745;-1.147267212344544;9.730408467536906
929;2.10068325402826;-1.0870393592182521;9.875564027355704
930;0.5735134013674511;-0.8556616595187071;9.057476242356922
931;0.44683379303395365;-1.0672114144447746;9.026871898180504
932;0.4765595390913142;-1.107639871621592;9.181409704293204
933;-1.0423370686132334;-0.5538978419706824;7.19851609142091
934;0.4392134227882174;-0.5942646267132982;6.835562246877881
935;-0.46148679583360414;-0.5540529930942751;8.507163369160175
936;0.7963350812396857;-0.5339799982120933;8.883583407480458
937;1.8826848589755856;-1.2394089628757892;9.352202879732648
938;1.0937548007513864;-1.300048015422453;11.224808588234511
939;0.6918814920400399;-1.7840332019465897;11.092149141022281
940;-0.3496175547517149;-1.6129073953422062;9.851623769860923
941;0.6247723267596097;-1.9861649600914852;10.854809342335663
942;-0.6841920021553589;-2.309106837290944;12.060428047392543
943;0.38667111044742497;-2.228743458691707;10.507122320734071
944;0.5130222928511012;-1.9163748186309655;9.655625659272912
945;0.4832253974090451;-1.8258466429384077;10.556347383010252
946;0.9291722897627239;-1.8866269471348671;10.85747077323715
947;1.129744277367768;-1.8465199316648058;9.859231184641377
948;0.8472124469070941;-2.0889669899427035;9.727469685147822
949;-0.08173943080335747;-1.968130817280296;10.102294675741927
950;1.671758015948783;-1.9280161021202056;9.721998001606432
951;0.9212237211312841;-1.696072066552906;10.363559520850885
952;0.267423132554223;-1.3529985871364276;8.584835211715859
953;1.5449464374703854;-1.44406249233923;8.094937203800246
954;0.33420794557323846;-1.393754284271185;9.1135119032027
955;0.9950931622357047;-1.6464618987505277;9.248943845096882
956;0.6460014735539733;-1.3031985321428707;7.9780488711449715
957;0.7721530864361713;-1.2831610985923196;8.150499841101812
958;0.29695212145059546;-1.455111624988586;8.580090398414837
959;0.6532299115035526;-1.6776374824858031;8.504351392651726
960;0.45276279999807706;-1.9204351452674477;8.612298199063313
961;-0.2374919632889242;-1.7993756856552794;9.234236634045049
962;0.1855229221927911;-2.0018089961608996;9.11254819294346
963;-0.5268355647830557;-1.7189441850071203;9.018462611917341
964;0.2003273315143236;-1.6584864454583017;9.603175678978435
965;-0.49706311175171286;-1.4260745322519321;9.738289946735637
966;0.608291152256851;-1.648790653211029;10.203383666518162
967;-0.022252577801866246;-1.507366387273195;10.347481262763711
968;0.17800505011006365;-1.4873194352407608;10.335756518869491
969;0.4301418170508708;-1.6595296242082973;9.957630657450851
970;-0.2521307106488479;-1.5585325892118984;10.303223712087027
971;0.956533672349292;-1.791522471957249;10.319043750149197
972;-0.1779451193718684;-1.4475669279063037;10.078564182819806
973;1.1046533580469;-1.5591098732286761;9.737547186728161
974;0.6820135327312514;-1.4884235202817462;9.625452687698413
975;0.5485332143418937;-1.3468333478575214;9.678084074111286
976;1.3193433337387668;-1.4887861590751166;9.492929230893685
977;0.4891577601067053;-1.276257100198035;9.253019090476874
978;0.8522571507505285;-1.2358901012078571;8.711575323141274
979;0.9337094051352878;-1.1651183029694958;8.526821488296783
980;0.9188229442645038;-1.2260537574199668;8.95435261137238
981;0.9483958536286083;-1.2870032725147253;8.943226918789572
982;0.6742037744005582;-1.2263454882391118;8.95952328330408
983;0.9556750230352904;-1.3683986031447375;9.03061557921306
984;0.6296667293365418;-1.37869722351841;9.412084079322515
985;0.9629574437808022;-1.4295522236646507;9.40094021875497
986;0.4814482211580752;-1.4804183118985044;9.389819750122253
987;0.3777282919270856;-1.4805905046722456;9.76190018541717
988;0.4517653158151894;-1.6836061882212945;9.951418136997454
989;0.48136074876131485;-1.775090799984702;10.03144240784636
990;0.3628509701422296;-1.6231264539644845;9.965571892561156
991;0.5257340156866944;-1.8262261660444374;10.118527875862362
992;0.310980460377255;-1.7655530237912418;10.31701183011094
993;0.36279107162038154;-1.674421095865095;10.114504065589037
994;0.1924913283736271;-1.6441626755941796;9.64789412161016
995;0.25910977586758405;-1.6443474610326885;9.518505651515017
996;0.22948588897582242;-1.5734713944877146;9.544002851616183
997;0.32570625069361164;-1.665019748014786;9.314566549187102
998;0.35529934388175716;-1.5433601474262741;9.17627044200234
999;0.37008675272914693;-1.5943045234632962;9.083553789660149
1000;0.5847114147843747;-1.584323813355585;9.045491049161422
1001;0.4366647197750513;-1.6048111771330407;8.989263972412346
1002;0.5772618907334147;-1.483088230710183;9.03314127130994
1003;0.5920400566193597;-1.5137268823321988;8.976975665038669
1004;0.5698168497560968;-1.5138901767174124;9.193656568052871
1005;0.665995273851417;-1.503891300092023;9.383006265555373
1006;0.5771755415238864;-1.4735643809946701;9.22687147451534
1007;0.8065386248846622;-1.4737210921816621;9.552525919820061
1008;0.547540571501416;-1.4535477417733775;9.705429646479063
1009;0.7546947474080462;-1.494363659463833;9.685671484030506
1010;0.503115021158461;-1.4945202830221191;9.493334159420536
1011;0.5252965257674493;-1.4845082940776704;9.655319124789553
1012;0.6732494461083518;-1.4338178900586174;9.644722905384283
1013;0.41429696260624743;-1.464475729845712;9.452547211589826
1014;0.5252569221970793;-1.4646261898349262;9.387554434865464
1015;0.4438692115622513;-1.3935716712847606;9.340757567206575
1016;0.39947398581446975;-1.403886476475459;9.339376284781531
1017;0.39206876400750473;-1.4752472972004054;9.292642116422389
1018;0.3032930884232523;-1.3532940422567923;9.255016055713961
1019;0.3920553742350339;-1.4450150384347844;9.253710406011882
1020;0.2958864532271032;-1.384095947783726;9.352207240563114
1021;0.33286781052895575;-1.3333420793568211;9.414418391202336
1022;0.36984873380097083;-1.3436526449791788;9.440361110308283
1023;0.3106696894721286;-1.2419825628338006;9.566058576511336
1024;0.4068257487621326;-1.2115600116868468;9.610149754292024
1025;0.42901303674328806;-1.0793093237062608;9.518276444884599
1026;0.4585974270166277;-0.9877650819251673;9.462703645754154
1027;0.495578829134718;-0.8452820951073542;9.724363652191661
1028;0.5769408448301668;-0.8148073495391385;9.569145974273441
1029;0.9171867683958158;-0.45837260179363304;9.876079206456998
1030;0.6657000754918395;-0.4787898597534235;9.358541028926064
1031;0.591734305716101;-0.4992106498712609;9.547711122745184
1032;0.6435130864536216;-0.4381236315973981;9.528537831531166
1033;0.5547551995755697;-0.366835162231039;9.590900090062943
1034;0.6435199843197249;-0.37705975993217816;9.58988263508957
1035;0.7026996076717913;-0.1834512620375241;9.308193651141648
1036;0.6065462721442848;-0.07134865242547739;9.234821205846327
1037;0.658331635569819;0.010193586315798748;9.306330312468326
1038;0.5843689044627681;0.05097250994078963;9.133445149830095
1039;0.5178023966960547;0.15293119565762744;9.051126127800533
1040;0.5104130281056933;0.18353372871264206;9.068397645481703
1041;0.599190603267742;0.3467054231813927;9.130934491526869
1042;0.6065991307199213;0.3161414855062069;8.931071441517602
1043;0.4956456932395098;0.3977610174052163;8.939365538469191
1044;0.5770327678812975;0.3773956963936912;8.893397719185762
1045;0.37729935464575115;0.3264243441155508;8.747947717254428
1046;0.4364942839314603;0.3162506098994687;9.000557030114507
1047;0.32552966378568676;0.3264799447169437;9.162698312578364
1048;0.39952471314779164;0.20406716266355798;9.180128015626536
1049;0.37733994984297414;0.16326740971910703;9.3513225216577
1050;0.36255345868648603;0.09184555583968136;9.594863273085561
1051;0.44395738625209225;-0.010205905274848806;9.476689545907593
1052;0.39957519216318593;0.07144720000111089;9.530354703205584
1053;0.41438902427836;-0.010207574391125192;9.674452662098389
1054;0.42180446478876027;-0.05104199839437322;9.719106764576363
1055;0.3626178390852355;0.061255320702148126;9.429280405163565
1056;0.4144370919191578;0.1531505172433576;9.392631049525555
1057;0.48106314747482054;0.09189758741480054;9.482563696496756
1058;0.5032879494972669;0.2144445616316526;9.24710070913306
1059;0.5255154613293944;0.29616084558133626;9.273808529070047
1060;0.5847556729266853;0.3676764158393194;9.282460591535378
1061;0.5995885740720909;0.42898879713806626;9.31824959979495
1062;0.6588399528864535;0.490310329536149;9.24560672113245
1063;0.6366645639429842;0.5414252885070648;9.172993772326087
1064;0.6292948371316625;0.5721150283693966;9.344411583656331
1065;0.7922143929719523;0.5108550627441699;9.344142759053703
1066;0.673790298569065;0.5415463845041274;9.307751864162558
1067;0.6960434356950425;0.5620233826900505;9.253313812744143
1068;0.6516538416674268;0.6029416617849219;9.30733768351836
1069;0.6368823823400662;0.521224491975771;9.370420100388225
1070;0.6443283904587961;0.5928075548175202;9.442560180837742
1071;0.562897747201772;0.5724065739038149;9.361114718782519
1072;0.5999700864033067;0.664447235814787;9.270659980906213
1073;0.5185276697371205;0.6236017515975667;9.252516290613482
1074;0.46670717270680284;0.6440922790111521;9.315718619344182
1075;0.496374461092046;0.6236877183408613;9.360873707333415
1076;0.37786467909038995;0.7055308230745815;9.22534190534324
1077;0.4149409801218442;0.6749010211563801;9.324760495583046
1078;0.3334599436713449;0.6749461206807859;9.270598246432316
1079;0.363128908861376;0.7056722705838221;9.270674771402659
1080;0.36315759486797794;0.6238961283607436;9.324991472299315
1081;0.34095094965193845;0.5830227946931311;9.252830464229126
1082;0.37062937509703076;0.5523729147872974;9.39755968215904
1083;0.37807369277912856;0.5114890679844853;9.334484472266533
1084;0.4522445159212134;0.4092170873658634;9.262396324795693
1085;0.4671129506873103;0.3785495120497321;9.334916494860188
1086;0.4745696318631909;0.276255927850504;9.380355433888838
1087;0.5413550182896737;0.23534356583911512;9.26315311529818
1088;0.53398845670132;0.20465900694129488;9.254418415146173
1089;0.5414558046208782;0.20467130993585408;9.354162904118168
1090;0.5860149996663471;0.12281009446744626;9.291252729632578
1091;0.5563974835557077;0.13305210589755564;9.345864892774548
1092;0.6009687797016373;0.13305985713225937;9.264923370319124
1093;0.6084493299670444;0.1125956031036573;9.337668822861637
1094;0.6010907258378703;0.10236546560706078;9.338129069302726
1095;0.6679479756009307;0.11260837180712466;9.347655805560219
1096;0.5863718188257014;0.07166386789517361;9.31200573500852
1097;0.608704478781386;0.010238259715424355;9.375832116601002
1098;0.5864987081826918;0.010238817767201518;9.322147738641327
1099;0.5642890968898302;-0.030718107135542613;9.367949619142903
1100;0.5866295954215485;0.02047982920781982;9.332396810163967
1101;0.5421373409379715;-0.05120226358994832;9.26973399422185
1102;0.5199179505903944;-0.06144591178477419;9.451284584209905
1103;0.5274073194393495;0.0;9.343449356901639
1104;0.47546608798030277;-0.04096812213101494;9.344172484046853
1105;0.4978137087994726;-0.05121271490498709;9.408247300282618
1106;0.4755819068524885;-0.030729148706737142;9.282369249169905
1107;0.483072925213218;-0.06146129602276694;9.400789463809602
1108;0.4757010093572252;-0.051220211354827176;9.338283766929091
1109;0.4608942500396088;-0.06146717526915786;9.33008999319682
1110;0.4609539359199861;-0.010245009645027238;9.312870801617214
1111;0.45357871150367407;-0.010245483128912018;9.304726474930469
1112;0.483385801847766;-0.0922135468364518;9.332816781836518
1113;0.43882466906488443;-0.07172487288298762;9.39715101998195
1114;0.5058330391891172;-0.0307405905578822;9.33476972419255
1115;0.5356618785386821;-0.03074193145389077;9.353896476303534
1116;0.49109203895610837;0.010247751140428448;9.363999164899182
1117;0.5506963222014384;-0.0922336596179352;9.328845632235113
1118;0.5433323472579934;-0.07174028284038597;9.357117754860809
1119;0.5359671815500275;-0.030747094612095446;9.367305797653751
1120;0.5881613956635718;-0.10249444739817287;9.431886189193865
1121;0.5435716728183015;-0.04099940745137886;9.33340176837064
1122;0.5362060654573393;-0.07175176594410057;9.370860206409176
1123;0.558632888812375;-0.1435090370485141;9.335844854580037
1124;0.5289204836951186;-0.10251031150729037;9.355238531508123
1125;0.5662564380206938;-0.1127655290230551;9.374663994237856
1126;0.49927824222472394;-0.0820142720134369;9.303446556433846
1127;0.5515293904533715;-0.13327795249073443;9.449891180535287
1128;0.5367094919594736;-0.1640401488464395;9.333367157230377
1129;0.4995191386253269;-0.09227575247523452;9.352911735739754
1130;0.536884949610902;-0.12303848185521754;9.436000787663586
1131;0.4922262543123294;-0.14354964232652984;9.3376536838336
1132;0.4923088762314229;-0.08203101687039926;9.366367019732959
1133;0.49239238228468624;-0.14355883168690808;9.3678845735348
1134;0.49993851476821677;-0.14356328094621318;9.387587662887347
1135;0.49256205257413593;-0.1743321242378442;9.425486447407456
1136;0.4627907799462951;-0.13331674971051694;9.381688532535751
1137;0.4927352767415047;-0.1845977624261678;9.437822785682487
1138;0.515224320169764;-0.19485870608507241;9.457664435730544
1139;0.5153171996189189;-0.2256320942379443;9.332152409364156
1140;0.5527596099060071;-0.12307536048047515;9.4610993647568
1141;0.47067916359545564;-0.13333513961648846;9.408319126102688
1142;0.5230739325733607;-0.1025681048090121;9.428282867279634
1143;0.5082242019163494;-0.2051413073285954;9.43009489489487
1144;0.5157956505457884;-0.14360239260285734;9.386458966317232
1145;0.5607544900156916;-0.13334820373752487;9.424708735980232
1146;0.4860809119973815;-0.14360903025628108;9.38111105873861
1147;0.5609717252115766;-0.17438624092178232;9.419431829226653
1148;0.5311575395626634;-0.18464819406560107;9.44869383981358
1149;0.5162976627635574;-0.10258444820592963;9.405159423939292
1150;0.5687893675733078;-0.17439705790576818;9.452701414430868
1151;0.5389618339097129;-0.17440041982971163;9.47296701111062
1152;0.5390715566478441;-0.19492173264401685;9.529712436821265
1153;0.569136824561521;-0.16414755127615377;9.422483663310036
1154;0.5318038029198566;-0.19492856307191392;9.442842018249449
1155;0.5618819705832858;-0.17441264220331892;9.472354362296906
1156;0.5170404224051373;-0.23597375000779708;9.410720990614312
1157;0.5771097779585235;-0.2462371871592667;9.422054560046085
1158;0.562240468154938;-0.225720661352982;9.479039292708586
1159;0.5098749708871451;-0.21546356379345302;9.463077217533716
1160;0.5174859560331835;-0.10260301913793855;9.511028843132351
1161;0.5025967938778728;-0.153906410544978;9.422085264757001
1162;0.5327207230661086;-0.15390817800497567;9.415315380620608
1163;0.517830250521332;-0.1231278681222656;9.463378246112338
1164;0.5179469556496159;-0.16417214412499032;9.456673196291124
1165;0.5180646334453334;-0.09234769058035618;9.422576277810164
1166;0.5031634129920699;-0.08208754339592784;9.461623289314057
1167;0.5408378052954332;-0.06156614249275024;9.48243240155057
1168;0.5033966822250813;-0.0615665834103196;9.47584153400142
1169;0.48096935087285464;-0.04104465347456412;9.46012696261944
1170;0.5712860842987217;-0.020522444448417568;9.462736389685997
1171;0.49623503334882474;-0.12313527580222805;9.437914369370622
1172;0.5565183009843141;-0.061567899684676394;9.504673637085133
1173;0.5115189218233812;-0.04104541133395226;9.47990777653037
1174;0.5116435882826704;-0.06156828815483128;9.455156918819599
1175;0.6171334551796658;-0.010261402801459102;9.485407923122382
1176;0.5570630886614335;-0.051307078496543965;9.506539359041083
1177;0.5421424368011457;0.02052284464777407;9.399330887556667
1178;0.5874684168979898;0.010261420731882147;9.392988566120096
1179;0.5499492845276992;-0.0410456451347114;9.487603499208959
1180;0.5877667418607754;0.0;9.508878463257325
1181;0.5351557937589592;0.01026137036735332;9.401657029918537
1182;0.4975973375281397;0.0;9.496450073184214
1183;0.5429748164812542;-0.041045193545352916;9.499461394349925
1184;0.5431171944180198;-0.020522502625370982;9.45655386462308
1185;0.5281700570386519;-0.02052239259003386;9.569929536371399
1186;0.5509523787908162;0.0;9.453507310824584
1187;0.46050817154092183;0.041044251619316754;9.475024584408901
1188;0.5436971867980162;0.030782954044843477;9.496585500609381
1189;0.46075742388387136;-0.020521798340275947;9.416931884665573
1190;0.5439934934384442;-0.03078241558513036;9.530629746299653
1191;0.49124039899289446;0.0;9.515473170428212
1192;0.5669729250772743;0.01026059500974011;9.509551511716804
1193;0.5066370839365096;0.010260478055976565;9.476000033754113
1194;0.49165166913665564;0.020520706588673256;9.460898058578893
1195;0.5825827924868733;0.02052044142036746;9.51038513316628
1196;0.5222033310292871;-0.030780239795297273;9.486114676954472
1197;0.5223529318799411;0.08207945398368022;9.53570534598842
1198;0.5452210839452736;-0.03077932655753019;9.520721172318328
1199;0.5378046173637213;0.010259611855711361;9.505754608457867
1200;0.5531155556177318;0.0;9.564737354109528
1201;0.49264493008655713;0.010259260112846858;9.512856470037635
1202;0.5686046440607136;0.030777216012597267;9.581193870888422
1203;0.5536066522414733;-0.030776628939099486;9.529339274317806
1204;0.5234288530967488;0.04103469102756861;9.477474530511607
1205;0.5463512973184307;0.11284307872791947;9.545965827609841
1206;0.54651706213121;0.0205164836251807;9.596014680124103
1207;0.48594124813254125;0.030774041578759775;9.553470576791083
1208;0.554446995734214;0.0;9.603621402983636
1209;0.5090332390845754;0.12309041537618091;9.477643609632011
1210;0.5547908176185966;0.0307718488093679;9.629913792841606
1211;0.5093508240520033;0.05128511457962607;9.615278223552698
1212;0.5551390498190335;0.030770266185824735;9.609944706622695
1213;0.5401007299036049;-0.04102591836917629;9.60463661324861
1214;0.46417801780385304;0.08204956479564696;9.515719901956006
1215;0.5176101544735355;0.07179132738462003;9.566207141409778
1216;0.47970513234052325;0.010255603521130833;9.626067451182363
1217;0.5103279480499262;0.03076588434508206;9.602268133240297
1218;0.5104943712795135;0.03076493472019012;9.634328518032106
1219;0.4877964097434995;0.010254653881569282;9.629196425942032
1220;0.579449321334178;0.010254320977710231;9.614773834643001
1221;0.5033729551121537;0.010253979870787643;9.609688314692034
1222;0.5493174101639723;0.061521781135643355;9.65125241809036
1223;0.5418698057723247;0.030759817896980988;9.608922220710324
1224;0.511514459533518;0.051264532714572285;9.650582761494803
1225;0.5422366821707871;-0.020505066239461436;9.729661024174511
1226;0.5653409757022906;0.041008602041249474;9.58463964657768
1227;0.5578926608318016;0.051258797514918644;9.626435272946468
1228;0.5580852132374494;-0.030754082550802028;9.70570056426453
1229;0.504745286518401;0.06150572155160675;9.66345827737689
1230;0.5508233943225822;-0.020501076711185437;9.658643555802627
1231;0.543363657675256;0.07175080196147358;9.64448931157841
1232;0.5358996419583479;0.020499364212778887;9.667824264724414
1233;0.5743818152221918;0.061495446385886374;9.672465849949933
1234;0.5439420421781015;0.07174154746680779;9.573993721574686
1235;0.5058175155960054;0.04099333835278436;9.691232626820227
1236;0.5366665188258781;-0.010247868946463236;9.742912833534486
1237;0.49084430810412716;0.051236969789692964;9.663201942648127
1238;0.5600732252591523;0.020493823603110663;9.696188454052296
1239;0.5065529753091417;-0.010246420536637215;9.644634797208672
1240;0.5297730845901661;0.010245920790560912;9.696513635469262
1241;0.4992462260817356;0.06147247315250899;9.757884480470693
1242;0.507115472018427;0.01024489579638749;9.696958281330403
1243;0.5457372863732812;0.010244370519017252;9.692515653017612
1244;0.4844277210300602;0.030731509036177215;9.725795692603862
1245;0.5461485500250106;-0.010243294330526917;9.768568238519029
1246;0.530965576331059;0.04097097249099843;9.754810719415747
1247;0.531168154074315;0.05121091612219802;9.722191033577738
1248;0.5698770058090663;0.0;9.784006618104288
1249;0.4930565422810079;0.030723115956810956;9.760875438231183
1250;0.5934383749828575;-0.010240453646054078;9.77556642713193
1251;0.5088594453759632;-0.020479719282449363;9.780843476969656
1252;0.5321975439513035;0.010239256979598365;9.738834090197832
1253;0.5941350028658573;0.08190916303409157;9.772565267231645
1254;0.5248979471142218;0.04095210144059119;9.721089553483766
1255;0.5405505785571825;0.0;9.8117861270261
1256;0.5716670743107429;-0.010236759472392705;9.874157613623897
1257;0.5487112168826059;0.030708338852856096;9.746817222246577
1258;0.6107836485825567;0.0;9.83776866643426
1259;0.5182159636300212;0.0614087662331633;9.738826717923732
1260;0.5339021383966224;0.03070236578789832;9.86796221175521
1261;0.5728245614570688;0.02046688210813536;9.797520608854132
1262;0.5420834777307525;0.0511637518918278;9.82220370134249
1263;0.5190652068475593;0.0;9.837420403888034
1264;0.5425316586378923;0.020462688964429696;9.785984895464894
1265;0.5039890407313767;0.030691882782633424;9.820325858318396
1266;0.5584982280951266;0.01022990255667952;9.807036946484944
1267;0.5354523115187398;0.030687503792017564;9.851036140776712
1268;0.5434417131047332;0.030685274309247362;9.780500429508324
1269;0.52037179222138;0.0409106911688179;9.87237862815873
1270;0.6060639775322167;0.0;9.80183042059098
1271;0.45085576600040234;0.09203527615251454;9.759931157303047
1272;0.4743796674412616;0.030676088770525536;10.062687923889678
1273;0.5912854820868024;-0.051122874017124974;9.838930610397354
1274;0.638242547934223;-0.08179022690328933;10.218854891481891
1275;0.3114734046452339;0.061337834797980065;9.841503193827004
1276;0.6777510315604681;-0.07155510711242082;10.106781930247239
1277;0.35071489833425984;0.1942053459901338;9.613700047950124
1278;0.623768279309313;-0.04088200410167776;10.0233784214007
1279;0.5460392164053153;-0.05109829362092135;10.20281550537153
1280;0.4058096915199691;0.05109403864926951;9.93988147886406
1281;0.7260995548023588;0.061307687632717225;9.76329808481792
1282;0.4999057817174137;-0.0102170791229007;9.875557050222172
1283;0.570462180963839;-0.07151340695261542;10.277216774045103
1284;0.5394482138831008;-0.040861252667743965;10.148832005863795
1285;0.5631585006159192;-0.010214416886568848;10.010656691512391
1286;0.6494931402370028;0.030640532488797067;9.746750786011038
1287;0.5636741879469236;0.0;9.975501879606476
1288;0.5639338441200097;-0.010211672260277149;10.17556544734813
1289;0.6033748705680432;0.010210739007662667;9.988764152951955
1290;0.525258347776378;0.020419593084123923;9.92765262746414
1291;0.5725634103663612;0.010208844848838466;9.963407724476543
1292;0.5571375864905199;0.030623650674170493;9.989541786132714
1293;0.5416982338186859;-0.030620740097135554;10.0157397894767
1294;0.5340996530544696;0.0;10.061424991056924
1295;0.550069167731096;-0.05102472433815837;10.058609062868804
1296;0.5503310686894386;0.030611841302813362;9.958566233066005
1297;0.5269972016771134;0.0;10.05305111857205
1298;0.49577258721978695;-0.010201923393364877;10.089264474816119
1299;0.5196310831265195;-0.030602690991561862;10.008610703140626
1300;0.5986525929817784;0.010199861951769099;10.044899233993805
1301;0.551658440312686;0.0;10.0910264973638
1302;0.5046194132986354;0.05098881187658001;10.04935237256141
1303;0.5443092219472511;-0.01019669944787107;10.05651249075389
1304;0.5208995085334529;0.030586878326256502;10.063710878300654
1305;0.5448455632344195;0.020389088093685885;10.080734913009215
1306;0.5609159493134805;0.0;10.117399230844873
1307;0.57700324058726;-0.04076940236424566;10.193350662695805
1308;0.5614751617163317;0.020382480109850724;10.210589953532603
1309;0.5854927813112041;0.010190119761639823;10.139541195384188
1310;0.5937034341107486;-0.010188989962636846;10.176468451179705
1311;0.6177634413383957;-0.09169065259810526;10.193817482721354
1312;0.6022285689751069;0.02037340357786465;10.16203212601769
1313;0.6025350918730613;0.020371086769915323;10.140073166184107
1314;0.5949107956393841;-0.020368750833438632;10.147664867733585
1315;0.6348969226117022;-0.010183197869580725;10.273609462130953
1316;0.5796417078856463;-0.08145608370485316;10.232034259992526
1317;0.5640524207388696;-0.030542440877099928;10.1410510629571
1318;0.5643449556824565;-0.01017960760839788;10.158657511977866
1319;0.5248754110954231;-0.07124874225786575;10.26532463173566
1320;0.5808473629226284;-0.02035433187620896;10.164344316282895
1321;0.5493080479708363;-0.010175930610196648;10.16228209243211
1322;0.5336667489257826;0.0;10.16024377518386
1323;0.4941018121086909;-0.020346861791351843;10.197909657213437
1324;0.5342317680526295;0.0;10.186022929707464
1325;0.5664275147955689;0.01017089233863803;10.243693654028226
1326;0.5348015039548258;-0.010169608457583744;10.291538398612966
1327;0.5430746129929243;-0.06100988680841368;10.16036144628187
1328;0.5513574140336297;-0.030501033190036574;10.277985074353799
1329;0.5196750131209743;0.04066279185307186;10.196477379256034
1330;0.5039579026245804;0.0;10.384197963815007
1331;0.5442503151535675;0.040652168704771986;10.252783226805706
1332;0.5445472550119398;0.010161699813659986;10.370964364379086
1333;0.5768951085901244;0.0;10.399370349360607
1334;0.5852289052576614;0.010158985016275351;10.327774024162277
1335;0.5534665815081862;0.010157612817454125;10.396305977199425
1336;0.5778498632891037;-0.020312461464729762;10.354714533116788
1337;0.6343816830326137;0.04061935392512677;10.443499991755921
1338;0.578492794350409;0.010153436844836094;10.341688871549835
1339;0.5948944089132872;0.02030405002624685;10.410565259278584
1340;0.6032717350732119;0.010150603236596493;10.489638887914811
1341;0.5794668643648724;-0.030447513442090533;10.357494560072517
1342;0.603952211914431;0.05073864577392259;10.426635396636073
1343;0.5881799657574344;-0.020292556183529053;10.495918696162855
1344;0.6288235936065516;0.01014481638961494;10.373614288910522
1345;0.5646508774707598;0.02028668933893658;10.382424023030755
1346;0.5972583206667239;-0.030425587691061504;10.472140996766315
1347;0.5733742964087796;0.050701852406647444;10.440634073125505
1348;0.5898653999085713;0.05069434309733184;10.469851389096734
1349;0.5497813794183148;-0.010137357316179811;10.407937206786338
1350;0.558190007907223;-0.010135835286499422;10.569087864066551
1351;0.5099483510722709;0.06080581678958928;10.456443615950448
1352;0.5345435236979195;0.030398281627106245;10.455396325766403
1353;0.5834800294957319;0.03039362445415025;10.495051777703868
1354;0.5432796401513377;0.06077787366403394;10.483908238836067
1355;0.6085074797880677;0.0;10.554270969831832
1356;0.5926309816907611;-0.01012649037399241;10.522817971842965
1357;0.5767365853180979;-0.05062448330945315;10.60359468612629
1358;0.593335704581895;-0.0303698809735175;10.50067678681123
1359;0.6180882787023013;0.010121680501249248;10.530509856044876
1360;0.5940457840252128;0.0;10.642284384258524
1361;0.5618328413082796;-0.010118422756087356;10.549441418946836
1362;0.602908641128724;0.0;10.569221409898976
1363;0.619577983562833;0.0;10.599321634018246
1364;0.5873247810063185;0.010113459100613632;10.619231895687712
1365;0.5795200062496717;0.030335350784682007;10.556968041968426
1366;0.6533789065505713;0.030330294347466317;10.5769236678336
1367;0.5557122649571549;0.0;10.607239684912122
1368;0.6132944298030911;-0.020213392949630912;10.647942611151104
1369;0.5400316651631912;0.0;10.637159406830202
1370;0.33568158915782;-0.2424780636758039;5.380314480555431
1371;1.9252215270936142;1.6263441013689142;11.11175586038056
1372;-2.2543199996230983;-0.8584802380418713;23.837589934021025
1373;-0.5085637181675075;1.1107811067855462;6.379220212520524
1374;4.013600916446559;-0.11105865597938035;5.348659143925634
1375;-2.250341040715329;0.5854787954230131;9.960384721912208
1376;0.7560645312570115;-0.10092671928982418;12.202639980849085
1377;2.1298298866670278;-0.7769971442667373;13.835866346110473
1378;-1.0285610885444503;-0.0403562469944504;12.746122226348414
1379;1.1362526159476571;0.12104688744101638;9.113078247895945
1380;1.2276049490717664;0.16136654829549885;6.90130787893483
1381;0.16488444240814729;-0.1915877752394707;12.553267184353336
1382;0.6104633462797794;-0.4032685632886176;13.557664711455612
1383;0.7264229227437893;-0.10079850727333327;10.60152863033948
1384;0.7434113318309551;0.12093572603427509;9.533900485089712
1385;0.3802113806781843;0.2216740435138639;10.454560809805727
1386;0.5706868126560504;0.0;10.779353251100193
1387;0.6786484019062625;-0.050361458471526746;11.272741178296009
1388;0.4057981817137447;-0.050351876771092395;11.367881208258995
1389;0.7458309494592563;0.07047914393183678;10.485176781661474
1390;0.5638862636459177;0.09059859858325926;9.969196819019
1391;0.6804276081837197;-0.050322811516906034;11.34898014605215
1392;0.3487415163110276;0.05031301613727349;11.434118231726188
1393;0.6896354398222964;0.06036380226669441;10.822579982428374
1394;0.6485209025239597;0.05029326449655596;10.632607965192442
1395;0.4659144299785717;0.01005666224788466;10.833727983491197
