;ax;ay;az
0;0.8152591696069387;-0.0111721914175055;10.155377700876366
1;1.0225238852046905;0.09263693811767984;10.224916521442697
2;0.6015099270782717;0.2486874257669125;9.791143805810451
3;0.6056152211712151;0.2284652086445445;9.604611918573456
4;0.8413474827981439;0.32302799874785426;9.566263239641362
5;0.6675443409069881;0.2165441690390157;9.78502776198487
6;0.69087385207542;0.14316907426500275;10.065979926835114
7;0.8741254375596363;0.14252220525344703;9.940454089569396
8;0.5655374845854272;-0.020298693723210637;9.644207083077562
9;0.7988417654851894;0.3767689644473639;9.7884665962467
10;0.9185467220338953;0.24536850982276998;9.736084741439084
11;0.5680020629931901;-0.14183923568930468;10.20984919580676
12;0.6092168932794793;0.2422410748158752;10.15804755923714
13;0.8284732383243979;0.12915635985175822;9.931120721119346
14;0.44761682832489263;0.08154531687563002;9.78370344669567
15;0.6447822961254556;0.3444721866500452;9.630909855103672
16;0.9987649206790039;0.10847468392268132;10.106568494253992
17;0.381315721826851;0.16751439638224155;10.125095145403165
18;0.8033996354396702;-0.0398691866104607;9.986207892435294
19;0.9428029318421132;0.13527005429830719;9.754216064615768
20;0.5637959924507243;0.3452220086787742;9.502390817406638
21;0.8185915831687;0.26904698590192977;9.900770595096681
22;0.8024704962766508;0.09170422571208478;9.922538955726038
23;0.5961861266062762;0.2517888606242805;9.95935959067185
24;0.6604286628990212;0.18170159761919621;9.903913004650525
25;0.715548491603504;0.06927259190677533;9.681646975981389
26;0.855052559486788;0.18845687516097948;9.72402295059342
27;0.6802617684369505;0.4782812568369943;9.98428456516036
28;0.7889704415238793;0.10659249370986688;10.073701705134297
29;0.6501438703543365;0.1554801893865592;9.849289518271265
30;0.7157468092939456;0.2924506952786123;9.716914245090363
31;0.8403104766991968;0.09690257283215295;9.601728097910527
32;0.6568325303146065;0.07236410519858391;10.036681707538378
33;0.7226408608777112;0.14722971767263676;10.139538791426062
34;1.0210106248881066;0.16996627870794453;9.671800604810482
35;0.7109952048031274;0.19292007758780516;9.845999512909799
36;0.7895690267200157;0.05978889901593436;9.996973995584998
37;0.8013302709158425;0.09339987312121774;9.855522123985047
38;0.6982907705911693;-0.004025772785345522;9.903735575268847
39;0.6794238904357843;0.2565490843487676;10.024468615197076
40;0.7841529025973148;0.2989596548786474;9.948036310937157
41;0.7868018309078283;0.09523363774528451;9.869802372546292
42;0.8399834859158565;0.007450467689188889;9.873675764461773
43;0.6806709010936601;0.15677877636254908;9.548034725132014
44;0.6117962646938894;0.20000125558557702;9.930092008837713
45;0.7503015282936083;0.2673574883303631;9.582822025425852
46;0.8071779906719607;0.18670997486363353;9.720218723661185
47;0.6483719504045299;0.11642255210605815;9.762768267863201
48;0.6669976307056926;0.21718696953001793;9.844596804862773
49;0.6872201740028532;0.09886310755163046;9.645050909684292
50;0.7451890698847871;0.146037810407636;9.848668428190438
51;0.8876490001076673;0.24261308005720428;9.911521938058877
52;0.8503683808032841;0.21772648259789698;9.811082933301135
53;0.6544112934445896;0.0854706015897272;9.752739589283062
54;0.839427338017204;0.1020400429819379;9.888835341777277
55;0.6681923976363717;0.060945216476929506;9.931966975427194
56;0.7167000469989642;-0.0688135641367042;9.96748942670789
57;0.6721177594245504;0.08870079938780837;9.795555020154888
58;0.7532858977952693;0.1967518110014372;9.875347225147982
59;0.6065054618951795;0.2054787039475022;9.874357496769393
60;0.7338289146330926;0.1314709115620709;9.739677215920215
61;0.5862488647444244;0.3193437788040825;9.83955498428898
62;0.79276490957063;0.1619963795966268;9.993529019995767
63;0.6797420582663218;0.048848988317519076;9.844720306592038
64;0.7202009066963748;0.23788630397800287;9.862545032186608
65;0.8254149033149906;0.16705257167191426;9.67426032725051
66;0.7705564036179494;0.005067793087007777;9.880755622820717
67;0.8560437282898676;0.10898947836274657;10.003148181005093
68;0.7926250480389404;0.09328882361497454;9.761193317091713
69;0.7448064264690203;0.1919807325727044;9.937347715958968
70;0.6717604264838826;0.041878906088424206;9.736319779836002
71;0.689466707412059;0.1802902166501305;9.781778354251278
72;0.6795433014387192;0.06558718123486397;9.80432099143759
73;0.7338110670828303;0.12745481427586852;9.838474059217956
74;0.860570826278903;0.34800043466226677;9.770202644298257
75;0.7908308130279844;0.16326439184599376;9.68794641527558
76;0.7651742957563693;0.1857169895623793;9.744350077288189
77;0.6836616395075449;0.11560275515539137;9.712847798726433
78;0.6430586956833754;0.30590461592673535;9.926013168100345
79;0.6816539307818864;0.2298249048394101;9.971067199871495
80;0.6230461554477682;0.013130828094531782;9.796028079730124
81;0.8855148597892234;0.3373672357366325;9.954227040975056
82;0.8108661148113502;0.3556580070656775;9.811555104962563
83;0.8563372095852348;0.006379635935522238;9.775299287343227
84;0.5363167302750944;0.2314427322434227;9.830064331898026
85;0.7046156492350215;0.13399405875953144;9.914390629059668
86;0.6975029889408491;0.23831855425368748;9.702107757078714
87;0.7766812689238916;0.25580317967165345;9.835022588643463
88;0.7451317973306243;0.12574780877511452;9.825465293993915
89;0.7364641942511551;0.2263621703371127;10.05441557444518
90;0.9400007765186305;0.2712757464995471;9.914967409760477
91;0.9567466424554034;0.22047287851961156;9.762381651823791
92;0.5652629955721576;0.02910684306065392;9.66639022424181
93;0.6477543370162855;0.1799548072868446;9.793544225105835
94;0.9376765715792552;0.18087624585058557;9.810200545967504
95;0.7856296945497903;0.1592793555017012;9.79003592025931
96;0.7534319273830941;0.22525016991549474;9.730106604165933
97;0.7393417402130584;0.070180224871837;9.687399632705834
98;0.5699282502540474;0.15688194704965883;9.828336328414771
99;0.7068804427859826;0.28185652982724096;9.910913924776185
100;0.8172590098373552;0.15043998854162566;9.899225562931797
101;0.7101669897276361;0.08694994388815347;9.703442767285393
102;0.7675172574895293;-0.06339663125305622;9.782033606482317
103;0.7120014925093934;0.14893369725091132;9.848970946054063
104;0.7920340369132152;0.11948638999694904;10.00507461956315
105;0.8893175158339205;0.11133591990725206;9.808572219058199
106;0.5792760002423132;0.2071390505348622;9.978974416345778
107;0.6234682507451224;0.1474774235134776;10.002539441891606
108;0.6056095420441162;0.044413588232127085;9.903400570049254
109;0.5657872611798083;0.18797348320254936;9.820581799498138
110;0.8246285575131196;0.05443540261320354;9.6661373846501
111;0.6710773745525705;0.1226874537391423;9.75783680080486
112;0.6305325988921717;0.2857959198696909;9.946497083080695
113;0.6023791454667677;0.32387443551400685;9.75622304873354
114;0.6502223099140865;0.21947216730579494;9.957088283538928
115;0.7000055376353201;0.11573646633099831;9.908588145539108
116;0.7961600803744392;0.19673979707123743;9.864417480957908
117;0.781493787462494;0.2894585760075533;9.838146347624495
118;0.6079170689360514;0.2538968778803606;9.658504527443244
119;0.6713619109565446;0.24368671094285907;9.816395557706498
120;0.7223273522681006;0.16634785093998428;9.954744163400438
121;0.7236078044933641;0.09707627143276576;9.782593723390118
122;0.8179925511556835;0.07673853066840801;9.887541518531105
123;0.9049300688347295;0.231777676876663;9.763322526990295
124;0.8146291242970098;0.33162207432540974;9.942814553541165
125;0.7337764077647707;0.08219338052853237;9.812842964213141
126;0.8382200473487759;0.28594973369764365;9.798506372013954
127;0.8371980323214736;0.2038543757339359;9.990465195808941
128;0.8253646462977245;0.3590824196838194;9.85588708049272
129;0.6326142504176341;0.24499568272562117;9.89392061536223
130;0.6024429847962783;0.09841158680305129;9.92587584809987
131;0.865766084021854;0.17297511653009823;9.870852755067968
132;0.6897911787301183;0.19946210926796337;9.778616899806408
133;0.7406725137387487;0.18477323025499104;10.01108156656683
134;0.8096334631991364;0.050790755956390043;9.815906126178795
135;0.5638505806678428;0.02274780204803399;10.000763351024906
136;0.7564802077843105;0.282955676623344;9.636441570229223
137;0.74633125651122;0.08215726053496306;9.850008922318816
138;0.6180173375866241;0.16183945766123992;9.909557426956198
139;0.6289734448213695;0.0656073849041223;9.866614341057762
140;0.8703013112681355;0.25485483868148723;9.72119179500744
141;0.8157649001042372;0.10900830553340402;10.102812638966633
142;0.7415233617855056;0.26042122303459897;9.786880441291064
143;0.7111396660001654;0.17775596475009817;9.851640943403632
144;0.7269804909813035;0.0521946050627643;9.979197486554408
145;0.7524418650297718;0.19875148876118257;9.93181758307491
146;0.7464210058296389;0.07221358287525671;9.740487557001027
147;0.7244517567589762;0.24569816556786597;9.957036034892996
148;1.066595657791007;0.3717881378395753;9.84818689442172
149;0.72321031373585;0.18186305272857956;9.697818654164346
150;0.6530216993140902;-0.0345431772897046;10.04254259068882
151;0.7156435392993656;0.16618792232613486;9.914960151930527
152;0.8849646607385787;0.17335556578495737;9.738178392799577
153;0.6592190083248657;0.07897800905503823;9.707713268663479
154;0.8424209378959054;0.19850393616659795;9.841005470557285
155;0.7830310221288107;0.39725198388570315;9.99345175013418
156;0.8947441736224897;0.058683375081397725;9.919658477091795
157;0.6833772411595161;0.17016425742015753;9.960302758969657
158;0.7721810777879482;0.17756987972665014;9.802544356811568
159;0.7369825015661606;0.11823992017958941;9.781517817248625
160;0.637300827795665;0.08970721175079088;9.914925406914
161;0.7664189253955516;0.24095908799117827;9.893237663430833
162;0.7039410102476018;0.25437610643734926;9.842975694846631
163;0.738990387157112;0.32993300373076806;10.045748617652354
164;0.7922039893411827;0.3448764229644725;9.783773172502109
165;0.7247319730854298;0.15841671062396231;9.912714218146434
166;0.6563586997601677;-0.019853227746113034;10.007347665835406
167;0.6510739290242443;0.15787817229480633;9.792452537826167
168;0.6155857232946402;0.16427619161073392;10.044451153514851
169;0.7672895915111506;0.14392611198908326;9.436541177341825
170;0.5692090899081446;0.262936069871035;9.759478350882132
171;0.6068983486086279;0.3989266860215655;9.541606812321602
172;0.9959490964786742;0.22405512247342652;9.626275197874541
173;0.6270487696411982;0.2984994143660935;9.846699005698788
174;0.818736349842199;0.36898515022939604;9.737235793420933
175;0.9011897233201256;0.03592324457923873;10.035572027800288
176;0.8086117594699374;0.02768162946619622;10.123967691594457
177;0.7363885804020462;0.22697904930366633;10.07550555733404
178;0.7312143239531009;0.08259042814809354;10.060520449750888
179;0.6656186142463814;0.15472008677198704;10.271750035662198
180;0.800860958581356;0.021390009980312347;9.82790484497427
181;0.7927301672031309;0.12402455929615408;9.837688354569393
182;0.8254405818558265;0.3190100995015738;9.841145472681315
183;0.6719998551746135;0.04442051375737954;9.735438694810494
184;0.6894524686854621;0.19865701261712462;9.823953852236006
185;0.8097387753905594;0.06484721301677479;9.596609161453896
186;0.7104170955217617;0.026534038007952704;9.593724806056626
187;0.8226161340020679;0.0028790542588177648;9.754485991529533
188;0.8423704546497205;-0.02976753611653038;10.034785889843759
189;0.5894682172830806;0.040198650642453364;9.915568254534216
190;0.8545727239891179;0.04981431644050366;9.910913516451076
191;0.8507230840261186;0.10094596014044287;9.904623262540339
192;0.7431303763795785;0.1504002598579341;10.01937247951697
193;0.9242010562031493;-0.00296877995486855;9.810796603314488
194;0.8348679943556047;0.10554066950696003;9.687414088079878
195;0.5888317942348635;0.2289622228970591;9.910004441192951
196;0.7161873544317907;0.23706338700191953;9.902965473872714
197;0.8722504258729851;0.11895796741074378;9.821848870758137
198;0.5444035904163138;0.1520594555404095;9.963175418466719
199;0.9493670643067166;0.15901982402101605;9.921309377537318
200;0.7759639820419124;0.27545177321134773;9.878096533403012
201;0.7306506875328713;0.17438126646880303;9.862318374980637
202;0.6927443546868415;0.20477685033471688;9.803617404093021
203;0.7161046391698377;0.20823767935491572;9.8009918298904
204;0.7426942213516077;0.3184864297074986;9.828271753457383
205;0.6931686086252413;0.18789877003512734;9.851904247045372
206;0.882365397349924;0.02077029660040114;9.846457641040534
207;0.7574804948882674;0.10766721658294325;9.738435648188664
208;0.7883541228426993;0.2572568331261189;9.969984090997096
209;0.8668504222015937;0.2149759028158712;9.764339492883453
210;0.8339209420691693;0.13119362562757478;10.013744451307632
211;0.8024837040314343;0.18369711972408573;9.792743274838438
212;0.7075486710314058;0.168984063522825;9.731638247949293
213;0.836843608126129;0.10539156745744228;9.976812954870347
214;0.5628221132463401;0.26790171022350173;9.829748650712359
215;0.9516777471928026;0.07511167658672939;9.752617771362715
216;0.8662806362311245;0.16091619444804645;9.927718636385286
217;0.6198295405315141;0.10308162914628816;9.741389193431091
218;0.6916382316855713;0.013739445766553213;9.98619697618667
219;0.5331137570360838;0.21609834314398912;9.862838190894987
220;0.6830435414999518;0.2795672833778438;9.794329381366014
221;0.8123282180896464;0.2268442063433938;9.958371793960096
222;0.6810811106677569;0.23796230183501188;9.93267520801523
223;0.7726318170271016;0.25814776617916985;9.760677974180311
224;0.7359327443145991;0.12853041001743504;9.794966114466707
225;0.8811877899406747;0.19347640116655096;9.827768775629798
226;0.9844669958325701;0.16887630469792067;9.962500408820977
227;0.5777844691736561;0.31576819856319366;9.843562320937725
228;0.7928083603642254;0.07825255221784923;9.844516919453845
229;0.6969878231780854;0.2723238003161168;9.793297875412
230;0.5942562144574309;0.19510981324544044;9.83197911588572
231;0.9082282668458601;0.18285306656678188;9.727324571586767
232;0.6886342117851438;0.23984543741121261;9.820177452090762
233;0.5538813656888861;0.2561948010350752;9.905354476691084
234;0.7124605503178756;0.09316915564148731;9.928391633473488
235;0.9135838354329193;0.009290499888537335;9.90639760938002
236;0.7300458545027771;0.05893992417140137;9.676426381329177
237;0.7825125547071133;0.18703395333960113;9.910498768428365
238;0.9149807456120422;0.1330375433573031;9.773987458141407
239;0.8223201179719347;0.18155934330436038;9.791757676283034
240;0.6438417795701198;0.08188608026688574;9.659828721376421
241;0.6428979000427119;0.19016533313519765;9.888375477295423
242;0.5781414477793924;0.007196512775333494;9.91260279235535
243;0.8165564907572621;0.39987796946622156;9.824960575972261
244;0.6542889401121225;0.08080957715841483;9.818540338783865
245;0.7239846859461714;0.1661729266356684;9.889833683189647
246;0.9542504997335371;0.18086534049126157;9.920461637632423
247;0.6578213386881918;0.2996670544211302;9.805617535708839
248;0.872661715139398;0.16553939768008097;9.927843586658657
249;0.7748580489981617;0.3811381650352948;9.894299179472139
250;0.7069429566985788;0.2835057363656991;9.81053601463479
251;1.0138568460094095;0.30544797883450026;9.741818650946419
252;0.9082307486790587;0.23025561643411882;9.783098145494979
253;0.7316155199347626;0.3032979877150613;9.850024891652298
254;0.7035858734805969;0.32652059594183314;10.039518726817885
255;0.7913621528743291;0.34828681986704035;10.082626841565535
256;0.6787287964388047;0.2261877287605887;10.144778741102973
257;0.6992684005408828;0.45578533692613665;10.195836997231485
258;0.512030727228387;0.4311763235058396;10.057478033091252
259;0.6074055549614304;0.3757546270805907;10.099029820469875
260;0.42027141869925216;0.5658212169259971;10.243994660505086
261;0.37524088640461556;0.7544157563745518;10.02310985450982
262;0.6068628463794755;0.5634102796130618;10.133972942556305
263;0.8023415769649959;0.938011948664353;9.995881482415545
264;0.3106002817312726;0.9010027077168452;9.853212527005631
265;0.5629049345105106;0.6924470667661786;9.90512279548555
266;0.655976560046099;1.23100533955794;10.009554610862958
267;0.5825755544044832;1.181591201008085;9.854399282600989
268;1.0523295035514586;1.3278439316740134;9.63949966969049
269;0.6904686929618865;1.2179941250533868;9.877073086342374
270;0.5830203072570914;1.417274720035542;9.711030078984246
271;0.7429586938900671;1.2881529763623354;9.580844356541974
272;0.6762147030158296;1.5003806987009014;9.927472624577495
273;0.9926125638587345;1.7208586145911189;9.972955597232948
274;1.1023762803098187;2.006714199221736;9.949320711757888
275;0.9975114552169112;1.8784973932104003;10.134820663100676
276;0.9414924219977596;2.1228360398956627;9.677907454624929
277;1.0298655832510117;2.132347017738241;9.956528958039339
278;0.7148397340355293;2.129203608291514;9.622483030749171
279;0.8503461861499653;2.4392647953568836;9.762293612832272
280;0.8033574600248012;2.14251798284819;9.756093918465119
281;0.8266733973404738;2.559963843630851;9.867496806581933
282;0.6969054731196789;2.4435455403247537;9.813630530902811
283;0.7279131770462305;2.4633810313466777;9.676483129695196
284;0.5998605843756242;2.434908262351997;9.947447745371086
285;0.7894743699551259;2.280586683215807;9.754748917411032
286;0.8162240991010379;2.4549488344487442;9.791198686534896
287;0.5009220297221862;2.310988551463105;9.748171238018916
288;0.6339209342033999;2.3667873716946763;9.767999241747026
289;0.8685275180033961;2.042673354378691;9.861321064431335
290;0.46047714638052656;2.358406736855834;9.547353019682694
291;0.5435763572351021;1.6012649218894506;9.045472780225548
292;1.0826255575198147;1.777034239637349;8.999021859817985
293;0.5296143458141992;1.6094438692070236;9.85871830283667
294;0.33109052443150283;1.850220737308095;9.757451543229253
295;0.8648251011614622;1.7388893170355764;9.755509570651345
296;0.6537750164350109;1.6356174497403504;9.540444090534265
297;0.18726539333532963;1.8034354323624717;9.493093376713263
298;0.9801432700841052;1.5137759359728764;9.649901384960975
299;0.9148630985968533;1.3544796125079053;9.785655588661413
300;0.6752866369921381;1.3212737028381731;9.972812037697413
301;1.4144660515038627;1.0631052503279381;10.025158447671135
302;1.2440057793465686;1.3086377639875495;9.89037085773664
303;1.0655002689449888;1.2186186055737962;10.227964045302837
304;1.4135697736492885;1.0013075014881385;10.203737592905906
305;1.5345376663418995;1.0165035844133625;10.417803659121736
306;0.9030785615321243;1.2002168067046888;10.411876498814033
307;1.3516487279847633;1.211283741670739;10.168964563944792
308;1.6472008025067701;1.112615930617349;9.897014550709764
309;0.346553129401272;1.4213285654881018;9.827593749188285
310;0.4846571150716178;1.3064509774762065;9.759791103529645
311;0.8276898492008239;1.1263036921136491;9.409017337299495
312;0.28056182574386124;1.2260371161878065;9.75685729470068
313;0.35286959840522286;1.1516862974451259;9.414326142926306
314;0.8182479993565677;0.9276944176875094;9.773253796591769
315;0.17169073659003015;0.6253908510006079;9.692191846886521
316;0.3430961030154728;0.6088304139459584;9.882545391389433
317;0.9487061002544548;0.47145038140090845;9.527303303738764
318;0.28130767641426624;0.65481423234147;9.75471089919095
319;0.09793182504991392;0.6202962746567231;9.878293859178905
320;0.6665734375852187;0.3443123709071858;9.68975676076512
321;0.24837150261317567;0.4437286443768485;9.681677450882253
322;0.02145506795920788;0.31640816784359027;9.762905623143915
323;0.34896516936300825;0.4025688430783229;10.002000649455947
324;0.2529438521294376;0.44165555792855815;9.96883606617531
325;0.07625718923679278;0.4445995792733063;10.531484132491443
326;0.580489655979828;0.8151328271151403;10.546069255114583
327;1.2382139096893559;0.6493213327058022;10.571706558912995
328;0.5719829913503753;1.0362652709340854;10.876912350662014
329;1.339171120223199;1.1678330750992407;10.313530349503948
330;2.185022625735714;0.9870182137307169;10.667493319111546
331;0.5569986268553797;1.6735313594570063;10.263089439971257
332;0.5244513179696799;0.8193376524696919;9.54013816869374
333;0.9031200349943989;1.332823130526415;9.446316975511014
334;1.6768739110554391;1.0912240344681667;8.985913661414743
335;0.3700330775190589;1.0550197341114205;10.216538912422152
336;0.3657299435678596;1.4596208150938406;9.285401263838981
337;1.9288143347887925;0.5617796200817006;9.243527037978197
338;0.21084734322210963;0.9418815551802989;9.106367831856101
339;0.5996810508838583;1.0489094439058246;9.331471571822917
340;1.2639153671549699;0.19595180053597405;9.550720664953722
341;-0.7114677829584158;1.322629742573415;9.07891917108814
342;0.7723671430262273;0.9880579807558819;9.547333442740019
343;1.8667458379674158;0.8699374754084509;9.368869191611665
344;0.0033605802247554106;1.4766602898963996;10.801984014342878
345;1.157629089961222;1.1539754061714;10.934892829882516
346;1.7168432412211871;1.2449154397077022;10.251223299046861
347;0.3649053283527301;2.0940631150804623;10.2613897737325
348;1.2055986080633496;1.9111725169450042;9.867009722821102
349;0.8411329412369062;1.745202676975603;10.200473903497704
350;-0.8203046034750013;1.649976357166456;10.12673867350231
351;1.113141375474064;1.9639894475732325;10.03614511996314
352;2.492840320015492;1.1873977518423493;9.290855559052183
353;-0.72539756002491;1.7408292675253585;10.392848455839758
354;0.019320265704222697;2.2679224470701858;9.32679963963346
355;2.523139742423004;1.1510895531486023;9.82331643021437
356;-0.4713225453348932;1.7272551953093702;10.783423981886685
357;1.055522069568978;1.0166240493267216;11.346776800417542
358;1.8474812790723658;0.7159720441139835;11.121446752701292
359;-0.14131267346709103;2.2765008117481123;10.53130048977947
360;0.9451085068373183;1.2282679929139617;9.15469802079941
361;0.9594081876732895;1.3777315137278452;9.455020048660268
362;0.3875131968012301;1.6849747114922198;9.766356920070043
363;1.0889718303656684;0.7655861843743894;10.811661439521089
364;0.5854890660752006;1.5077949591839308;9.05504686910344
365;1.14752537373371;1.3732734695359121;8.702940527786607
366;0.8014769651154192;1.1738758882994855;8.484604691745957
367;0.6006165102771766;1.5330560219171248;9.351858885344784
368;0.6529737228290966;0.8177687443854534;10.016666896656531
369;0.09684696485022923;1.185995444493206;9.895230953264706
370;1.2563852604678094;1.3390760388835856;9.264274865968206
371;2.088623637678343;0.9863657868869493;10.424540806860765
372;-0.36042366003031623;1.6114525626304954;9.809538851358464
373;0.8863869235436577;1.236581179810402;9.553373962841563
374;0.7091646559066375;1.41169800807964;9.409382369719737
375;-0.4144142290958249;1.9149959590791064;10.10129099429288
376;1.3204622472794068;1.6014181026128749;10.13810225507636
377;1.9260283996419727;1.1672846116740663;8.450076737793742
378;-0.48129291800689183;1.6990001299428437;11.01356709945589
379;0.9676726114522094;1.3844877660074253;9.141230434572007
380;1.8153281740632623;0.6165630085554452;10.310461066598311
381;-1.1971266911403953;1.458782074609941;11.390817963675632
382;1.283605470611261;0.8329205496068208;10.883785915902978
383;3.2034868341100484;0.8163148988988158;11.251325049736957
384;-0.8815563531661421;1.242840152182913;11.111524228483109
385;-0.2741110139963183;0.7739643832886722;11.073932331760215
386;2.020246757687942;1.2638096447460923;9.62182997868394
387;-0.04083984325331805;0.5304298168012942;8.937515755811422
388;-0.7667308680813752;1.14901173274678;9.259702427906975
389;1.814620669151906;1.026871022291415;8.758967203902122
390;-0.5358622043964596;0.6172959596845194;8.741016757510039
391;-0.8111059675183165;1.1498961420534939;8.454109333460556
392;2.4167789346763207;0.10397589908715033;9.476528720216827
393;0.7398566380988253;0.9237913639218257;9.866728898910461
394;0.5229382187728191;1.4487548051938428;11.297897446440214
395;1.7587276368132785;0.974747556783476;10.133826242141682
396;0.8189427285742369;1.8686256825585528;9.251474858441346
397;0.8762850652557539;1.7551377278308595;8.763962543358778
398;-0.11313305673985077;0.736753747170518;9.409054009818218
399;-0.4976518105780343;1.2734898819626501;8.872749334600323
400;0.30365889329977436;0.9018406256197303;10.44052175543122
401;-0.6135142529594709;1.9263653190220542;10.295117968623055
402;3.3772259077163014;1.0827279925201116;9.217771439474479
403;2.9550213904767366;0.4731558873686129;12.391214322602842
404;0.9991752441342987;1.9115983023858147;12.791656162973142
405;5.113588121337679;0.9480999949535005;11.372434094193093
406;1.8808020874574056;0.07641754955641332;10.244774020864757
407;-3.5113031390884535;2.721379135028141;8.049003448802624
408;3.2660154411710955;0.3973098001722901;6.834972703028245
409;-2.4853848671381087;0.7904167871984271;9.29886092048354
410;-3.9703821607457126;1.8617268962478712;9.556143155005852
411;4.818164158782976;0.5429761177378183;10.070867621872406
412;2.225790442785778;0.4103234875015821;10.355861982887602
413;-1.3538440320133138;2.059271077266097;13.04871419940895
414;4.900690448006363;0.5515278237677943;11.529039542109908
415;1.7404723338998618;-0.27398498763442614;9.088796557746486
416;-3.5557856093080478;1.6879719310825836;9.405273495735086
417;2.5541930130546917;0.24878925796395318;8.785695957373184
418;-1.1081712299194038;0.007399217595570018;10.697735507488245
419;-3.675827623778307;2.411591492297374;12.198168883211888
420;4.149959905838557;0.566536224790839;9.82212350580084
421;2.8718798512354655;0.8585851435781721;11.057221872361078
422;-1.1281185488121306;2.4803482557917986;12.374259798205953
423;4.353914010053231;0.9267910755831862;10.119198612813666
424;1.5970108282264268;0.3661679127261768;10.225325759434336
425;-3.2597652043819934;2.3323436182669304;8.663533295648508
426;2.42761938557338;0.909111986480778;8.322526821330634
427;0.7082809478635124;1.8039998518077598;7.783142191174047
428;-2.3003670197893604;2.429830172076455;9.26144104917406
429;1.6424263610125682;0.9903296340814374;8.985910229079847
430;2.242103123900401;1.2942084544606303;9.462394009116982
431;0.48804585072616463;0.8542185317877602;10.23496679663239
432;1.3330875315978066;1.0254003101385185;11.269398607266513
433;1.8295803630455307;1.2643972210320162;9.29239230935275
434;-0.6042315444459551;0.6556906200672138;9.922319790796747
435;0.42081867039794385;1.7803263916918906;10.382759922018892
436;2.6639995326382713;0.6977181015199194;10.58207813536652
437;0.15752431042734638;0.6163682244849018;12.417155101648122
438;-1.4161740542858947;1.738585856252396;11.929653839231053
439;3.3056517699246295;0.5292701617077779;8.279253963306054
440;1.704505708923425;1.1967927293710803;8.991802002052422
441;-1.2222015438813576;1.6870315827143132;9.34066076741364
442;1.2532495756380118;1.0094183318373857;9.454405160177386
443;-0.6869049022638712;1.4017806465084186;9.74419246372491
444;-0.5536673500579765;3.239777985741027;10.343822256559871
445;4.2205577867605735;0.032154016856697804;7.866184097928324
446;0.9629479834450111;2.01750220217503;12.232568253850584
447;-0.912293797392743;2.3662661967171372;10.571192882259531
448;4.552739169052944;0.3640402502481319;6.933089329305998
449;-0.6215363797396273;2.4245001599542437;10.072515298728822
450;-3.107700357924037;3.27033752644397;7.684317766070997
451;3.8727051483213644;0.28126351451293224;8.27014390518922
452;-1.6728971826721197;2.357275890757146;10.951060565368804
453;0.12636431866551262;2.4199388379869755;9.888761371230737
454;5.152122555037171;0.0014665818092317595;10.035411313303833
455;-0.8099441000623623;1.7038282819468855;10.159681710054258
456;-2.30185574924893;1.4732925999303783;9.817943977688547
457;2.0788200170258193;1.2294275954122327;8.227769046126781
458;-0.8093356808726259;2.0421994733297284;10.125070060268312
459;-0.5739316019118313;0.9105231340908515;11.158642502395992
460;2.700755518875954;0.3120838380902043;12.88313497304264
461;-0.020700855367528574;1.3456853223923484;10.721149741199335
462;-0.2343607953315883;1.062191546776437;10.459596306929791
463;-0.3705697892278472;1.8300693108511648;9.147925026149325
464;0.6750107770477668;0.7937591550001322;9.078121992769685
465;1.0011811342551138;0.24454963602953803;13.018015642369003
466;1.4642029779216499;1.3237285088376125;12.355778274038236
467;3.8630616043999075;1.382685320532773;11.079435045908703
468;0.371184485532397;1.8656007375563186;9.6646581185943
469;1.2481935845729524;2.9292470393441086;7.89744139781501
470;1.4432623066895762;-0.2225497020271988;7.782996174272418
471;-3.9456696676800807;1.5129030551527065;9.878086286163734
472;-0.942871839455674;2.1938823318072083;8.081065369488336
473;4.794915633251046;0.586387783155787;9.471126269124154
474;2.450566854390673;1.0242144641444488;9.199009348592705
475;-0.07964416653356292;1.1833940537117715;11.842405964249775
476;0.506612987082697;0.9668741964421013;10.284887011280247
477;0.39445186865472703;1.423209644774766;7.877449101783075
478;1.3338040183576678;0.2580149309509625;11.841770970134279
479;1.4325354989487538;0.1139059906737299;12.941366940441887
480;0.39908275093064294;0.330599732032233;12.168200677438046
481;-1.137363280948622;0.46560684496796656;9.376045786563841
482;-1.296603130837831;2.1493295114118247;7.353350326816955
483;1.4633779542507177;1.6284124448006645;6.8660921435517706
484;0.4283461412957446;-0.2200548833571782;11.915106347453934
485;1.0094809456309042;0.41796714132354484;13.352982494795086
486;4.005417477406586;1.0101176253006545;10.130097577433235
487;-0.14018047206562112;0.7459361836941719;8.405357965459743
488;-1.7189318351859986;2.772563258683034;7.154982340498114
489;3.6189813392834567;0.8915332576064303;6.556659136650147
490;1.3019581278533083;1.117006307875415;12.288005650956848
491;-1.3092161033881937;1.1694711088487422;12.838603256006248
492;1.0839959806485129;0.4907268632439874;10.36426605344098
493;-0.911784437068534;1.6160383796965005;7.637537043419972
494;-0.5425257361216945;1.434814951371107;7.507729106765026
495;1.996554897252604;0.14553400054352086;9.327277212195948
496;0.6366211102873566;0.7761743261627222;12.583785464158476
497;-0.08062980223317509;0.853563043243557;12.610395109949435
498;1.7715753965301722;-0.02301669811173005;9.306889890957157
499;0.47371790223047106;1.2501143104199315;8.202547314337014
500;-1.0160093961727976;1.411315024370433;9.586305594708808
501;0.9162108315763638;1.4006064938874674;8.741089398241234
502;2.3920729688120934;1.0900115396368153;10.874610081312245
503;-0.5631156793691696;0.4734831187054796;10.662648806952582
504;1.408300129653606;1.7330014886216618;10.366703893272463
505;1.945418778652995;-0.4005118543885119;9.277280068533013
506;-1.9186692525870634;1.3023240603436432;9.462888001816243
507;1.4146536685767939;1.9132954480929478;8.521894612599823
508;3.4251718854513893;-0.8537426119406218;10.537483379564248
509;-1.3199963281376648;0.9205751193494764;11.302616333162579
510;1.6812725650788576;1.9283679580191648;9.58652912586854
511;-0.1950177982180679;1.0534787877958502;6.085633706223225
512;-3.233509815106196;2.0169315249501287;9.050825167517601
513;5.3254859775808665;0.6028996434690954;12.66086747392001
514;5.615797922454422;-1.7146759206060402;15.353642698625727
515;-4.433833057853435;1.2197902590986318;14.718750543514671
516;-0.08576632138952986;2.1352458154004004;8.839073769128174
517;6.494998759163915;0.4823332414754205;2.5842289086660313
518;-3.659923241177535;1.2358213575201835;9.533690822643871
519;-0.003014356525379555;1.0018222531399987;12.813767257497432
520;7.810563671054244;-0.10285160167182421;9.475775386093545
521;-2.22293829849302;1.251376736674179;9.804599736338853
522;-5.149664214882524;3.9617587688671225;4.835429418853518
523;5.346377871210209;1.8831195638551432;4.667654391788084
524;0.006852284718710466;0.8243895289340251;9.110024722429108
525;-6.901269144515427;2.7543366633023036;12.438952099001584
526;4.183384863773978;-0.4834365452794986;9.544201343145579
527;1.3981061523784422;0.004222512914948617;6.983532615491437
528;-5.941278943144556;2.606955187337174;10.3150705857625
529;4.015937269930797;1.6452827577962454;10.646248638822243
530;5.6449461523292985;-0.5759851106805378;8.82102933244318
531;-3.706845259879838;1.4564654030956228;14.12212725368972
532;0.8889770579835512;1.432279612281983;10.151401058891771
533;3.6886647131564887;0.3303670416344665;8.54533877262208
534;-4.946425643553745;1.7610025210233802;10.116375405477307
535;3.293761100326778;1.2237521648102463;10.845471247391444
536;5.644532394295507;-1.218007607469632;14.201206991582367
537;-2.0502753170673866;1.3302712060475024;13.754620840026993
538;0.4799380009812801;0.48636677163839626;11.370764756177593
539;2.799788236294037;0.013278146057123862;7.731807511193867
540;0.32536548380323305;2.92319672707943;9.783472954517373
541;3.3732812809872748;-0.2756616386133587;12.1398904906024
542;2.356408398261353;-0.325595214047552;12.046233305366748
543;0.3796195138305033;0.9756886209418282;10.137654650264269
544;0.3910212688332573;1.8513455995726948;6.6622897882251575
545;-0.052237953703819874;1.7700991826129397;5.005688914382158
546;1.9710263510333175;1.1165804355049704;12.066986420269831
547;0.8831602390523905;-0.5681253022861631;11.936980142604757
548;-0.16360143966327975;0.777048973441071;10.568975853622172
549;3.504771865584764;0.666678916084677;7.8549944376099985
550;1.8307238955820373;-0.44484903903846473;7.506907079270181
551;-0.38525516019072137;1.4806654308254688;11.977231105959318
552;3.9403307520315343;-1.254204838662559;10.790346054002566
553;-0.7669105617082699;0.3416613156157269;9.141036373224688
554;-3.2242750078559683;1.2765093109600678;8.042869867594934
555;5.934722011920401;-0.33911398205588705;6.8717076735603975
556;1.5751314077290024;-1.314958415902585;13.388174215522712
557;-6.346084109052436;-0.04579396489350249;12.85123875141751
558;1.9311562941360105;-0.545824427291095;9.585156287770987
559;2.2593410697076606;-0.2457356805933319;6.293174268033203
560;-4.274795390539855;0.7549695005846206;10.873170585187168
561;2.345766622899648;-2.171922181398871;11.061592272348975
562;3.134074626223508;-1.5531452399559382;11.624798416340905
563;-3.4518836258373105;0.31153597529941607;10.470203332155156
564;0.4762015360295857;0.5064518413894914;8.701270766110671
565;4.472716724374627;-0.9900532145665594;8.444409370501562
566;-1.3200298940846584;-0.858850035647403;13.01378363512025
567;-2.009903872073761;0.4259671781626019;13.749171778536828
568;4.191489192668269;-1.5955908654354534;8.9974600588752
569;-0.8769444476707966;-0.18228576625838314;8.930605293327057
570;-0.1451793963724523;0.9058368210734106;9.568032700299016
571;5.861425853224282;-1.4406702213052172;11.114775920119351
572;0.0302793137989986;-0.08188447866614783;12.820784935780527
573;-4.1614601219842875;0.8675566749873243;8.984648307850224
574;0.3841370071770163;0.09122873921672664;5.214831171830127
575;0.8461186497667827;1.047522458408433;6.348769504420782
576;-0.10486083296411347;-0.124758374828075;13.094222912401511
577;4.1239864893566605;-1.7509040755613094;12.174643328562503
578;1.2870473943941148;-0.4566143949806919;12.531107713472279
579;-1.1258199406681137;0.9580322560909313;8.126964465323105
580;3.383914998713835;-0.6367813724578817;4.365586889320574
581;1.843339935699608;-0.8318641468082196;9.250358185679408
582;-0.5543684061356051;0.3077535470025956;12.577067843659568
583;2.0508870577217317;-1.3531330425265344;14.130977831843552
584;-1.8098538115211835;0.5861725752760288;8.467248593002966
585;-0.5576158650561293;-0.5240054307773926;6.62781434729133
586;0.958332880017283;-1.4700499704991776;10.328418831306895
587;-0.20394832460206913;0.02759271286571235;12.074370995071494
588;2.273338975425002;-1.0457486546721804;11.620621398825266
589;0.3022068547421212;-0.9684321320729092;9.769291714703735
590;-2.9739546707462883;1.5131610668411837;8.323942782231006
591;4.0411743064562184;-0.5246188216675728;7.245110290263353
592;3.1582719179552607;-0.6758346322859019;13.247634887674051
593;-1.0346463728325672;0.5599972821951131;14.626560067751313
594;0.31851027803304993;-1.4509677268514634;10.322697411527859
595;-1.5655709783354441;-0.1286533107089326;6.913031465887896
596;-2.7051303114138054;1.4107575439332136;7.611461617080581
597;3.7030503639032797;-0.5364942237172748;9.649561189581322
598;2.228944467733375;-1.1614586012164185;12.570868745648959
599;-3.2565652797580453;-0.06974037442664033;12.239697500138025
600;0.3605738970677284;0.7305905582388331;6.823763222606253
601;3.4903078814073196;0.2093966420731642;6.480497468003543
602;0.45505292167669675;0.8089645409926918;11.038204139339607
603;1.9261615491471946;-0.8361379790684489;13.352218713086208
604;0.8807831332799042;-0.779662936930282;10.518576657913535
605;-2.281730036629187;1.493446618531878;8.24114224896117
606;1.893008866982876;1.8496342974018187;3.6716536351894993
607;4.699690007290895;-0.14673494289888944;8.615685760567844
608;-0.7617024809885683;-0.6918788960344102;13.323188316984243
609;0.4741577939015347;-0.004177817083209107;11.170388113292088
610;2.411639696406802;0.21110760732099826;7.090301576197774
611;-2.8783260347210784;2.0421501916607623;6.117073262327951
612;2.3497898862542614;1.8580647381871556;7.736578667958167
613;7.381527173774876;-1.198254937534888;10.681926071799076
614;-3.048079615241615;-0.2381675037327906;15.450063228103817
615;-2.9380148866730753;1.4080089567252148;10.167859503168653
616;5.488038034112739;-0.2799267004630127;6.598006474965553
617;0.1285146540967031;1.2520314638048422;8.012793790809148
618;-0.3302168737832107;0.9317052114158315;14.113548237677286
619;5.125234217446585;-0.9214292567695649;13.66173406055684
620;-1.945338830342412;-0.32122865512538734;9.441219768979526
621;-4.367571157363757;1.8068908978371783;8.459707711024114
622;5.764601765908052;2.5234433066986632;4.570525580066967
623;5.418721088955421;-1.537500489992298;10.318558149274077
624;-4.396994520667479;-0.42602051077701775;17.9406025095045
625;0.3890716470909878;0.6512212223538942;11.725210646982296
626;4.2773771866766985;0.04001118390210908;7.2601316738609185
627;-3.31521476667324;2.8440511144501484;7.064189737451171
628;3.81237924930802;0.22238460102340774;11.634227628381971
629;4.824020803376267;-2.5601675025400072;14.699618547982348
630;-4.708664092641734;1.2845912343238246;15.00266690995753
631;-0.7504504251533639;1.3414162812921173;6.461676713622428
632;3.5739859816746677;2.1299329949902877;2.7876609224490845
633;-2.0491926342553306;1.0848368875585037;6.621077084646709
634;0.9148119865817795;0.16979029057483574;12.55206856198609
635;1.9237473339673887;-0.5888562685498785;13.042705746431881
636;-5.545443772918021;3.354263839335364;8.367499640280286
637;2.4704997579129166;2.3458928784085797;3.733989377108186
638;7.864785209685742;0.264577549408445;6.5150334294662295
639;-0.3202254142929625;0.6825109261217426;13.695364104846435
640;-1.8818964577652892;-0.21018510284771888;16.033888209996665
641;2.385309842555575;-0.02367619119366156;8.615378817844956
642;-2.4728857708348024;1.116590088273266;5.136405157390665
643;-2.272423398040326;1.339563897732491;5.569387043708907
644;5.309830199613942;-1.4468747136489195;11.886932287912904
645;-1.2807950781031958;-0.8397446673775911;16.094898202450885
646;-3.1413740057247543;1.5277830831140213;12.99147114272273
647;3.7625859166404543;-0.3421226297234331;5.881624789108624
648;1.2176560587422343;0.3484059014967488;9.077493101458632
649;-1.2108163288320928;0.3225963368653189;12.685931064663034
650;3.815919229198598;-1.8970478396476704;13.354084504711759
651;0.06006382535877789;-1.0181268023796917;11.495629447550796
652;-3.308191616495337;1.8018463070879367;8.469980359102378
653;3.598170060800673;-0.2726974455774639;7.0436193329369265
654;3.1050148978592573;-0.5180597473547838;10.555752215769333
655;-1.3920181594745173;-0.951367708776795;16.18628262626769
656;-0.8520234592314464;-0.6839166275132077;11.900059543244156
657;0.7920293252974818;-0.06063580119557993;6.485960042993856
658;0.11800077306659808;0.28411089903769154;7.910824465235508
659;2.1745315308708246;-0.06603776055197033;10.302555014160564
660;3.7437847901181516;-1.5944210505430843;13.986202674716793
661;-2.7412064215706384;0.14011687614101367;11.799848947204788
662;0.1639585865286117;0.6956326971775891;5.467601595740809
663;3.538220124979259;-0.9436545414844983;3.638865954897925
664;-0.9090756996959293;-0.0030755528895970163;11.772720221203938
665;3.529969784946505;-1.919212617732335;14.270935669126725
666;5.047496066464471;-3.1862865921793855;14.553996812133349
667;-2.117821417777399;-0.9312340225986184;11.6011694031492
668;0.6717320484320057;-1.4231872507962857;8.909702335158395
669;3.73468420608186;-3.9637043055767203;10.493456789770132
670;-1.8453573165993635;-2.5316169470999488;17.383783187767566
671;3.1348678750567323;-4.117608904285711;17.591174731148588
672;1.8778897366621892;-4.122508169693962;15.066513582513707
673;-2.0877186446020364;-1.999980984917308;14.78440905083412
674;4.510688410755224;-4.184838446462901;13.314793282149136
675;4.794305248481247;-3.9352809429040825;15.134463862505797
676;-1.2485873618443908;-1.9483734006902518;17.119683740406288
677;1.3406744854708956;-3.4621953963212073;12.683474030164144
678;-0.4103248010200543;-3.605656004503146;10.875165152431865
679;-3.070057577691471;-2.851712654931904;12.73622775562217
680;1.8082768040787647;-3.8941015947943254;15.984536668211476
681;2.9729361240353995;-4.03805743510133;15.632659433458977
682;-0.7205687039527202;-2.351886806992622;15.640700210210102
683;1.4377256659381872;-3.191531094495484;12.072855049484327
684;2.1406753016043076;-2.3030489885262564;11.854658579348152
685;-1.3604534412237799;-2.452789818677869;11.811736842517556
686;0.13350586367992281;-1.2312125907315872;11.660443826193122
687;0.289305798552469;-0.9938872849619375;11.279213349791727
688;-4.272236498165318;-0.2924205842486521;7.3566392902536135
689;-2.2194964852324013;0.35303790354577114;4.889077598607038
690;1.3294574016109157;0.3526201083913059;1.8739408931486972
691;-3.684521368925653;1.8496062509450726;0.8468192084011951
692;-3.6114242002517165;1.2544702749731975;11.472212598349676
693;8.643403472152716;0.4673402019282755;1.9412188619925617
694;1.4069660561679467;1.1958724220599906;6.798371105170301
695;-8.305157843547262;5.437201942526381;6.589521542468102
696;11.64777429776122;1.7464008753913853;-7.758168472363382
697;5.703699243045439;-0.22442085830242547;7.7720307662828105
698;-14.723834734973266;4.895256150015798;13.315851734717253
699;6.499749557847006;4.1247954808552;-0.05406047272503962
700;11.21423804959132;-1.0541929976144493;1.1104882663079136
701;-14.571549300750048;7.495579719760045;4.110325053478045
702;-0.18342106644983655;2.514601761980652;3.503007395092681
703;11.371995905081885;-1.831803094868591;12.710357253470082
704;-6.319101230575458;6.555996973339361;9.552611124752227
705;2.5426197656917595;-0.9793699320660112;12.618104452360642
706;9.439197125434273;0.4466543759014441;10.037326946238863
707;-1.7575743515936486;2.614881389393905;15.297299701629829
708;-2.950985588653512;-0.9997715406480152;18.85763714210648
709;2.888664263941533;1.645584214928833;12.402529780467026
710;0.8898892584180529;1.5572662224539895;10.563431293149643
711;-3.6785477295801465;5.02659492131677;7.3073037877543685
712;5.471299943654703;5.484995432803009;2.7726879225606202
713;-0.9338807963586278;2.422824842053975;12.753747363533389
714;-4.738940469521706;6.568182548347684;8.200523922881462
715;9.707540718430733;3.8443432232122907;7.908806513832933
716;4.955018419238907;4.8752843933091485;10.188761264583677
717;-5.830030973358266;8.451812912705433;4.2484996367148575
718;3.348658081334347;3.0209006156003695;5.388634014691066
719;1.391008246021888;4.975881828949549;6.34723806571669
720;-4.366993146950013;6.397325471709488;4.902843300042112
721;1.075793553032204;2.5632650895110247;4.950528077402449
722;-3.0113443045142616;7.157905632924301;3.3489131249796387
723;-2.6249040868580864;4.047415909769911;3.080604980591242
724;0.18271152456716416;2.7516978683427036;3.363606796728104
725;-2.010033051542216;4.9791601407624;5.784986557276147
726;0.0848047975532989;2.793372119509547;9.692603698872329
727;2.299499314104763;4.402906390503382;10.14344398472631
728;-0.6030755034698245;-0.7110409592048543;7.753344349365355
729;-3.5116222133125583;4.440865728862638;8.28158354438794
730;2.8048931474620287;2.1140289625652584;3.2716866998373835
731;1.0452644143400254;1.739768922695529;10.540640901926405
732;-3.7382797043139853;7.034964591273317;6.781744816226281
733;-1.2579193184239659;1.2098160186490756;2.0501556113875923
734;0.6952692813925365;3.0461403807734992;5.5468944164622345
735;3.2874624832756814;4.529657144873759;4.924229699660622
736;2.57578979985251;1.4329050913071226;11.95841509641745
737;1.9771140813911519;5.212613990616464;3.1927969487037116
738;2.621741921595912;4.135660697644095;0.38919458825822406
739;-6.778379784664328;4.466576148071355;1.483444486448296
740;3.722677030957275;6.367388681755229;3.2679874144370484
741;9.269117391047917;-1.228397649692761;13.935398647204229
742;-8.819292337489298;5.637545056744063;10.356896505652701
743;-1.847645214423607;9.047357635415164;0.6258976447945298
744;11.231930974493295;-1.1085277875205688;1.6523509164763037
745;-3.4650670189056685;8.181138191394627;13.887725261365777
746;8.416136658089446;1.9277191673239877;8.132855048505911
747;7.48242280360138;0.3059615035927518;20.494088289159425
748;-2.03927458128392;8.121788970155476;7.5671562178614735
749;6.303511454371548;0.2922363478545791;12.039548021036335
750;1.2987327874970798;0.15176896446279123;15.613568328835632
751;-2.931489502009166;4.488740939687959;11.86754406054628
752;6.346464036821703;0.09282071228763986;18.467914752704505
753;-1.1110578398490594;4.058600773486682;3.7810091375458064
754;-6.051419411786833;5.996875586539575;6.248588158657149
755;11.150592937700823;1.3696967452675113;5.711101239712986
756;3.2228053715552805;1.2757557466621945;15.250364068207883
757;-3.515113135984799;4.647662390027372;17.39413805739083
758;7.473556212247119;1.957976387961441;3.874112709739326
759;5.599885067370298;-2.8677497645250165;10.54441523194573
760;-7.638052099254353;-1.9143229988548038;19.848132624925213
761;-2.190713664457281;-5.19608851109531;22.424927308226312
762;-1.4575799374077205;-10.34852722179089;25.52475811944269
763;-10.38832112512765;-4.493900829840129;28.053672724134373
764;6.565859783399623;-5.702067936270474;22.24501891015749
765;8.827595427269184;-7.0951374753788015;17.161126239045014
766;-6.470240050174703;-1.9173919548729699;18.834877006896587
767;-2.644768672262794;-4.273801142251207;14.61708866528787
768;4.286119793156604;-5.039482281837507;13.093483605480506
769;-4.910154889574049;-2.0486486107331303;13.917581833522453
770;-5.859677798116332;-1.997419186905998;12.803793174742985
771;2.731290018863194;-3.173212646146881;7.505476491155773
772;-2.3664784971713164;-1.6026661128967516;5.743891093579103
773;-4.777298385047879;-3.0757771425094043;3.9972160007898037
774;0.5267719177070443;-0.5756201942832251;3.312240639215373
775;1.6815360226175076;-1.7948520138549393;2.9713892801033586
776;-2.429487531568376;-0.976571796258303;9.559131819588146
777;5.860879751276959;0.044028600851115346;0.11953364218554746
778;4.356198171747817;-2.6704302831047313;5.74547286236443
779;-4.469070001600586;1.059102556247621;6.390450596715965
780;4.565950323937708;-2.187095746171093;1.9755370436097148
781;0.41454404222117774;-1.837136467241795;3.175294321768182
782;-3.3556906526341566;1.3442123917493223;1.8621169730404956
783;3.175010889720581;-2.7886985326495806;3.1411183808875203
784;-2.241701717106903;-1.5839471023073943;5.71028714990297
785;-2.0141436358064664;0.552254005107846;1.745731564012739
786;6.257568936038745;-4.292874490986602;8.005904403737851
787;1.0367899440613588;-0.316967047106323;11.82308087066607
788;6.1342168148752885;-0.13077062779115153;9.640286245444669
789;6.018314913243275;-5.852828621904438;15.051505600773744
790;-3.538641540846184;0.44690141288908614;13.387271344990513
791;6.962770751830806;-5.1564309330471385;10.891172310706954
792;7.183603292834501;-6.725602495971718;13.288051561867317
793;-3.611668564841332;-4.9096322302839095;17.368215382616988
794;0.6496967216330928;-8.138524738782753;18.965009869179546
795;1.688564387024967;-8.024379582353538;13.786547810998389
796;-1.6525434504186247;-6.975966299984608;17.16698326152238
797;7.128621238777814;-7.884582414356658;16.107013399025057
798;5.034900651557472;-9.463075979962543;17.904476566239484
799;-4.769626071138607;-5.750129236793588;17.64595408157903
800;22.702106109910947;-27.465797281147946;11.771829026246946
801;13.565768499069433;-15.593883404122968;13.77243757153956
802;2.1984832905153326;-6.308091873234963;20.149238691197485
803;-1.3241058236285552;-7.925082651987072;9.398114823709191
804;-3.7080502375458;-1.6599524452838408;9.189138520283343
805;-0.1287567765861061;-1.409451713954176;-5.736982389614244
806;-3.111701557966527;-3.4360293074232553;3.0669493562536427
807;-2.917449541314105;-3.5639781205610226;10.057418927186704
808;-1.1057395319219756;-4.029181402897755;7.125741687353314
809;0.007657567062315934;-3.368099891762484;5.799374115998955
810;-0.4280223596080345;-2.34620222372658;6.585312205447111
811;0.35972290018996933;-4.410029115897913;6.613409486566277
812;-0.8583682535564972;-4.580561489385123;10.716552097883405
813;0.7794291329410603;-3.9394329574538802;11.636374492309056
814;6.56708527025105;-3.808635566245645;11.406034361466519
815;3.0839070995374898;-3.7569085598131284;10.228727176325007
816;1.0486561893423176;-1.6958009219309726;12.429384192746717
817;-0.55981596419093;-2.3679170937573075;11.640075589957476
818;1.486326344011188;-1.9149377449234755;14.675166786005766
819;0.8312574427991847;-2.2738112900833665;11.129287432771452
820;2.167688601674841;-1.6329070478710863;12.560655037687912
821;4.623396554013274;-1.1206726494643269;11.749020019750025
822;4.130919392416345;-1.0940865757523306;15.665879972651679
823;7.49281748141759;-1.0315893130346132;14.751880832299625
824;5.818099424172483;-0.9188605078938187;14.142130552189803
825;4.325109062889795;0.44188442557276725;14.839181295860381
826;-1.2204160618371254;1.8663585851990743;8.94001020786375
827;-0.5747727285772193;3.8023537753389554;5.347930175289093
828;-4.248170593847259;5.0456043629924014;1.8464839348452213
829;-4.620004237903772;7.67943299969474;8.659930036744592
830;-0.1496905075307794;5.9365232876994725;7.061916110097056
831;0.7108147120279649;5.662367415659932;5.65914149983405
832;3.26821479937544;6.521375615324247;15.235706422446045
833;6.361833463713038;5.538076185886067;13.515713732984924
834;4.867876534088408;2.8834146361661652;11.97501964309773
835;-1.9121395785025121;3.667085625826898;10.379193503106562
836;-2.757495973206696;1.6508849730783746;8.825721750707244
837;-1.864207270588106;0.6549272434661733;7.395261451962699
838;-2.471062066729346;0.6219580470039316;7.490310587428762
839;-3.2148044752017078;0.1399777595726059;5.827825073729306
840;-1.5829035595746244;-2.1994670054818193;7.89227843248043
841;-1.4318906538693148;-1.659972980226645;13.27941808880882
842;-0.7394443115645074;-2.3585581780072884;12.831038274991542
843;0.16490992999549114;-1.3675906333887122;10.82244985247191
844;2.294079790350606;-0.10878077645898412;9.669365185263173
845;2.5833836549091296;-0.7836646917535666;8.057070874167957
846;3.0760294912621773;-0.23668705083586708;12.387381608946754
847;-0.08139798100953996;-0.21404306689786648;11.088138338063214
848;-4.4410918476559145;-0.09722433496138876;12.418448493110583
849;4.317980757377079;3.584999341309061;6.7186117797537594
850;5.85804422463375;2.363490511848385;5.022313592418153
851;-5.90190457582092;2.397655160102265;7.424494242554439
852;-1.6185180972658915;5.1006735156840755;2.8373033187823045
853;8.658472108798307;2.9576085290789846;11.519844428570078
854;-0.4648611785402646;5.742477719662011;10.815561617959457
855;0.3296511411506282;8.63404578137843;5.947281996053527
856;5.353940866523176;3.958013649091167;7.826142993702747
857;-3.711355888651451;6.204316754226547;8.156154603459889
858;0.12847005901053307;3.1152869669109924;14.175733172070752
859;4.271500214472816;1.015571699110854;12.073711439216813
860;1.4218465729756313;5.6876281786676515;10.471300687690288
861;-1.015402138431836;3.043386392375873;12.4845306628756
862;-2.0922940770222405;3.2148265422381654;8.858180269169777
863;3.1720360165281876;3.048610585816912;9.62371633354728
864;-1.3229496006092574;0.6033475320759907;16.257040409851598
865;-0.9830458030763771;3.6377932127283117;11.899800767403999
866;8.468615148523224;-0.6038859176979178;9.223773957197144
867;-0.1461505974048588;-0.3510092515424561;11.787449164762029
868;-4.592893226812263;1.6564657779067442;9.730623156404622
869;4.375506661523261;-2.4886191774690345;10.901815843941675
870;-1.7059657913307462;-1.9260969072015681;9.839568300675555
871;-6.822249422601447;2.0320768879505064;7.197403202962382
872;4.14133008351706;-2.4769085204690384;6.1055111470115415
873;-1.3199892705012712;0.11816667448016548;8.797287136402714
874;-2.5102043659254902;-0.2559321390417033;11.607577051250924
875;4.946308651653996;-2.6176102040274696;6.498953660584083
876;1.033421214900517;0.1939370265747886;6.805972582416932
877;-1.9784686799478362;-0.3603896422126219;9.873268066232257
878;3.4877894494308777;-1.5839561515628953;9.771508859570599
879;1.1916023093751384;-0.645198501336972;10.937642368321084
880;-3.5119824309825165;0.5388653264454041;9.682476899690787
881;1.9384223819112616;0.0758389151538531;5.500756925356737
882;-0.32385917961110544;0.059643383829899733;6.886404775746925
883;-1.9784847927873148;-0.15782884539664244;9.573853763163015
884;4.389334326044315;-0.2099560698101189;11.803571009068328
885;2.7545703645597;-0.7119626725417717;12.88234296705061
886;-2.112630116742489;0.4203828539457176;9.566613958901648
887;2.135615060789991;-0.31748616262691187;7.975720956305487
888;1.444691801871084;-1.49423727931867;11.850663330986004
889;0.42210277333930657;-2.0456804531330257;13.452069709092179
890;4.976992739415687;-2.6158811179472012;14.720970173357532
891;2.6169809989554196;-2.0748194240694144;10.690440743341561
892;-1.5658982263194947;-2.4779634258737113;9.634649091085928
893;0.6643582761343803;-4.674857380733746;8.546798681486004
894;3.265685040777783;-4.212673889531291;12.159290386618647
895;-1.7442520481327075;-4.0958395032923445;15.93036294236702
896;-1.8449271413166066;-4.689664945873362;10.203368303954075
897;5.602264161267236;-5.492910454534284;6.276177968440375
898;-2.9886266671464083;-4.371975742912555;9.617247580357246
899;-2.46237704400084;-3.4669981347838235;10.788328402469972
900;6.648864488659497;-6.298576743363953;12.570652824543632
901;-0.7762721961407256;-5.277146489718096;14.247956014141346
902;-6.034045905966541;-3.378631503226195;9.920919481279123
903;3.520672612459623;-4.815922542628569;4.004526116033174
904;4.042657423339752;-5.069764838468608;6.784242129315968
905;-3.956968335480281;-4.5329085650694205;12.569866794568243
906;3.207059106686355;-4.892725828236585;11.805139632355873
907;2.8036061245715427;-3.4520052900389127;8.47351088847451
908;-2.767631658113545;-2.4777551478499875;6.911773179312189
909;3.038289434504132;-2.6880970627276084;5.327991480391822
910;5.1926960521206285;-3.604824544893353;10.105986101146707
911;-1.923424915566016;-3.603415237458168;14.339324221144409
912;0.5462096925525795;-2.528427989436478;13.239959189380782
913;4.601620720723828;-3.286294949178977;9.431801070280368
914;-3.1542744476954057;-1.1493207580030829;7.440279173920672
915;1.8608456250651868;-1.5050497736236905;7.790730517889417
916;4.538032353065267;-3.4647364091541584;11.628924316524577
917;-1.9423127463226975;-2.315706696606958;13.6365317207052
918;-0.34380818135191593;-2.622351126348754;13.384549991476314
919;1.6625951556257434;-2.6269220684055474;10.05490452360774
920;-1.8408971763849118;-1.3141032840164926;9.467296493115704
921;0.5357206363210918;-2.465587193772157;12.267875893134585
922;3.189112575902927;-2.5340525619876297;12.756434528573024
923;-0.860822717703706;-1.995568170099039;12.649652788003712
924;0.6364988241670853;-0.6881873733266598;9.072635288123474
925;2.0215540615502903;-0.4783119146422018;6.986941654414932
926;-0.6347441797073285;-0.3053927652388262;8.272261743407094
927;-0.6275772155398127;-0.7519416969528103;10.83908107875773
928;0.4558758643495593;-1.0325301377785823;11.3080898238792
929;0.1859713403609141;-0.39809948182373517;8.781388471749947
930;0.6660434666116876;0.02805641416753587;8.11954045284886
931;2.299710718414053;-0.046614562511297905;7.356577226932834
932;1.068671994545953;0.2529729746930578;8.632817681001509
933;-0.40114965825222654;0.898837981875707;9.676174254700086
934;0.4816953202993412;0.8640267091630568;6.9169931014051285
935;0.4545792679841528;0.22653035580676803;6.46959031410559
936;-1.0267980625474746;0.40023300289675884;8.147982801364481
937;0.47565248309706365;-0.18425736460307943;9.92652048833773
938;2.3993552637813558;-0.8043807076631814;10.781005009830452
939;1.1556401012564834;0.0687676215651632;10.867949911495332
940;1.4254613058954568;0.30688351019509563;9.167980274881206
941;1.9845931505076224;-0.020013399722592848;7.674355361935031
942;-0.5021046726691869;0.06531440658157;9.239720680610503
943;0.637748736343433;0.23315266141760568;9.10597391964389
944;0.9244073204174926;-0.9032230814266243;10.222363342099483
945;-2.7456952277790507;0.11426880109061782;12.056855093214768
946;0.9849485466952228;-0.46494443523294354;10.396938702093566
947;4.4373776944401575;-2.3134245440479546;11.576257896422034
948;0.39818416086691255;-0.46757141481129183;13.285067953563606
949;2.7264236786620337;-0.4818628602259687;10.794694653824934
950;3.0461071809174425;-0.7871757912877158;9.422557508918661
951;-1.3871631626055414;0.7420983646501429;8.68152759914684
952;-0.00993462878492236;-0.10261940649883383;8.997632690070237
953;-0.2133121363266336;-0.8431806499551897;9.500126635994913
954;-2.8677458420262507;-0.21189323544806454;9.577922025807798
955;1.0390143697303857;-0.8933202700111589;8.848642001137476
956;2.742519437554352;-0.45246134592582393;9.628380210661025
957;1.5218554052856705;-0.3230385125219783;10.76470275811219
958;2.602767933230727;-0.984107888256042;11.454067610040017
959;0.4835824436201396;-0.29102759338348005;9.962069845321956
960;-0.9094292876623971;-0.39784414799976375;6.9166653907887135
961;-0.4173977392188938;-0.11525289009623219;5.165864745721107
962;-0.5009961125798883;-0.5698093685051423;8.767705754259563
963;-0.6462440476944176;-1.8738760652536905;10.743417305568734
964;0.29880145583333856;-1.8156645555563506;11.191001038169025
965;1.1904079330530088;-2.1233477653085866;12.04839474418715
966;2.455918182666773;-2.2047089229887225;11.329733994742528
967;3.6552630246205444;-2.71397441781891;11.934946654339868
968;1.2557527794977907;-2.312886266215345;12.483903228311641
969;-0.6276291614619658;-1.779707288840636;11.004729956770682
970;1.2896413652003906;-1.753828202495376;7.964555295818972
971;0.5130845011872571;-2.240481704460797;7.771673361159184
972;-2.4600450485384764;-2.025593005167568;9.548713457732545
973;-0.8761288080220699;-2.6253776664711133;9.309846694746057
974;0.2570959743694073;-2.3009086944737858;9.99027425726761
975;-0.2190510900352968;-1.9400397070683961;10.179964052516404
976;3.529408103661565;-2.614840201016416;10.701467425138995
977;4.505757218306577;-2.6429764115215635;12.163423884401556
978;1.068212662645128;-2.5624066930090077;11.73003128481096
979;0.46484312713468656;-1.9271923510939462;11.00819160100468
980;2.184906575350458;-2.270893487754877;7.234059988146766
981;-0.6138440054915422;-2.3430968705335573;8.778108950488063
982;-1.4710453597882622;-1.882655581896966;9.121670727109487
983;0.8921760717034599;-2.7195024651254402;9.4374692867101
984;-2.1769219354190406;-2.174059522384957;10.768680617226698
985;0.22150743010676774;-2.1535171926627386;8.881138066633168
986;3.040509486728768;-3.1024024327260116;10.802955687295919
987;0.2935569609955395;-2.3854063097152913;12.645833215907784
988;1.2900511484437536;-2.5253781005657183;12.925142434254305
989;2.502219523175412;-2.994728828983898;12.474540769086905
990;0.01640487259725126;-1.582427726305909;10.416228755908783
991;0.15003687936773472;-1.9502982140742098;9.329884999873556
992;0.6694909514908637;-1.8148410344514518;8.863105271618494
993;-2.00938035386317;-1.2864673391858366;8.951875377668333
994;-0.9604125740108119;-1.4284934609749005;8.817744000164172
995;0.9595429906050673;-0.9772019349992934;7.390704278675952
996;0.4729177759174593;-1.155991134993327;8.630288768172244
997;0.13283504459238676;-1.0771711826703891;9.170384244644255
998;1.8335244367099643;-0.9700563721721174;9.067241490758486
999;1.3097470565590095;-1.0821027514663417;10.1620388726216
1000;-0.7011376927219544;-0.20778183954736115;9.922963561226567
1001;1.5349584226783495;-1.580819542659281;8.55523893074876
1002;0.3214284849980819;-0.9630607490846773;10.76021717676035
1003;-0.19987644855534134;-0.8022969914671342;10.922189797184577
1004;1.5933252884759244;-1.5850754693281393;11.200446278510608
1005;0.839129223382396;-1.0669898237601219;10.88970748043302
1006;0.43723145923460865;-0.7758530186096555;10.527243668777999
1007;1.8581184847175307;-1.634760277820157;10.557475433900061
1008;1.456747794712711;-0.8948791001347896;10.81867537108583
1009;1.29966910048898;-0.9368269325660518;10.910667848010943
1010;1.734205737156277;-1.148774871012828;9.876930634781642
1011;0.5521970268712579;-0.5200329648403991;9.58913634662406
1012;1.6065876678183595;-0.6864238248879186;9.458985721737278
1013;1.5588528406378592;-0.7968721334491273;8.980158342000513
1014;0.3723817988922531;-0.3341812081093043;10.147338979450357
1015;1.4758729412158655;-0.648680228957669;8.796474515118337
1016;1.49052947808627;-0.4894995479842975;9.547754043347128
1017;0.1523427609379963;-0.4455972662802398;9.274310090767989
1018;0.5273823629811695;-0.8343615552831734;8.970871333358959
1019;0.4531292485590649;-0.8595133811210471;9.168658892441153
1020;-0.43540765667256726;-0.4892730098729603;9.500776097989206
1021;0.8704392142470131;-1.1083423515752364;9.670555478722942
1022;0.46656324164372187;-1.0146291470271056;9.672651591877027
1023;-0.26873758599160524;-0.8238840572415498;10.533992358606147
1024;0.5698008676001012;-1.3084970518423096;10.31761099676907
1025;0.628129222928955;-1.059168219554962;10.502688668453743
1026;0.029131606246339925;-1.1153739215550464;10.945528836582666
1027;0.8180821157035216;-1.3233145399890547;10.817896577734915
1028;0.703395676080782;-0.9338676504906507;10.285257632726067
1029;0.10818574735222725;-1.0504340777255918;10.305164676677654
1030;0.15731235161520774;-1.1345269141102166;10.264049717207286
1031;0.8325436237782585;-1.3638489343536166;10.073068965584223
1032;0.44843643353111634;-1.2580143319191452;10.74221690970448
1033;0.06798367763398147;-1.132259025213927;10.105602928279872
1034;1.0805519249145914;-1.3753247632604673;9.562403286388106
1035;0.21991034233655052;-1.067626706085685;9.42481730628481
1036;0.48168863148669977;-0.9872064008404648;9.301196372527976
1037;1.5043700730767384;-1.4410342848339515;9.84222280652737
1038;0.3805340224486756;-1.315764484634007;9.749779665033723
1039;0.48743652454559727;-1.3480250955774702;9.354519690024151
1040;1.0982711287408946;-1.6214767523534102;9.275587105233535
1041;0.7710655172136343;-1.3473670290357538;9.399625687564164
1042;0.9124047774595633;-1.8319377491086146;10.026753964357807
1043;1.0544446944450532;-1.90013370896517;9.927771844686403
1044;1.2418903513360777;-1.9109512415045802;9.924180009500029
1045;1.24782479751126;-2.1827329957229953;10.578309695501948
1046;0.9272793233746691;-2.074720465106755;10.225442608848887
1047;1.1540286134722466;-2.2155824558152495;10.495981616546104
1048;1.0675107815807259;-2.003468974340808;10.529898486029674
1049;0.7041863130737158;-1.8972711047428243;10.227342266089654
1050;0.7222179437516782;-2.053248487687369;10.343973330699319
1051;0.7324006386997198;-1.74716356555684;9.934630633962913
1052;0.7151111643078917;-1.8549746852822566;10.30175226573774
1053;0.4620163038253621;-1.8358488965248954;9.980118962637071
1054;0.47042835709674125;-1.694360644936176;9.91209150991255
1055;0.5273736966039183;-1.745638880253654;9.810766014527626
1056;0.2586948937975684;-1.3953530947513586;10.01203285151318
1057;0.5949784092970627;-1.520029402953576;10.0834516913978
1058;0.3711063216098609;-1.8373276645647882;9.780464671823111
1059;0.2902281430645697;-1.6192690329342294;9.895206603418998
1060;0.41342304744682334;-1.621370525938018;9.824723202920117
1061;0.4755363037977258;-1.4310098064733163;10.040479950703377
1062;0.5001304209954576;-1.4361638230877112;10.289730949833103
1063;0.6258451855414878;-1.6397094750036152;10.290805675091645
1064;0.4330007116599459;-1.2771917610629056;10.648687382021253
1065;0.6881624161935764;-1.3424050043825457;10.451733547843647
1066;0.3406387391717543;-0.9727547552640516;10.533340838436708
1067;0.34858686207886613;-0.540614967009662;10.228627215050563
1068;0.6520771147611247;-0.5608829803478481;10.29048927020292
1069;0.4229136823423894;-0.35317955453230704;10.156951327196852
1070;0.6654281946067603;-0.10361645500331018;10.523524451453818
1071;1.5221214368562217;-0.07557974278195055;9.877222806814094
1072;1.3914240260419972;0.26606654540495234;10.162307653739507
1073;0.9256877843896121;0.39404102301109845;10.118954334472045
1074;1.5000132875063583;0.3142202020441657;9.657936025210482
1075;1.3700874059620014;0.7263233717334965;9.54743070703055
1076;0.6844124578682543;0.5327082091168135;9.235588363432063
1077;1.0516816384095584;0.7384648457872215;8.90778169856783
1078;0.5713827164734943;0.8883781107323474;8.99874593050691
1079;0.5223333845182871;0.7381784279833491;8.60316856067521
1080;0.9758802385895031;0.6669169383112026;9.241542885381406
1081;0.6748220149418285;0.40948578033606176;9.082808263064921
1082;0.41754975335712374;0.16679066957295458;9.694720947313685
1083;0.6250304864319755;0.2739797536621291;9.901599320517109
1084;0.3526374545083072;0.008841223414319394;9.904144942318819
1085;0.5315732888350723;-0.08292622355378221;9.622035867566412
1086;0.5975438733980472;-0.07740438084187462;10.03946652632165
1087;0.15103109691643862;-0.24304283137399332;10.134639274799044
1088;0.26016642661636613;0.06865473697892119;10.36559765379729
1089;0.6145848316831384;-0.09150787185578296;9.959558869569596
1090;0.22676105798105026;0.11155969119188248;10.456623177411048
1091;0.5651711264978918;0.12945558809665217;9.867985824223505
1092;0.8032640844927448;0.13609208239749218;10.365989860869707
1093;0.27685172925677554;0.20542298660835095;10.54103578088489
1094;0.5394028187008671;0.3029817906776565;10.042959151454385
1095;0.6480956458156132;0.4960804074803706;9.606436822419164
1096;0.3690588660526708;0.5358576193004712;9.551359311676581
1097;0.7347226857267093;0.25333556456487727;9.693680672060474
1098;0.9152136457575829;0.25809722093405063;9.692821079723918
1099;0.6842939355168705;0.17355201373935406;9.936146348091992
1100;1.1680843936830556;0.37758435707860044;9.98912765303386
1101;0.9767557573372316;0.16137488594298305;9.816006296055033
1102;0.7464214688209654;0.2015424598875427;10.036808137402438
1103;0.7215487886556335;0.1138263400837299;9.856816863441207
1104;0.7771024115788382;0.23470181209661745;9.93963030065264
1105;0.5421788460263145;0.5322891521880673;9.962681624339384
1106;0.7739708917115096;0.43048964648773463;9.806796499028197
1107;0.8203901460472822;0.3732844591463716;9.98722957673096
1108;0.6897335645962931;0.7169182891734938;9.967224219832223
1109;0.7935542406334026;0.501160375397487;9.820130522800513
1110;0.8501293851646581;0.6484991316456648;9.926475511042167
1111;0.3887824116715373;0.7379140149541209;9.760934810247033
1112;0.35850668048904616;0.4501004823639245;9.604654860403667
1113;0.7700239352833281;0.6592480832246017;9.903330569904181
1114;0.46538972666716855;0.6724931625071129;9.730732818918822
1115;0.6688779498847534;0.44223745312050966;9.915137483798986
1116;0.795553177020968;0.46190953763469117;9.638598365139464
1117;0.5655784461632949;0.5878298064758789;9.909101963618063
1118;0.5816352294883639;0.464529544287659;9.753839082278155
1119;0.6521749738434167;0.3715407618057491;9.742902341794839
1120;0.672196249379261;0.5649711546371181;10.070822625457216
1121;0.6298312172499236;0.7263872326610212;9.943702715989087
1122;0.5870781836437134;0.46844566714265223;9.841881974986041
1123;0.43332093555243045;0.4411148636887835;9.857822849584547
1124;0.7186353555102266;0.19738005508261874;9.85260653427494
1125;0.8108883974882423;0.38009769509693203;9.97863268820553
1126;0.7249236755808535;0.5049928253552071;10.044077739642779
1127;0.6704058336439772;0.4821585088185587;9.786139537482862
1128;0.7277567255237539;0.35254520094790426;9.961888000752841
1129;0.8467534432718754;0.1549004373569652;9.996242362487404
1130;0.9103871453328016;0.3235819373512502;9.869567341259643
1131;0.7227800819148239;0.39897175950750935;9.831954944698532
1132;0.6798774250303905;0.09436943686124809;9.929820455238497
1133;0.7860856132085471;0.09237776569985681;9.7711987514726
1134;0.6994817034580432;0.1571515420781209;9.841285403097832
1135;0.7846420294764697;0.1471392173911565;9.925366641761027
1136;0.6366786307705103;0.03188286622478774;9.926677019788693
1137;0.7036596772484419;0.37589476811985756;9.90809604886361
1138;0.7814267083365563;0.13428645805938405;9.97321722550535
1139;0.8169034630129104;0.05325238473945604;9.87951718601765
1140;0.5078472167131008;0.17545217489321624;9.958562512636716
1141;0.5956968687545527;-0.14840982309282846;9.946363025537744
1142;0.5001207078711623;0.027230176612827547;9.829736988981406
1143;0.6099742558054474;0.10260293200478296;9.897039880811857
1144;0.5015340823759991;0.1301498175577978;9.909316766928818
1145;0.5506954174749238;0.1588339088693052;9.6667546277786
1146;0.703872180464553;0.10426512878888683;9.82835796667227
1147;0.6198553264932023;-0.05050576511498649;9.900925012512573
1148;0.6218143045246091;0.053280317936177574;9.834817770461084
1149;0.7274906969377525;-0.23098320117215848;9.988276263086995
1150;0.6086810417525252;0.016732466624993572;9.85488914201819
1151;0.5478719285194045;0.10663396440694188;9.81249514520657
1152;0.6904747780598532;0.1459508716151482;9.887053643945967
1153;0.6292389056914374;-0.08393379237253658;10.04070302237915
1154;0.6764263104999999;0.14419765513777344;9.885654999438033
1155;0.8056230578543403;0.07236000884934071;9.85387625395923
1156;0.6685050889475241;0.08079908337062792;9.953042608594915
1157;0.6768852621151085;0.04156750355477411;9.935271373655858
1158;0.5873180431305997;0.21711865411564998;9.855304566064945
1159;0.7316202464501594;-0.07718258825558635;9.751676119301983
1160;0.8268253436754687;0.2898281459745463;9.952939460040177
1161;0.7967042115943449;0.09296365640628998;9.751115446319732
1162;0.6583409438801395;0.13207358668949015;9.821136491100406
1163;0.7741185456804944;0.09009444413428791;9.963526706103531
1164;0.640744694152077;-0.0323994345676243;9.934815462370352
1165;0.9308165917370826;0.01975683384302942;9.880041548478141
1166;0.7397613761696928;-0.13319465721477863;9.806053132275531
1167;0.7723108294010566;-0.07304352917299639;9.864398200309289
1168;0.4074321099938994;0.09559727192781117;9.583161425282864
1169;0.6378630871366122;-0.010764871240820803;9.837763781200092
1170;0.5369930932791871;0.03936398358117918;9.787737395414755
1171;0.8706720362121299;0.01335785787122667;9.859467064419933
1172;0.6362437364264557;0.03669527656600706;10.12403906466607
1173;0.6180259462334167;-0.20857520437001767;9.800976029053615
1174;0.6447040665569055;-0.05612823194232917;9.982072944006187
1175;0.6993322310357676;-0.02691309040954183;9.833213350345005
1176;0.6380530704668362;0.20450981178555297;9.94149472520062
1177;0.5674755318904231;0.11786262752098953;9.823079179036506
1178;0.657323471835285;0.0441472492092464;10.00758576080658
1179;0.8267750819128691;0.1322337837078561;9.92105731255338
1180;0.7307798957838265;0.09245398027944686;9.898237613440353
1181;0.7180856623340821;-0.046922467446289924;9.838954380739473
1182;0.5896260906614429;0.03335180431732476;9.942598618528459
1183;0.6143036367541179;-0.10746162352817687;9.922646985217911
1184;0.6974742564362232;0.03522880098278932;9.895945212921317
1185;0.9621799311340418;0.13845203392551164;9.709762684296994
1186;0.6290917909027971;0.09253659890920654;9.859696544190808
1187;0.7371411092125587;-0.06409585352105655;9.788338746456862
1188;0.8662691757892957;0.10072556720019246;9.854121302076564
1189;0.7028687431537427;0.05584761003939508;9.992011219990664
1190;0.512729260204557;0.05169122475452084;10.01278386391851
1191;0.6385820342942865;0.061928509603339205;9.880398607919128
1192;0.8246011065176737;-0.09121535469460325;9.809745337812362
1193;0.7008066325238099;0.20574721440985783;9.798239119472216
1194;0.7140163898209329;0.011691283799978358;9.935956513059475
1195;0.6763578299750852;0.12611284278758855;9.865183472215147
1196;0.81035032059523;-0.07168922720465896;9.946199145409055
1197;0.7037619517691899;0.11985884852112755;9.701838489502467
1198;0.7692103317159967;-0.14739079773907993;9.786279536499316
1199;0.6066126857166163;0.08276489162830858;9.740300569826086
1200;0.7313656027281061;0.12904517405504343;9.89225016272036
1201;0.6103615127794337;0.08186067804194777;9.820904752977071
1202;0.613056760401409;0.11074127320106353;9.923818382987694
1203;0.574868242701513;-0.0018329513854944187;9.796521132735842
1204;0.737756783327327;0.11731010129302544;9.984112493307869
1205;0.7482632285012772;0.1820713088107676;9.648708541714461
1206;0.6827395201749588;0.22517066438569627;9.795025601831865
1207;0.7726073837052858;0.14690308768506405;9.949394186339573
1208;0.599574551529326;0.020269781603768394;9.961219293344282
1209;0.710263804902387;0.080155572942326;9.838864001865392
1210;0.5839219600173006;-0.024631389256671042;9.859686694780562
1211;0.6060597834711083;-0.06854103344645532;9.970269770661575
1212;0.887053828178189;0.18707387072545056;9.950013219987246
1213;0.5926480459049228;0.014402133658826595;9.897439788165798
1214;0.572978412785818;-0.04316726178130803;9.927910154819433
1215;0.7612153147363115;-0.11324582674599257;9.85297900251546
1216;0.6860026059089216;0.024491976201456683;9.901845002308878
1217;0.7253591157337202;0.012708482524091867;9.700854360522
1218;0.8780429279577648;-0.04317166586389895;9.915103483309249
1219;0.753877110800845;-0.12400778055578074;10.049233732451768
1220;0.8266511342004499;-0.06913554600679031;9.982798879059041
1221;0.6295089481180898;-0.09353300058394802;9.889813946680096
1222;0.7512601797713278;-0.0005192872171281282;9.857777790182599
1223;0.7551114271708866;0.0743320768033028;9.674257507000332
1224;0.6611797558478476;0.07060954466331287;9.75045071037795
1225;0.8102848513819932;-0.06043606019706537;9.825613702794236
1226;0.5407884857064394;0.227541340089284;9.83454963115238
1227;0.54729123620965;0.07788747580803382;10.024650865193045
1228;0.5512228679625131;0.10316858683875266;9.964432225336445
1229;0.7864960728595792;0.0377774786146913;9.826128823974008
1230;0.6800002916790362;-0.04914176562449801;9.829627719582794
1231;0.3660838611511966;0.05102007237880565;9.856856859760493
1232;0.7827620036306261;0.1527327869347905;9.874665765175857
1233;0.5634973234126746;0.14482479672817022;9.799264101940427
1234;0.6372882765167472;-0.03304235684269757;9.736353933505896
1235;0.7319922728612308;0.05812764974488637;9.930739299624504
1236;0.6842084482002874;0.038864047227825445;9.850219746881601
1237;0.623000828829405;-0.1078752001801038;9.89402783517232
1238;0.7420861673122363;0.12649664203232486;9.812193862561582
1239;0.5345590114692472;-0.0368688777637818;9.983034222801155
1240;0.8712749473260758;0.20991521626347953;9.929925747428241
1241;0.6690550365123931;0.01317229065445916;9.828398314123001
1242;0.5091981503164789;0.2671667453949217;9.948262846521127
1243;0.7432918924425067;0.16213468885526255;10.009596665646496
1244;0.6011420007271849;0.029357897564888907;9.785137776294603
1245;0.6515476849611442;0.22527760287711346;9.855632029497059
1246;0.7650910377273564;-0.007510683349017097;9.949468030781313
1247;0.7592803946026714;0.18480057421956567;9.796925944813049
1248;0.700705498592812;0.10534225538649625;9.84740170668117
1249;0.8442973657746512;-0.0014696954309896607;9.7905529544828
1250;0.6670441832597263;0.14112974739365258;10.022642250989207
1251;0.6606868706333805;-0.02935214842724112;9.914099763527686
1252;0.6013235832352317;0.1791823493034791;9.8202123142253
1253;0.5936459065679627;0.20654969837932766;9.968947586213332
1254;0.852334763730363;0.15871065389098873;9.90875401577197
1255;0.7884027658857699;0.1285719978440071;9.800654912804804
1256;0.7238063671960271;-0.021966827070383707;10.018690162015812
1257;0.625510769475895;0.19860691001957886;9.830191118499705
1258;0.6749547982625047;0.06325318592341717;9.894561846357364
1259;0.790943785661997;0.20829204492700254;9.90783688842622
1260;0.7250686940375496;0.17001623638956684;9.839614202115317
1261;0.6264270929700739;0.02441536042800234;9.80227556562423
1262;0.5214339554735932;0.1464911887302033;9.886335105359052
1263;0.6444120169291426;0.06248188259605991;9.85931091614637
1264;0.5416782347851937;0.3116768996801496;9.995045975349017
1265;0.7140123474284006;0.1797086161784851;9.853955583006314
1266;0.6408615943373462;0.04605532925090082;9.920569374396635
1267;0.5213517046814704;0.048817983676309795;9.717950981171992
1268;0.6305473172944835;-0.022676651892220623;9.758532517161836
1269;0.8674648297844254;-0.015338216616022408;9.925591001574169
1270;0.589538433698639;-0.03405191382232654;9.931613048883145
1271;0.7849372887070938;0.157160164213329;9.824198697366006
1272;0.5613721089600908;0.12399190794671686;9.857147078756089
1273;0.6513539242553226;0.07201750715389109;9.809830520611483
1274;0.8429869550696749;0.14524785471315735;9.775943870819551
1275;0.7202832280045506;0.12973850641914017;9.894428596358289
1276;0.7645438631351542;-0.01228040263434374;9.868549011442934
1277;0.5048304455785153;0.32495705927747776;10.015502274157964
1278;0.29820281230814427;0.5511944829406803;9.859182034558392
1279;0.12176208714281743;1.1831686521261586;10.007593234040753
1280;0.5708453597854513;0.4255887627798881;9.341077404187583
1281;1.5272387577353088;-0.04936986505321988;9.771806954308193
1282;0.4531933319189567;-0.027583411484437683;10.976127725394486
1283;0.6066925960589227;0.20869031214406913;9.99667259855444
1284;1.6291816253354094;-0.1459859857319599;9.497613611147063
1285;0.5071367485905265;0.49253015884893037;9.53683490653918
1286;0.29418543398865504;0.7125588265494454;9.552294689799272
1287;1.4781084208310826;-0.039025447936074216;9.961875948878564
1288;0.8663429705900824;0.3425581171170069;10.381350919617432
1289;0.7852473431690138;0.033459704460299944;9.95108603203878
1290;1.2979293889699537;0.011134634461190604;9.484716326592732
1291;0.40263031401828986;0.33016402581451315;9.891704904188291
1292;0.5374261340091421;0.055539121443731576;10.150196661516432
1293;0.6431617353811115;-0.0835352462328558;10.181016274483419
1294;0.3687303428808842;0.19664728963649172;10.332831883888979
1295;0.848272616676351;-0.19594400530702683;9.764032632855727
1296;0.615981680455384;0.021531063292419828;9.847931530263324
1297;0.4449100440829287;0.13139176118851364;10.038310320152044
1298;0.18397860063113336;0.02208776029260496;9.712030919902451
1299;0.5416242793305578;0.11714508440810414;9.674162680599524
1300;0.21486975341797016;0.16776968748110743;9.745656521378425
1301;0.4773620121219809;0.08810984576705237;9.75285803008634
1302;0.6147830468763538;0.1423465363427124;9.923595638172847
1303;0.3526015998208679;0.07476813650750466;10.021925001368428
1304;0.5136416032710455;0.20395544850151856;9.710138026405756
1305;0.8828182245705587;0.08716854661068556;9.857872145370614
1306;0.4868106487522979;-0.04749783767940158;9.755134026880897
1307;0.6806407928996848;0.02306423526033323;9.95231388373574
1308;0.9037057019960675;-0.10669436377388714;9.990041744539377
1309;0.6251999173627436;0.06704839005663227;9.859528367900383
1310;1.1034351858684524;-0.18729269086683367;9.826108329090546
1311;1.0607963488216188;0.07317081354043067;9.843681245032297
1312;0.761261021957499;0.10426292850799607;9.919782704610117
1313;0.9122529238623491;0.19818241416331528;9.830754004701372
1314;0.826894797485122;0.06599855305866084;9.742356933946299
1315;0.564034419399262;0.26972023741247175;9.671711133998027
1316;0.8424267809690746;0.13535720502106574;9.776411362033206
1317;0.6429475309657326;0.08020576957742427;9.819127320442538
1318;0.474000181619631;0.11810922887048655;10.120714785736087
1319;0.5743721293630473;0.09517827509815355;9.99546304409861
1320;0.7399809459203979;-0.04429855536108801;9.663251673452708
1321;0.5209122855544885;0.1049373851177508;9.854076895773776
1322;0.5517351992390012;-0.02419905607475009;9.914024286093705
1323;0.6719577316878873;0.08233416285009434;9.843483881536201
1324;0.37607026898046764;-0.07855812155902826;9.75029886531896
1325;0.550357973689592;0.020965141184902197;9.866351757376712
1326;0.6890365660642006;0.17806079733641272;10.533828022654443
1327;0.22788712417008297;-0.19363037363509483;9.3713335053723
1328;1.0416959780497854;-0.009864505101506146;9.744413129512525
1329;0.6347026983831557;-0.18630915733259984;10.177179302685389
1330;0.592889086227612;0.025231685411479216;10.315963192736216
1331;0.767044472180972;0.11492474972119246;9.666327992929265
1332;0.6456031409032711;-0.07836794492909685;9.487252493315406
1333;0.3989607039674429;0.03371149652759858;9.79212789363104
1334;0.8071069963774493;0.01332865116100821;9.746208168558107
1335;1.0297963402133927;-0.3369421067053715;10.162868509382033
1336;0.46310053092001363;-0.10902439036283984;10.108122328625793
1337;0.7277292981857583;0.10916105130402091;9.674883457450782
1338;1.1867252829366883;-0.19495530269829414;9.614922379665014
1339;0.481155087995061;-0.060085351620274494;9.752240294471372
1340;0.8603513817984058;-0.18476788719270804;10.04072484396219
1341;0.817344883058773;-0.12381903631536337;10.307407255708156
1342;0.38310056757220873;0.21182073121857153;9.885404103363117
1343;0.5212881850717325;-0.07309374631435041;9.634674703602174
1344;0.6289308425906699;0.02689132581666186;9.698774774527532
1345;0.5779154972527167;-0.08261106517162611;10.252429123369938
1346;0.5590023313486323;-0.17966156921804996;10.266124630636599
1347;0.5506786131877344;0.07858948211915753;9.786476122980917
1348;0.7087476124828024;-0.07834942247035775;9.667904495449058
1349;0.4723183787126094;0.13563469544433593;9.921438977350476
1350;1.1163174331161712;-0.23629675988869842;10.247244835588914
1351;0.23085239540823185;0.2516299930069597;9.852603586630941
1352;0.5176046793852519;0.19073738336415164;9.687285828368733
1353;1.2006000692625534;-0.09780545823104456;9.630756955188575
1354;0.5554846451263877;0.2140142676878533;9.739571993792888
1355;0.5329528442881728;0.12089951852029057;10.218910703562647
1356;0.8188309377361194;0.07500886515433383;10.06064638042001
1357;0.6441960333426425;0.1698594613302578;9.706414629526996
1358;0.6004270733706347;0.07115414535022016;9.745470082885
1359;0.8388837783104298;0.1584333439323088;9.588300486661279
1360;0.7963498037100667;-0.049947252941682535;10.096112440973693
1361;0.5663266203888948;0.15534339254431284;9.922589676523742
1362;0.7097154609608765;0.355934952691787;9.890136182129153
1363;0.6405713059146718;0.057468443352477055;9.754370533464444
1364;0.5491184573952926;0.1344335214118857;9.84105660833625
1365;0.7052246517192754;0.15124505953963108;9.944796566557017
1366;0.6868123946601998;0.031035173424430504;10.017545846911588
1367;0.6294148810044637;0.2859173619766449;9.866417731378355
1368;0.6091166447663497;0.32337934580829775;9.62793111341921
1369;0.7207387172623224;0.15012151788811795;9.854021496556712
1370;0.5915228543574166;0.11138479750541905;9.89170133478751
1371;0.617743827100416;0.24933530721903244;9.795242928687928
1372;0.70948328583763;0.20149826475711072;9.821505662765217
1373;0.62494313261416;0.009101000327637165;9.951512460489287
1374;0.730453225677546;0.32699949148636;9.853634195974315
1375;0.6471759839409069;0.29744759076589994;9.902199532662411
1376;0.6419659867497678;0.1360505890602432;9.735604617400785
1377;0.8632076042517379;0.1971227973644876;9.947420759453227
1378;0.654674767303397;0.05607305353835085;9.816373328056413
1379;0.8450900923601123;0.011402540727075972;9.838782814712637
1380;0.6438188645289158;-0.021929558726765566;9.792051167604084
1381;0.6574952919501842;-0.04034901216400283;9.715731031214876
1382;0.6844586297045655;0.06506489349443467;9.710017569278993
1383;0.5874534798549447;0.005364902372128187;9.75253255060095
1384;0.7733983828712054;0.23364134154908223;9.752225041639413
1385;0.6041352793408516;0.24670383545814728;9.808362148674863
1386;0.8176317756685881;0.3110890428661578;9.609232324995943
1387;0.8098528703424726;0.19358070059962842;9.978000658481998
1388;0.3913947906079796;-0.11168486198979848;10.045021983096587
1389;0.4748159715660393;0.16246971578739947;9.984644515501962
1390;0.5547220030765506;0.19549380169772124;9.949351817213902
1391;0.6532107575445769;0.14289268853783288;9.77874819151305
1392;0.5122807249904074;0.0025807452966044586;10.058200735166578
1393;0.6915162151847773;0.16641612271010403;9.837335673159556
1394;0.47351993746383847;0.05055608141001818;9.722814706766759
1395;0.7958224518956512;0.3080512137081864;9.818568696379817
1396;0.6748593644812594;-0.08130853160644178;9.946260146841322
1397;0.679946890182719;0.010472428876307713;9.81584788474624
1398;0.683576893619277;0.07581561615979288;9.75346598557378
1399;0.70540790217011;0.0009619921693031289;9.995394318359558
1400;0.66232094622751;0.09331931257880342;9.891599068074036
1401;0.6295006926448319;-0.03383435734884451;9.950452870253756
1402;0.501334593353812;0.10245805958414508;9.820017080093248
1403;0.5036567601791417;-0.1611801167357216;10.148498345040544
1404;0.8830994003753667;0.17943952077543818;9.845172934289488
1405;0.7940877646796836;0.027963556372623016;9.85499707797366
1406;0.6231996383278753;-0.17082269154252577;9.945654851963829
1407;0.6845070784596983;0.35130316244388504;9.847439940666538
1408;0.7171685773509394;0.1102268441591315;9.801793888674075
1409;0.45494626601062194;0.12376911009913086;9.934451844719831
1410;0.6213527460389598;0.11849265418262298;9.97249652891391
1411;0.7644425754218062;-0.2537456526113204;9.854513968635153
1412;0.717984260759913;-0.008012795955982728;9.88350868416202
1413;0.8182756710758283;-0.02078544716667432;9.865791956576091
1414;0.9108589315921292;-0.11580051475572292;9.87199944093301
1415;0.43672776853537965;-0.07368484130460319;9.794230762477348
1416;0.86735226465032;-0.06851672063166245;9.8933004600476
1417;0.48863205488627326;0.10647816141747274;9.956064395757107
1418;0.5976316266356033;-0.06734955712217551;9.753502386996075
1419;0.7277526182320537;-0.17229979483021962;10.06630206218655
1420;0.8033012707089563;-0.0030783617431430765;10.027581785127827
1421;0.5647042534865161;0.11335767450555231;9.911850589703201
1422;0.5497480159210171;0.11723244271871408;9.850868188637074
1423;0.806371346401389;0.05841559816130765;9.894301195414364
1424;0.5893662082358557;-0.08450282571426761;9.879229362887873
1425;0.6923832383876668;0.1933740280378322;9.882237642676454
1426;0.6866118327269339;-0.07327368400936211;10.029198912994968
1427;0.5903771798507217;0.08076882336677384;9.743280509507835
1428;0.5516542049321153;0.07300268936027618;9.849226287339855
1429;0.7229032295760544;0.16132658627251886;9.728404430357696
1430;0.7810337433727899;0.2566925434087487;9.762084729705009
1431;0.5759864284645222;0.2827494762066715;9.955467780667211
1432;0.5942394427981134;0.28735897823248446;9.950273134118792
1433;0.6704318030509737;-0.05268055976151764;9.727678336668996
1434;0.6743227819892461;0.1334267371117874;9.837362655693719
1435;0.6465438217184885;0.12590734069251186;9.919161662344408
1436;0.6705774267830853;0.0832566729389293;9.863742946879643
1437;0.5433464576204259;0.1473492910407493;9.822697864796007
1438;0.7533131591487705;-0.002003195299733987;10.007541926956254
1439;0.15803033753842194;0.8669103492889224;5.010481743312084
1440;1.0807022517215281;0.4551033752602501;7.889352780534308
1441;2.0692527929262834;-2.2403992476573387;17.822453178994838
1442;-1.0539042849569131;-0.7872644968529414;13.442490866827116
1443;0.2882349243694149;1.8463724744482108;4.547742620817048
1444;2.1107366645817405;-0.12616215940180017;7.905235115930235
1445;-1.57238473511715;0.45531887601790016;10.99217863815586
1446;1.3212637083577405;-0.7742195615391477;12.775287733171627
1447;2.2220013823166487;-1.145031251963866;12.268690747089996
1448;-1.0113418525387272;1.090385456418051;9.175036215281946
1449;1.1375879654346095;0.2435028606808447;8.386883242050825
1450;1.7618851129198396;0.02348487757356149;8.902193447603919
1451;-0.28176207614108306;0.08629215997549936;10.602924044125041
1452;0.9184645684780638;-0.556960938091277;11.364793229301526
1453;0.972193566994966;0.12869839935096647;9.596719582268994
1454;0.27799126133936736;0.38918397019974044;9.259960747921808
1455;0.7531185794473723;0.27422318356414777;9.073097707521145
1456;0.7507068692210436;0.3342789727485913;9.31510252047148
1457;0.6579249653319522;0.3912576916165561;10.20212365089551
1458;0.4738798982324068;0.29753736997289737;9.6674465854539
1459;0.7997444892844595;0.034318178245861544;9.353025627472105
1460;0.4769340967743608;0.03990327841425733;9.87658128017794
1461;0.5352522121898672;0.07223120332662472;9.766744642082298
1462;0.9824075458467882;-0.0011957597181913582;9.960910145050507
