;ay;ax;az
1;0.29688102;-0.30645782;9.873688
2;0.29688102;-0.2777274;9.854534
3;0.36391866;-0.30645782;9.825804
4;0.2777274;-0.25857377;9.80665
5;0.34476504;-0.2777274;9.854534
6;0.33518824;-0.2873042;9.835381
7;0.22984336;-0.2777274;9.730036
8;0.38307226;-0.29688102;9.80665
9;0.20111294;-0.23942018;9.825804
10;0.45968673;-0.23942018;10.036493
11;0.095768064;-0.22026655;9.931149
12;0.46926352;-0.2873042;9.624691
13;0.39264908;-0.22984336;9.672575
14;0.25857377;-0.2873042;9.902418
15;0.29688102;-0.25857377;9.835381
16;0.24899697;-0.2777274;9.892841
17;0.22984336;-0.2777274;9.921572
18;0.24899697;-0.22984336;10.113108
19;0.047884032;-0.18195933;10.323798
20;0.545878;-0.1436521;10.0748005
21;-0.16280572;-0.23942018;9.931149
22;0.545878;-0.12449849;9.80665
23;0.62249243;-0.19153613;9.911995
24;-0.50757074;-0.23942018;10.1226845
25;1.2449849;-0.22984336;9.682152
26;-0.12449849;-0.41180268;8.590396
27;0.30645782;-0.24899697;9.950302
28;0.25857377;-0.23942018;9.9790325
29;0.32561144;-0.25857377;9.911995
30;0.32561144;-0.2777274;9.921572
31;0.2777274;-0.23942018;9.864111
32;0.30645782;-0.33518824;9.710882
33;0.2777274;-0.25857377;9.844957
34;0.2681506;-0.24899697;9.921572
35;0.31603462;-0.25857377;9.883265
36;0.2681506;-0.25857377;9.816227
37;0.2681506;-0.36391866;9.883265
38;0.24899697;-0.2777274;9.931149
39;0.2777274;-0.23942018;9.950302
40;0.29688102;-0.30645782;9.864111
41;0.29688102;-0.29688102;9.835381
42;0.22026655;-0.33518824;9.950302
43;0.40222588;-0.24899697;9.873688
44;0.32561144;-0.2873042;9.768343
45;0.24899697;-0.2777274;9.892841
46;0.33518824;-0.33518824;9.940725
47;0.2873042;-0.2873042;9.969456
48;0.35434186;-0.37349546;9.816227
49;0.29688102;-0.23942018;9.883265
50;0.29688102;-0.35434186;9.873688
51;0.30645782;-0.37349546;9.940725
52;0.25857377;-0.29688102;9.892841
53;0.2873042;-0.33518824;9.854534
54;0.2681506;-0.2873042;9.758766
55;0.25857377;-0.29688102;9.816227
56;0.2681506;-0.25857377;9.825804
57;0.31603462;-0.30645782;9.864111
58;0.29688102;-0.29688102;9.873688
59;0.2681506;-0.32561144;10.007763
60;0.2681506;-0.29688102;9.854534
61;0.25857377;-0.2681506;9.77792
62;0.32561144;-0.2777274;9.787497
63;0.2873042;-0.24899697;9.864111
64;0.23942018;-0.2777274;9.892841
65;0.2777274;-0.2681506;9.768343
66;0.23942018;-0.25857377;9.835381
67;0.2777274;-0.2777274;10.04607
68;0.32561144;-0.22984336;9.950302
69;0.25857377;-0.21068975;9.931149
70;0.30645782;-0.25857377;9.816227
71;0.32561144;-0.20111294;9.883265
72;0.2681506;-0.25857377;10.01734
73;0.23942018;-0.22026655;9.892841
74;0.33518824;-0.2681506;9.701305
75;0.30645782;-0.32561144;9.873688
76;0.2681506;-0.25857377;9.883265
77;0.24899697;-0.19153613;10.007763
78;0.35434186;-0.2873042;9.911995
79;0.24899697;-0.24899697;9.940725
80;0.2873042;-0.23942018;9.816227
81;0.30645782;-0.2777274;9.854534
82;0.31603462;-0.2681506;9.816227
83;0.29688102;-0.31603462;9.77792
84;0.30645782;-0.2777274;9.892841
85;0.32561144;-0.33518824;9.787497
86;0.30645782;-0.2873042;9.844957
87;0.2777274;-0.24899697;9.921572
88;0.30645782;-0.2681506;9.825804
89;0.2777274;-0.25857377;9.825804
90;0.24899697;-0.2873042;9.797073
91;0.25857377;-0.2681506;9.940725
92;0.30645782;-0.30645782;9.921572
93;0.24899697;-0.23942018;9.883265
94;0.2777274;-0.25857377;9.883265
95;0.25857377;-0.20111294;9.825804
96;0.29688102;-0.30645782;9.902418
97;0.24899697;-0.24899697;9.883265
98;0.2873042;-0.24899697;9.883265
99;0.30645782;-0.32561144;9.864111
100;0.29688102;-0.31603462;9.758766
101;0.30645782;-0.31603462;9.816227
102;0.2777274;-0.34476504;9.921572
103;0.2873042;-0.32561144;9.864111
104;0.31603462;-0.30645782;9.797073
105;0.2681506;-0.29688102;9.835381
106;0.2777274;-0.31603462;9.940725
107;0.29688102;-0.25857377;9.969456
108;0.2777274;-0.2681506;9.835381
109;0.24899697;-0.34476504;10.01734
110;0.2681506;-0.24899697;9.902418
111;0.30645782;-0.24899697;9.969456
112;0.2777274;-0.2873042;9.844957
113;0.29688102;-0.25857377;9.825804
114;0.31603462;-0.29688102;9.854534
115;0.2777274;-0.23942018;9.864111
116;0.2873042;-0.2681506;9.80665
117;0.30645782;-0.23942018;9.730036
118;0.2777274;-0.2681506;9.749189
119;0.24899697;-0.25857377;9.873688
120;0.2873042;-0.29688102;9.911995
121;0.24899697;-0.24899697;9.825804
122;0.2873042;-0.2873042;9.835381
123;0.2777274;-0.25857377;9.816227
124;0.31603462;-0.30645782;9.854534
125;0.22984336;-0.19153613;9.959879
126;0.33518824;-0.22984336;9.816227
127;0.31603462;-0.2873042;9.80665
128;0.31603462;-0.23942018;9.787497
129;0.33518824;-0.23942018;9.892841
130;0.2681506;-0.23942018;9.864111
131;0.25857377;-0.2777274;9.921572
132;0.25857377;-0.22984336;9.9790325
133;0.29688102;-0.23942018;9.864111
134;0.24899697;-0.25857377;9.931149
135;0.2681506;-0.2777274;9.825804
136;0.30645782;-0.2777274;9.844957
137;0.29688102;-0.2681506;9.825804
138;0.2681506;-0.31603462;9.883265
139;0.25857377;-0.24899697;9.921572
140;0.29688102;-0.22026655;9.911995
141;0.32561144;-0.31603462;9.825804
142;0.29688102;-0.2681506;9.797073
143;0.2681506;-0.29688102;9.77792
144;0.2681506;-0.30645782;9.883265
145;0.30645782;-0.2777274;9.921572
146;0.33518824;-0.29688102;9.854534
147;0.31603462;-0.38307226;9.787497
148;0.32561144;-0.32561144;9.768343
149;0.36391866;-0.2873042;9.892841
150;0.22026655;-0.24899697;9.883265
151;0.29688102;-0.2777274;9.80665
152;0.2873042;-0.30645782;9.80665
153;0.31603462;-0.2777274;9.931149
154;0.32561144;-0.2873042;9.959879
155;0.24899697;-0.33518824;9.911995
156;0.34476504;-0.22984336;9.959879
157;0.24899697;-0.25857377;9.969456
158;0.38307226;-0.23942018;9.720459
159;0.30645782;-0.33518824;9.787497
160;0.24899697;-0.2681506;9.892841
161;0.19153613;-0.22984336;9.9790325
162;0.2681506;-0.29688102;9.825804
163;0.33518824;-0.31603462;9.80665
164;0.30645782;-0.23942018;9.80665
165;0.2777274;-0.2681506;9.80665
166;0.35434186;-0.23942018;9.739613
167;0.2873042;-0.30645782;9.902418
168;0.30645782;-0.2681506;9.701305
169;0.33518824;-0.2777274;9.749189
170;0.34476504;-0.23942018;9.873688
171;0.22984336;-0.20111294;10.036493
172;0.33518824;-0.25857377;10.0748005
173;0.25857377;-0.2873042;9.701305
174;0.35434186;-0.34476504;9.586384
175;0.39264908;-0.20111294;9.950302
176;0.1436521;-0.16280572;10.409989
177;0.38307226;-0.23942018;9.959879
178;0.2777274;-0.24899697;9.433155
179;0.29688102;-0.22984336;9.998186
180;0.30645782;-0.2681506;9.835381
181;0.22984336;-0.25857377;9.940725
182;0.32561144;-0.2681506;9.873688
183;0.25857377;-0.2873042;9.854534
184;0.2777274;-0.2873042;9.854534
185;0.30645782;-0.2873042;9.825804
186;0.22984336;-0.24899697;9.892841
187;0.29688102;-0.2681506;9.959879
188;0.22026655;-0.25857377;10.0269165
189;0.34476504;-0.23942018;10.036493
190;0.17238252;-0.29688102;9.959879
191;0.32561144;-0.32561144;9.739613
192;0.35434186;-0.2681506;10.065224
193;0.06703765;-0.2873042;9.825804
194;0.63206923;-0.25857377;8.973468
195;0.22984336;-0.2777274;9.873688
196;0.34476504;-0.24899697;10.553641
197;0.1436521;-0.16280572;10.247183
198;0.2873042;-0.38307226;9.356541
199;0.36391866;-0.39264908;9.461885
200;0.18195933;-0.19153613;10.036493
201;0.40222588;-0.10534488;10.6877165
202;0.0;-0.19153613;10.515334
203;0.48841715;-0.45010993;8.801085
204;0.51714754;-0.33518824;8.896853
205;-0.17238252;-0.34476504;10.67814
206;0.31603462;-0.4309563;10.055647
207;0.21068975;-0.2681506;10.055647
208;0.36391866;-0.29688102;9.768343
209;0.19153613;-0.29688102;9.605537
210;0.34476504;-0.2777274;9.749189
211;0.30645782;-0.22026655;10.25676
212;0.05746084;-0.20111294;10.295067
213;0.47884035;-0.29688102;9.548077
214;0.24899697;-0.31603462;9.701305
215;0.29688102;-0.25857377;9.691729
216;0.23942018;-0.18195933;9.988609
217;0.2681506;-0.21068975;10.055647
218;0.34476504;-0.25857377;9.77792
219;0.2681506;-0.34476504;9.730036
220;0.2777274;-0.2873042;9.902418
221;0.25857377;-0.21068975;10.0748005
222;0.29688102;-0.24899697;10.084377
223;0.2681506;-0.22984336;9.595961
224;0.33518824;-0.2873042;9.787497
225;0.22026655;-0.1436521;10.28549
226;0.25857377;-0.20111294;10.228029
227;0.35434186;-0.24899697;9.471462
228;0.49799395;-0.22984336;9.232041
229;0.24899697;-0.15322891;10.28549
230;0.06703765;-0.12449849;10.726024
231;0.30645782;-0.25857377;9.816227
232;0.4213795;-0.29688102;8.963891
233;0.17238252;-0.24899697;9.749189
234;0.40222588;-0.2777274;10.103531
235;0.33518824;-0.1340753;10.840945
236;-0.1340753;-0.08619126;10.70687
237;0.37349546;-0.25857377;9.193734
238;0.6512229;-0.34476504;7.9583263
239;0.9576807;-0.047884032;10.91756
240;-0.62249243;0.12449849;12.5264635
241;0.2873042;-0.2777274;9.768343
242;0.7757214;0.19153613;8.714894
243;0.25857377;0.17238252;12.038046
244;0.31603462;-0.33518824;9.825804
245;0.2777274;-0.2873042;9.854534
246;0.32561144;-0.2873042;9.825804
247;0.29688102;-0.33518824;9.844957
248;0.24899697;-0.22984336;9.77792
249;0.31603462;-0.29688102;9.921572
250;0.2777274;-0.2681506;9.768343
251;0.2777274;-0.2873042;9.931149
252;0.2873042;-0.21068975;9.969456
253;0.32561144;-0.24899697;9.710882
254;0.35434186;-0.20111294;9.710882
255;0.1436521;-0.17238252;9.672575
256;0.4405331;-0.12449849;9.701305
257;0.32561144;-0.29688102;9.940725
258;0.1436521;0.019153614;9.691729
259;0.23942018;-0.1340753;9.911995
260;0.34476504;-0.2873042;9.662998
261;0.2873042;-0.2777274;9.902418
262;0.25857377;-0.23942018;9.873688
263;0.24899697;-0.19153613;9.854534
264;0.30645782;-0.2873042;9.825804
265;0.30645782;-0.30645782;9.873688
266;0.2777274;-0.20111294;9.873688
267;0.2777274;-0.2777274;9.835381
268;0.32561144;-0.25857377;9.816227
269;0.2681506;-0.22026655;9.911995
270;0.2777274;-0.2681506;9.854534
271;0.30645782;-0.22026655;9.835381
272;0.2777274;-0.22984336;9.844957
273;0.2777274;-0.19153613;9.787497
274;0.31603462;-0.21068975;9.864111
275;0.2777274;-0.17238252;9.902418
276;0.2777274;-0.18195933;9.940725
277;0.2873042;-0.20111294;9.911995
278;0.2873042;-0.25857377;9.864111
279;0.32561144;-0.24899697;9.864111
280;0.2873042;-0.24899697;9.911995
281;0.29688102;-0.20111294;9.835381
282;0.29688102;-0.22984336;9.825804
283;0.2777274;-0.23942018;9.816227
284;0.29688102;-0.22026655;9.911995
285;0.2873042;-0.2777274;9.873688
286;0.2873042;-0.2873042;9.844957
287;0.2777274;-0.24899697;9.902418
288;0.2777274;-0.22984336;9.825804
289;0.31603462;-0.22984336;9.825804
290;0.2777274;-0.23942018;9.902418
291;0.29688102;-0.22984336;9.844957
292;0.29688102;-0.25857377;9.883265
293;0.33518824;-0.24899697;9.797073
294;0.2873042;-0.30645782;9.883265
295;0.2777274;-0.24899697;9.883265
296;0.29688102;-0.29688102;9.825804
297;0.2681506;-0.2777274;9.873688
298;0.2681506;-0.2681506;9.816227
299;0.2777274;-0.30645782;9.902418
300;0.33518824;-0.29688102;9.835381
301;0.29688102;-0.38307226;9.873688
302;0.2873042;-0.31603462;9.825804
303;0.2681506;-0.2873042;9.873688
304;0.2681506;-0.2873042;9.854534
305;0.2681506;-0.30645782;9.864111
306;0.30645782;-0.31603462;9.835381
307;0.30645782;-0.35434186;9.873688
308;0.22026655;-0.21068975;9.873688
309;0.29688102;-0.32561144;9.787497
310;0.29688102;-0.32561144;9.864111
311;0.2777274;-0.2681506;9.883265
312;0.2681506;-0.22984336;9.892841
313;0.2873042;-0.2681506;9.873688
314;0.29688102;-0.30645782;9.864111
315;0.29688102;-0.22026655;9.864111
316;0.2777274;-0.25857377;9.844957
317;0.2873042;-0.25857377;9.873688
318;0.2777274;-0.2681506;9.80665
319;0.2777274;-0.25857377;9.873688
320;0.2873042;-0.23942018;9.825804
321;0.29688102;-0.23942018;9.854534
322;0.30645782;-0.25857377;9.883265
323;0.2873042;-0.22984336;9.854534
324;0.33518824;-0.21068975;9.883265
325;0.22026655;-0.20111294;9.873688
326;0.2873042;-0.22026655;9.816227
327;0.29688102;-0.19153613;9.844957
328;0.25857377;-0.19153613;9.902418
329;0.2873042;-0.16280572;9.883265
330;0.2873042;-0.22026655;9.80665
331;0.2777274;-0.19153613;9.835381
332;0.30645782;-0.19153613;9.931149
333;0.2681506;-0.18195933;9.921572
334;0.31603462;-0.18195933;9.80665
335;0.2681506;-0.21068975;9.854534
336;0.30645782;-0.22984336;9.892841
337;0.31603462;-0.18195933;9.883265
338;0.31603462;-0.24899697;9.835381
339;0.25857377;-0.1340753;9.864111
340;0.2777274;-0.21068975;9.844957
341;0.29688102;-0.22026655;9.844957
342;0.25857377;-0.19153613;9.921572
343;0.25857377;-0.20111294;9.80665
344;0.29688102;-0.17238252;9.883265
345;0.2681506;-0.22026655;9.854534
346;0.25857377;-0.24899697;9.921572
347;0.2777274;-0.2681506;9.883265
348;0.2681506;-0.22026655;9.797073
349;0.24899697;-0.2777274;9.883265
350;0.2873042;-0.2873042;9.950302
351;0.24899697;-0.24899697;9.825804
352;0.2873042;-0.2777274;9.854534
353;0.25857377;-0.2681506;9.835381
354;0.37349546;-0.29688102;9.883265
355;0.2681506;-0.31603462;9.940725
356;0.31603462;-0.2873042;9.825804
357;0.32561144;-0.29688102;9.892841
358;0.24899697;-0.37349546;9.816227
359;0.29688102;-0.34476504;9.854534
360;0.2681506;-0.36391866;9.873688
361;0.30645782;-0.29688102;9.892841
362;0.30645782;-0.38307226;9.921572
363;0.2777274;-0.34476504;9.854534
364;0.29688102;-0.34476504;9.854534
365;0.30645782;-0.35434186;9.892841
366;0.25857377;-0.35434186;9.892841
367;0.29688102;-0.35434186;9.873688
368;0.29688102;-0.35434186;9.873688
369;0.24899697;-0.2777274;9.911995
370;0.2777274;-0.2873042;9.816227
371;0.2873042;-0.33518824;9.864111
372;0.2681506;-0.19153613;9.931149
373;0.24899697;-0.23942018;9.854534
374;0.32561144;-0.21068975;9.854534
375;0.25857377;-0.2777274;9.902418
376;0.31603462;-0.23942018;9.854534
377;0.31603462;-0.19153613;9.921572
378;0.23942018;-0.1436521;9.902418
379;0.32561144;-0.2681506;9.816227
380;0.29688102;-0.21068975;9.902418
381;0.30645782;-0.18195933;9.825804
382;0.30645782;-0.17238252;9.911995
383;0.24899697;-0.15322891;9.825804
384;0.33518824;-0.15322891;9.854534
385;0.35434186;-0.19153613;9.844957
386;0.24899697;-0.20111294;9.80665
387;0.34476504;-0.19153613;9.825804
388;0.25857377;-0.1340753;9.835381
389;0.30645782;-0.16280572;9.940725
390;0.29688102;-0.17238252;9.835381
391;0.31603462;-0.16280572;9.825804
392;0.30645782;-0.17238252;9.883265
393;0.2681506;-0.16280572;9.940725
394;0.29688102;-0.1436521;9.902418
395;0.31603462;-0.16280572;9.835381
396;0.2873042;-0.22984336;9.844957
397;0.2873042;-0.20111294;9.816227
398;0.2681506;-0.17238252;9.835381
399;0.32561144;-0.22984336;9.797073
400;0.2873042;-0.17238252;9.844957
401;0.2873042;-0.17238252;9.864111
402;0.2681506;-0.19153613;9.940725
403;0.30645782;-0.19153613;9.835381
404;0.2681506;-0.22984336;9.844957
405;0.2777274;-0.23942018;9.911995
406;0.2873042;-0.22984336;9.873688
407;0.34476504;-0.22984336;9.854534
408;0.29688102;-0.2873042;9.864111
409;0.32561144;-0.2873042;9.835381
410;0.32561144;-0.37349546;9.950302
411;0.32561144;-0.36391866;9.816227
412;0.35434186;-0.31603462;9.835381
413;0.29688102;-0.36391866;9.844957
414;0.33518824;-0.41180268;9.883265
415;0.31603462;-0.4213795;9.883265
416;0.2777274;-0.37349546;9.864111
417;0.31603462;-0.46926352;9.854534
418;0.2777274;-0.4309563;9.816227
419;0.24899697;-0.41180268;9.883265
420;0.29688102;-0.45968673;9.892841
421;0.2873042;-0.4213795;9.835381
422;0.22984336;-0.40222588;9.844957
423;0.23942018;-0.39264908;9.844957
424;0.22026655;-0.4309563;9.844957
425;0.2777274;-0.40222588;9.892841
426;0.23942018;-0.40222588;9.825804
427;0.25857377;-0.32561144;9.864111
428;0.25857377;-0.37349546;9.835381
429;0.30645782;-0.38307226;9.883265
430;0.25857377;-0.34476504;9.921572
431;0.29688102;-0.29688102;9.80665
432;0.34476504;-0.2873042;9.854534
433;0.2873042;-0.23942018;9.873688
434;0.35434186;-0.2777274;9.873688
435;0.37349546;-0.2777274;9.911995
436;0.34476504;-0.23942018;9.80665
437;0.34476504;-0.22984336;9.844957
438;0.2681506;-0.23942018;9.873688
439;0.30645782;-0.23942018;9.825804
440;0.30645782;-0.1436521;9.883265
441;0.2681506;-0.18195933;9.825804
442;0.2777274;-0.12449849;9.854534
443;0.2873042;-0.19153613;9.835381
444;0.25857377;-0.1436521;9.883265
445;0.2681506;-0.15322891;9.835381
446;0.2873042;-0.15322891;9.864111
447;0.22984336;-0.10534488;9.911995
448;0.24899697;-0.1340753;9.854534
449;0.2777274;-0.10534488;9.844957
450;0.24899697;-0.1436521;9.873688
451;0.25857377;-0.1340753;9.864111
452;0.24899697;-0.076614454;9.902418
453;0.25857377;-0.1340753;9.873688
454;0.30645782;-0.11492168;9.816227
455;0.30645782;-0.1340753;9.969456
456;0.31603462;-0.15322891;9.80665
457;0.35434186;-0.08619126;9.883265
458;0.31603462;-0.1340753;9.825804
459;0.32561144;-0.1340753;9.883265
460;0.30645782;-0.11492168;9.873688
461;0.32561144;-0.095768064;9.825804
462;0.37349546;-0.11492168;9.864111
463;0.2873042;-0.1340753;9.797073
464;0.32561144;-0.1436521;9.902418
465;0.34476504;-0.12449849;9.883265
466;0.25857377;-0.1436521;9.921572
467;0.30645782;-0.076614454;9.797073
468;0.2873042;-0.17238252;9.883265
469;0.2681506;-0.18195933;9.825804
470;0.23942018;-0.10534488;9.873688
471;0.21068975;-0.11492168;9.921572
472;0.22026655;-0.1436521;9.883265
473;0.21068975;-0.21068975;9.835381
474;0.22026655;-0.17238252;9.787497
475;0.22026655;-0.30645782;9.921572
476;0.2681506;-0.30645782;9.797073
477;0.2777274;-0.31603462;9.873688
478;0.24899697;-0.31603462;9.873688
479;0.2777274;-0.38307226;9.864111
480;0.33518824;-0.47884035;9.911995
481;0.29688102;-0.5267244;9.816227
482;0.38307226;-0.50757074;9.9790325
483;0.36391866;-0.62249243;9.883265
484;0.35434186;-0.60333884;9.902418
485;0.39264908;-0.5267244;9.931149
486;0.29688102;-0.63206923;9.902418
487;0.38307226;-0.641646;9.864111
488;0.29688102;-0.6991069;9.902418
489;0.2681506;-0.641646;9.864111
490;0.32561144;-0.63206923;9.883265
491;0.24899697;-0.6703765;9.854534
492;0.24899697;-0.59376204;9.883265
493;0.24899697;-0.5746084;9.921572
494;0.25857377;-0.5554548;9.816227
495;0.24899697;-0.45968673;9.902418
496;0.21068975;-0.45010993;9.9790325
497;0.2873042;-0.40222588;9.883265
498;0.20111294;-0.41180268;9.911995
499;0.25857377;-0.34476504;9.998186
500;0.2681506;-0.39264908;9.931149
501;0.25857377;-0.2873042;9.787497
502;0.2777274;-0.35434186;9.950302
503;0.2873042;-0.22984336;9.825804
504;0.31603462;-0.2681506;9.873688
505;0.2873042;-0.23942018;9.931149
506;0.2681506;-0.18195933;9.80665
507;0.37349546;-0.19153613;9.902418
508;0.29688102;-0.21068975;9.80665
509;0.36391866;-0.22026655;9.864111
510;0.2777274;-0.15322891;9.864111
511;0.32561144;-0.16280572;9.844957
512;0.30645782;-0.1436521;9.911995
513;0.25857377;-0.11492168;9.921572
514;0.33518824;-0.11492168;9.825804
515;0.32561144;-0.16280572;9.864111
516;0.25857377;-0.095768064;9.940725
517;0.2873042;-0.06703765;9.873688
518;0.32561144;-0.1340753;9.816227
519;0.2873042;-0.05746084;9.854534
520;0.31603462;-0.1340753;9.950302
521;0.2873042;-0.05746084;9.854534
522;0.29688102;-0.06703765;9.892841
523;0.29688102;-0.095768064;9.844957
524;0.24899697;-0.10534488;9.883265
525;0.2777274;-0.076614454;9.911995
526;0.25857377;-0.047884032;9.787497
527;0.22984336;-0.11492168;9.921572
528;0.22984336;-0.095768064;9.787497
529;0.24899697;-0.08619126;9.816227
530;0.2777274;-0.05746084;9.864111
531;0.24899697;-0.047884032;9.797073
532;0.29688102;-0.076614454;9.883265
533;0.24899697;-0.038307227;9.950302
534;0.31603462;-0.06703765;9.892841
535;0.2681506;-0.0;9.950302
536;0.2777274;-0.076614454;9.844957
537;0.32561144;-0.019153614;9.911995
538;0.35434186;-0.06703765;9.940725
539;0.31603462;-0.10534488;9.825804
540;0.35434186;-0.095768064;9.854534
541;0.32561144;-0.08619126;9.864111
542;0.35434186;-0.038307227;9.816227
543;0.35434186;-0.08619126;9.854534
544;0.2681506;-0.076614454;9.854534
545;0.2777274;-0.05746084;9.931149
546;0.2873042;-0.06703765;9.844957
547;0.2873042;-0.019153614;9.940725
548;0.34476504;0.019153614;9.998186
549;0.21068975;0.009576807;9.950302
550;0.30645782;-0.019153614;9.9790325
551;0.25857377;-0.009576807;9.911995
552;0.24899697;-0.0;10.01734
553;0.2777274;-0.009576807;10.055647
554;0.19153613;-0.0;9.883265
555;0.24899697;-0.047884032;10.007763
556;0.21068975;-0.06703765;9.902418
557;0.2777274;-0.1340753;9.844957
558;0.2777274;-0.15322891;9.864111
559;0.24899697;-0.22984336;9.825804
560;0.2681506;-0.18195933;9.80665
561;0.34476504;-0.25857377;9.825804
562;0.34476504;-0.36391866;9.892841
563;0.34476504;-0.33518824;9.844957
564;0.30645782;-0.41180268;9.864111
565;0.33518824;-0.49799395;9.892841
566;0.35434186;-0.5267244;9.864111
567;0.37349546;-0.60333884;9.825804
568;0.2681506;-0.6703765;9.988609
569;0.25857377;-0.6895301;9.931149
570;0.2777274;-0.8331822;9.854534
571;0.22026655;-0.8714894;9.825804
572;0.20111294;-0.91937345;9.864111
573;0.24899697;-0.9576807;9.854534
574;0.15322891;-0.9576807;9.797073
575;0.23942018;-1.1013328;9.816227
576;0.32561144;-1.1013328;9.701305
577;0.15322891;-1.1683705;9.710882
578;0.29688102;-1.043872;9.835381
579;0.23942018;-1.0726024;9.825804
580;0.29688102;-1.0630256;9.80665
581;0.35434186;-1.0726024;9.77792
582;0.37349546;-1.0247183;9.892841
583;0.34476504;-1.0247183;9.80665
584;0.40222588;-1.0055647;9.864111
585;0.4213795;-0.9576807;9.940725
586;0.34476504;-0.9576807;9.902418
587;0.40222588;-0.8810662;9.883265
588;0.36391866;-0.8810662;9.902418
589;0.2681506;-0.8810662;9.902418
590;0.4405331;-0.7661445;9.787497
591;0.2777274;-0.8331822;9.844957
592;0.23942018;-0.7757214;9.768343
593;0.1340753;-0.63206923;9.730036
594;-0.019153614;-0.48841715;9.749189
595;0.0;-0.41180268;9.892841
596;-0.02873042;-0.29688102;9.768343
597;0.019153614;-0.24899697;9.883265
598;0.076614454;-0.1436521;10.28549
599;0.15322891;-0.095768064;10.103531
600;0.20111294;-0.05746084;10.208876
601;0.22984336;0.076614454;10.477027
602;0.22026655;0.10534488;10.266336
603;0.51714754;0.095768064;10.25676
604;0.33518824;0.076614454;10.371682
605;0.7374141;0.076614454;10.25676
606;0.62249243;-0.076614454;10.093954
607;0.842759;-0.11492168;10.01734
608;0.7374141;-0.25857377;9.797073
609;0.4213795;-0.5363012;9.557653
610;0.90021986;-0.32561144;9.528923
611;0.08619126;-0.5363012;9.337387
612;0.5267244;-0.60333884;9.107543
613;0.35434186;-0.80445176;9.155427
614;0.51714754;-0.7086837;9.232041
615;0.78529817;-0.641646;9.701305
616;0.842759;-0.5554548;9.653421
617;0.545878;-0.5650316;9.691729
618;0.25857377;-0.2873042;9.662998
619;0.2873042;-0.2681506;9.5385
620;-0.17238252;-0.0;9.768343
621;-0.047884032;0.25857377;10.036493
622;-0.22026655;0.23942018;10.132261
623;-0.40222588;0.5267244;10.496181
624;-0.29688102;0.81402856;10.429143
625;0.06703765;1.0151415;10.534488
626;0.047884032;1.2737153;10.611102
627;-0.1340753;1.2258313;10.5440645
628;0.038307227;1.1971009;10.218452
629;0.038307227;1.2066777;9.9790325
630;0.1436521;1.292869;10.0748005
631;0.22026655;1.2258313;9.921572
632;0.24899697;1.1971009;9.768343
633;0.24899697;1.2066777;9.825804
634;0.33518824;1.2066777;9.701305
635;0.46926352;1.3599066;9.921572
636;0.40222588;1.292869;9.950302
637;0.5267244;1.292869;9.787497
638;0.46926352;1.340753;10.036493
639;0.45968673;1.340753;10.208876
640;0.641646;1.3694834;10.103531
641;0.5746084;1.3599066;10.323798
642;0.46926352;1.3982137;10.275913
643;0.45968673;1.3311762;10.151415
644;0.58418524;1.3694834;9.959879
645;0.31603462;1.2545617;10.275913
646;0.33518824;1.2449849;10.04607
647;0.25857377;1.1779473;9.720459
648;0.21068975;1.2162545;9.768343
649;0.10534488;1.1587936;9.768343
650;0.24899697;1.1683705;9.816227
651;0.10534488;1.1779473;9.864111
652;0.06703765;1.2354081;9.844957
653;0.076614454;1.1204864;9.730036
654;-0.019153614;1.2066777;9.787497
655;-0.21068975;1.1779473;10.007763
656;-0.095768064;1.2449849;9.911995
657;-0.23942018;1.1492168;9.911995
658;-0.34476504;1.1492168;9.959879
659;-0.24899697;1.1204864;9.816227
660;-0.1436521;1.1109096;10.0748005
661;-0.047884032;1.1492168;10.151415
662;0.17238252;1.091756;9.921572
663;0.047884032;1.0630256;10.01734
664;0.02873042;1.0534488;9.816227
665;0.16280572;0.9768343;9.576807
666;0.30645782;0.90021986;9.768343
667;0.34476504;0.9864111;9.797073
668;0.6607997;0.89064306;9.509769
669;0.63206923;0.8810662;9.212888
670;0.61291564;0.8523358;9.490616
671;0.8714894;0.89064306;9.270349
672;0.7565677;0.93852705;9.289502
673;0.7374141;1.1204864;9.749189
674;0.641646;1.1204864;9.624691
675;0.9672575;1.1683705;9.519346
676;0.94810385;1.2449849;10.46745
677;1.1492168;1.484405;10.812215
678;1.1779473;1.5705963;10.505757
679;0.90979666;1.5514427;10.524911
680;0.7182605;1.6280571;10.668563
681;0.15322891;1.4652514;10.141838
682;0.8714894;1.5514427;10.630256
683;-0.9768343;1.3024458;10.658986
684;0.18195933;1.0534488;9.184157
685;0.019153614;0.7469909;8.762778
686;-0.641646;0.90021986;10.333375
687;0.21068975;0.78529817;10.170568
688;0.1436521;0.545878;9.11712
689;-0.6703765;0.51714754;9.040505
690;-0.22026655;0.4405331;9.299079
691;-0.40222588;0.63206923;9.490616
692;-0.93852705;0.7565677;10.170568
693;-0.39264908;0.90021986;9.80665
694;0.30645782;1.2258313;9.576807
695;0.39264908;1.3024458;10.745177
696;0.22984336;1.541866;11.300632
697;0.047884032;1.5035586;10.994174
698;0.32561144;1.6280571;11.147403
699;-0.019153614;1.3599066;10.821792
700;0.90021986;1.1971009;9.32781
701;0.7565677;1.13964;9.519346
702;0.92895025;1.283292;9.940725
703;1.1109096;1.2641385;9.969456
704;1.1492168;1.2737153;9.375694
705;-0.11492168;1.043872;9.030929
706;-0.08619126;1.1683705;7.690176
707;-0.7565677;1.3311762;8.6095495
708;-0.7182605;1.8674773;11.224017
709;-0.22026655;1.6950948;10.132261
710;0.1436521;1.685518;9.5385
711;0.641646;1.1971009;10.28549
712;1.0247183;1.5035586;10.716447
713;3.1986535;1.8866309;12.277467
714;0.31603462;1.6472107;11.769896
715;1.5131354;1.7908629;11.15698
716;-1.0055647;0.9672575;8.772355
717;-0.5554548;1.1971009;8.24563
718;-0.2681506;1.3790601;9.624691
719;-3.323152;1.484405;9.864111
720;-0.7086837;2.0973208;9.251195
721;0.545878;1.8962077;11.501745
722;-0.10534488;2.2218192;11.702858
723;1.8483237;2.2697031;11.358093
724;2.0494366;2.0590134;11.942278
725;0.7182605;1.7908629;11.827356
726;0.46926352;1.6184803;9.911995
727;0.06703765;1.2258313;8.379706
728;0.20111294;1.13964;8.025364
729;-0.9672575;1.3790601;10.333375
730;-1.3503298;1.3599066;10.46745
731;-0.90979666;0.94810385;6.943185
732;-0.076614454;0.91937345;10.01734
733;2.135628;1.1971009;10.936713
734;2.8921957;1.733402;11.291056
735;1.7429788;1.7046716;10.275913
736;0.7565677;1.2449849;9.32781
737;-0.7469909;1.1971009;8.42759
738;-1.8579005;1.2162545;8.1402855
739;-0.50757074;1.4077905;8.887277
740;-0.5650316;1.1587936;9.969456
741;-0.58418524;0.8331822;8.293514
742;2.0207062;0.8714894;8.2169
743;0.6703765;1.283292;11.789049
744;1.2354081;1.8387469;12.737153
745;0.82360536;1.6950948;10.630256
746;-1.1492168;1.2545617;9.595961
747;0.63206923;1.340753;9.749189
748;1.436521;0.94810385;9.126697
749;-0.90979666;0.94810385;10.831368
750;0.5267244;1.6472107;11.836933
751;0.8331822;1.0342951;11.865664
752;-0.8619126;0.7278373;10.43872
753;1.1587936;1.5131354;11.109096
754;-0.34476504;1.2066777;11.300632
755;-1.4173675;0.8331822;8.848969
756;0.31603462;1.0247183;9.3182335
757;-0.48841715;0.7374141;11.3964
758;-0.29688102;0.9768343;9.414001
759;1.6089035;1.0151415;8.590396
760;1.5131354;0.9672575;12.516887
761;-0.51714754;0.9864111;11.3964
762;-1.6184803;0.15322891;4.453215
763;0.9576807;0.095768064;6.3685765
764;-1.2258313;0.7374141;10.381259
765;-1.0151415;0.12449849;8.772355
766;2.5953147;0.29688102;5.7365074
767;-1.484405;-0.0;10.611102
768;2.0207062;0.9864111;11.616667
769;4.1371803;0.91937345;9.500193
770;0.1340753;0.40222588;10.007763
771;0.2873042;1.13964;10.965444
772;-1.4077905;0.7757214;8.207323
773;-0.33518824;0.89064306;7.019799
774;-0.79487497;1.1587936;11.760319
775;1.13964;2.0590134;12.698846
776;3.4380736;2.5091233;11.089942
777;0.32561144;1.7525556;11.587936
778;1.5035586;2.4037786;11.702858
779;-1.2162545;1.5131354;9.682152
780;-2.566584;1.6184803;10.1226845
781;0.9864111;2.0685902;10.773908
782;0.1340753;1.8387469;10.5440645
783;-0.10534488;2.2218192;9.643845
784;2.7868507;2.7389667;11.980585
785;-0.25857377;2.3942018;11.923124
786;-2.882619;1.0247183;6.8091097
787;-0.24899697;0.82360536;7.0006456
788;-0.63206923;1.5610195;8.762778
789;3.371036;2.0207062;11.693281
790;-0.019153614;2.0111294;10.362105
791;-0.23942018;2.2218192;5.631162
792;-0.047884032;1.6472107;6.1866174
793;-2.9400797;1.7142484;10.007763
794;0.22984336;1.5993267;8.858546
795;1.3503298;1.685518;7.28795
796;0.39264908;2.4229321;11.520899
797;3.3327289;2.566584;13.838486
798;2.72939;2.7964275;13.283031
799;-0.6991069;3.5338416;11.21444
800;0.6991069;2.7868507;12.430696
801;2.078167;2.0015526;12.516887
802;-0.5650316;2.27928;9.040505
803;1.6567876;2.719813;9.835381
804;-0.47884035;2.078167;11.291056
805;-1.5610195;1.5610195;9.816227
806;1.2354081;1.6472107;8.887277
807;-0.1340753;1.1492168;10.553641
808;2.7964275;1.1300632;9.634268
809;3.7541082;0.90979666;10.726024
810;1.6376339;2.0015526;11.616667
811;-0.90021986;1.9536686;10.984597
812;-0.37349546;1.3120226;9.021352
813;-1.6089035;0.095768064;7.8625584
814;-0.7565677;0.9672575;7.393295
815;-0.31603462;2.030283;10.515334
816;-1.1587936;1.4652514;9.3182335
817;2.585738;1.7142484;7.9104424
818;0.29688102;1.0534488;9.595961
819;0.35434186;1.4460979;10.43872
820;1.0726024;1.0630256;8.90643
821;0.90021986;0.641646;8.829816
822;-0.7086837;0.9768343;10.907983
823;-2.585738;0.7565677;8.494628
824;0.2681506;0.80445176;6.694188
825;-2.566584;0.641646;10.563218
826;-1.3311762;1.8004397;11.760319
827;0.94810385;1.5514427;11.36767
828;0.36391866;0.7757214;11.549629
829;0.80445176;0.7182605;11.87524
830;2.3558946;0.33518824;10.515334
831;0.49799395;-0.31603462;10.266336
832;1.1587936;-0.2777274;11.492168
833;0.51714754;-0.38307226;10.247183
834;-1.3311762;-1.3215994;7.699753
835;-4.0797195;-1.2162545;6.7229185
836;-0.94810385;-1.0342951;8.8777
837;1.8674773;-1.5227122;12.105083
838;0.08619126;0.10534488;10.831368
839;-0.89064306;0.16280572;10.237606
840;4.7309427;-0.45010993;10.812215
841;1.733402;-0.20111294;10.793061
842;-0.641646;-0.33518824;12.258312
843;1.8674773;0.5267244;10.103531
844;-1.4077905;0.4213795;10.840945
845;-3.763685;0.37349546;9.222465
846;0.19153613;-0.8810662;6.5122285
847;2.681506;-0.6703765;6.14831
848;-0.35434186;-0.5746084;11.568783
849;2.0685902;0.35434186;12.363658
850;1.6663644;-0.9959879;5.746084
851;-0.095768064;-1.9536686;5.9280434
852;1.6950948;-1.6184803;10.0269165
853;-0.62249243;-0.6799533;13.2351465
854;-0.009576807;0.2873042;8.868123
855;-1.3215994;0.23942018;9.011775
856;-3.3614593;0.019153614;9.002198
857;0.18195933;-0.51714754;8.39886
858;3.0071173;0.20111294;8.848969
859;0.5746084;1.0534488;14.470555
860;0.94810385;-0.4309563;11.827356
861;3.8307228;0.19153613;6.3206925
862;1.7717092;-1.6663644;12.258312
863;0.82360536;-0.038307227;17.525557
864;0.11492168;0.2873042;9.595961
865;-1.8866309;-1.4556746;5.142745
866;-0.9672575;-0.9576807;8.159439
867;-1.6280571;-1.292869;13.388376
868;1.2162545;-1.043872;8.389283
869;-0.4309563;-0.019153614;11.463438
870;-0.038307227;0.7757214;13.101071
871;4.2999864;0.51714754;9.404425
872;2.1452048;-0.29688102;7.690176
873;0.5267244;-0.32561144;10.515334
874;1.7238252;0.31603462;13.445837
875;-0.6799533;0.4213795;8.475474
876;-1.8770541;-0.22026655;7.9104424
877;0.24899697;-0.45968673;7.699753
878;-0.36391866;-1.2162545;8.590396
879;1.1013328;-0.62249243;7.3071036
880;2.8443117;-0.05746084;8.054094
881;-0.34476504;0.20111294;10.563218
882;-0.90021986;-0.32561144;8.619126
883;0.6799533;-1.2449849;7.335834
884;-0.7278373;-0.93852705;10.362105
885;0.82360536;0.46926352;14.317327
886;-0.6991069;0.019153614;8.829816
887;0.7565677;0.4309563;8.025364
888;0.9959879;0.37349546;11.540052
889;-3.4572272;0.29688102;10.850522
890;4.271256;1.0151415;7.9966335
891;0.038307227;-0.8331822;11.291056
892;-1.9728222;0.047884032;11.271901
893;2.1739352;0.038307227;9.356541
894;-1.6472107;-0.7469909;9.433155
895;-1.5514427;-0.15322891;11.999739
896;-2.0398598;-0.11492168;9.634268
897;-1.6663644;-0.35434186;7.1826053
898;0.641646;0.61291564;10.70687
899;0.019153614;0.45968673;15.198392
900;4.5872903;-0.17238252;11.616667
901;1.7908629;-0.82360536;8.37013
902;1.2641385;-0.80445176;8.542512
903;2.9113493;-0.545878;10.888829
904;-1.3120226;-0.1436521;10.333375
905;-2.633622;-0.33518824;7.297527
906;-0.8714894;-0.16280572;7.144298
907;-3.2848446;-0.02873042;9.394848
908;-1.0534488;0.25857377;8.331821
909;1.6759412;-1.1109096;9.883265
910;1.4269443;0.60333884;13.512875
911;1.8387469;0.8523358;13.417107
912;3.6391866;-0.047884032;9.710882
913;2.6910827;-0.8331822;9.56723
914;1.2545617;0.7278373;12.899959
915;-0.60333884;0.63206923;12.928689
916;0.40222588;0.4213795;8.101978
917;-2.815581;-0.6895301;7.374141
918;-2.920926;1.043872;6.205771
919;-0.20111294;-1.9153614;9.299079
920;0.61291564;-0.1436521;9.289502
921;-1.4652514;0.16280572;12.220005
922;1.982399;1.1109096;12.210428
923;3.9456444;0.05746084;8.896853
924;0.93852705;-1.1109096;9.394848
925;4.1659107;0.5267244;12.277467
926;0.82360536;0.90021986;13.474567
927;-1.8866309;0.7661445;11.329363
928;0.45010993;0.6512229;8.772355
929;-1.9153614;-1.043872;9.662998
930;0.9768343;-0.842759;7.680599
931;1.2449849;-0.6607997;9.586384
932;0.58418524;0.095768064;13.034034
933;0.22984336;0.18195933;8.130709
934;-0.22026655;-1.340753;4.10845
935;1.6663644;-0.7757214;10.1226845
936;-0.79487497;0.20111294;13.828909
937;0.7374141;0.78529817;9.3661175
938;0.89064306;-0.08619126;9.222465
939;-0.90021986;-0.0;12.306197
940;1.8387469;0.047884032;11.482592
941;3.083732;-0.2777274;9.481039
942;-2.1164744;-0.59376204;9.969456
943;-1.8962077;-0.18195933;10.036493
944;1.5993267;-0.79487497;8.178593
945;-2.6527755;-0.7086837;9.232041
946;3.1603463;0.5650316;13.177686
947;-0.08619126;0.6512229;12.641385
948;0.641646;0.5267244;9.586384
949;2.3080103;-0.41180268;10.04607
950;1.6950948;0.30645782;12.26789
951;-0.2873042;-0.1340753;11.080365
952;0.90021986;0.22984336;7.393295
953;-0.81402856;-0.2681506;8.130709
954;0.16280572;-0.02873042;10.46745
955;-0.78529817;-0.4213795;8.772355
956;0.49799395;-0.36391866;9.653421
957;-1.091756;0.7182605;10.218452
958;-0.58418524;1.0247183;9.385271
959;0.37349546;0.33518824;8.389283
960;-0.15322891;-0.7565677;10.429143
961;2.2697031;-0.36391866;9.710882
962;1.5801731;-0.7661445;7.335834
963;0.34476504;-1.3503298;9.500193
964;1.9632454;-1.8579005;8.90643
965;-1.5131354;-1.3790601;8.494628
966;-1.541866;-1.13964;11.856087
967;1.1683705;-0.6799533;10.91756
968;-2.0207062;-0.39264908;7.153875
969;-2.0111294;-0.047884032;8.925584
970;-0.095768064;0.81402856;14.202404
971;0.61291564;0.2777274;14.920665
972;-0.24899697;0.08619126;9.959879
973;0.81402856;-0.20111294;9.452309
974;2.7581203;0.1340753;15.437813
975;2.815581;0.41180268;13.177686
976;2.3175871;-0.20111294;10.419566
977;-0.23942018;0.24899697;8.513782
978;-2.0494366;-0.37349546;11.444284
979;-1.5131354;-0.019153614;8.111555
980;-3.0550013;-0.7374141;5.1140146
981;-3.2465374;-0.45010993;10.295067
982;3.8786068;-0.18195933;9.739613
983;-0.2777274;-1.1013328;9.911995
984;3.572149;0.7469909;8.8777
985;1.3982137;-2.0015526;9.059659
986;1.4652514;-0.9576807;7.7572136
987;0.47884035;-1.13964;12.248735
988;-3.016694;0.50757074;10.141838
989;-2.3558946;0.17238252;6.8091097
990;-3.1316159;-1.7142484;3.5051112
991;2.0207062;0.17238252;8.149862
992;-1.3120226;0.32561144;14.499286
993;3.9073372;0.8523358;8.322245
994;0.90979666;-3.074155;9.471462
995;-1.8291701;-0.6607997;10.7356
996;2.480393;0.8714894;7.240066
997;-1.8579005;-2.384625;9.270349
998;-0.019153614;-0.6799533;10.726024
999;-2.4899697;0.25857377;9.299079
1000;2.681506;0.7182605;8.207323
1001;3.0358477;-0.4309563;13.330915
1002;0.5746084;0.11492168;14.882358
1003;2.7389667;0.545878;12.248735
1004;2.2122424;0.4309563;9.337387
1005;-2.96881;0.25857377;11.013328
1006;0.62249243;1.6567876;11.779472
1007;1.7812861;0.90979666;7.1347213
1008;-3.5338416;1.043872;9.356541
1009;3.9839516;1.9728222;13.369223
1010;-4.8937483;-0.7661445;8.954314
1011;5.046977;0.90979666;4.721366
1012;3.2752678;0.12449849;10.6398325
1013;-5.8226986;-0.18195933;16.529568
1014;9.490616;1.3599066;7.651869
1015;0.6991069;-1.7717092;0.5554548
1016;-4.759673;0.095768064;9.155427
1017;3.4284968;0.842759;8.935161
1018;-1.7908629;-1.2258313;5.133168
1019;-6.397307;-0.2681506;6.5601125
1020;-3.1986535;1.13964;10.400413
1021;2.7485435;1.0726024;5.995081
1022;-3.371036;-0.08619126;7.7093296
1023;1.8579005;1.6663644;12.334928
1024;3.4572272;1.5227122;15.20797
1025;0.17238252;1.8770541;11.319786
1026;1.0821792;0.49799395;10.228029
1027;-0.842759;-0.038307227;11.291056
1028;-2.3463178;0.7086837;12.143391
1029;0.58418524;0.7182605;12.583924
1030;-1.0726024;0.58418524;15.495274
1031;-0.7182605;0.7182605;11.492168
1032;1.1109096;-0.33518824;10.668563
1033;2.7006595;-0.49799395;14.403518
1034;0.8810662;0.35434186;14.805743
1035;-0.80445176;0.16280572;9.730036
1036;-0.047884032;-0.22026655;7.297527
1037;0.49799395;0.038307227;10.793061
1038;0.7565677;0.7757214;10.630256
1039;2.2601264;0.17238252;7.9583263
1040;0.45010993;-0.2777274;9.548077
1041;1.5035586;0.6607997;9.768343
1042;-0.009576807;0.641646;9.059659
1043;0.89064306;0.80445176;7.517793
1044;1.7046716;0.1340753;7.335834
1045;-1.5705963;0.16280572;7.3645644
1046;0.7661445;-0.35434186;4.405331
1047;-0.24899697;-0.0;4.2904096
1048;-1.388637;0.545878;8.628703
1049;0.59376204;0.37349546;9.3182335
1050;0.5746084;0.12449849;5.0182467
1051;-0.80445176;-0.06703765;8.494628
1052;1.283292;-0.08619126;11.779472
1053;0.4213795;0.2681506;9.097966
1054;2.3080103;-0.9768343;13.22557
1055;0.12449849;-0.35434186;16.328455
1056;0.2777274;0.7086837;12.583924
1057;0.06703765;0.076614454;7.690176
1058;-4.855441;-0.21068975;12.028469
1059;-3.8019924;0.842759;18.061857
1060;-3.265691;-0.90979666;13.484144
1061;-1.9249382;0.29688102;13.599066
1062;1.8674773;-1.0247183;13.034034
1063;-0.08619126;-2.585738;16.625336
1064;5.506664;-0.08619126;11.15698
1065;3.6391866;-1.4460979;16.654066
1066;-4.060566;-0.92895025;15.524004
1067;-2.6431987;-0.23942018;11.319786
1068;2.5570073;-2.4037786;7.9487495
1069;2.0685902;-2.231396;8.619126
1070;0.6607997;-3.2561142;6.435614
1071;-1.0342951;-3.1986535;5.3438582
1072;0.5746084;-1.043872;5.0278234
1073;-2.4420857;-1.532289;6.215348
1074;0.047884032;-2.1452048;2.7389667
1075;2.1068976;-1.0247183;0.41180268
1076;-0.20111294;-2.3654714;4.7405195
1077;1.8483237;0.29688102;5.985504
1078;1.283292;1.5035586;5.813122
1079;-1.8866309;0.46926352;4.098873
1080;0.7182605;-0.58418524;4.7309427
1081;3.2369606;-0.39264908;6.1866174
1082;2.4516625;0.8714894;8.954314
1083;2.6623523;1.2641385;11.827356
1084;2.8921957;0.8714894;10.429143
1085;4.213795;0.8523358;9.32781
1086;0.6895301;1.3982137;10.266336
1087;-1.6089035;0.31603462;16.922218
1088;2.2601264;1.1971009;16.452953
1089;3.2944214;-2.873042;11.434708
1090;1.4748282;-2.4420857;13.110648
1091;1.5801731;-1.3694834;22.55338
1092;1.388637;-1.3311762;20.475212
1093;3.763685;-0.16280572;13.043611
1094;-3.6008794;-1.2449849;12.53604
1095;-5.66947;-2.8443117;18.215086
1096;2.6144683;-3.371036;17.266983
1097;-2.7102363;-3.3614593;4.3766007
1098;0.076614454;-3.5625722;15.8783455
1099;3.8019924;-0.62249243;26.077644
1100;-6.033388;-0.019153614;6.8186865
1101;-0.10534488;-3.1411927;-6.3302693
1102;0.33518824;0.18195933;12.832921
1103;-12.277467;0.7182605;12.660539
1104;-4.1371803;0.6703765;6.9240313
1105;4.2521024;-1.6472107;-5.889736
1106;-11.798626;-2.6431987;-7.0102224
1107;10.093954;0.11492168;17.477673
1108;4.0318356;-3.715801;2.4420857
1109;-9.586384;-5.094861;-9.844957
1110;-2.5091233;-0.45010993;-5.602432
1111;-4.1946416;4.5394063;8.896853
1112;-3.4380736;1.5705963;3.4955344
1113;-5.5641246;0.40222588;6.6750345
1114;2.0590134;2.7006595;6.253655
1115;1.8579005;1.7046716;11.9614315
1116;2.5761611;-2.135628;11.21444
1117;20.369867;0.9768343;18.406622
1118;1.9536686;-3.2369606;14.767436
1119;4.175488;3.0071173;14.796166
1120;23.022644;1.8291701;10.936713
1121;-0.49799395;-5.985504;18.693928
1122;-9.308656;0.02873042;14.422671
1123;5.45878;-2.1164744;-3.5051112
1124;-6.157887;-7.3549876;4.405331
1125;1.7429788;-12.689269;11.128249
1126;17.832014;-7.2304893;13.101071
1127;3.8402996;-3.1316159;13.110648
1128;6.885724;9.394848;8.781932
1129;5.7365074;-1.5897499;10.716447
1130;0.9864111;-0.6895301;15.495274
1131;5.7365074;1.340753;20.63802
1132;-5.5641246;1.3215994;19.172768
1133;-7.6231384;0.009576807;10.754754
1134;4.4723687;-0.2681506;1.2258313
1135;-12.430696;-2.336741;12.5264635
1136;-11.568783;-1.2737153;19.919758
1137;-1.13964;1.7525556;3.86903
1138;-9.854534;-4.673482;3.0550013
1139;-5.985504;0.8714894;15.820885
1140;5.48751;2.4037786;13.120225
1141;-0.25857377;-0.80445176;7.97748
1142;-2.1068976;-0.076614454;8.37013
1143;-5.2385135;-0.2777274;11.089942
1144;0.91937345;0.076614454;3.083732
1145;-2.0111294;0.5746084;2.9783869
1146;-2.9975405;-0.79487497;8.111555
1147;-0.8714894;1.292869;9.059659
1148;-3.2944214;-1.7238252;3.9743748
1149;-3.4476504;-2.7868507;1.0821792
1150;4.0701427;0.047884032;-1.1971009
1151;0.93852705;-4.673482;7.5465236
1152;5.2480903;0.45010993;5.985504
1153;-0.17238252;-3.1603463;8.101978
1154;-1.9632454;-2.2888567;-6.1770406
1155;7.086837;-1.3982137;4.1659107
1156;5.2768207;-1.8674773;12.363658
1157;8.6574335;-3.86903;13.694834
1158;6.3206925;-1.3120226;11.473015
1159;0.9672575;-2.681506;10.065224
1160;2.5091233;-1.388637;12.813767
1161;7.144298;-0.6799533;21.231781
1162;-1.7908629;-1.0055647;20.101717
1163;6.8761473;6.0046577;24.430433
1164;2.6623523;2.873042;16.606182
1165;-2.8443117;2.6910827;18.80885
1166;6.5505357;5.66947;15.332468
1167;0.095768064;-5.449203;21.432894
1168;-7.881712;1.1492168;18.674774
1169;-4.55856;-1.3982137;11.128249
1170;-5.7365074;-3.1890767;0.20111294
1171;-0.842759;-0.93852705;9.940725
1172;-3.371036;-1.3215994;11.473015
1173;-2.4037786;-4.1659107;6.703765
1174;-0.08619126;-3.821146;0.5554548
1175;-5.947197;-1.6089035;9.5385
1176;-6.042965;-0.1340753;10.496181
1177;-2.7102363;-0.38307226;-4.4436383
1178;-7.575254;-4.175488;5.0278234
1179;-13.215993;0.49799395;8.63828
1180;-4.2904096;-2.72939;-0.5267244
1181;1.2449849;-2.96881;-13.608643
1182;-7.881712;-1.982399;3.8881836
1183;-7.4124484;-0.9864111;19.249382
1184;5.209783;1.2162545;0.7661445
1185;1.7621324;-6.38773;-21.001938
1186;-3.122039;-3.2944214;3.2369606
1187;9.787497;-3.715801;18.013973
1188;10.91756;-2.1068976;-6.5505357
1189;-9.32781;-5.602432;-6.4739213
1190;1.8387469;-1.9632454;-2.1930888
1191;4.1180267;-3.1028855;-0.6799533
1192;6.8186865;2.1739352;7.249643
1193;10.43872;0.842759;22.122423
1194;2.9592333;0.9576807;16.089035
1195;10.927136;5.5258174;20.03468
1196;2.9400797;6.655881;20.800825
1197;-1.4748282;7.6135616;19.306843
1198;18.89504;3.6391866;43.689392
1199;-3.323152;0.60333884;16.357185
1200;2.834735;15.342045;24.947582
1201;19.306843;7.52737;40.375816
1202;-5.209783;-0.5746084;24.909275
1203;3.074155;1.9919758;4.501099
1204;1.6280571;-2.4516625;2.1164744
1205;-9.308656;-1.6472107;17.477673
1206;3.5434184;3.4955344;21.432894
1207;-0.50757074;0.009576807;9.050082
1208;-9.758766;-1.5035586;4.156334
1209;0.37349546;1.3024458;6.4643445
1210;-1.3599066;-0.8619126;11.693281
1211;-7.52737;1.0534488;9.835381
1212;-7.28795;2.078167;10.649409
1213;-3.7924154;0.82360536;9.078813
1214;0.9768343;-0.49799395;8.054094
1215;-3.667917;-0.60333884;7.2304893
1216;-3.3806129;-1.292869;9.155427
1217;2.7389667;0.5363012;5.6982
1218;-6.9048777;-2.2505496;6.167464
1219;-2.2122424;-0.5267244;3.7732618
1220;5.554548;-0.10534488;5.133168
1221;-8.379706;-1.6376339;10.381259
1222;2.96881;0.8619126;11.990162
1223;8.772355;-1.6376339;3.86903
1224;-5.5162406;-0.20111294;7.2783732
1225;3.7062242;0.009576807;8.025364
1226;3.7349546;-3.715801;11.042058
1227;-5.2385135;-1.388637;8.178593
1228;-2.7102363;-0.7661445;6.3589997
1229;2.5953147;-0.82360536;5.1906295
1230;-3.8498764;-1.0055647;9.557653
1231;0.20111294;0.19153613;9.662998
1232;3.1890767;-0.46926352;11.032481
1233;-1.0726024;0.7086837;15.68681
1234;1.3503298;1.1204864;14.250289
1235;1.13964;0.08619126;9.155427
1236;1.3982137;1.0726024;12.497733
1237;2.585738;1.8866309;16.74026
1238;-0.60333884;1.091756;12.593501
1239;0.7469909;0.82360536;9.519346
1240;0.17238252;0.23942018;10.007763
1241;-1.388637;0.36391866;10.745177
1242;4.721366;0.842759;12.545617
1243;-0.90021986;0.1436521;14.077906
1244;-0.8331822;0.32561144;10.907983
1245;1.9057846;-0.06703765;6.5218053
1246;-1.043872;-1.0151415;9.471462
1247;3.6487634;0.39264908;10.783484
1248;-2.7485435;-1.5131354;9.940725
1249;-0.29688102;0.05746084;9.490616
1250;-0.8810662;-1.6376339;5.7365074
1251;-1.541866;-1.934515;4.654328
1252;3.5051112;-0.2681506;9.299079
1253;-1.8866309;-0.4213795;12.909535
1254;1.2354081;-0.35434186;8.39886
1255;2.3175871;-1.292869;4.903325
1256;-2.719813;-1.043872;8.935161
1257;1.5705963;0.35434186;10.199299
1258;2.27928;-0.06703765;12.53604
1259;-3.0454245;0.30645782;11.070788
1260;0.4309563;0.6799533;8.456321
1261;-0.4405331;-0.80445176;8.7532015
1262;1.4652514;0.7182605;13.120225
1263;0.30645782;0.23942018;14.393941
1264;-1.8195933;0.4213795;9.548077
1265;0.80445176;-0.5363012;8.226477
1266;0.78529817;0.08619126;12.794614
1267;0.46926352;0.46926352;12.880805
1268;1.4173675;0.39264908;11.482592
1269;-1.2258313;0.2873042;9.854534
1270;-3.7445314;0.009576807;8.916007
1271;-0.842759;-0.80445176;7.651869
1272;0.2681506;-0.61291564;7.8050976
1273;-1.5227122;-0.25857377;11.425131
1274;1.1013328;0.47884035;9.394848
1275;0.60333884;-0.8619126;7.3645644
1276;-0.076614454;-0.641646;10.084377
1277;3.41892;-0.25857377;9.768343
1278;0.6799533;-0.7278373;11.252748
1279;-2.1260512;0.02873042;11.33894
1280;-3.2561142;0.06703765;8.082825
1281;-1.5514427;-0.5746084;6.157887
1282;-3.0933087;-0.15322891;9.021352
1283;0.46926352;0.63206923;11.769896
1284;3.667917;-1.1971009;9.308656
1285;0.8714894;-0.4309563;9.251195
1286;0.8810662;-0.6991069;9.586384
1287;3.6583402;-1.1013328;8.858546
1288;1.7525556;-0.9672575;12.181698
1289;-4.7884035;-0.15322891;12.603078
1290;-1.388637;0.49799395;7.28795
1291;-2.585738;-1.3311762;4.003105
1292;-2.5091233;0.36391866;10.46745
1293;2.4708161;0.5363012;13.982138
1294;0.8714894;-0.8523358;10.141838
1295;0.40222588;-0.51714754;8.293514
1296;2.5570073;0.7278373;12.162544
1297;0.9864111;-0.59376204;12.143391
1298;2.1452048;-0.17238252;10.151415
1299;-1.0055647;-0.63206923;12.363658
1300;-4.606444;-0.45010993;11.243171
1301;-1.0534488;-0.7182605;4.865018
1302;-2.72939;-1.2258313;6.885724
1303;-0.35434186;0.2873042;14.872781
1304;2.6431987;0.24899697;14.202404
1305;1.7525556;-0.40222588;6.3781533
1306;2.2409728;-0.6512229;9.356541
1307;1.9440918;-0.08619126;10.199299
1308;2.183512;-0.076614454;11.664551
1309;1.541866;-0.5554548;10.237606
1310;-4.185065;0.51714754;11.271901
1311;-1.484405;0.90979666;8.590396
1312;-1.1683705;-0.41180268;4.3478703
1313;-0.31603462;-0.7661445;8.66701
1314;0.81402856;-0.12449849;14.106636
1315;-0.9768343;-0.62249243;11.300632
1316;2.4133554;-0.45968673;3.8594532
1317;2.3175871;-1.1683705;8.37013
1318;0.5554548;0.038307227;14.4130945
1319;4.5298295;0.6895301;13.426683
1320;-0.9768343;-0.7278373;8.599973
1321;-4.2521024;-0.5746084;8.743625
1322;-0.8331822;-0.7278373;8.791509
1323;-0.61291564;-0.25857377;7.0102224
1324;0.23942018;-0.30645782;12.124237
1325;-0.6799533;0.05746084;12.53604
1326;-0.81402856;-0.7374141;6.9623384
1327;2.633622;-0.5746084;6.943185
1328;0.34476504;-0.41180268;12.095507
1329;2.719813;0.7182605;11.559206
1330;1.8004397;-0.0;9.260772
1331;-4.2904096;-0.7469909;9.481039
1332;-1.340753;0.46926352;7.690176
1333;-0.8619126;-0.076614454;7.967903
1334;-2.930503;0.2873042;11.3964
1335;1.3503298;1.2449849;12.641385
1336;0.45010993;0.23942018;11.329363
1337;2.432509;1.0055647;9.32781
1338;2.3750482;0.20111294;10.496181
1339;3.7828386;0.46926352;13.455414
1340;2.087744;-0.18195933;12.29662
1341;-2.7485435;-0.30645782;9.32781
1342;-3.2465374;-0.62249243;7.374141
1343;-2.2122424;-0.29688102;8.111555
1344;-1.1587936;0.35434186;9.911995
1345;-0.82360536;-0.4405331;10.745177
1346;1.1013328;-0.7757214;9.931149
1347;1.0342951;-0.6512229;8.101978
1348;-0.4309563;-1.0342951;9.174581
1349;3.2752678;-0.095768064;9.758766
1350;3.2273839;-0.18195933;11.9614315
1351;-4.7884035;-1.0055647;9.998186
1352;-0.5650316;-0.2777274;6.6654577
1353;0.02873042;-0.89064306;7.843405
1354;-4.9895163;-1.091756;11.731588
1355;1.7621324;0.06703765;10.25676
1356;-1.4077905;-0.20111294;10.793061
1357;-1.3599066;-1.0151415;11.568783
1358;2.3080103;0.51714754;9.500193
1359;1.6280571;0.095768064;10.965444
1360;1.7717092;0.17238252;13.187263
1361;2.3175871;0.545878;12.411542
1362;-1.2449849;-0.12449849;10.821792
1363;-0.22984336;0.18195933;8.39886
1364;-1.982399;-0.2873042;6.196194
1365;-0.8331822;-0.4309563;10.314221
1366;-0.23942018;-0.34476504;13.723564
1367;-0.06703765;-1.388637;7.4028716
1368;0.62249243;-2.0494366;3.572149
1369;2.135628;0.4405331;8.63828
1370;2.135628;-0.33518824;11.884817
1371;3.2848446;-1.4939818;8.628703
1372;-1.2162545;-1.292869;8.111555
1373;-2.3463178;-0.17238252;9.126697
1374;-0.11492168;-0.7278373;4.8267107
1375;0.05746084;-0.7086837;8.590396
1376;-3.323152;0.2681506;14.010868
1377;-0.79487497;0.009576807;11.722012
1378;2.6144683;-0.7278373;3.7828386
1379;-0.9672575;0.019153614;10.879252
1380;1.2545617;0.46926352;12.899959
1381;4.8937483;0.30645782;14.231135
1382;-2.030283;-0.1436521;9.797073
1383;-1.541866;0.5267244;13.350069
1384;1.1587936;0.095768064;11.81778
1385;-3.1890767;-0.2873042;8.772355
1386;0.62249243;0.50757074;10.764331
1387;-0.5650316;-0.25857377;14.528016
1388;-2.6719291;-0.545878;9.279925
1389;2.719813;-0.6703765;5.9184666
1390;0.842759;-0.0;12.497733
1391;3.4572272;0.21068975;13.953407
1392;2.0973208;-1.1109096;5.659893
1393;-0.5746084;-0.29688102;6.3589997
1394;-3.0071173;-0.02873042;11.425131
1395;-2.2409728;-0.24899697;9.931149
1396;-1.3024458;0.41180268;4.4915223
1397;-3.2752678;-0.46926352;9.193734
1398;-0.8810662;-1.2449849;8.2169
1399;2.7868507;-0.93852705;4.098873
1400;0.32561144;0.23942018;11.36767
1401;2.3558946;0.7086837;14.614207
1402;2.815581;-0.58418524;10.0269165
1403;0.6703765;-0.48841715;8.00621
1404;-3.0358477;-1.5131354;10.093954
1405;-0.8619126;-1.388637;9.107543
1406;-2.873042;-1.4748282;9.902418
1407;-2.4708161;0.9576807;13.388376
1408;-3.1316159;-0.49799395;11.683704
1409;1.8387469;-1.0726024;4.912902
1410;1.8483237;-0.48841715;10.266336
1411;2.1739352;-0.7374141;15.619772
1412;5.544971;-0.019153614;15.016433
1413;3.2082303;-2.4708161;10.314221
1414;-0.22984336;-1.2545617;8.839393
1415;-1.4939818;-0.10534488;9.452309
1416;-3.514688;-0.7757214;10.323798
1417;-1.2162545;0.48841715;9.232041
1418;-3.6870706;-0.18195933;10.218452
1419;-0.19153613;-0.10534488;7.575254
1420;2.4612393;-1.5514427;7.632715
1421;3.8498764;-0.37349546;11.444284
1422;4.807557;-0.7374141;12.737153
1423;2.4420857;-1.0534488;9.346964
1424;1.5897499;-0.6607997;7.4028716
1425;-0.17238252;-1.3024458;9.682152
1426;-0.9864111;0.019153614;7.795521
1427;-2.0590134;-0.94810385;8.743625
1428;-0.31603462;0.17238252;11.3964
1429;-3.9743748;-0.7374141;8.743625
1430;-0.2681506;-0.36391866;5.056554
1431;2.1739352;0.25857377;7.1251445
1432;1.7238252;-0.22026655;12.919112
1433;3.0933087;0.6607997;12.344504
1434;-0.15322891;-0.5650316;10.419566
1435;2.6144683;0.21068975;9.155427
1436;-1.292869;-0.46926352;11.712435
1437;-3.122039;0.5363012;11.63582
1438;-0.35434186;0.47884035;10.94629
1439;-4.0318356;-0.61291564;10.371682
1440;-3.1986535;-0.82360536;7.747637
1441;0.5363012;-1.7717092;7.1730285
1442;2.6144683;-1.2162545;10.764331
1443;2.566584;-0.31603462;13.503298
1444;1.292869;-0.23942018;12.162544
1445;1.8866309;-0.2873042;8.283937
1446;-3.3039982;-0.80445176;9.969456
1447;0.17238252;0.33518824;11.042058
1448;-0.2681506;0.51714754;11.3964
1449;-6.253655;-0.5267244;10.266336
1450;2.6910827;1.8866309;8.829816
1451;1.0151415;-0.90979666;5.046977
1452;-2.5570073;0.095768064;11.434708
1453;9.040505;1.0342951;12.861651
1454;2.1643584;-0.58418524;9.452309
1455;-3.821146;-1.0247183;6.0716953
1456;-0.47884035;0.20111294;8.293514
1457;-2.1547816;0.15322891;9.3661175
1458;-3.8307228;1.3982137;13.215993
1459;-1.9057846;1.541866;12.966996
1460;2.9879637;0.7374141;5.267244
1461;1.532289;-1.1587936;8.772355
1462;2.6048915;-0.21068975;13.522451
1463;2.72939;-0.0;10.515334
1464;0.1436521;-0.24899697;6.588843
1465;-2.384625;0.02873042;11.808203
1466;-2.4995465;0.50757074;8.896853
1467;-0.9672575;-1.1204864;7.6231384
1468;-0.06703765;-1.043872;10.534488
1469;-1.7908629;-0.06703765;13.254301
1470;0.076614454;0.12449849;7.393295
1471;0.5746084;-0.8714894;8.465898
1472;0.7374141;0.32561144;13.618219
1473;1.1492168;0.2873042;10.5919485
1474;3.4572272;-1.0151415;6.646304
1475;0.12449849;-0.2873042;9.998186
1476;-0.90979666;0.6703765;14.528016
1477;-2.5091233;1.2162545;11.310209
1478;-4.606444;0.91937345;7.3645644
1479;-1.7717092;-0.15322891;11.33894
1480;-1.7142484;0.89064306;10.601525
1481;0.8810662;-0.038307227;8.887277
1482;2.681506;-0.24899697;12.152967
1483;-0.5650316;-0.25857377;13.704411
1484;6.5218053;-0.9864111;6.847417
1485;-0.40222588;-2.6240451;5.363012
1486;-0.641646;0.5746084;11.377247
1487;0.12449849;-1.7046716;12.0093155
1488;-6.9048777;-0.91937345;5.93762
1489;-4.5298295;-1.4077905;7.441179
1490;2.2984335;-1.3215994;11.099519
1491;-3.217807;-0.19153613;7.920019
1492;5.104438;-1.9728222;7.8529816
1493;4.711789;-2.2122424;11.81778
1494;0.25857377;-0.50757074;14.221559
1495;4.3861775;-1.1779473;10.314221
1496;-1.5801731;-1.4939818;5.45878
1497;-1.5514427;-1.3215994;10.94629
1498;-0.38307226;-0.5267244;13.694834
1499;-5.2385135;-0.9959879;8.676587
1500;1.1109096;-1.532289;6.1004257
1501;-2.9592333;-2.4899697;11.434708
1502;2.9783869;-1.436521;11.434708
1503;0.7374141;-2.566584;8.207323
1504;-1.1875241;-2.6144683;9.988609
1505;0.076614454;-2.5761611;12.449849
1506;1.6472107;-2.6048915;9.011775
1507;0.9959879;-0.90021986;9.605537
1508;-3.1507695;-0.9768343;12.152967
1509;-0.94810385;-1.0821792;9.548077
1510;-3.2273839;-2.0398598;8.676587
1511;-1.6950948;-2.030283;11.453861
1512;1.2449849;-0.7565677;11.348516
1513;-1.4939818;-1.8291701;10.065224
1514;-0.91937345;-1.436521;9.969456
1515;1.9536686;-2.0973208;7.4028716
1516;-1.5227122;-3.0071173;8.743625
1517;1.8100165;-1.6472107;10.965444
1518;-0.08619126;-1.283292;11.693281
1519;-2.1547816;-2.4037786;5.535394
1520;1.3790601;-0.6703765;9.854534
1521;-0.51714754;-1.5801731;14.60463
1522;3.4859576;-1.0630256;10.04607
1523;-0.8523358;-1.541866;6.8665705
1524;-3.1603463;-0.8619126;11.683704
1525;2.9592333;-2.087744;8.90643
1526;-1.5993267;-2.6910827;4.999093
1527;5.497087;0.076614454;12.488156
1528;-4.223372;-1.1204864;12.756307
1529;3.0933087;-0.076614454;5.305551
1530;2.0590134;-1.2066777;10.333375
1531;-8.916007;-1.6280571;14.221559
1532;8.542512;1.0534488;6.703765
1533;-1.532289;-2.183512;5.5258174
1534;-8.054094;-0.40222588;15.763424
1535;10.43872;1.1683705;10.371682
1536;-3.6296098;-3.8498764;2.930503
1537;-0.37349546;0.38307226;11.731588
1538;4.7022123;-1.5801731;9.816227
1539;-3.4859576;-3.6104562;4.951209
1540;-0.12449849;-0.8331822;9.299079
1541;0.9959879;-0.9672575;12.095507
1542;-0.41180268;-0.25857377;10.754754
1543;2.078167;-1.1204864;11.195287
1544;-1.3503298;-1.091756;13.905523
1545;-0.9959879;-0.22984336;12.076353
1546;-1.484405;-0.80445176;10.582372
1547;-2.2218192;-0.12449849;11.032481
1548;-0.29688102;-0.23942018;9.576807
1549;0.5746084;-1.388637;10.496181
1550;-0.22026655;-0.32561144;10.984597
1551;-0.02873042;-0.89064306;8.820239
1552;0.05746084;-1.0821792;8.8777
1553;-0.5554548;-0.12449849;12.076353
1554;0.9864111;-0.20111294;11.425131
1555;0.076614454;-0.45010993;7.3071036
1556;1.8100165;0.05746084;11.587936
1557;-1.6472107;-1.9153614;13.254301
1558;-0.60333884;-1.6376339;4.5681367
1559;-0.41180268;-1.4460979;7.8912888
1560;-4.1946416;-1.2258313;12.698846
1561;2.27928;-0.7086837;6.5218053
1562;-1.2162545;-3.2082303;1.1300632
1563;-1.2354081;-1.6567876;12.545617
1564;2.1068976;-1.1109096;10.524911
1565;0.33518824;-1.484405;8.236053
1566;-2.4229321;-0.49799395;9.730036
1567;2.4516625;0.11492168;10.007763
1568;2.2026656;-0.81402856;12.77546
1569;-0.51714754;-0.47884035;14.135366
1570;1.9536686;-1.0247183;11.951855
1571;-1.8962077;-0.49799395;10.28549
1572;-3.4380736;-0.5267244;10.869676
1573;0.19153613;-0.46926352;13.072341
1574;-1.6950948;-1.2258313;11.999739
1575;-0.45968673;-0.23942018;9.576807
1576;1.982399;-2.2697031;7.9870567
1577;0.7757214;-3.4572272;6.943185
1578;1.2066777;-3.2465374;7.4603324
1579;0.48841715;-2.6431987;9.433155
1580;1.436521;-1.5801731;9.040505
1581;-3.4093432;-1.6280571;8.66701
1582;1.1013328;-0.90021986;8.485051
1583;-2.3080103;-2.0015526;10.237606
1584;1.2258313;-0.9672575;11.444284
1585;-2.2122424;-1.8004397;10.94629
1586;-2.7964275;-1.1875241;8.293514
1587;0.4405331;-1.1971009;9.136273
1588;-2.7389667;-1.1013328;11.923124
1589;-0.7565677;-0.45010993;12.737153
1590;1.388637;-1.0726024;10.0269165
1591;0.02873042;-1.8770541;9.155427
1592;2.231396;-2.0590134;9.184157
1593;3.1507695;-3.7732618;8.312668
1594;-1.9249382;-3.064578;9.835381
1595;-1.5035586;-1.5610195;8.90643
1596;-2.2026656;-1.9057846;8.1881695
1597;0.05746084;-2.2601264;8.025364
1598;-2.27928;-2.719813;9.308656
1599;1.2737153;-2.4516625;9.959879
1600;-2.0590134;-2.4420857;9.797073
1601;-0.29688102;-1.3790601;10.697293
1602;-1.1587936;-0.7757214;9.787497
1603;-1.4077905;-0.5267244;10.247183
1604;-0.06703765;0.7661445;12.928689
1605;-1.6089035;-0.19153613;13.532028
1606;-0.047884032;-0.40222588;9.471462
1607;-0.31603462;-0.6799533;9.11712
1608;0.62249243;-1.5897499;11.81778
1609;2.8060043;-1.283292;10.91756
1610;-1.0342951;-1.4556746;7.651869
1611;-0.51714754;-2.1643584;8.283937
1612;0.33518824;-1.3790601;7.4124484
1613;-2.1643584;-1.4939818;8.801085
1614;-0.49799395;-2.0398598;8.39886
1615;-0.51714754;-2.1930888;5.803545
1616;0.10534488;-3.3997664;7.441179
1617;2.5378537;-2.6048915;9.80665
1618;0.34476504;-2.4229321;9.998186
1619;3.1890767;-1.9440918;12.028469
1620;0.45968673;-1.283292;10.228029
1621;-1.8387469;-0.9768343;10.065224
1622;2.3942018;-0.22026655;11.674128
1623;-2.336741;0.2777274;13.771448
1624;-2.9113493;0.61291564;12.756307
1625;0.91937345;-0.46926352;9.634268
1626;-1.3024458;-0.39264908;10.113108
1627;1.5705963;-0.34476504;13.369223
1628;2.633622;-1.0821792;11.645397
1629;0.23942018;-1.2545617;10.6398325
1630;-1.292869;-1.388637;9.528923
1631;-1.7717092;-1.5801731;8.025364
1632;-1.7142484;-1.3120226;9.021352
1633;-4.501099;-1.4460979;9.548077
1634;-2.8538885;-1.484405;7.536947
1635;0.5650316;-2.432509;6.445191
1636;-2.3558946;-2.4899697;8.6574335
1637;3.3901896;-1.283292;9.528923
1638;0.89064306;-1.283292;9.768343
1639;-0.15322891;-1.388637;9.80665
1640;-0.5650316;-1.4939818;8.197746
1641;-0.17238252;-1.5801731;8.437167
1642;0.4213795;-1.0151415;10.505757
1643;-1.8195933;-1.1013328;11.042058
1644;0.49799395;-1.3790601;10.342952
1645;0.38307226;-1.982399;8.7532015
1646;0.78529817;-1.9153614;10.28549
1647;1.340753;-2.0015526;12.919112
1648;3.0071173;-1.1013328;9.739613
1649;-3.8594532;-1.733402;10.965444
1650;1.5514427;-0.7565677;10.936713
1651;-0.5554548;-1.6089035;9.155427
1652;-2.183512;-1.6376339;10.084377
1653;0.60333884;-0.8810662;10.1226845
1654;-0.89064306;-1.6567876;9.873688
1655;-1.1013328;-1.4556746;9.787497
1656;-1.043872;-2.078167;8.485051
1657;-1.9632454;-2.3080103;7.9391727
1658;-0.095768064;-2.1739352;8.456321
1659;-0.8523358;-2.0111294;9.490616
1660;-0.7469909;-1.7046716;9.672575
1661;0.34476504;-1.7429788;9.452309
1662;-1.3982137;-1.7046716;9.595961
1663;0.91937345;-1.5514427;10.160992
1664;-1.6089035;-1.7238252;9.787497
1665;1.1204864;-1.2258313;11.252748
1666;0.24899697;-2.0111294;10.563218
1667;-0.4213795;-2.1164744;9.030929
1668;0.9672575;-2.0973208;10.275913
1669;0.61291564;-2.183512;10.773908
1670;-0.06703765;-1.9728222;11.271901
1671;0.23942018;-2.384625;9.998186
1672;0.34476504;-2.566584;8.839393
1673;-0.5746084;-2.4037786;9.959879
1674;0.5267244;-2.0973208;10.888829
1675;-0.7086837;-1.8770541;10.371682
1676;-0.21068975;-1.2449849;9.864111
1677;-0.58418524;-1.4460979;10.955867
1678;1.0534488;-1.5897499;10.46745
1679;0.12449849;-1.9632454;10.716447
1680;-0.6607997;-2.2409728;10.007763
1681;-0.06703765;-2.327164;9.222465
1682;-1.8100165;-2.4037786;9.14585
1683;-1.0630256;-2.183512;9.002198
1684;-2.528277;-2.5091233;8.034941
1685;-2.0111294;-2.183512;8.532935
1686;-0.91937345;-2.480393;8.935161
1687;-2.087744;-2.0494366;8.236053
1688;0.2777274;-1.8004397;8.963891
1689;-1.1875241;-1.5897499;9.653421
1690;0.095768064;-1.0534488;9.701305
1691;-0.48841715;-0.8619126;10.342952
1692;-0.6512229;-0.4405331;10.611102
1693;-0.641646;-0.36391866;10.132261
1694;-0.047884032;-0.40222588;10.0748005
1695;-0.2873042;-0.41180268;10.7356
1696;-0.30645782;-0.40222588;10.67814
1697;-0.076614454;-0.63206923;10.113108
1698;-0.49799395;-0.842759;10.1226845
1699;1.1204864;-0.6512229;10.5919485
1700;-0.20111294;-0.90979666;10.362105
1701;1.1971009;-0.58418524;11.271901
1702;-0.61291564;-0.90979666;11.262324
1703;-0.06703765;-0.8331822;10.093954
1704;-0.11492168;-0.9576807;10.658986
1705;0.32561144;-0.8714894;10.668563
1706;-0.1340753;-1.1683705;9.80665
1707;0.25857377;-1.2449849;9.461885
1708;0.22984336;-1.340753;9.80665
1709;0.35434186;-1.3599066;9.481039
1710;-0.047884032;-1.2258313;9.193734
1711;-0.36391866;-1.2641385;9.203311
1712;-0.4405331;-1.1492168;9.394848
1713;-0.5363012;-1.0534488;9.710882
1714;-0.641646;-1.0151415;9.854534
1715;-0.33518824;-1.0247183;9.911995
1716;-0.22026655;-0.9959879;10.228029
1717;-0.11492168;-0.91937345;10.601525
1718;-0.37349546;-1.0534488;10.505757
1719;-0.58418524;-1.2066777;10.160992
1720;-0.89064306;-1.3215994;10.228029
1721;-0.8523358;-1.3024458;9.921572
1722;-0.7374141;-1.4460979;9.730036
1723;-0.6703765;-1.4556746;9.662998
1724;-0.5267244;-1.5227122;9.557653
1725;-0.22984336;-1.541866;9.461885
1726;-0.4405331;-1.532289;9.662998
1727;-0.59376204;-1.5035586;9.624691
1728;-0.62249243;-1.4748282;9.346964
1729;-0.78529817;-1.7525556;9.481039
1730;-0.4309563;-1.6950948;9.375694
1731;-0.45968673;-1.8866309;9.279925
1732;-0.23942018;-1.8866309;9.586384
1733;-0.50757074;-1.8674773;9.730036
1734;-0.2681506;-1.9536686;9.490616
1735;-0.20111294;-1.9057846;9.816227
1736;-0.63206923;-1.8579005;10.208876
1737;-0.34476504;-1.8579005;9.902418
1738;-0.31603462;-1.9249382;9.844957
1739;-0.2873042;-2.0398598;10.141838
1740;-0.21068975;-2.1260512;10.036493
1741;-0.2777274;-2.1164744;9.940725
1742;-0.16280572;-2.2122424;10.247183
1743;-0.22984336;-2.2697031;10.007763
1744;-0.1340753;-2.3558946;9.730036
1745;-0.22984336;-2.3942018;10.141838
1746;-0.22984336;-2.4037786;9.902418
1747;-0.019153614;-2.4612393;9.576807
1748;-0.15322891;-2.4420857;9.940725
1749;-0.22984336;-2.4037786;9.892841
1750;0.10534488;-2.384625;9.509769
1751;-0.20111294;-2.3750482;9.768343
1752;-0.12449849;-2.2505496;9.988609
1753;-0.16280572;-2.1068976;9.758766
1754;-0.17238252;-2.1260512;9.921572
1755;-0.08619126;-1.982399;10.036493
1756;-0.2873042;-1.8195933;10.0269165
1757;-0.095768064;-1.6376339;9.950302
1758;-0.35434186;-1.7525556;10.295067
1759;-0.39264908;-1.6376339;9.959879
1760;-0.31603462;-1.5035586;9.969456
1761;-0.4213795;-1.4269443;10.113108
1762;-0.4309563;-1.340753;9.873688
1763;-0.2777274;-1.4652514;9.77792
1764;-0.49799395;-1.4269443;9.940725
1765;-0.16280572;-1.2258313;9.864111
1766;-0.47884035;-1.3503298;9.77792
1767;-0.51714754;-1.2641385;9.816227
1768;-0.38307226;-1.1587936;9.940725
1769;-0.39264908;-1.1683705;9.844957
1770;-0.2681506;-1.0151415;9.921572
1771;-0.2681506;-0.9768343;9.950302
1772;-0.23942018;-0.8810662;9.969456
1773;-0.2873042;-0.7182605;9.959879
1774;-0.33518824;-0.60333884;9.988609
1775;-0.2681506;-0.61291564;9.9790325
1776;-0.35434186;-0.545878;10.04607
1777;-0.34476504;-0.50757074;9.969456
1778;-0.24899697;-0.51714754;9.998186
1779;-0.32561144;-0.49799395;9.902418
1780;-0.30645782;-0.46926352;9.864111
1781;-0.31603462;-0.48841715;9.854534
1782;-0.29688102;-0.48841715;9.835381
1783;-0.34476504;-0.45968673;9.921572
1784;-0.2681506;-0.51714754;9.816227
1785;-0.29688102;-0.45010993;9.940725
1786;-0.32561144;-0.47884035;9.911995
1787;-0.2681506;-0.41180268;9.854534
1788;-0.2873042;-0.4405331;9.873688
1789;-0.2873042;-0.45010993;9.892841
1790;-0.30645782;-0.47884035;9.892841
1791;-0.31603462;-0.46926352;9.854534
1792;-0.2873042;-0.45968673;9.854534
1793;-0.32561144;-0.45968673;9.816227
1794;-0.30645782;-0.4405331;9.854534
1795;-0.32561144;-0.47884035;9.921572
1796;-0.31603462;-0.48841715;9.931149
1797;-0.2873042;-0.50757074;9.864111
1798;-0.2777274;-0.50757074;9.873688
1799;-0.2681506;-0.47884035;9.911995
1800;-0.35434186;-0.4405331;9.864111
1801;-0.29688102;-0.5267244;9.825804
1802;-0.33518824;-0.46926352;9.816227
1803;-0.2873042;-0.45968673;9.969456
1804;-0.30645782;-0.45010993;9.854534
1805;-0.2873042;-0.45010993;9.816227
1806;-0.2873042;-0.50757074;9.969456
1807;-0.30645782;-0.4213795;9.835381
1808;-0.2777274;-0.5267244;9.931149
1809;-0.30645782;-0.47884035;9.787497
1810;-0.2873042;-0.46926352;9.931149
1811;-0.2873042;-0.51714754;9.816227
1812;-0.2681506;-0.47884035;9.864111
1813;-0.30645782;-0.50757074;9.873688
1814;-0.2681506;-0.47884035;9.854534
1815;-0.29688102;-0.4309563;9.892841
1816;-0.36391866;-0.4405331;9.825804
1817;-0.2777274;-0.46926352;9.931149
1818;-0.31603462;-0.545878;9.873688
1819;-0.33518824;-0.45010993;9.921572
1820;-0.2777274;-0.41180268;9.902418
1821;-0.34476504;-0.49799395;9.883265
1822;-0.32561144;-0.48841715;9.854534
1823;-0.29688102;-0.51714754;9.825804
1824;-0.34476504;-0.38307226;9.892841
1825;-0.30645782;-0.47884035;9.873688
1826;-0.30645782;-0.46926352;9.902418
1827;-0.33518824;-0.4309563;9.902418
1828;-0.2681506;-0.47884035;9.959879
1829;-0.35434186;-0.4309563;9.77792
1830;-0.31603462;-0.46926352;9.864111
1831;-0.34476504;-0.48841715;9.921572
1832;-0.30645782;-0.49799395;9.883265
1833;-0.30645782;-0.49799395;9.892841
1834;-0.25857377;-0.41180268;9.758766
1835;-0.2681506;-0.4213795;9.921572
1836;-0.31603462;-0.51714754;9.873688
1837;-0.34476504;-0.46926352;9.825804
1838;-0.32561144;-0.50757074;9.825804
1839;-0.2777274;-0.45968673;9.854534
1840;-0.29688102;-0.45968673;9.844957
1841;-0.33518824;-0.5267244;9.921572
1842;-0.32561144;-0.46926352;9.864111
1843;-0.31603462;-0.4309563;9.844957
1844;-0.36391866;-0.4405331;9.902418
1845;-0.2873042;-0.5650316;9.883265
1846;-0.31603462;-0.49799395;9.854534
1847;-0.33518824;-0.50757074;9.844957
1848;-0.32561144;-0.4405331;9.873688
1849;-0.39264908;-0.47884035;9.902418
1850;-0.29688102;-0.47884035;9.825804
1851;-0.31603462;-0.51714754;9.844957
1852;-0.31603462;-0.45968673;9.844957
1853;-0.30645782;-0.5363012;9.940725
1854;-0.30645782;-0.46926352;9.844957
1855;-0.2873042;-0.4405331;9.864111
1856;-0.2681506;-0.48841715;9.911995
1857;-0.29688102;-0.45010993;9.911995
1858;-0.25857377;-0.48841715;9.864111
1859;-0.29688102;-0.4405331;9.902418
1860;-0.2681506;-0.45010993;9.911995
1861;-0.29688102;-0.45010993;9.873688
1862;-0.29688102;-0.45968673;9.921572
1863;-0.31603462;-0.45010993;9.950302
1864;-0.31603462;-0.46926352;9.835381
1865;-0.29688102;-0.45968673;9.931149
1866;-0.31603462;-0.5363012;9.959879
1867;-0.32561144;-0.46926352;9.835381
1868;-0.2873042;-0.40222588;9.844957
1869;-0.34476504;-0.49799395;9.921572
1870;-0.32561144;-0.41180268;9.950302
1871;-0.2873042;-0.4309563;9.883265
1872;-0.37349546;-0.4405331;9.854534
1873;-0.30645782;-0.41180268;9.931149
1874;-0.30645782;-0.46926352;9.873688
1875;-0.30645782;-0.45968673;9.902418
1876;-0.32561144;-0.47884035;9.902418
1877;-0.34476504;-0.45968673;9.854534
1878;-0.29688102;-0.48841715;9.902418
1879;-0.29688102;-0.45968673;9.844957
1880;-0.30645782;-0.4213795;9.921572
1881;-0.25857377;-0.47884035;9.902418
1882;-0.32561144;-0.46926352;9.825804
1883;-0.24899697;-0.5363012;9.940725
1884;-0.31603462;-0.48841715;10.0269165
1885;-0.30645782;-0.4405331;9.911995
1886;-0.21068975;-0.4309563;9.787497
1887;-0.34476504;-0.46926352;9.80665
1888;-0.22984336;-0.45968673;9.902418
1889;-0.31603462;-0.46926352;9.921572
1890;-0.23942018;-0.545878;9.854534
1891;-0.30645782;-0.51714754;9.797073
1892;-0.36391866;-0.5363012;9.77792
1893;-0.2873042;-0.46926352;10.132261
1894;-0.4405331;-0.45010993;9.911995
1895;-0.10534488;-0.46926352;9.442732
1896;-0.38307226;-0.4405331;9.959879
