;ay;ax;az
0;0.5363012;0.25857377;9.883265
1;0.58418524;0.2777274;9.921572
2;0.49799395;0.24899697;9.787497
3;0.62249243;0.22984336;9.854534
4;0.48841715;0.2681506;9.892841
5;0.5554548;0.22984336;9.959879
6;0.47884035;0.30645782;9.758766
7;0.6607997;0.2777274;9.56723
8;0.641646;0.24899697;9.921572
9;0.4405331;0.24899697;9.835381
10;0.60333884;0.22026655;9.854534
11;0.4405331;0.25857377;10.065224
12;0.6512229;0.23942018;9.749189
13;0.5650316;0.22984336;9.80665
14;0.5554548;0.17238252;10.04607
15;0.60333884;0.16280572;10.141838
16;0.30645782;0.35434186;9.682152
17;0.93852705;0.22026655;9.548077
18;0.35434186;0.2681506;10.084377
19;0.6607997;0.02873042;10.649409
20;0.48841715;0.2777274;9.988609
21;0.7469909;0.37349546;9.481039
22;0.78529817;0.20111294;9.662998
23;0.12449849;0.11492168;10.840945
24;0.9672575;0.2681506;10.821792
25;0.24899697;0.5267244;9.011775
26;0.641646;0.20111294;9.433155
27;0.58418524;0.2873042;9.844957
28;0.5554548;0.23942018;9.835381
29;0.5267244;0.2873042;9.864111
30;0.5650316;0.22026655;9.892841
31;0.48841715;0.2681506;9.892841
32;0.5650316;0.22984336;9.844957
33;0.50757074;0.25857377;9.902418
34;0.5650316;0.2777274;9.787497
35;0.58418524;0.24899697;9.883265
36;0.5554548;0.25857377;9.873688
37;0.5267244;0.2873042;9.864111
38;0.5267244;0.21068975;9.854534
39;0.545878;0.34476504;9.787497
40;0.60333884;0.24899697;9.892841
41;0.49799395;0.25857377;9.80665
42;0.5746084;0.2777274;9.835381
43;0.59376204;0.22984336;9.80665
44;0.51714754;0.2777274;9.921572
45;0.60333884;0.22984336;9.816227
46;0.5746084;0.2681506;9.835381
47;0.51714754;0.2873042;9.844957
48;0.5650316;0.23942018;9.844957
49;0.5650316;0.2681506;9.844957
50;0.5746084;0.22984336;9.873688
51;0.5363012;0.2873042;9.825804
52;0.5554548;0.2681506;9.864111
53;0.58418524;0.2873042;9.844957
54;0.5363012;0.2777274;9.816227
55;0.5554548;0.24899697;9.854534
56;0.62249243;0.21068975;9.844957
57;0.545878;0.22026655;9.864111
58;0.5746084;0.25857377;9.844957
59;0.545878;0.22984336;9.797073
60;0.5650316;0.34476504;9.911995
61;0.5746084;0.29688102;9.969456
62;0.5650316;0.24899697;9.825804
63;0.58418524;0.24899697;9.835381
64;0.50757074;0.2681506;9.883265
65;0.60333884;0.25857377;9.825804
66;0.5554548;0.24899697;9.825804
67;0.51714754;0.30645782;9.844957
68;0.5554548;0.22026655;9.921572
69;0.48841715;0.24899697;9.883265
70;0.5650316;0.2681506;9.787497
71;0.58418524;0.24899697;9.854534
72;0.5363012;0.2777274;9.883265
73;0.59376204;0.25857377;9.864111
74;0.5363012;0.32561144;9.835381
75;0.5746084;0.24899697;9.873688
76;0.59376204;0.2873042;9.950302
77;0.5267244;0.24899697;9.864111
78;0.5554548;0.20111294;9.883265
79;0.5363012;0.2681506;9.797073
80;0.5554548;0.2681506;9.864111
81;0.58418524;0.2681506;9.854534
82;0.49799395;0.29688102;9.844957
83;0.60333884;0.19153613;9.873688
84;0.51714754;0.2777274;9.768343
85;0.5267244;0.16280572;9.854534
86;0.58418524;0.18195933;9.854534
87;0.59376204;0.24899697;9.835381
88;0.5746084;0.16280572;9.921572
89;0.51714754;0.25857377;9.902418
90;0.5746084;0.23942018;9.854534
91;0.58418524;0.22026655;9.854534
92;0.5267244;0.25857377;9.883265
93;0.59376204;0.22026655;9.902418
94;0.46926352;0.2681506;9.864111
95;0.63206923;0.21068975;9.873688
96;0.5363012;0.24899697;9.864111
97;0.5267244;0.31603462;9.825804
98;0.5746084;0.2681506;9.825804
99;0.5267244;0.2681506;9.892841
100;0.5554548;0.2681506;9.873688
101;0.5554548;0.23942018;9.873688
102;0.49799395;0.33518824;9.844957
103;0.59376204;0.20111294;9.883265
104;0.5267244;0.25857377;9.816227
105;0.59376204;0.20111294;9.844957
106;0.51714754;0.2777274;9.911995
107;0.49799395;0.33518824;9.816227
108;0.5554548;0.29688102;9.854534
109;0.5554548;0.30645782;9.844957
110;0.51714754;0.24899697;9.873688
111;0.51714754;0.29688102;9.854534
112;0.545878;0.2681506;9.864111
113;0.51714754;0.2777274;9.873688
114;0.545878;0.24899697;9.921572
115;0.61291564;0.22984336;9.816227
116;0.5650316;0.24899697;9.835381
117;0.50757074;0.24899697;9.864111
118;0.63206923;0.22026655;9.892841
119;0.49799395;0.25857377;9.835381
120;0.5746084;0.2777274;9.854534
121;0.5267244;0.30645782;9.931149
122;0.5554548;0.24899697;9.873688
123;0.641646;0.22984336;9.825804
124;0.48841715;0.2777274;9.873688
125;0.59376204;0.21068975;9.816227
126;0.5746084;0.21068975;9.854534
127;0.545878;0.2681506;9.864111
128;0.5746084;0.2777274;9.816227
129;0.5554548;0.2777274;9.854534
130;0.5554548;0.21068975;9.902418
131;0.5554548;0.24899697;9.873688
132;0.48841715;0.29688102;9.825804
133;0.5746084;0.16280572;9.873688
134;0.49799395;0.22026655;9.825804
135;0.50757074;0.20111294;9.931149
136;0.5554548;0.25857377;9.825804
137;0.5746084;0.24899697;9.787497
138;0.5363012;0.18195933;9.9790325
139;0.5363012;0.22026655;9.825804
140;0.5363012;0.25857377;9.749189
141;0.59376204;0.22026655;9.835381
142;0.46926352;0.33518824;9.873688
143;0.6607997;0.21068975;9.825804
144;0.50757074;0.22984336;9.883265
145;0.61291564;0.22026655;9.835381
146;0.59376204;0.22984336;9.902418
147;0.545878;0.2681506;9.835381
148;0.6703765;0.20111294;9.864111
149;0.45968673;0.25857377;9.892841
150;0.5554548;0.20111294;9.825804
151;0.58418524;0.25857377;9.864111
152;0.48841715;0.2873042;9.825804
153;0.60333884;0.21068975;9.844957
154;0.51714754;0.25857377;9.864111
155;0.58418524;0.24899697;9.950302
156;0.545878;0.2681506;9.883265
157;0.545878;0.2777274;9.797073
158;0.5554548;0.2777274;9.864111
159;0.48841715;0.2777274;9.844957
160;0.58418524;0.22984336;9.902418
161;0.61291564;0.2777274;9.80665
162;0.49799395;0.29688102;9.892841
163;0.60333884;0.25857377;9.854534
164;0.5650316;0.2777274;9.873688
165;0.59376204;0.23942018;9.816227
166;0.545878;0.23942018;9.911995
167;0.5650316;0.2777274;9.873688
168;0.58418524;0.2681506;9.844957
169;0.5363012;0.33518824;9.854534
170;0.58418524;0.2777274;9.844957
171;0.48841715;0.31603462;9.892841
172;0.545878;0.2777274;9.844957
173;0.5650316;0.23942018;9.758766
174;0.5267244;0.2777274;9.854534
175;0.61291564;0.23942018;9.864111
176;0.5650316;0.25857377;9.864111
177;0.48841715;0.2681506;9.854534
178;0.62249243;0.2777274;9.864111
179;0.48841715;0.30645782;9.883265
180;0.5267244;0.23942018;9.873688
181;0.5363012;0.2681506;9.873688
182;0.5554548;0.24899697;9.816227
183;0.545878;0.23942018;9.892841
184;0.5267244;0.25857377;9.864111
185;0.5363012;0.24899697;9.854534
186;0.5746084;0.22026655;9.883265
187;0.50757074;0.2681506;9.835381
188;0.5650316;0.20111294;9.797073
189;0.5650316;0.25857377;9.854534
190;0.50757074;0.19153613;9.854534
191;0.545878;0.19153613;9.854534
192;0.5650316;0.23942018;9.835381
193;0.62249243;0.22984336;9.844957
194;0.5267244;0.20111294;9.883265
195;0.5267244;0.23942018;9.835381
196;0.5554548;0.23942018;9.921572
197;0.5554548;0.2681506;9.854534
198;0.5554548;0.22026655;9.835381
199;0.5554548;0.15322891;9.873688
200;0.5746084;0.19153613;9.80665
201;0.5267244;0.20111294;9.902418
202;0.48841715;0.2681506;9.835381
203;0.59376204;0.18195933;9.902418
204;0.51714754;0.1436521;9.921572
205;0.5363012;0.23942018;9.816227
206;0.63206923;0.22026655;9.825804
207;0.50757074;0.2681506;9.892841
208;0.5650316;0.20111294;9.835381
209;0.60333884;0.20111294;9.825804
210;0.5267244;0.20111294;9.883265
211;0.51714754;0.20111294;9.873688
212;0.51714754;0.23942018;9.892841
213;0.60333884;0.18195933;9.864111
214;0.5363012;0.2681506;9.816227
215;0.5554548;0.25857377;9.883265
216;0.5363012;0.30645782;9.902418
217;0.5363012;0.25857377;9.844957
218;0.5267244;0.31603462;9.873688
219;0.49799395;0.2681506;9.844957
220;0.5554548;0.2681506;9.864111
221;0.59376204;0.36391866;9.911995
222;0.49799395;0.2681506;9.80665
223;0.6607997;0.2873042;9.854534
224;0.48841715;0.33518824;9.873688
225;0.545878;0.31603462;9.854534
226;0.60333884;0.30645782;9.825804
227;0.51714754;0.2681506;9.854534
228;0.5554548;0.30645782;9.892841
229;0.58418524;0.2681506;9.816227
230;0.5650316;0.36391866;9.864111
231;0.6512229;0.23942018;9.80665
232;0.5267244;0.33518824;9.883265
233;0.62249243;0.29688102;9.911995
234;0.5746084;0.32561144;9.816227
235;0.5267244;0.29688102;9.911995
236;0.5650316;0.2873042;9.911995
237;0.545878;0.32561144;9.864111
238;0.58418524;0.29688102;9.816227
239;0.5554548;0.29688102;9.911995
240;0.545878;0.2777274;9.816227
241;0.5746084;0.2777274;9.902418
242;0.5554548;0.32561144;9.854534
243;0.60333884;0.25857377;9.825804
244;0.48841715;0.30645782;9.854534
245;0.5746084;0.21068975;9.864111
246;0.5267244;0.22026655;9.950302
247;0.5554548;0.22984336;9.80665
248;0.5554548;0.17238252;9.921572
249;0.50757074;0.21068975;9.892841
250;0.49799395;0.21068975;9.873688
251;0.60333884;0.22026655;9.854534
252;0.45968673;0.19153613;9.825804
253;0.62249243;0.1436521;9.883265
254;0.51714754;0.21068975;9.787497
255;0.5554548;0.16280572;9.835381
256;0.58418524;0.12449849;9.892841
257;0.58418524;0.18195933;9.883265
258;0.60333884;0.15322891;9.854534
259;0.5267244;0.23942018;9.854534
260;0.58418524;0.17238252;9.873688
261;0.62249243;0.11492168;9.873688
262;0.5746084;0.15322891;9.883265
263;0.5746084;0.1436521;9.844957
264;0.545878;0.18195933;9.844957
265;0.5554548;0.18195933;9.864111
266;0.545878;0.18195933;9.854534
267;0.5267244;0.16280572;9.825804
268;0.5363012;0.17238252;9.873688
269;0.50757074;0.18195933;9.911995
270;0.51714754;0.18195933;9.844957
271;0.545878;0.18195933;9.844957
272;0.49799395;0.19153613;9.816227
273;0.5650316;0.15322891;9.864111
274;0.49799395;0.23942018;9.854534
275;0.5363012;0.21068975;9.825804
276;0.5650316;0.24899697;9.892841
277;0.5363012;0.24899697;9.854534
278;0.59376204;0.22984336;9.883265
279;0.62249243;0.24899697;9.873688
280;0.5554548;0.24899697;9.844957
281;0.61291564;0.24899697;9.921572
282;0.5650316;0.2873042;9.892841
283;0.63206923;0.2777274;9.835381
284;0.61291564;0.2777274;9.902418
285;0.5363012;0.2873042;9.854534
286;0.61291564;0.23942018;9.835381
287;0.51714754;0.34476504;9.816227
288;0.61291564;0.31603462;9.816227
289;0.5650316;0.40222588;9.892841
290;0.5363012;0.34476504;9.816227
291;0.5554548;0.31603462;9.892841
292;0.48841715;0.32561144;9.797073
293;0.5746084;0.41180268;9.892841
294;0.5267244;0.39264908;9.854534
295;0.45968673;0.46926352;9.892841
296;0.5650316;0.4213795;9.892841
297;0.47884035;0.4213795;9.902418
298;0.5267244;0.41180268;9.931149
299;0.50757074;0.4309563;9.835381
300;0.50757074;0.47884035;9.854534
301;0.545878;0.35434186;9.873688
302;0.50757074;0.40222588;9.854534
303;0.5554548;0.4213795;9.825804
304;0.58418524;0.37349546;9.825804
305;0.62249243;0.40222588;9.864111
306;0.58418524;0.36391866;9.864111
307;0.5363012;0.36391866;9.816227
308;0.63206923;0.31603462;9.835381
309;0.5267244;0.29688102;9.844957
310;0.5267244;0.31603462;9.931149
311;0.6703765;0.22026655;9.873688
312;0.5650316;0.29688102;9.864111
313;0.58418524;0.22984336;9.825804
314;0.60333884;0.20111294;9.816227
315;0.545878;0.19153613;9.864111
316;0.5746084;0.21068975;9.825804
317;0.545878;0.2681506;9.844957
318;0.5554548;0.19153613;9.825804
319;0.45968673;0.17238252;9.902418
320;0.47884035;0.24899697;9.825804
321;0.50757074;0.18195933;9.892841
322;0.46926352;0.20111294;9.825804
323;0.545878;0.17238252;9.883265
324;0.545878;0.12449849;9.835381
325;0.51714754;0.18195933;9.77792
326;0.545878;0.11492168;9.921572
327;0.49799395;0.21068975;9.883265
328;0.5363012;0.20111294;9.768343
329;0.51714754;0.1340753;9.864111
330;0.48841715;0.17238252;9.902418
331;0.6512229;0.11492168;9.77792
332;0.5363012;0.19153613;9.797073
333;0.59376204;0.11492168;9.844957
334;0.61291564;0.1436521;9.892841
335;0.545878;0.16280572;9.864111
336;0.63206923;0.095768064;9.883265
337;0.5650316;0.095768064;9.892841
338;0.5267244;0.047884032;9.873688
339;0.58418524;0.095768064;9.844957
340;0.5746084;0.11492168;9.844957
341;0.58418524;0.019153614;9.959879
342;0.5363012;0.047884032;9.864111
343;0.5554548;0.08619126;9.892841
344;0.50757074;0.12449849;9.835381
345;0.5650316;0.076614454;9.883265
346;0.545878;0.095768064;9.911995
347;0.48841715;0.11492168;9.825804
348;0.60333884;0.047884032;9.854534
349;0.49799395;0.1340753;9.854534
350;0.45010993;0.20111294;9.80665
351;0.5267244;0.1340753;9.940725
352;0.48841715;0.16280572;9.864111
353;0.5267244;0.095768064;9.835381
354;0.59376204;0.10534488;9.969456
355;0.48841715;0.22026655;9.854534
356;0.60333884;0.1340753;9.844957
357;0.51714754;0.21068975;9.873688
358;0.61291564;0.20111294;9.854534
359;0.63206923;0.16280572;9.892841
360;0.63206923;0.2777274;9.80665
361;0.641646;0.21068975;9.844957
362;0.58418524;0.2873042;9.931149
363;0.62249243;0.22984336;9.873688
364;0.6703765;0.29688102;9.892841
365;0.5650316;0.33518824;9.825804
366;0.59376204;0.31603462;9.883265
367;0.50757074;0.40222588;9.816227
368;0.61291564;0.36391866;9.864111
369;0.50757074;0.37349546;9.950302
370;0.5267244;0.4213795;9.825804
371;0.49799395;0.45968673;9.921572
372;0.4309563;0.48841715;9.911995
373;0.5267244;0.49799395;9.873688
374;0.47884035;0.51714754;9.873688
375;0.46926352;0.58418524;9.940725
376;0.51714754;0.60333884;9.835381
377;0.46926352;0.6991069;9.816227
378;0.46926352;0.62249243;9.816227
379;0.49799395;0.62249243;9.844957
380;0.51714754;0.641646;9.77792
381;0.5746084;0.641646;9.77792
382;0.51714754;0.7374141;9.950302
383;0.5746084;0.63206923;9.825804
384;0.60333884;0.58418524;9.816227
385;0.48841715;0.60333884;9.77792
386;0.62249243;0.5746084;9.873688
387;0.58418524;0.50757074;9.940725
388;0.50757074;0.5363012;9.902418
389;0.62249243;0.45968673;9.911995
390;0.51714754;0.4309563;9.873688
391;0.63206923;0.41180268;9.931149
392;0.5363012;0.32561144;9.883265
393;0.62249243;0.30645782;9.844957
394;0.61291564;0.2873042;9.969456
395;0.5363012;0.2681506;9.873688
396;0.58418524;0.21068975;9.959879
397;0.60333884;0.22984336;9.835381
398;0.60333884;0.23942018;9.902418
399;0.51714754;0.20111294;9.902418
400;0.49799395;0.24899697;9.854534
401;0.6703765;0.17238252;9.816227
402;0.5554548;0.19153613;9.892841
403;0.6512229;0.12449849;9.892841
404;0.5267244;0.17238252;9.864111
405;0.58418524;0.16280572;9.797073
406;0.59376204;0.1340753;9.911995
407;0.45010993;0.17238252;9.873688
408;0.5650316;0.1340753;9.873688
409;0.48841715;0.17238252;9.950302
410;0.46926352;0.12449849;9.835381
411;0.50757074;0.08619126;9.864111
412;0.45968673;0.20111294;9.883265
413;0.45010993;0.10534488;9.835381
414;0.45010993;0.10534488;9.844957
415;0.41180268;0.1340753;9.883265
416;0.48841715;0.08619126;9.911995
417;0.49799395;0.15322891;9.864111
418;0.51714754;0.11492168;9.873688
419;0.59376204;0.047884032;9.969456
420;0.50757074;0.16280572;9.816227
421;0.63206923;0.02873042;9.864111
422;0.61291564;0.076614454;9.825804
423;0.6799533;0.009576807;9.969456
424;0.6607997;0.06703765;9.950302
425;0.641646;0.11492168;9.797073
426;0.6703765;0.095768064;9.892841
427;0.58418524;0.038307227;9.80665
428;0.6512229;0.019153614;9.873688
429;0.62249243;0.038307227;9.873688
430;0.5363012;0.019153614;9.854534
431;0.60333884;0.0;9.940725
432;0.50757074;0.047884032;9.940725
433;0.545878;0.009576807;9.883265
434;0.5267244;0.038307227;9.959879
435;0.40222588;0.02873042;9.950302
436;0.45968673;-0.009576807;9.883265
437;0.41180268;0.038307227;9.873688
438;0.38307226;0.05746084;9.892841
439;0.47884035;-0.009576807;9.902418
440;0.4309563;0.019153614;9.787497
441;0.46926352;0.047884032;9.931149
442;0.49799395;0.05746084;9.797073
443;0.46926352;0.05746084;9.902418
444;0.46926352;0.02873042;9.931149
445;0.5554548;0.0;9.892841
446;0.62249243;0.009576807;9.892841
447;0.60333884;0.019153614;9.873688
448;0.59376204;0.02873042;9.940725
449;0.6895301;0.05746084;9.950302
450;0.6799533;0.05746084;9.931149
451;0.63206923;0.02873042;9.931149
452;0.7278373;0.06703765;9.931149
453;0.7086837;0.05746084;9.892841
454;0.7565677;0.05746084;9.921572
455;0.6799533;0.06703765;9.969456
456;0.63206923;0.05746084;9.921572
457;0.5554548;0.1436521;9.835381
458;0.5267244;0.11492168;9.835381
459;0.58418524;0.1436521;9.988609
460;0.4405331;0.16280572;9.950302
461;0.5554548;0.22026655;9.873688
462;0.50757074;0.2681506;9.998186
463;0.46926352;0.29688102;9.864111
464;0.47884035;0.33518824;10.04607
465;0.4213795;0.4213795;9.940725
466;0.39264908;0.50757074;10.007763
467;0.4213795;0.60333884;9.797073
468;0.40222588;0.6607997;9.77792
469;0.47884035;0.7374141;9.835381
470;0.59376204;0.91937345;9.739613
471;0.545878;1.0151415;9.816227
472;0.59376204;1.0726024;9.758766
473;0.60333884;1.1875241;9.595961
474;0.5746084;1.1492168;9.739613
475;0.47884035;1.1683705;9.950302
476;0.5650316;1.2162545;9.844957
477;0.6703765;1.2066777;9.825804
478;0.5363012;1.2354081;9.988609
479;0.93852705;1.1971009;10.007763
480;0.51714754;1.2641385;9.959879
481;0.78529817;1.1683705;9.998186
482;0.5650316;1.2162545;9.835381
483;0.4405331;1.283292;9.720459
484;0.61291564;1.2545617;9.739613
485;0.2777274;1.3120226;9.528923
486;0.92895025;1.1971009;9.739613
487;0.37349546;1.2258313;9.940725
488;0.90021986;1.1683705;9.260772
489;0.8331822;1.1683705;9.701305
490;0.31603462;1.1204864;10.065224
491;0.7374141;0.8523358;9.701305
492;0.31603462;0.80445176;9.816227
493;0.36391866;0.82360536;10.065224
494;0.6512229;0.5554548;9.892841
495;0.5554548;0.49799395;9.825804
496;0.48841715;0.36391866;10.534488
497;0.38307226;0.19153613;10.103531
498;0.47884035;0.15322891;10.065224
499;0.5554548;0.02873042;10.601525
500;0.5746084;-0.05746084;10.563218
501;0.7661445;-0.12449849;10.342952
502;0.4405331;0.08619126;10.237606
503;0.60333884;0.076614454;9.902418
504;0.5554548;0.22026655;9.691729
505;0.5363012;0.37349546;9.768343
506;0.7661445;0.5267244;9.5385
507;0.41180268;0.6703765;9.3182335
508;0.6703765;0.60333884;9.222465
509;0.6799533;0.60333884;9.442732
510;0.5746084;0.62249243;9.481039
511;0.50757074;0.62249243;9.279925
512;0.7374141;0.39264908;9.5385
513;0.50757074;0.2873042;9.883265
514;0.47884035;0.1436521;9.873688
515;0.5650316;0.02873042;9.844957
516;0.41180268;-0.20111294;10.228029
517;0.30645782;-0.15322891;10.218452
518;0.25857377;-0.16280572;10.055647
519;0.22026655;-0.37349546;10.371682
520;0.6607997;-0.6607997;10.524911
521;0.6799533;-0.78529817;10.477027
522;0.6512229;-0.8523358;10.266336
523;0.545878;-0.91937345;10.218452
524;0.6895301;-1.043872;10.0269165
525;0.46926352;-1.0630256;10.141838
526;0.5267244;-1.1204864;10.352529
527;0.49799395;-1.1300632;9.998186
528;0.5650316;-1.1300632;9.854534
529;0.5267244;-1.2354081;10.199299
530;0.6512229;-1.2354081;9.80665
531;0.79487497;-1.2258313;9.739613
532;0.33518824;-1.2162545;9.902418
533;0.8331822;-1.3215994;9.634268
534;0.34476504;-1.1300632;9.653421
535;0.41180268;-1.2449849;9.691729
536;0.50757074;-1.2641385;9.739613
537;0.51714754;-1.3215994;9.844957
538;0.35434186;-1.3311762;9.892841
539;0.51714754;-1.4173675;9.902418
540;0.45968673;-1.3790601;10.141838
541;0.36391866;-1.4269443;10.381259
542;0.41180268;-1.484405;10.266336
543;0.1436521;-1.4077905;10.381259
544;0.45968673;-1.4269443;10.496181
545;0.24899697;-1.3120226;10.524911
546;0.545878;-1.283292;10.342952
547;0.39264908;-1.1971009;10.1226845
548;0.35434186;-1.1971009;10.01734
549;0.6703765;-1.2641385;10.1226845
550;0.20111294;-1.1587936;9.758766
551;0.60333884;-1.3024458;9.481039
552;0.22984336;-1.283292;9.662998
553;0.7565677;-1.4077905;9.461885
554;0.5363012;-1.4460979;9.490616
555;0.8331822;-1.4077905;9.5385
556;1.3024458;-1.4556746;9.797073
557;0.89064306;-1.4556746;9.883265
558;0.641646;-1.4269443;9.56723
559;0.7757214;-1.4556746;9.624691
560;0.39264908;-1.388637;9.9790325
561;0.8523358;-1.5227122;10.151415
562;0.78529817;-1.2354081;9.892841
563;0.9864111;-1.13964;10.189722
564;1.0055647;-1.1300632;10.505757
565;1.1492168;-1.1779473;10.390836
566;0.7661445;-1.0342951;10.496181
567;0.40222588;-0.93852705;10.275913
568;0.58418524;-0.9959879;10.113108
569;-0.22026655;-0.842759;9.931149
570;0.61291564;-1.0055647;10.208876
571;0.17238252;-0.94810385;10.304645
572;0.19153613;-1.0151415;9.902418
573;0.047884032;-1.1013328;9.998186
574;-0.4213795;-1.1204864;9.576807
575;-0.047884032;-1.0247183;9.260772
576;-0.2777274;-1.0534488;9.452309
577;-0.22984336;-0.9672575;9.279925
578;0.2777274;-0.91937345;8.973468
579;-0.095768064;-0.91937345;8.935161
580;0.7086837;-1.0534488;9.615114
581;1.0534488;-1.1587936;10.352529
582;0.6607997;-1.0055647;9.873688
583;1.388637;-1.2545617;9.682152
584;-0.095768064;-1.1492168;10.304645
585;0.7086837;-1.3503298;10.409989
586;-0.4213795;-0.90979666;10.0748005
587;1.0630256;-1.1587936;10.601525
588;0.6991069;-0.9959879;10.5440645
589;1.5801731;-1.13964;10.630256
590;1.7812861;-0.9672575;10.764331
591;0.90979666;-1.043872;10.007763
592;1.8962077;-1.0247183;9.969456
593;0.7374141;-1.0151415;10.275913
594;-0.35434186;-0.9576807;9.203311
595;1.5705963;-0.9768343;8.293514
596;-1.6280571;-0.79487497;10.141838
597;1.6184803;-1.5131354;10.266336
598;0.21068975;-0.7757214;8.925584
599;0.46926352;-0.9959879;9.490616
600;1.3982137;-0.24899697;11.319786
601;1.4939818;-0.59376204;9.528923
602;0.48841715;-0.7278373;9.80665
603;-0.49799395;-0.81402856;10.553641
604;0.047884032;-0.80445176;9.433155
605;-0.7086837;-0.7469909;9.576807
606;-0.35434186;-1.1109096;10.189722
607;0.90021986;-1.1204864;8.619126
608;0.9864111;-1.1300632;9.375694
609;0.40222588;-1.3120226;10.170568
610;0.8619126;-1.340753;9.14585
611;0.8331822;-1.3311762;9.308656
612;0.82360536;-1.6472107;10.553641
613;0.60333884;-1.6280571;9.643845
614;0.6799533;-1.5897499;9.461885
615;-1.0247183;-1.5993267;10.764331
616;0.63206923;-1.5610195;10.7356
617;0.80445176;-1.3311762;9.557653
618;1.7525556;-1.8291701;11.271901
619;1.9919758;-1.5514427;12.29662
620;2.078167;-1.091756;9.509769
621;1.0055647;-0.5267244;7.9870567
622;0.545878;-0.8619126;9.414001
623;-0.9864111;-0.89064306;9.959879
624;0.2873042;-1.1300632;8.7053175
625;0.22984336;-1.1300632;9.394848
626;0.2681506;-1.3215994;10.955867
627;2.0015526;-1.8195933;11.769896
628;0.7374141;-1.7046716;10.831368
629;0.37349546;-1.8387469;11.300632
630;1.0342951;-1.9536686;11.501745
631;0.37349546;-1.9153614;9.787497
632;-0.9959879;-1.283292;8.255207
633;0.5650316;-1.6184803;9.739613
634;-0.6991069;-1.9536686;10.43872
635;-0.4213795;-1.7908629;9.519346
636;0.7661445;-1.4652514;10.04607
637;0.24899697;-1.0247183;10.764331
638;1.8004397;-0.8714894;9.758766
639;1.4173675;-0.7374141;9.088389
640;0.23942018;-0.25857377;9.80665
641;-0.46926352;0.12449849;8.6095495
642;0.24899697;0.06703765;8.274361
643;0.842759;-0.48841715;10.697293
644;0.35434186;-0.60333884;10.400413
645;1.4556746;-0.9864111;9.643845
646;-0.36391866;-1.1875241;11.042058
647;-0.34476504;-1.5610195;10.936713
648;-0.18195933;-1.0821792;9.002198
649;1.6950948;-1.2641385;10.007763
650;0.02873042;-1.5035586;11.032481
651;0.93852705;-1.4077905;10.247183
652;1.1971009;-1.13964;9.375694
653;-0.009576807;-0.9768343;11.147403
654;1.3311762;-1.3599066;11.511322
655;1.3215994;-0.89064306;10.04607
656;1.3311762;-0.90021986;9.251195
657;-0.34476504;-0.18195933;9.32781
658;0.62249243;-0.5650316;7.9487495
659;0.1340753;-0.7182605;8.954314
660;-0.33518824;-1.2066777;9.749189
661;1.0247183;-1.0247183;8.781932
662;0.7374141;-0.9959879;9.816227
663;1.4748282;-1.3503298;10.850522
664;0.31603462;-0.94810385;10.007763
665;1.1204864;-1.1587936;7.824251
666;-1.4939818;-0.90021986;8.925584
667;-2.2697031;-1.1971009;9.433155
668;2.480393;-1.5227122;7.345411
669;-1.5897499;-0.8523358;10.630256
670;2.882619;-1.4939818;12.488156
671;1.436521;-1.2641385;10.831368
672;0.46926352;-1.043872;9.461885
673;0.94810385;-0.8331822;9.203311
674;-1.3790601;-0.89064306;9.040505
675;1.2737153;-1.7812861;11.252748
676;0.08619126;-1.7717092;13.8959465
677;0.25857377;-1.6472107;11.061212
678;3.3327289;-1.2258313;10.419566
679;0.4213795;-1.1204864;11.453861
680;-0.6799533;-2.1260512;10.754754
681;-0.5554548;-1.6663644;9.701305
682;-1.5610195;-2.336741;10.199299
683;1.283292;-2.0973208;9.749189
684;2.480393;-0.8714894;11.951855
685;2.4229321;-1.6376339;11.003751
686;1.1109096;-1.0821792;9.3182335
687;0.6895301;-0.8523358;7.603985
688;0.45968673;-0.9672575;8.973468
689;0.076614454;-1.5897499;10.46745
690;0.50757074;-2.087744;8.973468
691;0.842759;-1.5993267;9.672575
692;-2.9783869;-1.1683705;9.959879
693;0.19153613;-2.327164;7.929596
694;-1.091756;-2.0015526;7.967903
695;-0.40222588;-1.4556746;9.749189
696;1.5035586;-1.9632454;9.998186
697;0.32561144;-1.9249382;9.346964
698;1.3120226;-1.7142484;10.304645
699;0.7757214;-1.8674773;9.691729
700;2.4708161;-2.1547816;10.266336
701;0.60333884;-1.5514427;9.883265
702;0.60333884;-1.292869;9.768343
703;1.3982137;-2.1164744;9.9790325
704;-1.5705963;-2.183512;12.229582
705;0.50757074;-2.4516625;10.199299
706;-0.641646;-0.7469909;7.881712
707;1.6376339;-1.3024458;9.346964
708;2.825158;-1.8674773;13.273455
709;0.24899697;-1.4748282;13.005303
710;3.6583402;-1.2545617;11.425131
711;1.283292;-0.5554548;9.672575
712;-0.6512229;-0.8810662;9.854534
713;2.72939;-1.7142484;10.907983
714;-2.1068976;-1.7046716;11.176133
715;-1.5705963;-1.7238252;9.5385
716;1.2354081;-1.436521;10.228029
717;0.8810662;-0.6799533;9.643845
718;0.038307227;-0.7565677;10.151415
719;1.6472107;-1.1492168;12.459426
720;2.920926;-1.4173675;11.865664
721;0.8810662;-0.7278373;9.940725
722;-1.541866;0.641646;6.4547677
723;0.63206923;0.60333884;6.4164605
724;0.49799395;0.45010993;12.239159
725;-2.2409728;-0.21068975;10.6877165
726;0.095768064;0.842759;5.6407394
727;-0.009576807;0.50757074;8.839393
728;2.2505496;0.095768064;11.932701
729;2.6623523;0.7469909;9.77792
730;1.8579005;0.8523358;7.9870567
731;1.733402;0.34476504;8.7532015
732;-1.0726024;0.82360536;12.287044
733;-1.0534488;0.92895025;7.680599
734;1.6663644;0.02873042;6.129156
735;-1.532289;0.4213795;9.193734
736;2.1164744;-1.1779473;12.076353
737;2.0111294;-0.15322891;10.572795
738;-2.4037786;0.59376204;12.0571995
739;0.9864111;-0.019153614;8.37013
740;-0.36391866;0.6895301;10.007763
741;3.1411927;-0.4405331;13.369223
742;2.9592333;-0.80445176;15.006856
743;-0.12449849;0.15322891;11.856087
744;-0.7469909;1.3024458;5.8705826
745;0.63206923;1.3694834;6.9240313
746;0.89064306;0.9768343;11.865664
747;1.3982137;-0.18195933;13.091495
748;-0.39264908;1.0821792;8.1881695
749;0.33518824;0.6895301;5.7365074
750;-0.59376204;1.484405;8.379706
751;2.5474305;0.29688102;11.15698
752;2.8921957;0.5650316;10.400413
753;0.24899697;-0.038307227;12.162544
754;-1.6759412;1.3790601;7.3071036
755;1.3120226;0.842759;7.8529816
756;3.2561142;0.10534488;11.415554
757;-2.231396;-0.7757214;13.88637
758;2.4229321;-1.1013328;11.865664
759;-3.5242648;0.91937345;6.799533
760;1.0342951;-0.5363012;6.6367273
761;3.7732618;0.6895301;9.825804
762;0.23942018;0.46926352;10.649409
763;2.6048915;0.12449849;9.097966
764;-0.9864111;0.9672575;9.931149
765;-0.7757214;0.1436521;9.270349
766;0.7182605;1.2258313;9.212888
767;0.47884035;-0.22984336;9.634268
768;-0.22026655;-1.2066777;12.354081
769;-1.0630256;-0.17238252;9.605537
770;0.4213795;0.6703765;4.55856
771;1.3215994;0.9768343;8.686164
772;1.9632454;-0.12449849;12.258312
773;3.514688;-0.40222588;12.689269
774;1.3503298;-0.2777274;8.714894
775;-1.1971009;-0.16280572;10.745177
776;0.06703765;0.18195933;9.883265
777;3.7253778;-0.92895025;11.84651
778;-0.94810385;-1.1779473;13.599066
779;1.4269443;-1.3982137;14.030022
780;0.5554548;0.48841715;6.933608
781;-0.076614454;0.02873042;9.222465
782;4.7309427;-0.842759;11.951855
783;-0.37349546;0.17238252;12.29662
784;2.566584;-0.16280572;6.9527617
785;0.545878;1.6184803;9.279925
786;-0.63206923;0.41180268;7.7667904
787;1.2354081;-0.11492168;8.628703
788;-0.90979666;-1.2354081;11.760319
789;-1.9249382;-0.63206923;10.754754
790;-0.1436521;-0.08619126;7.833828
791;-0.11492168;0.41180268;8.456321
792;-0.6991069;0.0;11.118672
793;6.1004257;-1.3599066;13.474567
794;0.8523358;-0.24899697;13.120225
795;-0.60333884;0.30645782;9.299079
796;1.4460979;0.12449849;7.326257
797;-2.528277;0.5554548;9.241618
798;-0.6895301;-0.90021986;10.630256
799;0.06703765;-0.62249243;11.204864
800;-0.2777274;-0.51714754;11.300632
801;0.90021986;0.7182605;7.776367
802;1.9249382;0.7757214;8.39886
803;4.817134;-0.08619126;12.191275
804;3.2273839;-0.39264908;12.449849
805;-1.6184803;0.842759;9.241618
806;-0.06703765;0.60333884;5.2863975
807;0.4309563;1.5993267;6.2249246
808;-1.2737153;0.58418524;10.448297
809;1.3982137;-1.3694834;13.350069
810;-1.1587936;0.61291564;11.070788
811;0.7469909;-0.31603462;7.747637
812;0.11492168;1.6280571;8.360553
813;0.50757074;2.078167;12.564771
814;6.943185;-0.1436521;11.693281
815;-0.9768343;1.0821792;10.505757
816;-2.4995465;0.29688102;6.0525417
817;3.169923;0.40222588;7.0006456
818;-0.24899697;0.49799395;9.797073
819;-2.1739352;-0.50757074;12.804191
820;2.432509;-0.24899697;11.022904
821;-2.6527755;0.9768343;11.300632
822;0.9672575;0.8331822;7.97748
823;2.432509;1.1300632;10.505757
824;0.5746084;1.7238252;12.947843
825;4.7979803;-0.08619126;10.065224
826;-3.265691;2.4708161;7.4603324
827;-3.4955344;0.7661445;9.394848
828;2.528277;-0.46926352;9.375694
829;-2.0685902;0.10534488;11.81778
830;3.9264908;-0.22026655;11.377247
831;0.9864111;1.0247183;11.281479
832;-0.545878;-0.11492168;8.169016
833;5.2480903;0.7374141;11.60709
834;-1.2162545;1.4460979;12.488156
835;1.3694834;0.33518824;8.599973
836;0.61291564;-0.095768064;8.015787
837;-6.579266;1.2641385;9.969456
838;-0.94810385;0.82360536;8.283937
839;-0.6512229;1.8770541;4.817134
840;-1.9440918;-0.12449849;15.2367
841;2.9496565;0.7757214;11.195287
842;3.667917;2.231396;8.42759
843;0.93852705;2.72939;3.9264908
844;3.3423057;1.6567876;12.401965
845;-0.1340753;2.384625;7.240066
846;-4.1659107;1.4269443;6.7229185
847;-2.7581203;-0.4405331;8.00621
848;-2.5474305;-0.58418524;8.465898
849;-2.2409728;-0.61291564;9.308656
850;2.1739352;-1.5897499;11.932701
851;2.2697031;-0.92895025;14.5088625
852;2.4708161;-1.3694834;14.422671
853;0.8619126;0.1340753;10.065224
854;1.1587936;-0.02873042;10.103531
855;3.1890767;-0.5267244;11.894394
856;-0.9959879;0.60333884;12.698846
857;-1.7812861;0.842759;6.9048777
858;0.15322891;0.41180268;5.4779334
859;-0.6799533;0.59376204;10.773908
860;0.31603462;-0.78529817;12.315774
861;1.6567876;-0.7757214;10.208876
862;-0.48841715;-0.16280572;10.093954
863;1.091756;0.82360536;8.686164
864;1.9153614;1.982399;8.379706
865;1.388637;0.9576807;9.481039
866;1.8483237;0.6703765;10.620679
867;-0.6703765;0.9672575;9.662998
868;-1.982399;1.388637;4.156334
869;1.1013328;0.7374141;8.274361
870;1.0247183;-0.49799395;13.704411
871;-2.030283;-0.9768343;12.74673
872;3.016694;-1.0630256;8.66701
873;0.2681506;-0.34476504;9.433155
874;1.7717092;-0.641646;10.457873
875;2.9592333;-0.40222588;12.29662
876;2.5187001;0.45968673;10.170568
877;1.1875241;0.9864111;8.6574335
878;0.19153613;2.5474305;8.858546
879;0.641646;1.1013328;6.933608
880;-1.5801731;0.22984336;11.032481
881;-0.31603462;-0.50757074;11.894394
882;-2.3942018;0.9576807;6.445191
883;-0.40222588;2.0398598;4.405331
884;0.9768343;1.436521;9.260772
885;0.12449849;1.0151415;13.512875
886;2.3654714;0.46926352;11.042058
887;3.4572272;0.79487497;9.80665
888;-0.545878;0.61291564;9.730036
889;0.5746084;0.7469909;10.67814
890;3.064578;-0.21068975;10.907983
891;-0.48841715;-0.33518824;11.836933
892;-1.6472107;-0.19153613;11.693281
893;1.4269443;-0.12449849;11.310209
894;-0.89064306;0.009576807;7.9391727
895;0.82360536;-0.095768064;9.509769
896;2.834735;-0.10534488;13.8480625
897;0.63206923;0.60333884;11.654974
898;3.323152;0.1436521;9.854534
899;2.0973208;0.9672575;10.802638
900;1.3215994;0.6799533;7.2783732
901;5.353435;1.2354081;4.8362875
902;0.38307226;1.4652514;8.475474
903;-2.4516625;0.6991069;11.81778
904;-1.3024458;1.6663644;6.1770406
905;-1.6472107;2.4133554;2.9879637
906;-0.25857377;1.7717092;7.153875
907;0.46926352;1.3503298;13.40753
908;1.9536686;0.61291564;6.933608
909;-0.38307226;0.5363012;9.605537
910;1.4652514;0.18195933;11.722012
911;4.050989;-0.5650316;12.354081
912;2.9592333;-1.0534488;12.909535
913;-0.6512229;-1.3694834;15.68681
914;-0.7565677;-1.4748282;15.514427
915;-2.9592333;-0.31603462;9.011775
916;-2.4420857;-1.1204864;9.548077
917;-1.2737153;-0.7469909;14.144943
918;-0.5746084;-0.12449849;9.921572
919;3.323152;0.7182605;7.1251445
920;0.11492168;1.3311762;12.5264635
921;2.432509;0.49799395;11.693281
922;4.3478703;0.78529817;9.959879
923;-0.02873042;0.36391866;10.314221
924;0.2873042;-0.23942018;12.832921
925;-1.0630256;0.23942018;9.739613
926;-2.2601264;1.1971009;6.1387334
927;1.4269443;-0.1436521;9.557653
928;0.50757074;0.34476504;9.758766
929;1.0630256;0.89064306;6.339846
930;0.89064306;1.9632454;8.149862
931;1.4460979;0.22984336;9.797073
932;1.9249382;0.33518824;8.8777
933;0.46926352;0.29688102;9.739613
934;0.61291564;0.02873042;10.457873
935;-2.4708161;-0.095768064;10.515334
936;-1.1300632;0.0;7.029376
937;-1.9919758;0.2777274;7.249643
938;1.7238252;-0.22984336;12.679692
939;0.23942018;0.31603462;10.170568
940;0.10534488;1.0630256;7.728483
941;2.4516625;1.4269443;11.84651
942;0.6703765;0.7661445;12.832921
943;0.93852705;0.21068975;10.46745
944;0.59376204;0.21068975;9.279925
945;1.1300632;-0.50757074;11.252748
946;-0.92895025;-0.35434186;8.858546
947;-0.641646;-0.78529817;9.394848
948;-1.5035586;0.35434186;9.835381
949;0.30645782;0.92895025;9.471462
950;3.4093432;0.4213795;9.414001
951;-0.009576807;0.7661445;9.174581
952;2.3463178;-0.7278373;9.710882
953;2.767697;-0.9672575;10.5919485
954;-1.043872;-0.82360536;9.758766
955;-0.47884035;-0.60333884;9.787497
956;0.7565677;-0.019153614;10.228029
957;-0.45010993;-0.15322891;8.571242
958;0.58418524;-0.019153614;7.9583263
959;2.4995465;-0.32561144;9.414001
960;0.6512229;0.02873042;10.132261
961;1.5610195;-0.15322891;9.548077
962;-2.566584;1.8674773;6.2823853
963;1.1683705;1.2449849;3.7349546
964;1.6089035;1.9057846;9.883265
965;-0.9864111;1.091756;11.061212
966;2.1930888;1.1013328;8.552089
967;-0.58418524;1.7717092;7.297527
968;-1.5897499;0.5363012;8.437167
969;1.0055647;-0.33518824;10.802638
970;-0.009576807;-0.11492168;11.482592
971;0.50757074;-0.7661445;12.53604
972;3.6104562;-0.8810662;9.787497
973;-1.7046716;0.49799395;11.444284
974;4.4340615;-1.8100165;14.173674
975;2.5953147;-1.4652514;15.648502
976;-2.1930888;-1.733402;13.666103
977;3.7253778;-1.3215994;11.693281
978;-0.36391866;0.038307227;12.344504
979;0.1340753;-1.1492168;11.166556
980;3.466804;-0.019153614;13.417107
981;1.0342951;-0.02873042;10.065224
982;-2.1547816;0.9576807;6.981492
983;2.4229321;0.79487497;6.540959
984;0.7565677;1.982399;8.599973
985;-0.15322891;0.7469909;8.714894
986;2.8060043;1.0055647;7.632715
987;-2.030283;1.4556746;8.571242
988;1.4269443;0.25857377;8.121132
989;2.327164;1.0630256;7.6614456
990;-0.5267244;0.4309563;8.90643
991;0.23942018;0.6991069;9.14585
992;0.37349546;0.90979666;7.019799
993;-2.3558946;0.33518824;7.5561004
994;-0.6895301;-0.6895301;11.884817
995;1.3215994;-1.1204864;11.654974
996;5.209783;-1.4269443;12.497733
997;0.7757214;-0.41180268;14.642938
998;0.5746084;-1.0821792;11.405977
999;3.1986535;-1.0821792;10.055647
1000;-0.9864111;-0.095768064;13.742718
1001;-1.7429788;-0.08619126;13.43626
1002;-0.8714894;1.1013328;5.363012
1003;-2.2409728;1.4556746;10.084377
1004;-1.3694834;0.90021986;11.568783
1005;2.8060043;0.6607997;10.984597
1006;2.6910827;0.63206923;8.350976
1007;1.1779473;0.22984336;12.832921
1008;3.6966474;-0.22026655;12.794614
1009;2.3175871;-0.10534488;10.563218
1010;0.5267244;0.1340753;6.6079965
1011;-4.2042184;1.1779473;5.8705826
1012;-4.7309427;0.641646;6.4643445
1013;-4.1180267;2.8443117;8.973468
1014;0.60333884;0.7565677;6.2249246
1015;2.4995465;0.11492168;8.90643
1016;0.58418524;-0.2777274;12.603078
1017;3.4763808;-1.685518;10.323798
1018;4.663905;-1.0534488;9.749189
1019;0.9864111;-0.46926352;13.244724
1020;-0.08619126;-0.5554548;12.325351
1021;1.8004397;0.35434186;4.7405195
1022;-1.4939818;0.7661445;6.435614
1023;-2.7006595;0.08619126;11.329363
1024;-2.4899697;1.3790601;7.5465236
1025;-1.8770541;1.6950948;2.183512
1026;0.10534488;1.5227122;11.118672
1027;3.6870706;0.80445176;13.359646
1028;7.469909;0.0;12.172121
1029;4.548983;-0.12449849;12.392388
1030;3.5913026;0.02873042;15.02601
1031;2.4133554;0.047884032;11.789049
1032;2.0398598;-0.32561144;10.189722
1033;-1.0151415;-0.24899697;12.124237
1034;-0.7182605;0.1436521;11.951855
1035;-0.33518824;1.9249382;7.1059904
1036;2.767697;0.8523358;8.523358
1037;1.5227122;-0.48841715;13.263878
1038;4.1180267;-0.89064306;13.168109
1039;3.0358477;-0.4405331;9.299079
1040;1.685518;-0.37349546;12.018892
1041;1.9919758;-1.1300632;11.808203
1042;-1.340753;-0.89064306;9.32781
1043;-0.36391866;0.22026655;8.111555
1044;-1.4556746;0.38307226;7.5944076
1045;-1.091756;0.90021986;9.270349
1046;3.6583402;-0.10534488;10.065224
1047;2.0590134;-0.2681506;11.712435
1048;1.6759412;-0.4405331;13.579912
1049;4.2904096;0.63206923;11.262324
1050;-0.90979666;0.78529817;6.943185
1051;1.4077905;0.8619126;12.220005
1052;-0.6607997;0.81402856;9.461885
1053;-3.9264908;2.0015526;6.205771
1054;-2.6527755;2.920926;3.8977604
1055;-4.4819455;2.0398598;8.149862
1056;-1.8962077;0.90979666;9.002198
1057;1.685518;0.33518824;7.249643
1058;-0.78529817;0.1340753;8.599973
1059;4.309563;-0.009576807;11.999739
1060;0.9864111;0.05746084;13.828909
1061;2.384625;-0.50757074;13.828909
1062;3.620033;0.22984336;12.5264635
1063;-0.50757074;-0.39264908;7.833828
1064;-4.3766007;0.45010993;7.489063
1065;-1.6950948;-1.0726024;10.199299
1066;-4.223372;-0.7661445;8.580819
1067;-4.5202527;-0.45968673;6.1387334
1068;3.1028855;-1.7429788;9.672575
1069;0.5554548;0.8810662;11.233594
1070;7.5561004;0.48841715;8.925584
1071;6.205771;0.33518824;10.5919485
1072;2.4420857;1.1683705;12.957419
1073;7.9008656;-1.13964;12.076353
1074;-3.083732;2.930503;7.4986396
1075;0.8331822;1.0534488;3.169923
1076;2.030283;1.5993267;2.930503
1077;-7.843405;1.2737153;7.7189064
1078;-1.5610195;1.0247183;5.746084
1079;1.2066777;0.009576807;3.4380736
1080;-1.5514427;1.3790601;11.137826
1081;7.5944076;-1.3503298;16.146496
1082;8.034941;-0.7374141;13.838486
1083;4.050989;-0.79487497;11.9614315
1084;4.2521024;-2.2218192;16.548721
1085;1.4939818;-1.8674773;14.767436
1086;0.90979666;-0.18195933;5.2768207
1087;-4.7979803;1.8100165;3.4284968
1088;-5.3342814;0.19153613;9.040505
1089;-0.8619126;-0.49799395;9.500193
1090;-3.8402996;1.0534488;8.456321
1091;1.9153614;0.095768064;11.587936
1092;4.2042184;1.1204864;11.836933
1093;2.0111294;2.5474305;11.87524
1094;9.442732;0.2681506;12.593501
1095;2.6719291;1.4748282;16.089035
1096;-3.8594532;2.4229321;6.799533
1097;0.9864111;1.7908629;1.8962077
1098;-4.865018;1.8195933;4.7309427
1099;-5.0374002;0.05746084;11.061212
1100;0.20111294;-0.7661445;9.404425
1101;0.6607997;0.038307227;11.798626
1102;3.3039982;-0.019153614;8.303091
1103;4.711789;0.20111294;12.804191
1104;1.9919758;1.6567876;11.099519
1105;6.6367273;-0.7757214;10.04607
1106;2.135628;-1.6184803;11.674128
1107;-6.081272;-0.21068975;13.043611
1108;5.315128;-0.2777274;5.161899
1109;4.10845;1.2258313;5.267244
1110;-4.232949;0.9672575;14.422671
1111;4.663905;-1.6184803;13.512875
1112;1.7238252;1.0821792;6.7803793
1113;-3.821146;-1.5993267;12.459426
1114;3.7253778;-0.35434186;14.259866
1115;7.5082164;0.02873042;9.854534
1116;3.8881836;-1.1109096;11.501745
1117;0.545878;-2.0398598;14.068329
1118;-0.90021986;-1.1204864;14.614207
1119;2.2984335;-2.815581;5.8705826
1120;-2.6623523;0.076614454;9.787497
1121;0.8331822;-0.59376204;9.528923
1122;1.8674773;1.436521;7.565677
1123;-0.7757214;0.51714754;10.793061
1124;-2.7868507;1.4460979;9.710882
1125;3.371036;2.3654714;5.1810527
1126;0.24899697;3.169923;11.224017
1127;2.2218192;2.0685902;13.608643
1128;-1.13964;1.7621324;12.555194
1129;-5.305551;2.1068976;7.632715
1130;-3.6391866;1.3503298;6.301539
1131;-0.5363012;-0.019153614;12.210428
1132;-5.650316;0.41180268;13.781025
1133;-1.0055647;0.35434186;13.790602
1134;1.13964;1.7046716;7.795521
1135;0.92895025;-1.2162545;9.461885
1136;4.6351743;1.1683705;13.608643
1137;4.261679;-0.06703765;9.519346
1138;2.1547816;0.10534488;9.730036
1139;-2.585738;0.37349546;7.824251
1140;-2.5953147;-0.22984336;1.2545617
1141;-3.9935284;0.36391866;6.215348
1142;-5.171476;-0.24899697;10.70687
1143;0.61291564;-1.5035586;4.261679
1144;-2.9400797;0.51714754;4.1659107
1145;-0.7374141;0.47884035;8.255207
1146;6.4068837;0.22984336;8.111555
1147;3.1028855;-1.2066777;15.44739
1148;5.8705826;-0.10534488;11.87524
1149;6.4739213;0.91937345;9.232041
1150;-2.432509;3.1794999;4.654328
1151;-3.7062242;1.3215994;2.8443117
1152;1.2354081;-1.0821792;11.022904
1153;-6.0238113;-0.02873042;11.281479
1154;1.6950948;-0.009576807;7.28795
1155;8.485051;-2.834735;4.8458643
1156;-4.223372;-1.3024458;14.403518
1157;6.933608;-3.4955344;18.550274
1158;6.981492;0.5554548;5.3247046
1159;-0.45010993;-2.0398598;17.391481
1160;3.9839516;-0.8714894;13.091495
1161;6.291962;-0.46926352;8.532935
1162;0.6895301;0.17238252;13.081918
1163;-3.1890767;-0.46926352;14.824897
1164;3.122039;-0.4213795;10.984597
1165;0.38307226;0.22026655;11.693281
1166;-3.0071173;0.29688102;9.433155
1167;6.8665705;-0.2681506;12.679692
1168;3.7445314;1.1013328;12.804191
1169;-0.8619126;-0.82360536;13.062764
1170;0.22026655;-0.19153613;14.001291
1171;-1.0151415;-0.9672575;8.0924015
1172;-0.48841715;-0.25857377;10.007763
1173;-4.462792;-0.047884032;9.749189
1174;5.8322754;-0.47884035;10.208876
1175;0.047884032;1.1204864;10.333375
1176;-1.340753;-0.40222588;8.034941
1177;5.133168;0.7086837;8.599973
1178;-0.9864111;1.2449849;7.8146744
1179;3.2465374;-1.5897499;7.489063
1180;-1.3120226;-1.1013328;13.426683
1181;-0.7086837;-0.93852705;8.820239
1182;0.21068975;-0.047884032;6.483498
1183;-0.19153613;0.11492168;10.821792
1184;-3.8307228;0.78529817;11.760319
1185;2.2409728;-0.9576807;8.7532015
1186;1.2066777;-0.08619126;13.062764
1187;-1.4939818;-1.4077905;8.236053
1188;3.514688;1.0534488;5.1140146
1189;3.6487634;0.63206923;5.9184666
1190;2.2888567;-0.62249243;12.947843
1191;-1.8004397;-1.1971009;15.05474
1192;-3.8019924;-0.18195933;7.1155677
1193;-1.0630256;-0.2873042;9.346964
1194;-3.8498764;0.34476504;11.741165
1195;0.38307226;-0.095768064;6.445191
1196;0.6703765;0.8619126;10.065224
1197;-0.45968673;-0.51714754;12.919112
1198;0.63206923;1.0821792;10.907983
1199;5.755661;2.0973208;8.130709
1200;0.5554548;0.90979666;9.56723
1201;-3.466804;0.05746084;11.482592
1202;5.142745;-0.2777274;9.375694
1203;-4.232949;-1.1300632;6.885724
1204;-0.25857377;-3.074155;14.5759
1205;-0.63206923;-1.934515;6.5218053
1206;-2.078167;0.60333884;5.535394
1207;-1.8866309;0.22984336;11.597513
1208;1.0342951;-2.5187001;17.24783
1209;4.4723687;0.0;10.381259
1210;-1.3982137;1.0342951;5.861006
1211;2.7868507;-1.484405;9.998186
1212;6.6175733;-3.3901896;14.939818
1213;2.3942018;0.076614454;10.658986
1214;-5.171476;0.12449849;6.540959
1215;2.3175871;1.1587936;8.054094
1216;-0.7182605;1.541866;6.301539
1217;-1.5514427;-0.38307226;12.0571995
1218;4.8458643;-1.1875241;12.210428
1219;2.4420857;0.7374141;3.9935284
1220;1.3120226;1.6472107;7.843405
1221;4.1180267;0.4309563;12.545617
1222;2.432509;-1.2162545;19.029116
1223;2.4229321;-2.6527755;11.645397
1224;-5.48751;1.3311762;6.0621185
1225;1.3790601;-0.4213795;6.205771
1226;-0.2873042;-0.05746084;10.97502
1227;-0.12449849;-1.1779473;11.549629
1228;1.1013328;0.17238252;7.6135616
1229;1.340753;1.292869;4.9320555
1230;1.6376339;1.8291701;5.305551
1231;3.064578;1.5705963;13.771448
1232;1.8866309;0.41180268;13.378799
1233;0.30645782;0.34476504;5.305551
1234;-6.291962;-0.019153614;7.5082164
1235;-2.834735;-1.4269443;9.9790325
1236;-2.9017725;-0.5554548;10.371682
1237;-2.4420857;-1.0630256;8.7053175
1238;2.528277;-1.2545617;10.01734
1239;0.10534488;-0.25857377;7.9104424
1240;7.1155677;-1.541866;11.722012
1241;2.1068976;0.6799533;14.882358
1242;-5.410896;0.22026655;15.035586
1243;-0.22026655;-2.719813;8.820239
1244;-8.599973;0.4213795;9.471462
1245;-11.051635;-0.7182605;8.24563
1246;3.083732;-0.6991069;9.9790325
1247;0.90021986;0.2873042;11.645397
1248;-0.50757074;0.60333884;9.030929
1249;7.9104424;2.9017725;10.103531
1250;4.759673;3.5817258;9.653421
1251;-0.18195933;2.327164;11.789049
1252;1.043872;0.82360536;12.152967
1253;-4.2425256;2.3654714;6.7229185
1254;-5.449203;0.8523358;5.2768207
1255;-1.9057846;0.17238252;8.111555
1256;-5.6120086;1.1109096;6.5984197
1257;1.13964;0.60333884;3.7445314
1258;7.393295;0.076614454;12.785037
1259;0.06703765;-0.02873042;13.311762
1260;2.9400797;1.484405;11.750742
1261;7.297527;1.6759412;4.9703627
1262;0.22026655;1.1300632;11.18571
1263;-6.5601125;-0.82360536;12.545617
1264;-0.019153614;-1.0726024;6.694188
1265;-2.6910827;-0.41180268;6.483498
1266;-8.283937;-0.7565677;12.74673
1267;3.8498764;-3.1507695;14.930242
1268;4.7979803;-1.5035586;11.013328
1269;-1.8291701;-1.3503298;11.482592
1270;4.453215;-2.719813;14.164097
1271;-2.4899697;0.08619126;14.853627
1272;-0.92895025;1.0342951;4.960786
1273;0.6799533;-1.4556746;11.511322
1274;-9.950302;2.9879637;11.271901
1275;-5.506664;0.89064306;2.767697
1276;3.2082303;1.0151415;0.1436521
1277;-9.682152;2.6431987;18.636467
1278;-0.9768343;-0.63206923;15.370775
1279;10.007763;0.9576807;0.9768343
1280;-6.3111157;7.192182;5.2002063
1281;0.5554548;0.94810385;9.931149
1282;4.5681367;0.6703765;11.128249
1283;-6.6367273;-0.2681506;4.999093
1284;-4.817134;-0.59376204;-2.7102363
1285;-2.72939;-0.11492168;7.8625584
1286;-3.0454245;-1.3120226;14.757859
1287;0.4213795;-3.4380736;17.851168
1288;0.63206923;-1.7908629;10.658986
1289;0.93852705;-0.60333884;10.1226845
1290;3.8019924;-0.5267244;16.577452
1291;8.312668;-3.1028855;20.197485
1292;3.6391866;-1.2737153;20.130447
1293;-0.22026655;-0.9672575;8.513782
1294;3.5529952;-1.9153614;5.6790466
1295;-8.561666;-1.2545617;9.136273
1296;-4.6255975;-0.60333884;14.480132
1297;4.261679;-2.528277;6.042965
1298;-4.0318356;-0.30645782;8.973468
1299;-0.90021986;-0.41180268;6.9719152
1300;7.3645644;-0.08619126;5.889736
1301;-1.7908629;0.019153614;8.66701
1302;4.7500963;-2.087744;7.7189064
1303;2.432509;0.5554548;4.510676
1304;-1.0247183;1.6567876;2.7868507
1305;1.1683705;1.1109096;5.3725886
1306;-1.1492168;0.5554548;8.312668
1307;-1.484405;0.24899697;7.4603324
1308;0.49799395;0.2873042;6.6079965
1309;1.3503298;-0.5267244;9.414001
1310;-1.982399;-0.1436521;9.749189
1311;0.8714894;-0.61291564;9.643845
1312;3.0358477;-1.043872;10.505757
1313;-3.6391866;-0.095768064;11.520899
1314;0.40222588;-0.89064306;10.754754
1315;1.1492168;0.37349546;12.966996
1316;-2.825158;-0.79487497;13.484144
1317;-1.4939818;-1.5131354;14.33648
1318;-0.22984336;-2.0685902;16.270994
1319;-3.6487634;-2.8921957;16.146496
1320;1.1109096;-2.3175871;15.08347
1321;1.8387469;-1.3599066;16.041151
1322;-1.5897499;-1.8579005;14.298173
1323;-0.009576807;-1.8866309;11.894394
1324;-1.2162545;-0.11492168;10.43872
1325;-1.7525556;-1.043872;8.839393
1326;1.043872;-0.23942018;9.605537
1327;1.2449849;-0.32561144;9.873688
1328;1.6472107;-1.0821792;10.381259
1329;-1.7908629;-0.05746084;7.843405
1330;3.0933087;0.22984336;7.393295
1331;0.18195933;-0.36391866;10.065224
1332;0.7469909;-0.6799533;7.920019
1333;-0.6799533;0.5554548;4.0222588
1334;-1.5131354;0.12449849;2.930503
1335;-0.8810662;0.2873042;6.847417
1336;-1.3599066;1.0726024;8.561666
1337;-0.10534488;0.48841715;3.5817258
1338;-0.02873042;1.3599066;7.326257
1339;0.11492168;0.095768064;8.437167
1340;4.280833;-0.18195933;10.7356
1341;1.340753;0.46926352;10.97502
1342;-3.2944214;0.18195933;8.446744
1343;0.1436521;0.8331822;6.9240313
1344;-2.1068976;1.0342951;7.479486
1345;-3.6966474;-0.7182605;13.206416
1346;-1.7908629;0.0;16.567875
1347;-1.532289;-1.1109096;12.641385
1348;-2.4899697;-0.5363012;13.244724
1349;1.982399;-1.0726024;20.503942
1350;4.5872903;-2.3654714;20.915747
1351;-0.7757214;-1.043872;16.098612
1352;-0.8331822;-1.7046716;13.062764
1353;-2.681506;-1.340753;17.353174
1354;-3.6966474;-1.8195933;11.33894
1355;1.292869;0.8523358;8.264784
1356;-0.94810385;1.9536686;6.9719152
1357;-1.4077905;1.436521;6.349423
1358;-0.91937345;1.7621324;3.323152
1359;-1.3215994;2.2122424;4.156334
1360;0.15322891;1.4173675;4.098873
1361;1.8674773;0.8523358;5.6790466
1362;-0.6991069;1.4652514;5.161899
1363;3.7253778;0.36391866;8.571242
1364;1.4556746;-0.12449849;10.247183
1365;-0.7182605;-0.47884035;6.6271505
1366;4.5394063;0.9959879;6.1100025
1367;-2.9592333;0.9576807;6.694188
1368;0.9864111;-0.40222588;10.151415
1369;1.2449849;1.1492168;8.916007
1370;-1.4939818;1.0821792;7.795521
1371;-0.25857377;-0.06703765;10.304645
1372;-3.3614593;-0.02873042;14.240712
1373;-2.2888567;0.48841715;10.936713
1374;1.2641385;0.25857377;8.868123
1375;-2.2026656;0.78529817;14.537593
1376;1.7621324;-0.11492168;14.499286
1377;2.4420857;1.5897499;14.346057
1378;-2.873042;2.4708161;13.67568
1379;0.08619126;1.6950948;12.258312
1380;1.484405;1.9057846;12.373235
1381;-0.11492168;0.545878;12.813767
1382;-0.46926352;0.076614454;13.67568
1383;-2.585738;0.7469909;12.813767
1384;-3.0454245;0.89064306;9.11712
1385;-0.4309563;1.7717092;7.4507556
1386;-0.5267244;0.2681506;9.174581
1387;0.2873042;1.3024458;9.730036
1388;0.51714754;1.5035586;6.885724
1389;1.3790601;0.51714754;8.676587
1390;-2.4037786;1.1779473;8.734048
1391;1.8195933;0.46926352;5.506664
1392;2.0015526;1.4556746;9.050082
1393;-3.7924154;1.1204864;10.208876
1394;0.50757074;-0.5267244;7.335834
1395;-1.6089035;0.20111294;7.690176
1396;-4.3861775;0.02873042;6.090849
1397;-0.06703765;-0.29688102;4.9703627
1398;-3.466804;0.90021986;8.0445175
1399;-1.1587936;-0.038307227;7.2304893
1400;0.49799395;0.8523358;8.159439
1401;-2.3654714;0.40222588;9.959879
1402;0.45010993;0.076614454;9.251195
1403;2.336741;-0.9959879;11.951855
1404;0.7182605;-1.8674773;13.560759
1405;0.46926352;-1.1204864;13.330915
1406;0.047884032;-1.1492168;8.1402855
1407;0.9959879;-1.5227122;10.448297
1408;2.1547816;-3.2848446;13.062764
1409;0.4213795;-0.7086837;13.88637
1410;2.336741;-2.1260512;14.221559
1411;6.445191;-2.0111294;14.039598
1412;0.45968673;-0.7469909;11.702858
1413;7.9008656;-2.1164744;8.90643
1414;3.1507695;0.5267244;11.779472
1415;-1.0151415;0.038307227;11.444284
1416;4.261679;1.8004397;3.1124623
1417;0.5554548;-0.15322891;7.479486
1418;7.029376;-2.8538885;13.129802
1419;0.842759;-0.82360536;12.401965
1420;3.7253778;-2.719813;8.6095495
1421;9.988609;-4.280833;15.380352
1422;-4.7309427;-1.541866;15.05474
1423;8.312668;-5.171476;8.925584
1424;11.300632;-2.0015526;10.994174
1425;-7.872135;-2.7485435;15.246277
1426;6.6175733;-3.9552212;5.439626
1427;7.8625584;-2.2409728;3.0358477
1428;-9.174581;0.39264908;0.20111294
1429;8.992621;-3.3997664;17.640478
1430;0.7661445;2.0494366;-0.91937345
1431;-18.693928;5.659893;-19.919758
1432;8.418014;-1.4460979;-3.2369606
1433;2.6431987;4.7022123;10.486604
1434;-27.303476;-6.1100025;6.5218053
1435;27.169401;10.812215;15.8304615
1436;10.869676;6.2728086;-3.9552212
1437;3.715801;-4.8937483;36.717476
1438;8.360553;0.24899697;20.341137
1439;3.3518825;-16.874334;11.980585
1440;1.4748282;0.15322891;6.244078
1441;6.6367273;-8.619126;12.334928
1442;15.246277;-8.111555;21.44247
1443;-8.283937;0.90979666;34.869152
1444;-2.528277;-21.729774;27.303476
1445;-6.3302693;-6.9144545;10.371682
1446;-12.152967;-5.851429;16.203957
1447;7.929596;-15.935806;14.480132
1448;-8.647857;3.6008794;23.578098
1449;-4.1180267;-7.4124484;72.98485
1450;31.986534;-4.8841715;17.104177
1451;-15.188815;12.344504;-18.636467
1452;-2.920926;-4.280833;10.477027
1453;4.654328;-2.5761611;1.292869
1454;6.7324953;-1.4652514;14.767436
1455;-9.864111;6.2249246;5.746084
1456;-21.461624;3.8019924;16.136919
1457;-26.680984;9.126697;-3.1603463
1458;-17.81286;3.169923;-0.7565677
1459;0.61291564;-1.0247183;2.5091233
1460;3.4380736;0.7374141;1.3982137
1461;2.231396;2.3942018;3.7541082
1462;7.0485296;3.1890767;5.746084
1463;0.49799395;3.715801;7.4986396
1464;3.7062242;1.6950948;8.954314
1465;2.1643584;2.1643584;7.297527
1466;-1.9919758;-0.24899697;6.5696893
1467;-1.5131354;-0.9864111;11.87524
1468;-5.7365074;-0.8619126;8.743625
1469;-1.9632454;-1.1779473;10.764331
1470;-5.7365074;-0.19153613;7.326257
1471;-2.2505496;-1.6089035;10.007763
1472;-1.7142484;0.7374141;6.789956
1473;1.2258313;-0.20111294;8.781932
1474;1.5897499;-0.05746084;10.793061
1475;-0.4213795;1.6663644;3.9839516
1476;5.6790466;3.122039;1.0534488
1477;4.462792;2.5091233;8.513782
1478;1.5705963;0.18195933;10.630256
1479;1.1204864;1.1875241;3.916914
1480;3.9360676;1.1492168;5.2863975
1481;-1.6089035;1.4556746;10.43872
1482;-1.4173675;0.48841715;6.3302693
1483;2.5187001;0.7086837;3.6774938
1484;-0.60333884;0.047884032;13.101071
1485;-0.46926352;-0.19153613;7.872135
1486;1.9153614;1.4748282;4.1276035
1487;2.2505496;1.340753;8.925584
1488;1.340753;2.384625;12.4785795
1489;3.1986535;0.7182605;9.481039
1490;0.641646;2.2697031;10.160992
1491;0.17238252;-1.8674773;11.530476
1492;4.55856;0.59376204;10.888829
1493;0.6799533;1.1204864;6.1004257
1494;2.1643584;1.3599066;11.310209
1495;1.8195933;-0.23942018;20.06341
1496;1.388637;0.29688102;11.36767
1497;-1.3024458;-1.0342951;7.565677
1498;-2.1164744;-0.93852705;11.195287
1499;-0.4405331;1.1683705;9.624691
1500;9.787497;-5.8226986;12.689269
1501;-2.920926;2.0015526;18.138472
1502;3.4284968;-1.8100165;17.401058
1503;10.0269165;-1.0630256;6.4547677
1504;-16.414646;6.033388;6.483498
1505;3.1124623;-5.583278;30.71282
1506;6.3685765;6.5218053;18.195932
1507;-21.547815;-1.7908629;-0.1340753
1508;29.84133;-6.5505357;16.19438
1509;8.015787;-5.765238;16.041151
1510;-9.653421;-0.91937345;7.345411
1511;7.28795;-4.213795;10.304645
1512;-0.6512229;0.2681506;17.27656
1513;-0.25857377;2.5474305;0.9768343
1514;9.931149;5.861006;-7.776367
1515;0.17238252;3.371036;10.860099
1516;14.039598;-2.0685902;14.049175
1517;-2.2601264;0.78529817;3.8307228
1518;-10.43872;6.742072;-13.713987
1519;1.8483237;1.2641385;-0.21068975
1520;-1.0151415;2.815581;9.643845
1521;0.58418524;3.9839516;9.528923
1522;10.43872;1.5227122;12.038046
1523;0.6991069;3.9552212;12.660539
1524;2.825158;-0.30645782;28.33777
1525;6.4164605;0.5650316;12.516887
1526;-2.4995465;0.7565677;13.742718
1527;-10.160992;-2.4516625;11.070788
1528;-8.599973;-2.4420857;16.22311
1529;-5.085284;0.2681506;8.149862
1530;-4.7884035;-0.45010993;12.871228
1531;-0.5363012;-3.1028855;10.658986
1532;0.06703765;0.49799395;16.098612
1533;-0.8619126;0.10534488;11.089942
1534;-1.1875241;1.7621324;7.795521
1535;-2.1930888;2.9975405;7.3645644
1536;-4.280833;2.6431987;7.843405
1537;-4.185065;3.1890767;3.0454245
1538;-4.1180267;3.2848446;5.3821654
1539;-4.7500963;2.5378537;7.144298
1540;-1.7046716;2.3942018;7.8146744
1541;-2.3175871;2.2505496;6.339846
1542;-2.5953147;0.94810385;12.363658
1543;-0.45010993;0.7565677;11.84651
1544;-0.7086837;1.6759412;11.434708
1545;-1.8004397;1.388637;12.095507
1546;-1.1492168;2.0973208;10.812215
1547;-2.4037786;2.1739352;7.5465236
1548;-3.2465374;2.7581203;8.868123
1549;-0.7469909;1.6472107;7.9966335
1550;-2.6048915;0.38307226;9.337387
1551;1.1109096;0.36391866;10.994174
1552;-1.13964;1.388637;9.873688
1553;-0.90021986;1.043872;5.391742
1554;-0.60333884;1.934515;7.019799
1555;-3.9552212;2.6431987;9.672575
1556;-1.5897499;1.3024458;3.7349546
1557;-0.6607997;2.3750482;6.196194
1558;-4.2425256;1.8291701;8.350976
1559;-3.1986535;1.1300632;1.0342951
1560;-0.41180268;3.265691;1.8866309
1561;-3.2082303;1.3503298;7.192182
1562;-5.267244;1.2737153;8.734048
1563;4.405331;0.90021986;2.6527755
1564;-4.405331;0.33518824;7.067683
1565;-0.16280572;-0.19153613;15.284584
1566;2.2122424;-0.5746084;5.602432
1567;-3.5817258;1.8387469;10.91756
1568;0.047884032;-1.1971009;9.672575
1569;-5.803545;4.865018;1.4173675
1570;2.5187001;0.6991069;2.9879637
1571;-1.292869;0.4405331;9.911995
1572;-11.549629;1.2066777;11.808203
1573;12.603078;-2.882619;6.244078
1574;-8.264784;5.6407394;12.105083
1575;0.63206923;-5.6982;11.884817
1576;12.440272;-0.59376204;8.101978
1577;-7.3166804;-0.5746084;13.88637
1578;1.1492168;-0.78529817;8.504205
1579;4.1276035;-1.685518;9.835381
1580;-6.081272;-1.292869;10.94629
1581;2.633622;-2.2122424;13.857639
1582;0.49799395;0.36391866;9.337387
1583;-3.9360676;-0.89064306;11.233594
1584;4.999093;-0.7086837;11.722012
1585;5.2002063;-2.0494366;16.673222
1586;3.083732;-2.231396;16.567875
1587;4.7884035;-2.96881;15.303738
1588;2.5761611;-1.9536686;11.530476
1589;1.1013328;-3.371036;16.366762
1590;1.9057846;-2.1930888;14.001291
1591;1.6950948;-0.30645782;11.358093
1592;4.156334;-0.37349546;8.599973
1593;-1.4652514;0.22026655;11.597513
1594;-3.064578;-0.009576807;11.204864
1595;-2.4516625;0.9864111;9.270349
1596;-0.50757074;1.3790601;9.921572
1597;5.161899;-0.37349546;8.408437
1598;0.6799533;0.6895301;11.999739
1599;3.8115692;-1.1587936;14.60463
1600;6.483498;-1.6759412;11.903971
1601;-0.29688102;0.59376204;10.6877165
1602;-0.21068975;-0.22026655;8.121132
1603;0.32561144;0.11492168;8.0924015
1604;-2.7964275;-0.15322891;9.557653
1605;-4.462792;-0.5554548;11.559206
1606;-2.2505496;-0.48841715;8.197746
1607;-1.7717092;0.82360536;7.422025
1608;2.0590134;0.16280572;9.988609
1609;2.6623523;-0.6512229;12.670115
1610;2.4037786;-1.0151415;12.813767
1611;3.4955344;-1.4748282;12.095507
1612;-0.6799533;0.45968673;10.199299
1613;0.1340753;0.39264908;7.9104424
1614;1.4652514;-0.19153613;8.590396
1615;-4.4244847;0.5746084;9.988609
1616;-3.9935284;0.40222588;9.356541
1617;0.8810662;0.6607997;7.747637
1618;-3.1124623;1.1300632;8.1881695
1619;3.5338416;-0.78529817;11.032481
1620;2.327164;0.6895301;13.761871
1621;0.82360536;0.05746084;12.344504
1622;1.541866;0.8331822;7.680599
1623;-1.0055647;1.0342951;7.1826053
1624;0.7278373;0.009576807;9.375694
1625;-0.29688102;0.5363012;11.377247
1626;-3.8402996;0.9864111;8.360553
1627;-0.6512229;0.2777274;8.274361
1628;-0.39264908;0.45968673;10.984597
1629;2.3175871;0.1340753;12.018892
1630;2.9113493;-0.4309563;10.927136
1631;-2.96881;0.29688102;12.334928
1632;2.633622;-1.2545617;10.228029
1633;1.043872;-0.48841715;11.597513
1634;-4.050989;-0.90021986;12.5264635
1635;1.0534488;-1.6950948;9.519346
1636;1.6089035;-0.16280572;6.1004257
1637;-3.8115692;-0.038307227;12.5743475
1638;1.1492168;-1.9249382;13.656527
1639;2.2601264;-0.45968673;5.9663506
1640;-2.681506;0.23942018;8.561666
1641;5.6407394;-1.6280571;12.670115
1642;-3.6774938;2.0685902;8.360553
1643;1.484405;1.1300632;2.1930888
1644;-1.2641385;-0.019153614;8.350976
1645;-4.55856;-0.31603462;9.404425
1646;1.1971009;-0.5650316;9.998186
1647;-2.72939;1.7525556;6.6846113
1648;-3.0933087;-0.6703765;5.257667
1649;1.9440918;-0.63206923;8.274361
1650;-0.37349546;0.30645782;11.741165
1651;1.1971009;-2.5761611;13.120225
1652;1.8100165;-1.6567876;9.270349
1653;4.0222588;-0.81402856;7.776367
1654;2.7006595;-0.63206923;10.314221
1655;-1.6376339;-0.5363012;12.995727
1656;3.0262709;-4.4915223;15.9262295
1657;-3.0454245;-2.231396;16.596605
1658;-10.0269165;0.21068975;7.019799
1659;9.624691;-2.9017725;3.572149
1660;1.091756;0.59376204;12.018892
1661;-6.4643445;-2.8443117;20.101717
1662;15.95496;-6.1195793;16.950949
1663;-4.5872903;2.0590134;6.339846
1664;-0.009576807;-1.6950948;10.927136
1665;11.693281;0.80445176;12.076353
1666;-1.8866309;1.9249382;13.761871
1667;-2.8538885;0.9768343;8.274361
1668;-6.1195793;0.545878;9.461885
1669;-2.27928;-0.79487497;4.7022123
1670;-1.8770541;-1.3311762;10.783484
1671;-1.7908629;-1.8579005;16.76899
1672;5.161899;-2.4708161;16.213533
1673;2.4133554;-2.0111294;12.344504
1674;0.009576807;-0.63206923;10.869676
1675;7.0581064;-1.541866;11.377247
1676;0.32561144;0.40222588;12.0093155
1677;-0.5267244;-0.20111294;11.051635
1678;-0.12449849;-0.6512229;5.0278234
1679;-10.563218;1.3982137;5.602432
1680;-1.3215994;-0.38307226;5.171476
1681;3.667917;-0.9672575;3.6296098
1682;-7.603985;2.2505496;14.729129
1683;4.817134;-1.1779473;16.989256
1684;4.6160207;2.078167;4.817134
1685;-2.4899697;2.0207062;6.83784
1686;5.841852;0.24899697;10.649409
1687;-0.59376204;1.3503298;12.842498
1688;-3.0071173;1.6567876;5.746084
1689;-6.8282633;1.685518;6.081272
1690;-2.6240451;0.1436521;5.21936
1691;-1.1300632;0.2777274;10.67814
1692;-0.81402856;-1.8291701;12.708423
1693;-0.9959879;-0.38307226;14.872781
1694;3.1507695;-1.0151415;9.940725
1695;1.2162545;0.35434186;11.051635
1696;2.5474305;-0.6799533;14.480132
1697;0.29688102;1.1492168;12.871228
1698;1.0821792;0.7086837;9.768343
1699;-3.7541082;0.78529817;8.360553
1700;-7.517793;1.5035586;6.3111157
1701;3.8307228;0.5554548;6.799533
1702;0.18195933;0.047884032;15.150508
1703;-7.632715;0.8523358;13.972561
1704;6.588843;0.076614454;7.920019
1705;1.7238252;2.1260512;5.899313
1706;-0.58418524;-0.2873042;13.771448
1707;12.095507;-0.4309563;10.25676
1708;-6.2823853;3.0550013;7.3549876
1709;-0.6895301;-0.49799395;9.078813
1710;2.4133554;0.5554548;9.452309
1711;-6.646304;2.4612393;4.7788267
1712;-2.5761611;0.6895301;6.0142345
1713;0.90979666;0.29688102;10.1226845
1714;0.5650316;0.2873042;8.494628
1715;-0.49799395;0.7278373;10.860099
1716;4.453215;-0.2873042;10.151415
1717;0.9864111;0.05746084;12.53604
1718;-0.4213795;-0.17238252;10.28549
1719;0.842759;0.047884032;9.337387
1720;-0.8331822;0.33518824;7.9104424
1721;-3.6583402;0.62249243;5.7748146
1722;-1.9153614;0.7086837;6.291962
1723;-0.89064306;-0.05746084;10.7356
1724;-2.2026656;0.545878;9.931149
1725;0.47884035;0.37349546;9.308656
1726;2.3175871;0.8331822;8.8777
1727;0.8523358;0.49799395;11.990162
1728;5.1140146;-1.3503298;12.08593
1729;-2.3654714;0.06703765;13.177686
1730;-0.6799533;-0.7374141;10.295067
1731;-1.6280571;0.46926352;6.6750345
1732;-4.060566;-0.31603462;10.25676
1733;-2.9879637;-0.095768064;11.36767
1734;1.3790601;-0.78529817;10.582372
1735;3.6966474;-1.0342951;11.003751
1736;-2.8443117;0.23942018;15.045163
1737;4.271256;-1.3311762;13.857639
1738;2.4612393;-1.0342951;8.801085
1739;-3.265691;-0.7565677;14.671668
1740;3.6008794;-1.5705963;8.973468
1741;-3.1794999;1.6950948;3.6008794
1742;-3.3997664;2.0398598;1.7908629
1743;-0.7278373;0.06703765;8.714894
1744;-1.5897499;0.095768064;10.477027
1745;0.16280572;0.21068975;7.7189064
1746;0.23942018;1.0247183;7.833828
1747;1.5610195;0.06703765;7.872135
1748;3.8402996;-0.5650316;11.683704
1749;0.9959879;-1.1971009;12.440272
1750;-2.9879637;0.16280572;7.9583263
1751;-0.79487497;0.37349546;6.6750345
1752;-0.90979666;0.61291564;7.565677
1753;-1.043872;-0.34476504;9.241618
1754;-0.93852705;-1.13964;11.674128
1755;-1.6280571;-1.1109096;11.693281
1756;0.7182605;-1.3694834;9.672575
1757;0.5267244;-0.22984336;9.710882
1758;0.7757214;-0.9959879;12.488156
1759;0.038307227;-2.327164;14.652514
1760;0.1436521;-1.6376339;13.857639
1761;0.1436521;-0.9864111;10.180145
1762;-1.1300632;-0.4213795;10.6877165
1763;1.7142484;-1.2258313;8.542512
1764;-0.05746084;-1.0342951;9.260772
1765;-2.0111294;-1.7429788;13.694834
1766;-0.78529817;-1.8579005;14.5088625
1767;0.7278373;-0.2681506;10.371682
1768;-0.24899697;-0.20111294;6.9144545
1769;0.24899697;-0.08619126;10.228029
1770;0.6895301;-0.009576807;9.423578
1771;1.3120226;-0.11492168;9.232041
1772;0.10534488;0.33518824;9.404425
1773;-1.8866309;1.091756;6.2632318
1774;2.5187001;0.6607997;7.469909
1775;-0.7086837;-0.32561144;12.105083
1776;-4.9224787;-0.2873042;12.6222315
1777;-1.5993267;-0.2681506;8.2169
1778;-0.92895025;0.21068975;7.1347213
1779;-0.5554548;-0.7565677;9.452309
1780;1.7046716;-0.21068975;12.382812
1781;2.0590134;-0.545878;11.36767
1782;1.436521;-0.40222588;9.586384
1783;0.095768064;-0.80445176;11.980585
1784;-2.135628;0.20111294;10.189722
1785;-1.5035586;0.38307226;5.554548
1786;-1.8483237;-0.6799533;10.208876
1787;-1.4077905;-1.3503298;14.164097
1788;0.8331822;-0.8714894;9.883265
1789;0.5554548;0.05746084;5.6790466
1790;1.3982137;-0.038307227;11.568783
1791;3.86903;-1.0821792;13.350069
1792;1.4748282;-0.6799533;10.0269165
1793;0.7757214;-1.13964;9.730036
1794;-1.9632454;-0.5267244;8.628703
1795;-0.91937345;0.49799395;5.401319
1796;0.4213795;0.038307227;10.084377
1797;-1.8770541;-0.6607997;11.760319
1798;-1.8195933;0.06703765;8.848969
1799;4.3861775;0.02873042;7.6614456
1800;-0.81402856;0.63206923;10.812215
1801;2.566584;-1.2354081;11.348516
1802;3.8019924;-0.31603462;11.070788
1803;-1.4939818;-0.009576807;8.437167
1804;-0.545878;-0.02873042;7.603985
1805;-2.4708161;-0.4213795;8.408437
1806;-1.3599066;-0.78529817;11.013328
1807;-2.384625;-0.39264908;10.994174
1808;-1.0534488;-0.89064306;10.745177
1809;1.5131354;-1.2545617;10.093954
1810;0.2681506;-0.7086837;12.928689
1811;2.681506;-1.3311762;12.191275
1812;0.31603462;-0.6991069;12.4785795
1813;0.47884035;-0.50757074;11.147403
1814;-1.3120226;-0.31603462;8.504205
1815;-3.4572272;-0.82360536;9.643845
1816;-1.6472107;-1.1109096;11.60709
1817;-1.1492168;-0.89064306;11.21444
1818;-0.92895025;-0.2777274;10.180145
1819;1.8004397;0.46926352;7.690176
1820;-1.1683705;1.2354081;8.868123
1821;2.1930888;0.7374141;10.400413
1822;0.16280572;1.4939818;9.528923
1823;-0.22026655;0.4213795;6.742072
1824;-0.4309563;0.6607997;9.557653
1825;0.6703765;0.89064306;8.207323
1826;-1.6759412;0.842759;7.795521
1827;-2.6240451;0.21068975;12.143391
1828;0.047884032;-0.35434186;11.291056
1829;-0.009576807;-0.1436521;9.624691
1830;-1.1971009;-0.8331822;9.873688
1831;1.8866309;-0.23942018;11.36767
1832;1.9057846;-0.06703765;10.170568
1833;0.6512229;0.30645782;9.356541
1834;0.7278373;-0.18195933;9.825804
1835;-0.842759;0.34476504;8.695741
1836;-1.1109096;1.2066777;7.872135
1837;0.45010993;0.31603462;9.662998
1838;-1.4077905;-0.047884032;10.754754
1839;-2.2122424;0.20111294;8.513782
1840;0.82360536;-0.16280572;8.264784
1841;-1.8387469;0.81402856;9.749189
1842;-0.095768064;0.36391866;10.611102
1843;3.4572272;0.7469909;12.066776
1844;1.3503298;-0.38307226;11.118672
1845;-0.33518824;0.49799395;10.70687
1846;-0.2777274;0.9768343;9.174581
1847;0.019153614;1.0821792;9.911995
1848;-3.371036;1.2641385;10.726024
1849;0.82360536;0.29688102;9.021352
1850;-2.8634653;1.043872;8.00621
1851;-0.51714754;0.6895301;9.557653
1852;1.6950948;0.5267244;10.793061
1853;0.36391866;1.0630256;12.315774
1854;3.016694;0.36391866;8.90643
1855;1.541866;0.45968673;10.5919485
1856;0.009576807;0.16280572;11.377247
1857;-1.9728222;0.5363012;9.433155
1858;-3.2848446;0.82360536;7.632715
1859;-1.7429788;0.4213795;10.0748005
1860;-1.1492168;0.37349546;9.203311
1861;-0.59376204;1.2354081;5.90889
1862;2.2218192;0.545878;9.126697
1863;-0.1340753;0.8523358;10.601525
1864;2.6144683;-0.05746084;9.232041
1865;0.5554548;0.22026655;8.810662
1866;1.6950948;0.16280572;9.519346
1867;1.7046716;0.29688102;9.844957
1868;-3.5913026;0.32561144;9.691729
1869;-0.39264908;0.21068975;7.8146744
1870;-1.0821792;0.2681506;7.4028716
1871;-1.4460979;-0.30645782;10.936713
1872;0.24899697;1.3215994;11.999739
1873;2.3175871;-0.06703765;8.6095495
1874;0.11492168;-0.076614454;11.865664
1875;1.9536686;-0.641646;11.990162
1876;4.596867;-1.1779473;9.56723
1877;0.22984336;-0.02873042;12.401965
1878;-0.15322891;-0.49799395;11.061212
1879;-0.37349546;-0.1436521;9.126697
1880;-2.3654714;0.20111294;7.843405
1881;-1.6759412;-1.3311762;9.969456
1882;-1.0630256;-0.61291564;12.717999
1883;-0.17238252;0.7469909;9.844957
1884;0.06703765;0.019153614;8.226477
1885;0.4309563;-0.019153614;11.9614315
1886;3.763685;-0.7757214;12.583924
1887;2.5570073;-1.5897499;13.589489
1888;0.02873042;1.3120226;12.842498
1889;2.2888567;-0.047884032;5.305551
1890;-2.9496565;1.0055647;5.056554
1891;-6.5122285;1.6280571;8.39886
1892;-1.1109096;-1.292869;7.967903
1893;-0.89064306;0.8331822;8.322245
1894;-0.6703765;-0.2681506;9.212888
1895;3.8786068;-0.2777274;8.015787
1896;1.9632454;0.37349546;11.473015
1897;3.514688;-1.934515;10.189722
1898;-2.719813;-1.5610195;11.032481
1899;-0.7182605;-1.4077905;11.568783
1900;1.3599066;-1.9057846;10.160992
1901;-4.8267107;0.08619126;7.086837
1902;-0.545878;0.16280572;7.029376
1903;-1.6184803;1.4652514;9.337387
1904;-2.825158;-0.10534488;11.176133
1905;2.2026656;-0.6607997;10.5440645
1906;0.62249243;0.9959879;8.896853
1907;3.8115692;0.15322891;11.626244
1908;-2.030283;0.62249243;12.77546
1909;-3.7349546;-0.82360536;9.519346
1910;0.25857377;-0.2873042;9.126697
1911;2.2218192;0.7278373;9.519346
1912;0.32561144;1.9632454;9.940725
1913;1.1587936;2.0590134;11.530476
1914;0.545878;0.37349546;8.628703
1915;1.8291701;0.0;9.126697
1916;2.566584;-0.9864111;13.168109
1917;-1.3215994;-0.47884035;12.698846
1918;-1.6089035;0.89064306;8.00621
1919;-1.7717092;0.1340753;9.873688
1920;0.82360536;0.9959879;10.228029
1921;0.40222588;0.6607997;7.7572136
1922;2.030283;-0.10534488;11.750742
1923;3.3423057;-0.91937345;13.570335
1924;1.3694834;-0.06703765;8.494628
1925;0.49799395;0.94810385;7.2113357
1926;-0.7469909;0.32561144;9.682152
1927;-8.485051;-0.17238252;9.576807
1928;-2.5378537;0.11492168;7.489063
1929;-0.9672575;0.10534488;6.540959
1930;-0.50757074;-0.2777274;9.3661175
1931;5.161899;-0.095768064;13.532028
1932;-0.076614454;-0.90979666;13.867216
1933;2.825158;-2.0494366;11.57836
1934;1.292869;0.0;10.965444
1935;-4.4915223;-0.076614454;12.880805
1936;0.45010993;-1.4269443;11.999739
1937;-1.8483237;0.7565677;7.9008656
1938;-6.253655;0.9864111;5.104438
1939;-1.7238252;0.08619126;6.8665705
1940;-1.1779473;-0.29688102;9.950302
1941;3.2561142;-0.7086837;12.564771
1942;0.12449849;1.6663644;11.377247
1943;-2.7964275;0.58418524;5.104438
1944;0.12449849;0.33518824;7.2113357
1945;-2.5187001;-0.16280572;14.240712
1946;-2.2601264;-1.5131354;11.252748
1947;-1.2641385;0.2681506;7.469909
1948;-0.81402856;1.0055647;7.6231384
1949;-1.0726024;0.842759;10.601525
1950;3.2465374;-2.4133554;11.310209
1951;-0.58418524;-0.47884035;12.488156
1952;-3.715801;0.641646;10.237606
1953;1.2545617;0.23942018;9.097966
1954;-0.9959879;1.1300632;10.323798
1955;-2.4229321;-0.50757074;10.5440645
1956;1.9057846;-1.043872;11.080365
1957;-0.095768064;0.1340753;11.779472
1958;-0.8619126;0.35434186;10.505757
1959;3.5625722;0.0;7.699753
1960;2.2218192;-0.2681506;11.760319
1961;1.9632454;-0.641646;11.971008
1962;-1.5035586;0.6512229;9.844957
1963;-2.767697;0.20111294;8.283937
1964;1.1875241;0.29688102;8.973468
1965;0.41180268;0.7086837;8.7532015
1966;-1.8962077;-0.45010993;9.203311
1967;-1.0821792;0.4309563;11.473015
1968;-0.2873042;0.019153614;9.576807
1969;2.0685902;-0.4405331;10.448297
1970;2.1068976;-0.35434186;11.33894
1971;2.8060043;-0.06703765;11.224017
1972;-0.4309563;-0.47884035;10.97502
1973;-4.7500963;0.5746084;10.333375
1974;-0.8523358;-0.5650316;7.2592196
1975;-0.19153613;-0.6512229;11.061212
1976;-1.4652514;-0.7469909;9.768343
1977;-0.10534488;0.0;7.6710224
1978;-0.08619126;-0.1436521;11.81778
1979;0.641646;-1.3120226;14.097059
1980;1.1300632;-1.4077905;8.6574335
1981;2.1068976;1.1683705;9.56723
1982;1.2641385;0.6607997;11.473015
1983;-3.0550013;0.89064306;9.002198
1984;-2.3654714;-0.095768064;5.315128
1985;-1.6472107;0.10534488;10.496181
1986;-3.0071173;0.7278373;9.998186
1987;1.5227122;0.7182605;7.086837
1988;6.14831;-0.30645782;12.4785795
1989;-0.92895025;0.24899697;16.16565
1990;4.7788267;-1.1779473;11.626244
1991;1.7429788;0.842759;9.959879
1992;-3.466804;0.36391866;14.135366
1993;2.078167;-0.41180268;10.716447
1994;-1.2545617;0.59376204;6.5218053
1995;-1.6376339;-0.7086837;7.7572136
1996;-1.8195933;-0.019153614;9.3182335
1997;-1.2641385;0.39264908;2.6623523
1998;3.8498764;-1.4556746;10.936713
1999;-1.6089035;-0.047884032;13.9151
2000;2.135628;-1.8483237;4.7405195
2001;2.2984335;-0.19153613;8.42759
2002;-3.9743748;-0.19153613;13.9917145
2003;-0.8619126;-1.9632454;7.479486
2004;1.685518;-0.32561144;7.881712
2005;-1.5035586;-0.24899697;14.518439
2006;2.4995465;-0.93852705;10.764331
2007;-0.8619126;2.4420857;8.532935
2008;-0.06703765;-0.29688102;11.9614315
2009;2.2409728;-2.0111294;10.955867
2010;-0.80445176;1.7525556;11.932701
2011;-2.9783869;0.7086837;12.880805
2012;0.21068975;-0.50757074;11.032481
2013;1.9728222;-0.2777274;8.312668
2014;0.46926352;-0.038307227;11.693281
2015;1.0247183;-0.4309563;11.3964
2016;-1.1683705;0.21068975;9.260772
2017;2.566584;-0.7374141;11.482592
2018;1.5131354;-0.047884032;13.091495
2019;-2.8921957;1.340753;5.851429
2020;-0.545878;-0.80445176;5.4683566
2021;-4.4819455;-0.6991069;8.39886
2022;-0.019153614;-1.4077905;6.8569937
2023;0.32561144;-0.009576807;6.301539
2024;-2.7389667;1.0247183;9.337387
2025;-2.0207062;-0.019153614;6.531382
2026;1.4748282;-0.4213795;5.45878
2027;0.7661445;-0.51714754;10.28549
2028;-4.759673;-1.8195933;11.87524
2029;0.17238252;-2.566584;11.9614315
2030;-0.7757214;-0.5650316;11.884817
2031;-6.042965;-0.9768343;10.429143
2032;4.1180267;-1.1779473;9.902418
2033;0.5363012;0.8331822;16.970102
2034;-0.79487497;-3.8115692;15.849615
2035;4.5681367;-0.89064306;11.310209
2036;-0.51714754;1.3694834;10.218452
2037;-2.0111294;-2.3750482;8.121132
2038;-5.765238;-1.2545617;15.275007
2039;-1.6280571;-2.0398598;12.564771
2040;-2.480393;0.6607997;2.920926
2041;4.175488;1.4460979;4.7309427
2042;4.759673;2.9783869;13.273455
2043;4.55856;-2.2984335;14.068329
2044;0.2873042;-2.6048915;4.309563
2045;-2.2601264;0.6799533;4.223372
2046;-6.0716953;-0.7469909;11.204864
2047;-3.0358477;-3.7445314;14.221559
2048;0.7565677;0.11492168;8.063671
2049;-3.7445314;1.9536686;3.7541082
2050;0.79487497;0.92895025;7.029376
2051;8.475474;0.6703765;11.836933
2052;2.135628;-1.7142484;16.711529
2053;3.5529952;-4.5394063;14.5567465
2054;-0.63206923;1.1492168;10.5440645
2055;-7.489063;1.7238252;5.535394
2056;0.7469909;-1.3311762;12.660539
2057;-1.283292;-0.9959879;18.780119
2058;-4.0701427;-0.22026655;11.358093
2059;3.4955344;-2.2122424;11.463438
2060;-2.2888567;2.7006595;15.02601
2061;1.292869;0.06703765;12.334928
2062;12.469003;-1.8387469;9.050082
2063;-10.180145;1.3694834;17.592594
2064;1.3503298;-2.7868507;10.189722
2065;0.51714754;2.930503;-0.7757214
2066;-12.593501;3.1890767;10.582372
2067;4.8267107;0.17238252;9.337387
2068;-1.5705963;4.721366;-0.9959879
2069;-7.28795;4.261679;4.903325
2070;6.4739213;-0.047884032;10.084377
2071;-2.0398598;2.9783869;3.763685
2072;-0.38307226;2.432509;1.532289
2073;-0.1340753;-0.6512229;11.291056
2074;-2.2122424;-0.545878;7.929596
2075;1.9249382;-1.5035586;5.2480903
2076;-3.5051112;-1.436521;11.520899
2077;-0.29688102;-2.183512;8.935161
2078;2.8060043;-2.7485435;8.264784
2079;-2.4708161;-2.2218192;14.623784
2080;-0.62249243;-3.4284968;13.8959465
2081;1.1300632;-1.6280571;12.74673
2082;1.7908629;-2.1643584;15.50485
2083;1.3024458;-1.3311762;13.819332
2084;4.999093;-1.5514427;14.077906
2085;6.646304;-1.3599066;16.874334
2086;-0.17238252;-0.82360536;12.689269
2087;4.2521024;0.1340753;9.998186
2088;-2.0494366;3.8307228;10.333375
2089;-4.654328;4.55856;1.6472107
2090;3.217807;5.497087;5.094861
2091;-1.1300632;4.9416323;16.395493
2092;-2.528277;0.2681506;7.517793
2093;1.1875241;2.2505496;3.7445314
2094;6.9527617;0.19153613;10.419566
2095;2.930503;2.384625;8.619126
2096;4.912902;-0.35434186;12.717999
2097;2.3654714;-1.1492168;11.693281
2098;-3.0550013;-4.8458643;14.058752
2099;-2.2218192;-1.6089035;11.654974
2100;-4.644751;-1.5035586;12.823344
2101;-3.0071173;-2.3175871;11.061212
2102;-0.8331822;-1.532289;10.6877165
2103;-0.8810662;-0.8619126;12.5743475
2104;0.36391866;-0.63206923;14.317327
2105;3.7445314;-0.63206923;11.923124
2106;0.4405331;-0.08619126;10.67814
2107;-3.8115692;0.17238252;13.215993
2108;0.076614454;-0.5650316;10.745177
2109;-1.283292;1.541866;8.255207
2110;-4.5202527;1.388637;6.6079965
2111;3.5913026;0.6799533;7.0102224
2112;5.363012;0.08619126;11.722012
2113;-3.016694;0.038307227;11.932701
2114;6.435614;-1.3120226;8.523358
2115;1.1204864;1.8195933;4.271256
2116;-3.4093432;-1.1300632;12.066776
2117;5.449203;-2.0494366;8.580819
2118;-2.7868507;0.10534488;6.196194
2119;-2.6144683;0.7757214;3.8786068
2120;1.9632454;0.20111294;7.1155677
2121;0.6512229;-0.41180268;9.662998
2122;1.934515;-1.6663644;12.0571995
2123;0.49799395;0.45968673;11.089942
2124;3.466804;0.2873042;8.954314
2125;1.4077905;1.3790601;12.957419
2126;-4.280833;1.6663644;9.030929
2127;2.767697;-0.038307227;9.950302
2128;1.1683705;0.047884032;13.158532
2129;-7.1826053;0.8523358;11.836933
2130;6.847417;-2.3175871;4.654328
2131;3.5051112;2.087744;12.411542
2132;-1.1109096;-0.60333884;18.20551
2133;7.5848308;-4.31914;14.039598
2134;-5.133168;1.7717092;7.9104424
2135;-1.733402;-1.5610195;12.325351
2136;5.7269306;-4.0701427;15.073894
2137;-10.563218;0.076614454;13.867216
2138;4.4340615;-1.8674773;4.960786
2139;4.7405195;-0.06703765;11.540052
2140;-6.435614;-1.1300632;17.219099
2141;9.184157;-4.5202527;13.771448
2142;2.078167;-2.078167;6.9719152
2143;-8.437167;0.12449849;8.42759
2144;-0.9576807;0.11492168;0.90021986
2145;-3.3901896;1.2641385;4.156334
2146;-8.801085;0.92895025;13.330915
2147;-1.292869;1.7046716;0.34476504
2148;2.135628;1.5993267;-6.588843
2149;-1.091756;-0.6703765;15.370775
2150;2.4229321;0.0;22.266075
2151;4.759673;3.8019924;-4.6255975
2152;1.0151415;4.999093;-5.985504
2153;6.4643445;1.7908629;16.663643
2154;5.0661306;-1.3311762;6.0621185
2155;-4.5394063;2.6910827;5.746084
2156;-9.959879;4.213795;1.8387469
2157;0.17238252;-2.6623523;9.337387
2158;3.3327289;-0.2777274;20.36029
2159;-6.2345014;-0.36391866;18.847157
2160;4.0892963;-6.7133417;13.129802
2161;10.745177;-1.1013328;20.9349
2162;-1.4556746;-3.8881836;28.289886
2163;5.3821654;-4.6926355;18.042704
2164;10.170568;-4.0892963;18.53112
2165;-4.1946416;-1.1109096;15.064317
2166;-8.456321;-0.34476504;10.103531
2167;4.2904096;-0.5363012;3.8786068
2168;-5.7748146;0.545878;8.90643
2169;-3.5913026;-0.6703765;11.990162
2170;11.271901;-1.1779473;6.7324953
2171;-3.6008794;4.261679;2.4899697
2172;1.5801731;1.8579005;10.247183
2173;9.5385;0.35434186;8.7532015
2174;-5.5737014;3.4476504;1.7908629
2175;5.3821654;-1.8004397;7.144298
2176;-2.3558946;0.8714894;8.494628
2177;-7.7572136;0.51714754;5.3725886
2178;7.97748;-1.7717092;4.9799395
2179;-2.6048915;-2.0015526;13.88637
2180;-2.7389667;-2.1547816;12.248735
2181;3.8019924;-2.7006595;12.593501
2182;-0.2777274;-2.4229321;11.654974
2183;1.2354081;-4.7309427;17.717093
2184;-2.231396;-1.6184803;14.15452
2185;5.707777;-0.2681506;10.333375
2186;0.08619126;-0.1340753;13.962984
2187;-6.349423;-0.40222588;11.032481
2188;6.0525417;0.9864111;2.135628
2189;0.9768343;1.9057846;3.5913026
2190;-6.895301;2.5474305;14.81532
2191;8.082825;1.1013328;5.1906295
2192;2.3175871;3.6008794;1.3311762
2193;-9.557653;3.7924154;8.264784
2194;5.899313;-0.2681506;6.4739213
2195;0.9576807;3.064578;0.8810662
2196;-8.896853;-0.78529817;19.910181
2197;3.0358477;-2.3942018;16.146496
2198;0.94810385;1.3599066;-2.078167
2199;-3.5817258;0.2873042;11.84651
2200;-1.1875241;-5.363012;21.021091
2201;2.528277;-1.3024458;16.136919
2202;1.3790601;-0.8331822;12.028469
2203;-2.432509;-1.5131354;16.108189
2204;1.2545617;-0.62249243;19.115307
2205;11.061212;-5.410896;16.318878
2206;1.1971009;0.4213795;11.348516
2207;-6.4260373;0.17238252;6.14831
2208;2.6240451;-0.79487497;7.249643
2209;-3.514688;1.0534488;5.6215854
2210;-3.1316159;-0.076614454;9.452309
2211;5.161899;0.8523358;5.161899
2212;-0.5363012;1.8962077;5.267244
2213;-0.49799395;1.091756;12.449849
2214;2.930503;0.2873042;8.935161
2215;-2.6240451;1.3790601;-0.50757074
2216;-4.2042184;-0.40222588;9.069236
2217;-0.48841715;-2.2218192;15.255854
2218;-0.30645782;-0.82360536;8.494628
2219;-0.641646;0.8619126;5.7748146
2220;-3.169923;0.4405331;12.583924
2221;6.531382;-1.6567876;11.81778
2222;1.8291701;0.17238252;12.105083
2223;-3.6487634;0.34476504;9.835381
2224;0.20111294;1.1204864;8.360553
2225;0.34476504;1.1875241;7.747637
2226;-2.4037786;0.095768064;12.765883
2227;-0.89064306;-1.6089035;13.292608
2228;-1.9440918;-0.4405331;10.649409
2229;0.18195933;-0.37349546;9.030929
2230;0.2777274;-0.19153613;9.346964
2231;2.2601264;0.0;12.334928
2232;0.41180268;0.0;13.953407
2233;-1.6950948;0.8331822;8.418014
2234;-0.9576807;2.135628;4.9416323
2235;-0.59376204;1.1300632;9.921572
2236;1.2545617;-0.29688102;13.819332
2237;0.59376204;-0.59376204;11.530476
2238;-2.633622;-0.15322891;9.212888
2239;1.8387469;-0.4213795;9.414001
2240;1.340753;-0.15322891;10.055647
2241;-0.48841715;-0.29688102;8.954314
2242;2.4899697;-0.33518824;10.773908
2243;-0.79487497;0.7661445;8.954314
2244;-0.16280572;0.90979666;4.644751
2245;0.5650316;0.9959879;8.446744
2246;0.5267244;-0.31603462;10.266336
2247;1.5897499;-0.46926352;9.040505
2248;2.087744;-1.5610195;9.030929
2249;-0.9672575;-0.8619126;11.147403
2250;1.4939818;-0.41180268;8.724471
2251;1.733402;-1.1109096;7.2783732
2252;-2.633622;0.22026655;10.773908
2253;-0.038307227;-1.1492168;9.174581
2254;0.80445176;0.29688102;8.283937
2255;0.35434186;0.5650316;7.086837
2256;2.1739352;0.5267244;8.0924015
2257;-1.340753;-0.5363012;11.137826
2258;0.89064306;-1.3024458;13.512875
2259;-1.3120226;-1.1204864;13.608643
2260;-5.6886234;0.34476504;11.099519
2261;2.432509;-1.7525556;8.599973
2262;4.3478703;-0.36391866;13.88637
2263;-2.7006595;-1.0151415;12.287044
2264;2.1164744;-1.3024458;10.084377
2265;-2.0494366;0.7182605;10.208876
2266;-3.6487634;0.1340753;9.260772
2267;2.1260512;-1.5897499;8.781932
2268;-3.6487634;-0.009576807;12.890382
2269;-1.1971009;-1.0726024;8.37013
2270;1.9057846;-0.35434186;8.293514
2271;-0.7469909;-0.33518824;10.869676
2272;0.89064306;-0.6991069;10.055647
2273;1.0534488;-0.30645782;7.2304893
2274;-2.5187001;-0.7374141;9.394848
2275;-2.1643584;-0.24899697;10.333375
2276;-0.45968673;0.08619126;7.1730285
2277;-0.2873042;-0.6895301;10.314221
2278;-1.685518;-1.1109096;13.206416
2279;4.012682;-1.3120226;12.909535
2280;2.7868507;-1.2641385;11.9614315
2281;-0.81402856;-1.733402;13.01488
2282;0.50757074;-0.8331822;12.038046
2283;1.6759412;-1.2354081;8.887277
2284;-1.1109096;-0.38307226;10.457873
2285;-3.3997664;-0.45010993;11.501745
2286;-3.3327289;1.3790601;6.1387334
2287;-0.6607997;1.9057846;3.5242648
2288;-1.3215994;1.1109096;10.726024
2289;3.3518825;-0.38307226;12.727576
2290;1.6280571;0.095768064;10.429143
2291;1.388637;-0.11492168;9.270349
2292;2.7006595;-0.019153614;9.461885
2293;1.8483237;0.16280572;11.884817
2294;0.8810662;-0.22984336;9.404425
2295;-2.72939;0.20111294;9.701305
2296;-3.7062242;0.92895025;7.019799
2297;-1.6280571;1.2258313;4.721366
2298;-0.22026655;0.94810385;8.178593
2299;0.076614454;-0.6895301;12.583924
2300;0.46926352;-0.39264908;10.524911
2301;2.27928;0.2681506;9.519346
2302;1.7717092;-0.15322891;10.7356
2303;1.4939818;0.18195933;11.971008
2304;2.3654714;0.12449849;11.195287
2305;-1.3024458;0.08619126;11.434708
2306;-2.2122424;0.38307226;10.266336
2307;-2.4708161;0.7086837;5.0661306
2308;0.33518824;0.21068975;7.728483
2309;-1.0247183;0.45010993;13.206416
2310;1.2066777;-1.0821792;12.11466
2311;0.5554548;0.009576807;9.500193
2312;1.532289;-0.038307227;11.070788
2313;4.405331;-0.49799395;10.477027
2314;1.9536686;0.19153613;12.717999
2315;0.60333884;0.37349546;11.81778
2316;-0.18195933;0.50757074;9.500193
2317;-3.3806129;1.7238252;6.167464
2318;-2.7964275;1.340753;5.9663506
2319;1.091756;0.2777274;9.385271
2320;1.388637;0.6991069;9.624691
2321;2.0973208;0.5650316;9.097966
2322;1.4748282;1.1779473;7.7093296
2323;2.0207062;0.02873042;9.279925
2324;3.265691;-0.7757214;10.764331
2325;-1.043872;-0.46926352;10.505757
2326;-3.763685;-0.41180268;9.921572
2327;-2.4037786;0.8810662;6.6750345
2328;0.41180268;0.7278373;5.2289367
2329;0.29688102;0.06703765;10.601525
2330;0.9672575;-0.90021986;14.441825
2331;4.759673;-1.4939818;12.957419
2332;0.31603462;-0.05746084;9.605537
2333;-0.2681506;0.16280572;10.783484
2334;2.4133554;-0.8810662;11.358093
2335;-0.31603462;-1.3982137;12.516887
2336;-2.0207062;-0.63206923;13.101071
2337;-0.18195933;0.18195933;8.073248
2338;0.0;0.7757214;4.3478703
2339;-0.6991069;0.076614454;11.712435
2340;1.1779473;-1.0534488;14.298173
2341;1.4077905;-0.08619126;9.299079
2342;0.50757074;0.81402856;7.8625584
2343;1.4173675;0.78529817;10.141838
2344;2.2122424;-0.009576807;11.33894
2345;1.8483237;-0.6799533;11.808203
2346;-0.7757214;-0.81402856;12.133814
2347;-1.4748282;0.095768064;9.433155
2348;1.0726024;0.32561144;5.717354
2349;0.009576807;0.81402856;7.297527
2350;-0.89064306;0.0;11.57836
2351;1.9057846;-1.3120226;12.564771
2352;-0.45968673;0.0;9.346964
2353;-0.5554548;0.78529817;6.1866174
2354;1.7525556;0.7469909;7.929596
2355;-0.92895025;0.5746084;11.233594
2356;3.0550013;-1.292869;10.247183
2357;0.641646;-0.076614454;10.783484
2358;-3.916914;0.6607997;7.9870567
2359;3.265691;0.7565677;5.4300494
2360;0.18195933;0.79487497;8.839393
2361;-4.711789;-0.076614454;10.831368
2362;-0.5746084;-0.89064306;11.18571
2363;0.61291564;0.22984336;10.228029
2364;2.3654714;0.7374141;8.791509
2365;1.8579005;0.6607997;8.465898
2366;0.35434186;0.38307226;13.273455
2367;2.633622;-0.62249243;13.148955
2368;-2.3175871;2.2984335;8.762778
2369;-3.323152;1.7429788;7.795521
2370;1.4652514;1.0055647;8.408437
2371;-1.6376339;0.59376204;10.362105
2372;0.58418524;-0.46926352;12.076353
2373;1.7908629;-0.24899697;14.068329
2374;0.25857377;0.45010993;10.965444
2375;1.2354081;1.043872;9.078813
2376;0.06703765;1.1587936;11.501745
2377;-0.37349546;0.0;9.787497
2378;0.93852705;1.5131354;6.7133417
2379;-1.1587936;1.2354081;9.385271
2380;-1.3024458;1.5897499;8.887277
2381;2.0207062;0.58418524;6.493075
2382;0.1340753;1.4173675;8.858546
2383;0.1340753;0.32561144;12.612655
2384;2.7964275;0.6799533;11.932701
2385;0.9864111;0.82360536;7.52737
2386;0.7278373;0.62249243;9.3182335
2387;0.58418524;1.9632454;10.936713
2388;2.5761611;0.39264908;9.299079
2389;0.25857377;0.78529817;12.679692
2390;-0.545878;0.6607997;9.490616
2391;2.6240451;0.18195933;8.034941
2392;-2.719813;2.3080103;10.860099
2393;0.22984336;1.340753;11.425131
2394;3.4859576;0.7661445;5.535394
2395;-6.3111157;2.7102363;12.344504
2396;2.777274;-1.091756;15.064317
2397;2.825158;1.7046716;4.9703627
2398;-4.865018;3.41892;7.153875
2399;4.4436383;-0.10534488;14.221559
2400;1.9249382;1.2066777;12.162544
2401;-2.1643584;1.4077905;2.1643584
2402;0.24899697;1.4939818;13.579912
2403;2.4995465;0.047884032;12.976573
2404;1.388637;1.6184803;11.195287
2405;-0.90021986;1.4939818;6.5696893
2406;0.29688102;0.36391866;10.572795
2407;-0.7661445;0.22984336;14.30775
2408;0.641646;0.20111294;6.4547677
2409;-4.1276035;2.3175871;6.8569937
2410;-1.0726024;2.2601264;8.42759
2411;5.755661;1.4939818;9.030929
2412;-1.982399;2.1739352;11.654974
2413;0.11492168;1.3982137;9.203311
2414;4.1371803;1.7429788;7.881712
2415;-3.667917;2.384625;11.722012
2416;-0.4213795;0.2777274;13.187263
2417;2.585738;1.2162545;11.003751
2418;-3.1794999;1.3599066;8.973468
2419;0.7661445;0.5650316;11.57836
2420;3.0262709;1.1013328;10.189722
2421;-2.9592333;2.0398598;9.011775
2422;0.20111294;0.6991069;9.864111
2423;2.920926;0.7278373;9.787497
2424;-1.4173675;1.7046716;7.747637
2425;1.1492168;1.1587936;8.810662
2426;2.1164744;1.1109096;9.940725
2427;-0.46926352;1.1779473;9.299079
2428;2.9113493;0.0;11.195287
2429;-0.15322891;0.92895025;10.582372
2430;0.9959879;1.1971009;8.580819
2431;1.7429788;0.8523358;9.32781
2432;-1.4269443;1.1300632;9.433155
2433;-0.79487497;0.7182605;9.299079
2434;0.35434186;0.8714894;9.222465
2435;-2.566584;1.3694834;9.346964
2436;2.087744;0.7757214;10.898406
2437;2.7102363;0.6607997;11.798626
2438;0.82360536;0.51714754;11.358093
2439;0.7757214;0.6991069;10.955867
2440;-1.0821792;1.1683705;10.630256
2441;-0.81402856;1.0821792;10.994174
2442;-0.17238252;0.37349546;10.342952
2443;0.6607997;-0.02873042;11.348516
2444;-1.3215994;0.076614454;10.773908
2445;-1.340753;-0.009576807;8.226477
2446;-1.091756;0.2681506;9.414001
2447;-2.6623523;0.47884035;10.802638
2448;0.20111294;0.41180268;8.781932
2449;0.7278373;1.2258313;8.322245
2450;2.480393;0.641646;10.793061
2451;3.1316159;0.48841715;10.275913
2452;-0.90021986;1.0151415;9.375694
2453;-1.1492168;0.1340753;7.680599
2454;-3.0550013;1.1779473;8.073248
2455;-2.681506;0.78529817;7.5465236
2456;0.48841715;0.4213795;9.442732
2457;-0.038307227;0.842759;11.405977
2458;1.1013328;0.36391866;11.674128
2459;3.5913026;-0.038307227;10.611102
2460;-1.2641385;0.48841715;10.888829
2461;-0.8714894;1.6472107;11.664551
2462;0.58418524;0.78529817;11.980585
2463;0.15322891;1.4748282;11.386824
2464;1.043872;0.8810662;8.925584
2465;3.3518825;0.51714754;9.844957
2466;0.6895301;0.2681506;13.397953
2467;-0.41180268;-0.6607997;11.769896
2468;-1.6184803;0.35434186;9.5385
2469;-1.733402;1.7142484;7.4028716
2470;1.484405;1.2737153;8.532935
2471;4.6255975;0.4213795;11.492168
2472;0.8331822;0.009576807;12.564771
2473;1.13964;-0.009576807;9.940725
2474;0.91937345;0.5267244;8.599973
2475;-0.92895025;1.3311762;8.255207
2476;-0.50757074;0.9959879;7.3645644
2477;0.15322891;1.2162545;8.686164
2478;-0.51714754;1.1204864;10.46745
2479;0.63206923;1.283292;8.6574335
2480;2.3942018;1.532289;8.676587
2481;2.4708161;1.340753;10.620679
2482;1.0342951;1.4748282;9.749189
2483;0.59376204;1.2162545;8.772355
2484;-3.466804;0.8619126;10.716447
2485;-3.1603463;0.33518824;11.252748
2486;-1.1971009;0.5267244;9.059659
2487;-0.90021986;0.90021986;10.5919485
2488;0.35434186;0.1436521;12.344504
2489;3.0358477;-0.63206923;14.317327
2490;0.7469909;-0.2777274;14.317327
2491;-0.32561144;-0.08619126;11.473015
2492;-1.1492168;0.60333884;9.749189
2493;0.34476504;0.90979666;9.940725
2494;-0.4405331;1.1204864;9.672575
2495;-0.8331822;1.7238252;9.797073
2496;1.0342951;1.982399;9.088389
2497;1.4939818;2.2026656;8.7053175
2498;2.5761611;1.685518;9.576807
2499;2.0494366;1.5705963;9.299079
2500;1.1300632;1.733402;7.374141
2501;-0.23942018;1.7717092;7.1634517
2502;-1.7142484;1.6089035;8.322245
2503;-0.7757214;1.484405;7.680599
2504;-2.327164;1.532289;6.7803793
2505;0.4309563;1.3311762;9.14585
2506;1.5131354;0.90021986;11.080365
2507;1.0630256;0.5267244;10.486604
2508;2.4037786;-0.047884032;11.358093
2509;1.3024458;-0.06703765;12.488156
2510;1.4460979;0.08619126;11.894394
2511;0.51714754;0.80445176;10.208876
2512;-1.6663644;1.292869;8.724471
2513;0.5650316;0.545878;10.103531
2514;-2.2505496;0.8810662;11.3964
2515;-0.51714754;0.93852705;10.132261
2516;0.41180268;1.292869;9.80665
2517;1.7142484;1.0342951;11.654974
2518;2.96881;0.7182605;12.028469
2519;1.4556746;1.2737153;11.137826
2520;1.4748282;1.5705963;10.333375
2521;-0.51714754;1.9536686;8.973468
2522;-0.641646;1.6376339;8.37013
2523;-0.545878;1.4556746;8.628703
2524;-1.6280571;1.388637;8.552089
2525;-0.1340753;1.1013328;7.038953
2526;0.009576807;1.043872;9.050082
2527;0.2777274;1.1587936;10.7356
2528;2.1452048;0.8810662;9.80665
2529;1.5610195;1.1013328;9.950302
2530;1.7812861;0.34476504;10.783484
2531;2.1068976;0.49799395;11.118672
2532;1.2162545;0.5267244;10.898406
2533;0.06703765;0.6607997;11.195287
2534;-0.076614454;1.091756;9.3182335
2535;1.5610195;1.3311762;9.040505
2536;-1.5035586;1.0630256;10.0269165
2537;0.4405331;0.47884035;10.199299
2538;-0.7086837;1.2066777;10.524911
2539;-1.091756;0.63206923;9.787497
2540;1.6280571;1.3120226;10.295067
2541;1.436521;1.2737153;10.582372
2542;1.3215994;0.6512229;11.84651
2543;0.25857377;0.6895301;10.400413
2544;0.019153614;1.541866;9.615114
2545;-1.091756;1.532289;9.825804
2546;-1.1492168;1.3024458;8.973468
2547;-0.82360536;1.3120226;8.456321
2548;-0.7757214;0.9768343;9.5385
2549;-0.6512229;0.93852705;9.490616
2550;-0.20111294;0.9864111;9.346964
2551;-0.21068975;1.0151415;9.797073
2552;0.58418524;0.842759;10.036493
2553;0.48841715;0.545878;10.180145
2554;0.1436521;0.641646;11.022904
2555;0.63206923;0.5650316;10.563218
2556;-0.79487497;0.51714754;9.969456
2557;0.94810385;0.61291564;10.295067
2558;0.5267244;0.5554548;10.400413
2559;0.40222588;0.6703765;9.394848
2560;0.31603462;0.7086837;9.3661175
2561;0.78529817;0.80445176;9.136273
2562;0.90979666;0.7757214;9.155427
2563;0.6607997;0.842759;9.595961
2564;0.5363012;0.6895301;9.308656
2565;0.23942018;0.842759;8.954314
2566;-0.02873042;0.6607997;9.165004
2567;0.0;0.641646;9.615114
2568;0.48841715;0.7661445;9.873688
2569;0.8619126;0.6991069;10.160992
2570;1.6280571;0.5363012;10.927136
2571;1.6089035;0.5363012;11.061212
2572;0.9672575;0.40222588;11.166556
2573;0.7661445;0.36391866;11.089942
2574;0.24899697;0.34476504;10.333375
2575;-0.18195933;0.32561144;10.314221
2576;0.21068975;0.36391866;10.189722
2577;0.38307226;0.4405331;9.9790325
2578;0.38307226;0.60333884;9.940725
2579;0.45010993;0.7278373;9.739613
2580;-0.29688102;0.9864111;9.251195
2581;-0.21068975;0.89064306;9.126697
2582;-0.45968673;0.82360536;9.14585
2583;-0.2777274;0.8714894;8.7532015
2584;-0.019153614;0.94810385;9.3182335
2585;-0.02873042;0.90021986;9.758766
2586;0.35434186;1.0534488;9.911995
2587;0.81402856;0.9768343;9.950302
2588;0.24899697;0.7182605;10.43872
2589;0.41180268;0.60333884;10.477027
2590;0.4309563;0.6703765;10.208876
2591;-0.24899697;0.48841715;10.304645
2592;-0.047884032;0.7661445;10.132261
2593;0.15322891;0.7469909;9.77792
2594;-0.05746084;0.81402856;9.80665
2595;0.2873042;1.0247183;9.787497
2596;0.46926352;1.1109096;9.481039
2597;0.2777274;1.2162545;9.557653
2598;0.7182605;1.1587936;9.77792
2599;0.36391866;1.3024458;9.548077
2600;0.58418524;1.1587936;9.9790325
2601;0.34476504;1.2066777;10.01734
2602;0.46926352;1.283292;9.701305
2603;0.4405331;1.3215994;10.160992
2604;0.5746084;1.2162545;9.969456
2605;0.7182605;1.340753;9.739613
2606;0.5554548;1.4652514;9.950302
2607;0.7278373;1.484405;9.844957
2608;0.81402856;1.5514427;9.710882
2609;0.48841715;1.5993267;10.113108
2610;0.641646;1.5035586;9.921572
2611;0.6895301;1.6376339;9.662998
2612;0.30645782;1.5993267;10.247183
2613;0.5554548;1.5993267;10.113108
2614;0.5363012;1.8579005;9.662998
2615;0.21068975;1.6663644;10.093954
2616;0.34476504;1.7908629;9.998186
2617;0.4213795;1.8483237;9.615114
2618;0.16280572;1.6376339;10.218452
2619;0.17238252;1.7046716;10.093954
2620;0.4309563;1.8100165;9.624691
2621;-0.16280572;1.6280571;10.151415
2622;0.1340753;1.7812861;10.180145
2623;0.1436521;1.8100165;9.500193
2624;-0.019153614;1.6663644;10.151415
2625;0.19153613;1.8100165;10.0269165
2626;0.35434186;2.0590134;9.308656
2627;-0.05746084;1.7429788;10.055647
2628;0.6703765;1.8004397;10.323798
2629;0.05746084;1.9728222;9.500193
2630;0.39264908;1.3790601;9.56723
2631;-0.22026655;1.8100165;9.835381
2632;0.41180268;1.7621324;9.471462
2633;0.0;1.4556746;9.653421
2634;0.37349546;1.388637;9.911995
2635;0.20111294;1.1587936;10.04607
2636;0.32561144;1.1300632;10.113108
2637;0.41180268;1.1013328;9.854534
2638;0.34476504;0.9959879;9.902418
2639;0.34476504;0.8331822;10.055647
2640;0.16280572;0.9672575;9.998186
2641;0.2873042;0.80445176;9.80665
2642;0.21068975;0.8810662;9.883265
2643;0.63206923;0.6991069;10.160992
2644;0.45010993;0.6607997;10.093954
2645;0.41180268;0.5267244;9.959879
2646;0.38307226;0.51714754;9.9790325
2647;0.19153613;0.40222588;9.931149
2648;0.32561144;0.30645782;9.835381
2649;0.22026655;0.32561144;9.864111
2650;0.2777274;0.22026655;9.80665
2651;0.22984336;0.20111294;9.931149
2652;0.22984336;0.16280572;9.844957
2653;0.24899697;0.05746084;9.883265
2654;0.22984336;0.10534488;9.80665
2655;0.2873042;0.08619126;9.883265
2656;0.24899697;0.019153614;9.921572
2657;0.2681506;0.038307227;9.883265
2658;0.32561144;0.038307227;9.959879
2659;0.24899697;0.0;9.883265
2660;0.2777274;0.0;9.892841
2661;0.2873042;0.038307227;9.940725
2662;0.2873042;0.05746084;9.864111
2663;0.2777274;0.06703765;9.864111
2664;0.29688102;0.05746084;9.844957
2665;0.24899697;0.047884032;9.940725
2666;0.2777274;0.05746084;9.883265
2667;0.32561144;0.05746084;9.892841
2668;0.25857377;0.047884032;9.883265
2669;0.2873042;0.076614454;9.825804
2670;0.2873042;0.038307227;9.940725
2671;0.24899697;-0.02873042;9.931149
2672;0.2681506;0.05746084;9.854534
2673;0.25857377;-0.009576807;9.931149
2674;0.2777274;0.02873042;9.883265
2675;0.2777274;0.0;9.873688
2676;0.22984336;0.019153614;9.950302
2677;0.24899697;0.076614454;9.873688
2678;0.24899697;0.02873042;9.873688
2679;0.2873042;0.038307227;9.835381
2680;0.2777274;0.06703765;9.911995
2681;0.2777274;0.009576807;9.940725
2682;0.24899697;0.0;9.883265
2683;0.30645782;0.019153614;9.969456
2684;0.2681506;0.02873042;9.854534
2685;0.2777274;0.02873042;9.844957
2686;0.2681506;0.047884032;9.883265
2687;0.30645782;-0.019153614;9.931149
2688;0.29688102;0.06703765;9.883265
2689;0.2873042;0.05746084;9.864111
2690;0.32561144;0.0;9.864111
2691;0.31603462;0.08619126;9.854534
2692;0.2777274;0.047884032;9.950302
2693;0.2777274;0.06703765;9.921572
2694;0.24899697;0.009576807;9.864111
2695;0.29688102;0.019153614;9.911995
2696;0.25857377;0.0;9.950302
2697;0.24899697;0.05746084;9.959879
2698;0.2777274;0.009576807;9.892841
2699;0.25857377;0.076614454;9.835381
2700;0.2681506;0.047884032;9.892841
2701;0.25857377;0.009576807;9.921572
2702;0.24899697;0.02873042;9.797073
2703;0.2873042;0.10534488;9.80665
2704;0.22026655;0.095768064;9.844957
2705;0.2681506;0.047884032;9.873688
2706;0.2681506;0.047884032;9.931149
2707;0.25857377;0.019153614;9.873688
2708;0.2873042;0.05746084;9.9790325
2709;0.25857377;0.038307227;9.940725
2710;0.2873042;0.009576807;9.911995
2711;0.2873042;0.06703765;9.902418
2712;0.33518824;0.06703765;9.873688
2713;0.34476504;0.05746084;9.873688
2714;0.33518824;0.05746084;9.816227
2715;0.30645782;0.076614454;9.80665
2716;0.30645782;0.05746084;9.80665
2717;0.29688102;0.06703765;9.816227
2718;0.29688102;0.08619126;9.911995
2719;0.25857377;0.047884032;9.797073
2720;0.31603462;0.009576807;9.931149
2721;0.2777274;0.009576807;10.036493
2722;0.23942018;0.038307227;9.902418
2723;0.35434186;-0.02873042;9.9790325
2724;0.24899697;0.0;9.950302
2725;0.25857377;-0.019153614;9.892841
2726;0.24899697;0.06703765;9.844957
2727;0.24899697;0.038307227;9.864111
2728;0.29688102;0.02873042;9.77792
2729;0.10534488;0.12449849;9.662998
2730;0.45968673;-0.009576807;9.931149
2731;0.25857377;0.047884032;9.797073
2732;0.31603462;0.047884032;9.921572
2733;0.34476504;0.0;9.969456
2734;0.25857377;0.009576807;9.835381
2735;0.2873042;-0.019153614;9.959879
2736;0.31603462;0.019153614;9.950302
2737;0.2681506;0.038307227;9.931149
2738;0.24899697;0.038307227;9.921572
2739;0.2777274;0.047884032;9.854534
2740;0.25857377;0.038307227;9.892841
2741;0.2777274;0.0;9.892841
2742;0.31603462;0.038307227;9.854534
2743;0.31603462;0.02873042;9.911995
2744;0.32561144;0.08619126;9.844957
2745;0.31603462;0.019153614;9.940725
2746;0.2681506;0.009576807;9.931149
2747;0.2681506;0.047884032;9.864111
2748;0.32561144;0.05746084;9.854534
2749;0.24899697;0.019153614;9.902418
2750;0.33518824;-0.047884032;9.911995
2751;0.23942018;-0.009576807;9.835381
2752;0.2681506;0.08619126;9.797073
2753;0.25857377;0.038307227;9.883265
2754;0.22984336;0.05746084;9.892841
2755;0.2873042;0.06703765;9.883265
2756;0.29688102;0.076614454;9.883265
2757;0.2777274;0.0;9.854534
2758;0.2777274;0.038307227;9.892841
2759;0.30645782;0.02873042;9.950302
2760;0.25857377;0.038307227;9.864111
2761;0.31603462;0.076614454;9.864111
2762;0.24899697;0.095768064;9.883265
2763;0.2681506;0.02873042;9.892841
2764;0.24899697;0.02873042;9.835381
2765;0.2873042;0.076614454;9.892841
2766;0.29688102;0.038307227;9.835381
2767;0.31603462;0.05746084;9.844957
2768;0.25857377;0.06703765;9.864111
2769;0.2777274;0.038307227;9.844957
2770;0.24899697;0.0;9.892841
2771;0.2681506;0.08619126;9.864111
2772;0.22984336;-0.009576807;9.873688
2773;0.29688102;0.02873042;9.892841
2774;0.23942018;0.06703765;9.921572
2775;0.32561144;0.05746084;9.864111
2776;0.2681506;0.047884032;9.940725
2777;0.25857377;0.02873042;9.873688
2778;0.30645782;0.02873042;9.873688
2779;0.24899697;0.06703765;9.825804
2780;0.2873042;0.06703765;9.825804
2781;0.2777274;0.06703765;9.883265
2782;0.2777274;0.076614454;9.864111
2783;0.30645782;0.095768064;9.787497
2784;0.24899697;0.047884032;9.873688
2785;0.30645782;0.047884032;9.864111
2786;0.25857377;0.05746084;9.873688
2787;0.23942018;0.05746084;9.892841
2788;0.29688102;0.02873042;9.892841
2789;0.2681506;0.02873042;9.864111
2790;0.2777274;0.047884032;9.931149
2791;0.2777274;0.0;9.911995
2792;0.2681506;0.019153614;9.902418
2793;0.2777274;0.05746084;9.854534
2794;0.31603462;0.047884032;9.892841
2795;0.30645782;0.02873042;9.892841
2796;0.31603462;0.019153614;9.892841
2797;0.2777274;0.038307227;9.844957
2798;0.29688102;0.02873042;9.873688
2799;0.2681506;0.05746084;9.892841
2800;0.32561144;0.019153614;9.883265
2801;0.31603462;0.095768064;9.892841
2802;0.31603462;0.038307227;9.873688
2803;0.31603462;0.06703765;9.854534
2804;0.24899697;0.009576807;9.902418
2805;0.30645782;0.08619126;9.911995
2806;0.2681506;-0.02873042;9.873688
2807;0.29688102;0.05746084;9.931149
2808;0.29688102;0.047884032;9.854534
2809;0.29688102;0.076614454;9.854534
2810;0.25857377;0.019153614;9.950302
2811;0.2681506;0.02873042;9.902418
2812;0.24899697;0.02873042;9.825804
