;ay;ax;az
0;0.10534488;-0.18195933;10.04607
1;0.22026655;-0.32561144;9.768343
2;0.10534488;-0.2777274;9.787497
3;0.22026655;-0.2873042;9.950302
4;0.24899697;-0.2777274;9.864111
5;0.19153613;-0.2681506;9.797073
6;0.22026655;-0.31603462;9.854534
7;0.21068975;-0.31603462;9.835381
8;0.18195933;-0.23942018;9.969456
9;0.23942018;-0.29688102;9.835381
10;0.24899697;-0.24899697;9.844957
11;0.22984336;-0.2681506;9.892841
12;0.20111294;-0.19153613;9.883265
13;0.25857377;-0.2777274;9.873688
14;0.2681506;-0.33518824;9.873688
15;0.23942018;-0.29688102;9.883265
16;0.22984336;-0.2681506;9.873688
17;0.20111294;-0.29688102;9.816227
18;0.2681506;-0.2681506;9.835381
19;0.21068975;-0.2777274;9.835381
20;0.22026655;-0.29688102;9.825804
21;0.22984336;-0.30645782;9.892841
22;0.18195933;-0.25857377;9.787497
23;0.20111294;-0.29688102;9.911995
24;0.22984336;-0.2777274;9.892841
25;0.22026655;-0.24899697;9.844957
26;0.25857377;-0.32561144;9.844957
27;0.17238252;-0.20111294;9.825804
28;0.20111294;-0.2777274;9.854534
29;0.24899697;-0.29688102;9.835381
30;0.21068975;-0.2873042;9.892841
31;0.21068975;-0.2777274;9.864111
32;0.24899697;-0.32561144;9.864111
33;0.22026655;-0.29688102;9.902418
34;0.24899697;-0.2681506;9.854534
35;0.18195933;-0.23942018;9.825804
36;0.23942018;-0.2873042;9.844957
37;0.24899697;-0.22984336;9.844957
38;0.23942018;-0.25857377;9.873688
39;0.24899697;-0.2873042;9.864111
40;0.22026655;-0.25857377;9.844957
41;0.22026655;-0.32561144;9.892841
42;0.15322891;-0.2777274;9.797073
43;0.2777274;-0.2681506;9.892841
44;0.17238252;-0.23942018;9.921572
45;0.2681506;-0.30645782;9.883265
46;0.19153613;-0.2873042;9.835381
47;0.24899697;-0.2777274;9.873688
48;0.22984336;-0.22984336;9.902418
49;0.20111294;-0.24899697;9.854534
50;0.22984336;-0.31603462;9.883265
51;0.21068975;-0.2873042;9.911995
52;0.24899697;-0.2777274;9.835381
53;0.20111294;-0.19153613;9.844957
54;0.2777274;-0.29688102;9.902418
55;0.21068975;-0.21068975;9.80665
56;0.22984336;-0.23942018;9.921572
57;0.18195933;-0.22026655;9.902418
58;0.17238252;-0.22026655;9.892841
59;0.16280572;-0.24899697;9.902418
60;0.19153613;-0.23942018;9.883265
61;0.18195933;-0.2873042;9.969456
62;0.19153613;-0.25857377;9.854534
63;0.23942018;-0.29688102;9.758766
64;0.095768064;-0.25857377;9.662998
65;0.22984336;-0.2681506;10.352529
66;0.24899697;-0.2873042;9.902418
67;0.2681506;-0.25857377;9.586384
68;0.10534488;-0.2873042;9.883265
69;0.31603462;-0.32561144;9.825804
70;0.22026655;-0.2777274;9.864111
71;0.18195933;-0.2873042;9.873688
72;0.20111294;-0.25857377;10.04607
73;0.2873042;-0.30645782;9.892841
74;0.22984336;-0.2873042;9.873688
75;0.22026655;-0.29688102;9.911995
76;0.2777274;-0.30645782;9.921572
77;0.23942018;-0.2873042;9.911995
78;0.23942018;-0.2873042;9.844957
79;0.22984336;-0.2873042;9.835381
80;0.21068975;-0.2777274;9.864111
81;0.19153613;-0.2681506;9.844957
82;0.15322891;-0.25857377;9.77792
83;0.18195933;-0.2777274;9.883265
84;0.22984336;-0.2681506;9.854534
85;0.23942018;-0.18195933;9.816227
86;0.18195933;-0.31603462;9.969456
87;0.22026655;-0.29688102;9.873688
88;0.21068975;-0.2777274;9.844957
89;0.24899697;-0.23942018;9.911995
90;0.19153613;-0.25857377;9.854534
91;0.22984336;-0.30645782;9.892841
92;0.24899697;-0.22984336;9.816227
93;0.24899697;-0.2681506;9.873688
94;0.24899697;-0.25857377;9.844957
95;0.20111294;-0.31603462;9.768343
96;0.22984336;-0.2777274;9.844957
97;0.24899697;-0.2681506;9.892841
98;0.24899697;-0.2873042;9.844957
99;0.23942018;-0.2873042;9.835381
100;0.18195933;-0.22984336;9.854534
101;0.20111294;-0.22026655;9.959879
102;0.20111294;-0.22026655;9.902418
103;0.22026655;-0.22984336;9.911995
104;0.21068975;-0.25857377;9.873688
105;0.19153613;-0.23942018;9.825804
106;0.22026655;-0.23942018;9.864111
107;0.25857377;-0.2873042;9.854534
108;0.18195933;-0.22984336;9.883265
109;0.24899697;-0.30645782;9.825804
110;0.23942018;-0.24899697;9.844957
111;0.18195933;-0.25857377;9.921572
112;0.24899697;-0.29688102;9.835381
113;0.21068975;-0.31603462;9.921572
114;0.23942018;-0.2777274;9.911995
115;0.24899697;-0.29688102;9.902418
116;0.22026655;-0.2777274;9.883265
117;0.22984336;-0.2873042;9.911995
118;0.22026655;-0.23942018;9.854534
119;0.22026655;-0.29688102;9.883265
120;0.24899697;-0.30645782;9.854534
121;0.22984336;-0.2873042;9.883265
122;0.22984336;-0.36391866;9.854534
123;0.22026655;-0.2681506;9.844957
124;0.22026655;-0.23942018;9.825804
125;0.20111294;-0.29688102;9.835381
126;0.22026655;-0.30645782;9.883265
127;0.22984336;-0.24899697;9.892841
128;0.16280572;-0.25857377;9.835381
129;0.2681506;-0.29688102;9.854534
130;0.20111294;-0.25857377;9.911995
131;0.20111294;-0.2681506;9.911995
132;0.23942018;-0.2681506;9.835381
133;0.17238252;-0.24899697;9.825804
134;0.24899697;-0.30645782;9.844957
135;0.18195933;-0.22026655;9.816227
136;0.22984336;-0.29688102;9.854534
137;0.2777274;-0.2681506;9.787497
138;0.20111294;-0.23942018;9.854534
139;0.25857377;-0.29688102;9.931149
140;0.24899697;-0.30645782;9.844957
141;0.22984336;-0.23942018;9.892841
142;0.23942018;-0.22984336;9.911995
143;0.22984336;-0.24899697;9.797073
144;0.23942018;-0.29688102;9.816227
145;0.20111294;-0.2873042;9.864111
146;0.25857377;-0.32561144;9.911995
147;0.21068975;-0.2777274;9.864111
148;0.22026655;-0.21068975;9.80665
149;0.15322891;-0.2681506;9.931149
150;0.22026655;-0.2873042;9.835381
151;0.25857377;-0.31603462;9.902418
152;0.24899697;-0.2777274;9.911995
153;0.21068975;-0.33518824;9.854534
154;0.22026655;-0.29688102;9.864111
155;0.21068975;-0.2777274;9.864111
156;0.22026655;-0.31603462;9.902418
157;0.2777274;-0.31603462;9.854534
158;0.19153613;-0.24899697;9.902418
159;0.24899697;-0.24899697;9.864111
160;0.24899697;-0.33518824;9.892841
161;0.22984336;-0.2681506;9.816227
162;0.22026655;-0.29688102;9.864111
163;0.18195933;-0.21068975;9.883265
164;0.24899697;-0.2873042;9.902418
165;0.24899697;-0.29688102;9.816227
166;0.21068975;-0.22984336;9.864111
167;0.22026655;-0.2873042;9.892841
168;0.22984336;-0.22984336;9.816227
169;0.20111294;-0.2777274;9.854534
170;0.21068975;-0.24899697;9.883265
171;0.22026655;-0.30645782;9.883265
172;0.23942018;-0.2873042;9.883265
173;0.20111294;-0.32561144;9.844957
174;0.19153613;-0.23942018;9.835381
175;0.21068975;-0.2873042;9.854534
176;0.19153613;-0.24899697;9.902418
177;0.22984336;-0.23942018;9.80665
178;0.24899697;-0.30645782;9.844957
179;0.22984336;-0.2681506;9.873688
180;0.19153613;-0.25857377;9.835381
181;0.22026655;-0.25857377;9.835381
182;0.22984336;-0.31603462;9.911995
183;0.18195933;-0.2681506;9.883265
184;0.2777274;-0.2777274;9.873688
185;0.22026655;-0.2681506;9.835381
186;0.20111294;-0.22984336;9.883265
187;0.24899697;-0.31603462;9.883265
188;0.21068975;-0.25857377;9.864111
189;0.24899697;-0.2873042;9.864111
190;0.24899697;-0.2873042;9.854534
191;0.21068975;-0.23942018;9.873688
192;0.24899697;-0.25857377;9.825804
193;0.21068975;-0.2681506;9.797073
194;0.22026655;-0.29688102;9.921572
195;0.23942018;-0.2777274;9.883265
196;0.18195933;-0.30645782;9.854534
197;0.22984336;-0.23942018;9.844957
198;0.24899697;-0.25857377;9.816227
199;0.22026655;-0.2873042;9.864111
200;0.20111294;-0.2681506;9.902418
201;0.19153613;-0.30645782;9.835381
202;0.22984336;-0.25857377;9.854534
203;0.22984336;-0.25857377;9.844957
204;0.21068975;-0.2777274;9.883265
205;0.22984336;-0.2873042;9.892841
206;0.22984336;-0.25857377;9.911995
207;0.19153613;-0.25857377;9.921572
208;0.21068975;-0.22984336;9.950302
209;0.23942018;-0.30645782;9.873688
210;0.22026655;-0.2681506;9.864111
211;0.23942018;-0.2681506;9.931149
212;0.25857377;-0.33518824;9.969456
213;0.20111294;-0.31603462;9.797073
214;0.21068975;-0.38307226;9.950302
215;0.16280572;-0.35434186;9.902418
216;0.15322891;-0.45010993;9.959879
217;0.18195933;-0.4309563;9.883265
218;0.076614454;-0.49799395;9.911995
219;0.076614454;-0.45010993;10.04607
220;0.11492168;-0.48841715;10.01734
221;0.11492168;-0.5650316;10.01734
222;0.02873042;-0.51714754;10.151415
223;0.10534488;-0.7182605;10.1226845
224;0.02873042;-0.7278373;10.25676
225;0.12449849;-0.8331822;10.113108
226;-0.06703765;-1.0630256;9.739613
227;0.10534488;-1.0055647;9.835381
228;0.11492168;-1.0534488;10.275913
229;-0.20111294;-1.2066777;9.557653
230;0.18195933;-1.3503298;9.260772
231;-0.095768064;-1.3120226;10.228029
232;0.009576807;-1.340753;9.797073
233;0.41180268;-1.7238252;9.299079
234;0.095768064;-1.5705963;9.940725
235;0.25857377;-1.4269443;9.844957
236;0.6512229;-1.7812861;9.921572
237;0.31603462;-1.8100165;10.381259
238;0.46926352;-1.9057846;10.0748005
239;0.8331822;-2.0973208;9.710882
240;0.38307226;-2.1643584;10.189722
241;0.5554548;-2.231396;10.189722
242;0.6703765;-2.2984335;9.768343
243;0.34476504;-2.5378537;9.940725
244;0.30645782;-2.480393;9.940725
245;0.48841715;-2.4229321;9.730036
246;0.41180268;-2.4612393;9.950302
247;0.5363012;-2.3750482;9.969456
248;0.24899697;-2.3558946;9.77792
249;0.47884035;-2.1643584;9.950302
250;-0.019153614;-2.078167;9.854534
251;0.34476504;-2.0398598;9.825804
252;0.10534488;-1.9153614;9.758766
253;-0.019153614;-1.8483237;9.873688
254;0.29688102;-1.733402;9.825804
255;-0.05746084;-1.7812861;9.720459
256;0.33518824;-1.7238252;9.739613
257;0.009576807;-1.6184803;9.816227
258;-0.076614454;-1.6184803;9.634268
259;-0.1436521;-1.6184803;9.624691
260;-0.33518824;-1.6376339;9.80665
261;-0.38307226;-1.6472107;9.720459
262;-0.36391866;-1.5897499;9.739613
263;-0.33518824;-1.4939818;9.864111
264;-0.1436521;-1.484405;9.998186
265;0.12449849;-1.5035586;9.892841
266;0.095768064;-1.3599066;10.141838
267;0.38307226;-1.4077905;10.362105
268;0.5363012;-1.436521;10.247183
269;0.6991069;-1.2449849;10.572795
270;0.6895301;-1.1587936;10.505757
271;0.33518824;-1.340753;9.998186
272;0.7661445;-1.1779473;10.189722
273;0.24899697;-1.2162545;10.342952
274;0.60333884;-1.1109096;10.065224
275;0.9672575;-1.2162545;9.691729
276;0.79487497;-1.2162545;9.653421
277;0.90979666;-1.2066777;9.739613
278;0.7661445;-1.2066777;9.519346
279;0.7757214;-1.1109096;9.3661175
280;0.45010993;-1.1204864;9.433155
281;0.45968673;-1.1492168;9.203311
282;0.38307226;-1.2258313;9.251195
283;0.019153614;-1.0151415;9.442732
284;0.15322891;-0.8714894;9.557653
285;-0.21068975;-0.842759;9.787497
286;-0.4405331;-0.81402856;10.141838
287;0.11492168;-0.7469909;9.911995
288;-0.31603462;-0.80445176;9.873688
289;-0.17238252;-0.6703765;10.486604
290;-0.038307227;-0.8523358;11.128249
291;0.90979666;-0.8331822;10.764331
292;-0.24899697;-1.0630256;10.5919485
293;0.89064306;-1.0151415;10.563218
294;-0.2681506;-1.1204864;10.6398325
295;0.076614454;-1.043872;10.6877165
296;0.2873042;-1.1971009;9.624691
297;-1.340753;-1.5514427;8.887277
298;-0.17238252;-1.436521;9.174581
299;0.12449849;-1.3311762;10.04607
300;-0.36391866;-1.5514427;8.772355
301;0.7469909;-1.4077905;8.714894
302;0.23942018;-1.13964;10.486604
303;-0.047884032;-1.091756;9.375694
304;1.4556746;-0.9864111;8.90643
305;0.33518824;-0.7757214;10.764331
306;-0.39264908;-0.6512229;10.524911
307;1.733402;-0.41180268;9.969456
308;0.45968673;-0.8810662;11.951855
309;1.6759412;-0.2873042;10.572795
310;-1.3024458;-1.3215994;9.32781
311;1.4748282;-0.7661445;10.860099
312;-1.5897499;-1.3790601;9.730036
313;0.45010993;-1.6089035;8.820239
314;0.93852705;-1.4077905;9.940725
315;-0.2873042;-1.6759412;9.950302
316;1.1013328;-1.4748282;9.260772
317;0.2777274;-1.1971009;10.314221
318;-0.7757214;-1.1013328;11.271901
319;1.0630256;-0.7661445;10.46745
320;0.5267244;-0.8331822;10.390836
321;0.15322891;-0.842759;10.7356
322;1.3024458;-0.63206923;10.457873
323;0.7278373;-0.6799533;11.453861
324;0.6607997;-0.8714894;11.195287
325;0.06703765;-1.4173675;8.762778
326;-1.1779473;-1.7429788;8.2169
327;-1.7429788;-1.5993267;9.452309
328;0.19153613;-1.2162545;10.065224
329;-1.2162545;-1.7525556;7.9583263
330;0.22026655;-1.4652514;8.264784
331;0.2873042;-1.0534488;10.400413
332;-0.81402856;-1.1683705;10.180145
333;0.7086837;-1.3215994;8.734048
334;0.25857377;-1.1109096;10.247183
335;0.7374141;-1.3311762;10.6398325
336;0.5554548;-1.6663644;8.90643
337;-1.9728222;-1.9440918;9.126697
338;0.19153613;-1.5514427;10.994174
339;0.076614454;-1.3982137;10.390836
340;0.4405331;-1.436521;10.180145
341;1.8866309;-1.4460979;8.944737
342;0.39264908;-1.3982137;9.864111
343;0.6607997;-0.6895301;11.33894
344;0.1436521;-0.78529817;10.6398325
345;-0.11492168;-0.61291564;9.873688
346;0.12449849;-1.0630256;12.200851
347;0.5267244;-1.3790601;11.654974
348;-0.1340753;-2.231396;9.691729
349;1.8866309;-1.4173675;10.390836
350;-1.3215994;-2.078167;10.055647
351;0.24899697;-2.0111294;9.241618
352;-0.50757074;-1.5610195;8.839393
353;-1.532289;-1.9919758;9.021352
354;1.3982137;-1.5514427;8.264784
355;-0.5363012;-1.7429788;8.90643
356;2.3654714;-1.9536686;11.540052
357;2.882619;-0.641646;8.37013
358;-1.8579005;-2.8060043;8.360553
359;1.7238252;-0.8523358;9.232041
360;-0.58418524;-0.60333884;9.701305
361;-1.5610195;-1.5131354;9.021352
362;0.35434186;-1.0055647;8.159439
363;-0.34476504;-1.4652514;9.14585
364;0.6895301;-1.5897499;10.0269165
365;2.681506;-1.3982137;10.611102
366;1.8004397;-1.4652514;10.553641
367;0.9672575;-1.5227122;11.262324
368;1.3694834;-1.292869;12.018892
369;-0.4309563;-2.078167;10.793061
370;-1.4939818;-2.1260512;7.6710224
371;-1.292869;-1.6472107;8.983045
372;0.37349546;-1.0055647;10.927136
373;-1.4939818;-1.1013328;9.289502
374;1.982399;-1.340753;9.730036
375;1.0726024;-1.2258313;10.534488
376;0.92895025;-1.5131354;12.516887
377;1.0342951;-0.8619126;10.907983
378;-0.9959879;-1.6663644;9.155427
379;0.92895025;-0.641646;9.854534
380;-2.2984335;-1.0055647;9.605537
381;1.0726024;-0.7374141;9.615114
382;0.095768064;-0.9576807;10.275913
383;-1.6759412;-0.50757074;10.237606
384;2.633622;-0.7374141;12.08593
385;0.32561144;-0.93852705;10.783484
386;0.10534488;-1.1779473;9.797073
387;2.3080103;-0.59376204;9.825804
388;-1.9536686;-1.3982137;9.595961
389;1.7717092;-0.7565677;8.580819
390;-2.0398598;-1.2545617;7.52737
391;-2.2026656;-1.0055647;7.651869
392;0.90979666;-1.13964;9.653421
393;0.63206923;-0.7661445;9.212888
394;-0.9576807;-1.3982137;8.695741
395;1.8579005;-1.4077905;8.925584
396;-0.05746084;-0.9959879;10.831368
397;-1.1683705;-0.93852705;11.003751
398;2.585738;-0.7661445;9.911995
399;0.30645782;-1.3311762;11.511322
400;0.81402856;-0.7278373;11.463438
401;-0.19153613;-1.13964;11.109096
402;1.2449849;-1.043872;12.29662
403;-0.25857377;-0.5554548;10.429143
404;-2.0973208;-1.3215994;8.90643
405;1.3024458;-0.89064306;8.734048
406;-2.0590134;-1.2162545;9.14585
407;-0.7182605;-2.6719291;10.113108
408;1.13964;-1.3790601;9.80665
409;-1.2162545;-1.1971009;9.595961
410;0.5363012;-2.3463178;8.829816
411;0.19153613;-1.6376339;7.9008656
412;-0.7086837;-1.3503298;10.04607
413;2.27928;-1.2066777;9.835381
414;1.1683705;-2.1643584;9.720459
415;2.3080103;-1.9440918;9.222465
416;-0.7661445;-2.1930888;8.66701
417;0.7278373;-1.3311762;9.193734
418;-1.8483237;-1.0821792;10.007763
419;-0.7182605;-1.1204864;9.691729
420;0.59376204;-1.2545617;8.37013
421;0.22984336;-1.7717092;10.093954
422;3.2561142;-0.9959879;11.204864
423;-1.283292;-1.0534488;11.540052
424;0.095768064;-1.3311762;9.500193
425;0.6607997;-0.6799533;9.595961
426;-2.27928;-0.8714894;11.903971
427;2.2697031;-0.94810385;10.419566
428;2.030283;-0.82360536;10.524911
429;-1.541866;-1.0821792;12.832921
430;2.1739352;-0.009576807;11.358093
431;-1.934515;-1.4269443;8.925584
432;2.528277;-0.81402856;11.808203
433;0.29688102;-0.93852705;9.615114
434;-1.3599066;-1.9536686;7.335834
435;2.2026656;-0.5650316;10.697293
436;-1.1492168;-1.7046716;11.779472
437;-2.336741;-2.2122424;6.4739213
438;-0.41180268;-1.2545617;6.5696893
439;-1.436521;-0.62249243;8.341399
440;1.6663644;-0.7757214;8.42759
441;2.231396;-0.78529817;9.241618
442;0.47884035;-1.2737153;10.764331
443;-0.23942018;-1.1971009;8.944737
444;-0.842759;-1.3120226;6.799533
445;-1.1300632;-0.7661445;11.87524
446;-0.39264908;-0.50757074;10.333375
447;0.5363012;-1.1204864;8.341399
448;1.4173675;-0.7182605;9.768343
449;2.0111294;-0.4213795;12.26789
450;0.8810662;-0.7182605;12.076353
451;0.15322891;-1.1779473;6.8569937
452;0.94810385;-0.7278373;7.345411
453;0.2777274;-1.1013328;12.4785795
454;-1.0630256;-1.0247183;11.166556
455;0.22026655;-1.4077905;6.5984197
456;-0.25857377;-0.80445176;11.281479
457;-1.043872;-0.60333884;13.8959465
458;1.2641385;-0.45968673;8.868123
459;-1.3311762;-0.7278373;8.781932
460;0.31603462;-0.17238252;12.650962
461;1.8195933;-0.29688102;13.445837
462;-0.15322891;-1.091756;11.18571
463;1.1204864;-1.0821792;8.236053
464;-3.2561142;-1.1875241;9.672575
465;0.8810662;-0.4213795;12.306197
466;3.2848446;-0.2681506;11.808203
467;-1.541866;-1.3024458;9.289502
468;1.9057846;-1.7142484;8.810662
469;-0.7469909;-1.5514427;9.548077
470;-1.7429788;-2.7102363;7.7189064
471;3.016694;-1.1971009;10.199299
472;1.2162545;-0.9672575;7.9104424
473;3.122039;-1.1875241;8.283937
474;-2.384625;-1.7046716;6.6654577
475;-0.02873042;-2.0207062;6.3589997
476;0.4213795;-1.283292;9.500193
477;-3.5434184;-0.60333884;8.772355
478;-1.5610195;-0.8619126;9.509769
479;2.0685902;-1.2641385;7.326257
480;0.1436521;-0.7374141;11.032481
481;0.9768343;-0.095768064;14.518439
482;1.2641385;-0.17238252;14.202404
483;3.1986535;-1.292869;10.67814
484;1.7429788;-0.6607997;11.808203
485;-2.480393;-2.2409728;11.348516
486;0.61291564;-1.8004397;5.5641246
487;-1.0726024;-1.2354081;7.9487495
488;-2.4708161;-0.50757074;11.434708
489;-2.3750482;-1.283292;9.519346
490;-0.8523358;-2.72939;6.435614
491;3.7732618;-1.0726024;10.141838
492;-0.81402856;-1.7621324;12.545617
493;2.528277;-2.4708161;10.812215
494;5.2480903;-1.9919758;8.054094
495;-3.8019924;-2.1260512;8.37013
496;3.169923;-1.1013328;8.0924015
497;-0.45010993;-1.6663644;8.350976
498;-2.777274;-1.3694834;8.820239
499;0.25857377;-0.17238252;10.630256
500;0.59376204;-0.40222588;12.842498
501;-1.13964;0.32561144;9.80665
502;1.1683705;0.047884032;11.262324
503;2.1739352;-0.2777274;13.101071
504;0.33518824;0.19153613;14.595054
505;1.5514427;-0.49799395;12.018892
506;1.043872;0.06703765;7.8146744
507;-0.49799395;-0.1340753;10.783484
508;1.3599066;-0.22984336;12.220005
509;0.32561144;-0.019153614;9.14585
510;0.29688102;0.2681506;7.7667904
511;-3.9360676;-0.7182605;9.375694
512;1.0534488;0.4213795;8.868123
513;0.37349546;1.1300632;10.5919485
514;-2.3654714;0.095768064;12.392388
515;4.606444;0.9768343;9.710882
516;0.7661445;-0.24899697;8.7053175
517;0.25857377;0.05746084;9.720459
518;0.36391866;0.60333884;9.988609
519;-2.327164;-0.63206923;9.337387
520;1.5514427;0.10534488;8.39886
521;-0.7469909;0.15322891;7.9104424
522;-3.217807;0.076614454;8.801085
523;1.6089035;0.6607997;11.856087
524;2.8060043;0.63206923;11.204864
525;-0.7278373;-0.2873042;9.481039
526;-0.80445176;-0.25857377;8.197746
527;0.5650316;0.61291564;8.983045
528;-0.21068975;1.3982137;12.047623
529;-1.6089035;-0.2873042;10.812215
530;3.8786068;0.18195933;8.494628
531;-0.5650316;1.1779473;8.791509
532;-1.6184803;0.11492168;15.399506
533;4.5872903;1.2737153;12.344504
534;-1.9153614;0.22984336;7.97748
535;-2.0973208;0.05746084;9.500193
536;2.8921957;2.327164;10.304645
537;-3.3135753;0.1436521;9.394848
538;0.6607997;0.34476504;8.954314
539;2.5761611;1.5801731;10.984597
540;-2.1547816;1.0151415;11.60709
541;0.30645782;0.7469909;10.620679
542;1.4077905;1.043872;9.557653
543;0.31603462;1.532289;11.166556
544;3.4476504;1.8195933;11.626244
545;4.185065;1.4652514;10.141838
546;1.340753;-0.33518824;9.126697
547;1.0821792;0.45968673;7.8146744
548;-2.27928;-0.50757074;7.0485296
549;-1.340753;0.2777274;9.749189
550;-2.7868507;-0.047884032;11.15698
551;-1.4269443;-0.5746084;7.297527
552;1.2258313;0.038307227;6.0621185
553;0.40222588;1.6280571;11.18571
554;1.2162545;0.7757214;14.18325
555;3.3423057;1.0151415;12.191275
556;0.89064306;-0.47884035;9.672575
557;1.1683705;0.08619126;9.835381
558;0.4213795;0.9768343;11.300632
559;-1.091756;0.5554548;9.595961
560;-1.3599066;0.8523358;7.201759
561;-3.2848446;0.2873042;10.7356
562;-1.283292;0.29688102;8.485051
563;-2.5474305;0.38307226;6.7133417
564;-1.1300632;0.545878;11.166556
565;2.336741;0.51714754;14.528016
566;1.3024458;0.18195933;10.831368
567;3.3135753;-0.45010993;8.628703
568;0.8714894;-0.22026655;8.954314
569;-0.2681506;0.038307227;8.810662
570;0.40222588;-0.35434186;9.184157
571;0.545878;-0.23942018;9.3182335
572;-1.3694834;-1.6376339;8.283937
573;-2.6431987;-1.7142484;5.056554
574;-3.0550013;-1.5035586;6.646304
575;-0.37349546;-0.38307226;9.461885
576;1.043872;-0.6991069;12.459426
577;4.501099;-0.0;10.821792
578;4.012682;-0.45968673;10.486604
579;0.08619126;-0.05746084;13.129802
580;2.2601264;1.091756;15.916653
581;5.0182467;1.1587936;16.82645
582;-0.06703765;0.9576807;13.455414
583;-1.4652514;-0.45010993;7.795521
584;-1.8483237;0.21068975;8.829816
585;-2.3175871;0.34476504;11.36767
586;0.7661445;1.7717092;13.828909
587;0.82360536;0.4309563;12.162544
588;1.3694834;-1.13964;8.599973
589;2.2984335;-0.7086837;7.9104424
590;2.7868507;-0.23942018;10.611102
591;2.7964275;0.2873042;11.626244
592;-0.9959879;-1.4269443;6.6367273
593;0.40222588;-1.2545617;5.171476
594;-3.6966474;-0.9959879;7.603985
595;-4.4340615;-0.5746084;6.0142345
596;-2.4612393;-0.31603462;5.6120086
597;-1.5801731;-0.59376204;7.431602
598;1.2449849;-0.90021986;8.274361
599;1.8100165;-1.1300632;8.475474
600;2.1739352;-1.1683705;8.552089
601;3.1890767;-0.46926352;10.007763
602;0.41180268;-0.36391866;11.63582
603;1.9249382;0.06703765;8.973468
604;-1.8579005;1.1204864;9.998186
605;-5.650316;0.2681506;11.664551
606;0.2681506;-0.047884032;9.050082
607;-2.4899697;-0.7757214;10.362105
608;0.9576807;-0.1436521;14.18325
609;2.6623523;0.8331822;13.761871
610;-0.8714894;1.685518;12.603078
611;2.5187001;2.030283;15.198392
612;3.6487634;1.6472107;16.663643
613;-1.8100165;0.4213795;14.164097
614;2.1643584;-0.22984336;11.568783
615;3.8402996;-0.1340753;10.323798
616;-3.2273839;-0.78529817;8.695741
617;0.7565677;-0.90979666;6.6271505
618;0.34476504;-0.641646;8.0445175
619;-3.074155;-0.641646;10.208876
620;-0.02873042;-1.1013328;6.38773
621;1.7908629;-1.2449849;4.8458643
622;1.0247183;-0.22026655;9.165004
623;1.9153614;0.10534488;10.189722
624;4.098873;-0.34476504;6.5984197
625;-0.25857377;-0.4405331;6.646304
626;-0.29688102;-0.89064306;6.8761473
627;0.6799533;-0.076614454;9.14585
628;-0.41180268;0.31603462;12.756307
629;0.24899697;0.90021986;9.481039
630;0.545878;0.06703765;9.155427
631;1.3503298;0.7374141;8.954314
632;0.545878;0.82360536;12.239159
633;-0.22026655;0.8810662;12.583924
634;1.2641385;1.1109096;11.789049
635;-0.29688102;0.02873042;11.204864
636;-0.94810385;-1.043872;10.323798
637;0.641646;0.20111294;8.082825
638;-3.169923;0.33518824;13.148955
639;1.5035586;0.33518824;13.64695
640;1.4077905;0.038307227;8.303091
641;-3.3327289;-0.59376204;7.747637
642;-0.25857377;0.48841715;9.586384
643;-1.7142484;1.0726024;10.189722
644;-1.091756;0.94810385;12.143391
645;1.541866;1.1013328;12.334928
646;0.25857377;0.46926352;10.314221
647;1.0630256;0.50757074;10.927136
648;1.7812861;-0.22984336;10.611102
649;0.6703765;-0.78529817;9.442732
650;0.9864111;-0.7374141;8.379706
651;-0.6607997;-0.8619126;6.3781533
652;-2.6623523;-0.90979666;6.291962
653;1.0055647;-0.16280572;9.5385
654;0.9959879;-1.0630256;9.423578
655;1.3024458;-0.02873042;7.843405
656;-0.25857377;0.038307227;11.310209
657;-0.33518824;0.45010993;12.832921
658;2.7006595;1.0151415;11.032481
659;3.9456444;1.283292;10.486604
660;0.17238252;1.1300632;12.957419
661;2.882619;0.8331822;10.409989
662;2.1643584;0.80445176;8.944737
663;-1.7525556;0.46926352;11.473015
664;-0.17238252;0.51714754;12.919112
665;0.6607997;-0.08619126;7.8912888
666;0.36391866;0.45968673;7.872135
667;0.32561144;-0.0;11.444284
668;-0.91937345;-0.7661445;9.682152
669;0.5746084;-1.0342951;6.4643445
670;0.51714754;-1.0726024;8.6095495
671;-0.59376204;-1.2258313;8.628703
672;1.6184803;-0.4405331;7.297527
673;-0.22026655;-1.2545617;10.812215
674;0.4309563;-0.7661445;10.275913
675;-3.3806129;-1.5801731;6.531382
676;0.31603462;-0.46926352;8.073248
677;-0.90979666;0.82360536;12.124237
678;-1.8195933;-0.23942018;11.33894
679;2.6144683;0.19153613;11.137826
680;0.6991069;-0.15322891;9.509769
681;-1.3215994;-0.15322891;12.191275
682;-1.3120226;0.076614454;8.149862
683;-0.6607997;0.36391866;10.160992
684;1.1587936;1.0726024;11.865664
685;-1.1779473;0.5267244;12.0571995
686;1.2258313;0.05746084;9.5385
687;-0.38307226;0.545878;10.764331
688;-0.545878;0.02873042;11.147403
689;1.436521;-0.038307227;11.176133
690;1.0726024;-0.009576807;10.352529
691;1.7621324;0.79487497;8.983045
692;-1.1875241;-0.2681506;8.954314
693;1.8579005;0.4213795;6.0142345
694;-1.0151415;0.7469909;9.414001
695;-3.2752678;-0.6512229;10.898406
696;0.22026655;-1.292869;8.39886
697;-0.94810385;-1.388637;6.445191
698;-0.5267244;-1.091756;7.642292
699;0.48841715;-0.6703765;9.059659
700;2.719813;-0.31603462;10.907983
701;-0.62249243;-0.6607997;9.959879
702;-0.6895301;-1.1587936;7.2592196
703;0.076614454;-0.4405331;8.360553
704;-3.2561142;-0.61291564;10.04607
705;-1.7621324;-0.49799395;8.599973
706;2.135628;-0.08619126;8.992621
707;-0.5267244;0.31603462;10.170568
708;-1.5035586;1.2258313;11.932701
709;1.3024458;0.6799533;12.660539
710;0.5363012;1.3694834;12.717999
711;-0.15322891;1.3024458;13.101071
712;2.3463178;1.5035586;12.124237
713;1.6663644;0.90979666;10.534488
714;-0.047884032;-0.35434186;10.295067
715;-1.0726024;-0.047884032;9.452309
716;0.58418524;-0.41180268;7.9870567
717;-0.17238252;-0.92895025;9.691729
718;-0.20111294;-1.4748282;9.471462
719;-1.484405;-1.2162545;6.531382
720;-3.0262709;-0.6607997;6.301539
721;-1.2545617;0.22984336;9.260772
722;0.076614454;0.19153613;10.888829
723;2.72939;-0.22026655;9.528923
724;0.37349546;-0.9864111;7.7093296
725;2.585738;-0.019153614;10.534488
726;3.4859576;1.6376339;13.867216
727;0.79487497;1.1204864;13.934254
728;0.019153614;0.5363012;9.059659
729;-3.4572272;-0.35434186;9.088389
730;-5.2863975;-0.1436521;11.511322
731;0.095768064;0.8523358;12.976573
732;0.82360536;-0.90979666;10.505757
733;1.6759412;-1.4269443;9.643845
734;2.1930888;-0.6512229;10.237606
735;0.02873042;-1.1875241;12.26789
736;1.4748282;0.34476504;9.902418
737;-0.90021986;0.47884035;8.7053175
738;0.32561144;0.6991069;12.583924
739;1.2162545;-0.11492168;9.80665
740;0.22984336;-0.08619126;7.431602
741;-0.80445176;-0.11492168;8.7532015
742;-1.436521;1.1109096;10.582372
743;-1.3311762;0.91937345;9.356541
744;2.1452048;0.82360536;8.628703
745;-0.20111294;-0.038307227;9.605537
746;-0.23942018;-0.16280572;9.672575
747;1.733402;0.19153613;7.9583263
748;1.0342951;1.6567876;11.760319
749;-1.9249382;0.7661445;13.043611
750;-1.1492168;0.2681506;10.160992
751;-0.1436521;0.39264908;7.1347213
752;-3.5529952;-0.1436521;12.430696
753;0.25857377;-0.4213795;12.995727
754;3.763685;-0.89064306;7.6135616
755;-0.7661445;-0.5267244;9.375694
756;-2.0111294;-0.40222588;10.036493
757;-1.3503298;0.2681506;7.5082164
758;-0.37349546;0.8523358;12.603078
759;-0.49799395;0.94810385;13.321339
760;-0.7086837;-0.41180268;6.3685765
761;0.2873042;-0.23942018;5.439626
762;-0.78529817;-0.19153613;11.18571
763;0.038307227;-0.21068975;9.9790325
764;2.3750482;0.25857377;9.825804
765;-1.6376339;-0.0;10.812215
766;0.10534488;0.32561144;8.255207
767;0.63206923;1.1683705;9.481039
768;-2.4133554;1.1492168;11.693281
769;0.62249243;-0.009576807;11.224017
770;1.5131354;-0.6703765;6.7803793
771;-1.6950948;-0.08619126;9.615114
772;-1.5705963;-0.18195933;10.955867
773;1.6280571;0.047884032;7.747637
774;0.39264908;-0.15322891;8.781932
775;-0.78529817;0.34476504;11.233594
776;0.24899697;-0.63206923;7.4986396
777;-0.24899697;-0.16280572;7.07726
778;-0.93852705;1.7429788;13.148955
779;1.0821792;2.8634653;15.47612
780;3.1794999;-0.10534488;14.499286
781;2.7868507;1.1875241;10.505757
782;0.45968673;0.81402856;10.860099
783;-1.7046716;0.7661445;9.825804
784;-0.9672575;1.3599066;8.513782
785;-1.1204864;0.60333884;13.560759
786;1.2545617;0.90021986;10.28549
787;-1.0821792;-0.7565677;8.973468
788;0.62249243;-0.9959879;12.899959
789;1.4173675;0.7757214;14.135366
790;1.8962077;1.2162545;13.177686
791;2.327164;-1.8866309;12.679692
792;0.5650316;-1.532289;4.8841715
793;-3.5434184;-1.4939818;4.4915223
794;-1.0630256;-0.40222588;9.308656
795;-2.0015526;-0.59376204;8.456321
796;-0.545878;-1.541866;5.765238
797;0.4405331;-0.16280572;9.509769
798;-2.5474305;-0.8523358;9.059659
799;4.5298295;1.3790601;9.375694
800;0.6703765;1.9057846;11.722012
801;-0.20111294;0.51714754;11.233594
802;2.1930888;-0.18195933;8.121132
803;-0.90979666;-0.4213795;7.1634517
804;-0.6991069;0.59376204;8.37013
805;-2.4899697;0.39264908;10.103531
806;-1.3215994;0.7565677;9.107543
807;-0.63206923;0.30645782;11.473015
808;2.2505496;-0.31603462;12.306197
809;0.37349546;-1.1300632;10.477027
810;1.9153614;-1.8770541;8.475474
811;0.17238252;-0.7661445;7.038953
812;-2.2218192;-0.9576807;11.022904
813;1.6089035;-0.6607997;13.043611
814;-1.6759412;-0.009576807;9.203311
815;-4.5777135;0.038307227;8.7053175
816;-0.009576807;1.1875241;13.608643
817;-1.043872;1.8100165;15.8783455
818;3.016694;1.3599066;13.962984
819;4.10845;1.2066777;11.051635
820;-2.6048915;1.0342951;14.097059
821;0.5554548;1.4077905;14.068329
822;0.80445176;0.7086837;11.511322
823;-2.0398598;0.019153614;11.798626
824;-3.371036;0.076614454;10.793061
825;-0.81402856;0.37349546;5.2480903
826;-0.24899697;0.48841715;6.4739213
827;-1.685518;0.641646;11.999739
828;-2.27928;-0.33518824;6.655881
829;7.8146744;-1.0151415;8.197746
830;3.620033;1.1683705;14.528016
831;-3.9264908;-1.7525556;4.855441
832;5.21936;-1.532289;-1.1587936
833;2.078167;0.32561144;9.126697
834;-2.5091233;0.545878;14.259866
835;-3.7828386;-2.5761611;-2.2026656
836;2.2984335;-2.8443117;-3.41892
837;-0.23942018;0.02873042;7.9966335
838;-8.7532015;-1.388637;13.206416
839;1.9057846;-0.81402856;3.4284968
840;-1.091756;0.6512229;13.694834
841;-3.217807;-0.009576807;17.286137
842;4.5202527;1.0726024;14.221559
843;1.043872;0.9672575;15.677233
844;-0.2873042;0.10534488;17.343597
845;2.9783869;1.3215994;14.279019
846;0.90021986;1.4269443;10.228029
847;1.1683705;0.58418524;16.146496
848;-3.371036;0.94810385;14.671668
849;-5.583278;-1.7525556;9.11712
850;1.8579005;0.1340753;10.04607
851;-3.4955344;-0.90979666;13.378799
852;1.5227122;-2.327164;9.797073
853;6.5601125;-1.7046716;7.2113357
854;-0.91937345;-2.3558946;11.722012
855;2.5953147;-1.6759412;10.496181
856;3.5913026;-0.7661445;7.249643
857;-4.7788267;-1.1683705;9.586384
858;-2.96881;-0.8810662;6.8761473
859;-2.231396;-0.8810662;1.1875241
860;-3.1028855;-0.0;6.799533
861;-1.3024458;1.685518;12.909535
862;3.763685;0.6799533;10.007763
863;3.1603463;0.24899697;7.6231384
864;2.27928;1.1492168;12.143391
865;2.7006595;0.36391866;13.043611
866;0.59376204;-0.41180268;8.542512
867;-2.327164;0.038307227;7.785944
868;-5.1523223;1.8962077;8.312668
869;-5.602432;-0.10534488;5.841852
870;-1.0055647;-0.8331822;6.129156
871;2.2026656;0.32561144;12.277467
872;3.2465374;0.30645782;13.64695
873;1.7046716;-0.2681506;12.832921
874;1.4460979;-0.33518824;10.572795
875;1.8962077;0.6607997;11.109096
876;-0.8810662;-0.94810385;11.18571
877;1.7908629;-1.2641385;11.137826
878;-1.0055647;-1.7238252;7.489063
879;-0.91937345;-1.541866;5.90889
880;-1.3790601;-1.484405;9.423578
881;2.1068976;-0.6607997;9.32781
882;0.59376204;0.9576807;9.385271
883;-6.205771;-0.545878;12.612655
884;0.4405331;0.8714894;9.988609
885;0.842759;1.0726024;10.381259
886;-1.982399;0.8523358;14.767436
887;3.5817258;2.1452048;14.872781
888;2.719813;0.019153614;10.515334
889;-0.90979666;-1.2162545;9.749189
890;1.4652514;0.5554548;10.352529
891;-0.46926352;-0.009576807;11.224017
892;-1.5801731;0.019153614;6.5218053
893;-0.41180268;0.81402856;6.655881
894;-4.31914;0.6799533;7.6231384
895;-1.5610195;1.3120226;7.8050976
896;-0.095768064;1.1204864;10.266336
897;1.8004397;0.94810385;11.003751
898;0.49799395;1.0247183;9.56723
899;-1.1300632;0.24899697;10.381259
900;1.9440918;0.48841715;8.8777
901;0.17238252;-0.05746084;10.553641
902;-0.90021986;-0.60333884;11.195287
903;1.9632454;-0.59376204;7.680599
904;-0.641646;-0.5554548;7.029376
905;-0.6512229;0.076614454;12.938266
906;2.882619;0.35434186;10.323798
907;2.7006595;0.047884032;8.437167
908;2.1547816;0.02873042;10.04607
909;-0.2777274;0.38307226;12.459426
910;0.095768064;-0.16280572;8.465898
911;2.2122424;1.0630256;9.356541
912;-1.1875241;1.3215994;15.428236
913;1.1013328;0.047884032;12.229582
914;1.4460979;0.095768064;4.012682
915;-1.0726024;1.2354081;10.821792
916;-0.8331822;2.384625;15.131354
917;0.31603462;0.009576807;9.653421
918;0.6607997;-0.23942018;7.1059904
919;-0.17238252;-1.1875241;9.883265
920;0.7565677;-0.7086837;11.415554
921;1.0821792;-0.5267244;8.2169
922;-1.0630256;0.6512229;9.739613
923;-1.3311762;1.0534488;13.168109
924;-1.292869;-0.1436521;12.717999
925;-1.0247183;-1.0821792;7.201759
926;-1.532289;-0.51714754;10.323798
927;-2.6527755;-0.45010993;10.793061
928;0.15322891;-0.32561144;7.9870567
929;1.388637;0.019153614;10.25676
930;-0.59376204;0.038307227;10.419566
931;-1.9632454;-0.009576807;8.571242
932;0.7278373;-0.31603462;6.253655
933;1.292869;0.8714894;10.630256
934;-1.3120226;1.0342951;14.470555
935;0.8714894;-0.019153614;10.46745
936;1.7429788;-0.5267244;7.153875
937;-1.4460979;-0.4405331;10.371682
938;1.5514427;0.009576807;11.951855
939;1.0630256;-1.6567876;7.699753
940;0.10534488;-1.4077905;7.747637
941;1.7142484;-1.4077905;7.8625584
942;-0.90021986;-2.135628;6.5984197
943;-1.0342951;-1.2641385;6.3781533
944;0.24899697;-0.0;11.061212
945;-0.8619126;-0.81402856;12.047623
946;0.40222588;-0.8714894;8.848969
947;1.8866309;0.78529817;7.5944076
948;-2.767697;1.2066777;12.823344
949;3.3135753;2.4708161;15.629349
950;2.4612393;2.0494366;14.221559
951;-2.1643584;0.92895025;10.649409
952;-2.1164744;0.18195933;10.697293
953;-3.3901896;-0.37349546;11.626244
954;-0.8810662;0.6895301;9.040505
955;0.49799395;-1.0821792;11.099519
956;1.2258313;-0.92895025;10.400413
957;1.7621324;-1.2449849;8.916007
958;0.20111294;-1.6759412;8.418014
959;1.340753;-0.21068975;8.169016
960;-1.3694834;-0.038307227;9.911995
961;-1.5035586;0.019153614;9.040505
962;1.0534488;0.46926352;6.655881
963;0.19153613;-0.08619126;8.6574335
964;-2.327164;0.47884035;10.984597
965;1.7142484;0.61291564;10.314221
966;2.5378537;-0.1436521;10.534488
967;0.842759;0.16280572;9.931149
968;-0.29688102;-0.5554548;8.8777
969;2.1547816;0.24899697;7.565677
970;-0.45968673;0.82360536;11.415554
971;-0.8810662;-0.038307227;12.469003
972;1.6950948;-0.9768343;8.628703
973;-2.3750482;0.05746084;5.803545
974;-1.7621324;0.009576807;10.611102
975;-0.22026655;0.038307227;9.931149
976;-0.51714754;0.89064306;8.475474
977;2.9783869;-0.36391866;11.587936
978;2.528277;0.60333884;10.314221
979;0.1340753;0.2777274;9.816227
980;2.1930888;0.9768343;13.024457
981;-1.0821792;0.7086837;12.382812
982;-3.016694;1.0534488;11.319786
983;-2.087744;-0.7374141;9.921572
984;-1.1109096;0.009576807;7.5561004
985;-4.1371803;-0.6512229;11.204864
986;-1.5993267;-0.31603462;11.980585
987;0.7661445;0.641646;10.46745
988;-3.1124623;1.4652514;10.477027
989;-2.585738;2.2984335;12.497733
990;0.019153614;2.5570073;14.824897
991;-0.51714754;1.733402;13.081918
992;1.4939818;0.92895025;13.417107
993;0.32561144;0.095768064;10.984597
994;-1.0247183;0.22984336;9.9790325
995;-0.2681506;-0.8331822;7.9966335
996;-0.29688102;-2.231396;6.291962
997;-3.0358477;-1.5035586;6.8186865
998;2.384625;-2.030283;5.7843914
999;0.842759;-3.1316159;0.90979666
1000;2.4516625;-2.3463178;5.995081
1001;1.5035586;-0.15322891;10.793061
1002;-1.7812861;-2.078167;2.8443117
1003;0.0;-0.39264908;5.1906295
1004;-2.2122424;0.58418524;10.611102
1005;-0.19153613;-0.48841715;10.783484
1006;1.7812861;0.02873042;5.765238
1007;0.80445176;-0.22984336;13.283031
1008;3.217807;0.59376204;13.532028
1009;5.0278234;0.93852705;14.729129
1010;0.0;0.02873042;12.689269
1011;1.6950948;1.3982137;13.369223
1012;-3.1507695;1.541866;11.204864
1013;-3.821146;0.8714894;10.802638
1014;-4.3382936;1.3790601;13.01488
1015;-3.265691;0.9864111;11.415554
1016;-3.4284968;0.34476504;9.241618
1017;0.8619126;-0.12449849;11.683704
1018;5.2002063;1.4939818;17.554287
1019;-2.1260512;-0.62249243;15.035586
1020;1.7238252;-1.2737153;10.505757
1021;0.17238252;0.02873042;8.293514
1022;-5.094861;-0.4213795;12.200851
1023;2.5378537;2.135628;15.418659
1024;1.1204864;-0.36391866;9.404425
1025;-1.4939818;-1.0534488;3.1986535
1026;1.6184803;0.90021986;7.7189064
1027;-4.7309427;-0.11492168;6.7803793
1028;-4.855441;-2.5953147;4.5777135
1029;8.025364;-0.62249243;7.28795
1030;1.5514427;1.2737153;10.840945
1031;-9.040505;-2.2409728;4.2425256
1032;11.87524;1.4269443;-1.6280571
1033;4.6830587;3.6583402;20.187908
1034;-4.817134;-0.038307227;22.878992
1035;11.60709;0.49799395;0.10534488
1036;-1.3120226;0.08619126;5.3821654
1037;0.18195933;0.7565677;16.989256
1038;3.6487634;3.2273839;17.132908
1039;-2.2122424;-0.7565677;4.6351743
1040;-1.340753;-0.05746084;7.383718
1041;-1.340753;1.283292;10.342952
1042;-1.2066777;0.23942018;11.061212
1043;1.5705963;2.777274;14.12579
1044;-0.7469909;-0.30645782;16.816874
1045;4.462792;-0.93852705;12.440272
1046;-1.6472107;-0.33518824;7.067683
1047;-4.0701427;-1.9057846;12.229582
1048;5.4204726;-0.9864111;16.788143
1049;-7.8146744;-3.1028855;6.0142345
1050;1.2066777;-2.2026656;6.5696893
1051;3.3614593;0.9864111;5.554548
1052;-5.707777;-1.436521;7.153875
1053;6.4547677;0.46926352;7.201759
1054;3.8115692;3.1986535;15.227123
1055;-9.77792;-1.7238252;12.727576
1056;1.6567876;-1.043872;4.7405195
1057;1.8674773;0.35434186;8.801085
1058;-10.764331;0.4405331;11.856087
1059;2.528277;1.7908629;13.043611
1060;9.691729;3.2369606;10.457873
1061;-1.340753;1.2066777;14.78659
1062;0.9959879;-0.17238252;9.998186
1063;7.1347213;1.8579005;10.97502
1064;-3.7924154;-0.39264908;11.999739
1065;-2.5474305;1.1300632;10.170568
1066;0.23942018;-0.82360536;10.611102
1067;-0.5363012;-0.5650316;7.469909
1068;-4.5872903;-1.043872;1.9440918
1069;2.4612393;-0.39264908;11.501745
1070;7.5561004;2.7006595;17.60217
1071;-4.309563;-2.183512;12.306197
1072;2.7006595;-4.050989;-1.9632454
1073;10.984597;1.1204864;3.1890767
1074;-10.783484;-0.79487497;14.987702
1075;-3.6966474;-2.2026656;11.434708
1076;8.350976;1.5227122;-1.982399
1077;-8.628703;-2.9783869;8.283937
1078;-4.0318356;-1.0055647;11.722012
1079;5.00867;0.7565677;7.0006456
1080;-2.585738;-0.33518824;14.374787
1081;4.367024;0.5554548;16.041151
1082;2.2505496;-0.8714894;10.515334
1083;0.20111294;0.7278373;10.065224
1084;1.8100165;1.6472107;16.730682
1085;-0.4309563;1.7046716;15.361198
1086;-0.12449849;0.5267244;13.043611
1087;0.9959879;0.92895025;8.887277
1088;-5.0278234;0.7469909;9.988609
1089;-6.6079965;0.11492168;11.971008
1090;-1.6280571;-0.08619126;9.595961
1091;-0.9576807;-0.90979666;10.486604
1092;6.033388;-1.8866309;12.229582
1093;5.1810527;-0.94810385;9.998186
1094;-5.142745;-2.2409728;3.7828386
1095;3.821146;-0.47884035;7.8050976
1096;7.019799;1.1587936;14.020445
1097;-6.291962;-1.6089035;10.247183
1098;-2.1452048;-2.1068976;1.1683705
1099;1.4939818;0.6703765;3.265691
1100;-8.6574335;1.685518;12.98615
1101;-1.5897499;0.8714894;12.976573
1102;6.8282633;1.1683705;10.381259
1103;-0.22984336;2.087744;9.902418
1104;-1.3024458;2.3654714;15.648502
1105;7.2113357;4.31914;14.987702
1106;5.6886234;3.514688;16.079458
1107;2.3942018;2.566584;17.085024
1108;3.6008794;2.825158;12.421119
1109;0.19153613;1.3024458;7.8625584
1110;-3.1603463;0.5650316;8.054094
1111;0.047884032;0.7182605;14.489709
1112;-1.6663644;-1.2449849;7.929596
1113;-4.4819455;-4.2999864;-5.353435
1114;2.1068976;-4.548983;6.1387334
1115;6.5505357;1.2258313;9.107543
1116;-14.4609785;-2.9879637;6.9144545
1117;4.2521024;-5.602432;-1.5610195
1118;12.555194;2.719813;13.292608
1119;-11.118672;-3.3901896;18.368315
1120;6.2632318;-2.815581;3.763685
1121;9.32781;1.5514427;7.651869
1122;-10.160992;-0.20111294;19.34515
1123;3.1603463;4.3957543;19.086576
1124;1.0342951;4.1180267;3.715801
1125;-7.489063;1.9919758;11.147403
1126;-2.5761611;3.6870706;16.912642
1127;-0.29688102;1.091756;12.679692
1128;-0.63206923;2.0494366;6.397307
1129;0.5650316;0.6991069;14.681245
1130;1.6472107;-1.9249382;14.192827
1131;3.9839516;-1.8291701;9.356541
1132;3.4476504;-0.9576807;10.43872
1133;-5.717354;-2.3175871;3.265691
1134;-2.183512;-4.175488;3.4572272
1135;4.7979803;1.5514427;13.742718
1136;-7.0102224;-1.541866;15.399506
1137;-1.5993267;-3.6008794;2.873042
1138;8.714894;0.40222588;5.947197
1139;-6.7612257;-1.4556746;17.678785
1140;0.076614454;-0.58418524;18.464083
1141;9.414001;0.24899697;10.295067
1142;-0.6607997;-1.8100165;13.8480625
1143;3.5434184;-0.2777274;13.292608
1144;5.535394;1.5897499;8.513782
1145;-1.8291701;0.4309563;7.297527
1146;-2.5570073;2.633622;12.74673
1147;2.6527755;1.9632454;12.938266
1148;-3.083732;1.1779473;9.701305
1149;-4.213795;-3.1124623;3.265691
1150;4.6255975;2.4899697;6.2249246
1151;-1.6376339;1.0151415;8.331821
1152;-4.2042184;-3.86903;1.6280571
1153;5.056554;-1.8866309;0.9576807
1154;-2.384625;-3.0262709;8.00621
1155;-1.7525556;-3.3806129;6.4260373
1156;8.130709;-1.685518;2.3654714
1157;-1.2354081;-2.0685902;4.9224787
1158;0.7661445;-0.91937345;12.220005
1159;11.789049;1.7908629;16.500837
1160;-4.0222588;2.6431987;10.132261
1161;-11.310209;3.5434184;10.67814
1162;3.8115692;4.0318356;23.520638
1163;0.25857377;1.8770541;27.868507
1164;6.4643445;4.654328;24.526203
1165;9.136273;7.441179;24.363396
1166;-6.0525417;1.4748282;20.245369
1167;7.153875;4.817134;13.388376
1168;6.3206925;6.789956;20.475212
1169;-5.707777;0.5746084;22.562958
1170;5.6215854;-0.06703765;9.3661175
1171;6.2728086;0.48841715;2.8538885
1172;-2.4133554;-2.1930888;12.210428
1173;8.312668;3.2848446;11.3964
1174;-3.3423057;-1.8674773;2.8538885
1175;-4.721366;-3.9264908;-0.8523358
1176;-1.7812861;-1.532289;-4.414908
1177;-7.9870567;-1.6280571;5.889736
1178;-5.267244;-2.384625;7.9870567
1179;2.9017725;-2.0207062;0.78529817
1180;-2.873042;-1.0055647;6.0142345
1181;-1.388637;-0.47884035;9.011775
1182;2.6527755;1.733402;6.9240313
1183;-1.3311762;0.78529817;10.821792
1184;-0.1436521;2.4516625;12.277467
1185;-3.5242648;1.3982137;5.659893
1186;-1.1587936;1.6567876;3.5051112
1187;-5.3342814;2.528277;12.354081
1188;-6.6846113;3.4476504;16.49126
1189;-4.0318356;2.1452048;9.921572
1190;-2.6048915;2.030283;5.391742
1191;-3.8594532;2.2122424;12.919112
1192;-1.5993267;2.2026656;17.00841
1193;1.5610195;2.3558946;14.240712
1194;-2.27928;2.384625;6.4547677
1195;-7.1634517;-0.8714894;21.365856
1196;9.883265;4.098873;11.262324
1197;-5.3438582;1.0151415;11.712435
1198;3.4763808;-4.357447;9.078813
1199;7.0006456;0.22026655;11.540052
1200;-7.5465236;-5.650316;5.554548
1201;3.7732618;-3.1316159;3.6104562
1202;-1.532289;-3.8977604;4.1180267
1203;-3.9360676;-4.8458643;5.3438582
1204;5.9280434;-2.8634653;5.6215854
1205;2.5761611;-3.8594532;8.0924015
1206;2.6048915;-3.8498764;10.764331
1207;5.5162406;-3.7062242;7.07726
1208;1.5801731;-3.6391866;8.6095495
1209;6.8665705;-1.436521;9.940725
1210;2.4899697;0.19153613;13.982138
1211;-2.2122424;-0.80445176;8.628703
1212;3.4093432;0.5267244;7.4986396
1213;-1.1013328;1.1875241;11.444284
1214;-2.5570073;1.934515;16.615759
1215;4.817134;2.2218192;13.551182
1216;0.90979666;1.5514427;11.013328
1217;-1.7525556;1.9632454;13.934254
1218;4.280833;1.5705963;15.47612
1219;2.5953147;2.6910827;9.672575
1220;-0.6512229;-0.89064306;12.852075
1221;-0.6991069;0.23942018;10.180145
1222;-2.0685902;-0.6703765;5.4683566
1223;-2.0015526;-2.0494366;7.8912888
1224;-1.7717092;-1.1779473;10.97502
1225;-2.5953147;-1.7525556;6.751649
1226;-3.4859576;-2.5953147;2.1547816
1227;-3.0071173;-2.4133554;7.3071036
1228;-0.545878;-0.33518824;9.32781
1229;-2.078167;-1.9728222;8.42759
1230;2.8634653;-1.5705963;7.2592196
1231;1.733402;-1.7046716;10.113108
1232;2.2026656;-1.934515;11.013328
1233;8.925584;-3.3901896;12.53604
1234;8.015787;-5.6982;11.022904
1235;-1.8674773;-4.012682;4.4340615
1236;-1.8004397;-1.7046716;6.3206925
1237;-3.1507695;-0.5746084;9.605537
1238;-6.83784;-0.35434186;13.8480625
1239;-0.34476504;1.5035586;12.583924
1240;0.37349546;1.043872;10.400413
1241;6.244078;1.5897499;14.202404
1242;6.7803793;2.0590134;22.199038
1243;5.45878;0.5746084;20.676327
1244;4.4819455;3.6008794;11.760319
1245;2.5091233;2.1164744;10.208876
1246;-0.80445176;2.9975405;12.603078
1247;-3.9456444;4.0318356;7.326257
1248;-4.1946416;2.183512;1.3503298
1249;-6.3111157;-3.1507695;7.575254
1250;-0.06703765;-1.5131354;15.332468
1251;1.0055647;-1.8195933;8.734048
1252;-0.08619126;-3.3327289;-1.2162545
1253;0.6799533;-2.1164744;9.80665
1254;-1.4748282;-1.8962077;16.127342
1255;1.1875241;-0.93852705;4.7405195
1256;-1.1204864;-2.777274;-2.2409728
1257;-0.23942018;-0.48841715;2.7389667
1258;-0.6512229;-1.436521;10.936713
1259;-3.4380736;-1.6759412;6.2632318
1260;-3.1507695;-0.8331822;7.0581064
1261;-7.383718;0.12449849;12.162544
1262;-3.5242648;-1.4939818;11.137826
1263;3.7924154;2.9113493;9.414001
1264;-3.9552212;2.2409728;20.90617
1265;-2.1643584;2.3175871;17.764977
1266;8.63828;4.098873;11.291056
1267;-3.8019924;1.6950948;14.030022
1268;-4.3287168;1.6280571;15.524004
1269;5.1235914;2.183512;11.645397
1270;-1.7142484;1.388637;5.209783
1271;-1.7908629;2.087744;14.84405
1272;0.05746084;1.6663644;12.670115
1273;-1.043872;0.47884035;6.799533
1274;-2.4037786;-0.05746084;9.576807
1275;2.2697031;0.34476504;10.237606
1276;4.3287168;-0.33518824;8.159439
1277;4.3478703;-0.89064306;8.178593
1278;3.5051112;0.34476504;6.646304
1279;0.4213795;-1.0534488;8.00621
1280;4.7500963;-0.31603462;8.734048
1281;-0.4213795;-1.5993267;7.1826053
1282;1.6089035;-1.4077905;10.151415
1283;-1.1204864;0.009576807;7.8912888
1284;-2.4995465;-1.4269443;8.485051
1285;1.1587936;-0.7086837;6.703765
1286;2.5474305;0.40222588;13.88637
1287;3.8498764;-0.9864111;13.215993
1288;2.4420857;-0.7086837;6.933608
1289;3.6774938;-0.24899697;10.1226845
1290;-0.29688102;-0.1340753;14.690822
1291;-4.5298295;-0.095768064;8.552089
1292;-1.2354081;1.1683705;8.916007
1293;-2.4995465;0.59376204;12.813767
1294;-1.1587936;0.91937345;12.401965
1295;-1.5610195;0.7374141;12.277467
1296;4.6255975;0.62249243;13.053187
1297;2.681506;0.5363012;13.2351465
1298;-3.8786068;-0.78529817;8.839393
1299;3.8977604;-0.05746084;6.493075
1300;0.23942018;0.6799533;8.781932
1301;-7.6710224;-1.5705963;7.9391727
1302;0.49799395;-0.7757214;7.3166804
1303;0.5267244;0.48841715;8.571242
1304;-3.4572272;0.90979666;10.371682
1305;2.432509;0.05746084;9.394848
1306;4.462792;1.0247183;10.342952
1307;0.8810662;0.94810385;12.143391
1308;0.90979666;0.17238252;10.97502
1309;4.5872903;0.24899697;4.721366
1310;-1.5610195;1.7908629;12.717999
1311;-4.1276035;0.6607997;17.717093
1312;1.9440918;1.13964;8.418014
1313;-2.7964275;-0.076614454;7.73806
1314;1.3024458;1.6089035;14.499286
1315;3.6008794;1.6663644;14.288596
1316;1.6184803;1.0821792;11.654974
1317;4.6351743;0.8619126;12.53604
1318;0.11492168;0.11492168;10.0748005
1319;0.8810662;-1.1683705;8.341399
1320;4.3957543;0.24899697;8.341399
1321;-5.631162;-2.432509;7.28795
1322;1.2545617;-1.8770541;7.680599
1323;1.8100165;0.2873042;11.492168
1324;-4.9703627;-2.2984335;7.029376
1325;3.7445314;0.038307227;6.205771
1326;-2.825158;0.1436521;10.1226845
1327;0.81402856;0.45968673;12.928689
1328;4.1371803;-0.019153614;7.201759
1329;-1.0247183;-0.7565677;6.6750345
1330;-0.93852705;0.38307226;10.352529
1331;0.22984336;0.45968673;11.386824
1332;1.0821792;0.37349546;10.448297
1333;-0.7086837;0.4309563;10.524911
1334;-1.5227122;0.50757074;10.266336
1335;-0.8619126;0.7469909;10.25676
1336;-0.5363012;1.0630256;12.411542
1337;2.1164744;1.1971009;14.173674
1338;3.1028855;1.1587936;12.5743475
1339;1.2066777;-0.02873042;11.137826
1340;3.371036;0.7278373;12.670115
1341;1.9632454;0.48841715;12.679692
1342;0.16280572;0.2681506;12.813767
1343;-0.17238252;0.019153614;7.776367
1344;-1.1013328;-0.19153613;8.571242
1345;-2.087744;-0.38307226;10.783484
1346;1.7142484;-0.39264908;8.350976
1347;2.384625;-0.50757074;8.66701
1348;-0.22984336;0.1340753;10.850522
1349;2.2601264;-0.6607997;10.304645
1350;3.0071173;-1.13964;7.249643
1351;0.40222588;-0.48841715;9.232041
1352;0.9672575;-0.05746084;10.802638
1353;0.6607997;-0.47884035;7.086837
1354;-1.0247183;-0.5267244;6.2823853
1355;-2.5953147;-0.25857377;10.180145
1356;-1.4939818;-1.0630256;7.881712
1357;0.78529817;-1.0151415;5.1906295
1358;-2.0685902;-0.5650316;9.576807
1359;1.2449849;-0.0;11.884817
1360;2.825158;-0.009576807;8.772355
1361;0.076614454;-0.7469909;8.015787
1362;1.1013328;0.33518824;10.448297
1363;-0.15322891;0.02873042;12.440272
1364;-1.1779473;-0.019153614;10.180145
1365;-1.3694834;0.49799395;10.103531
1366;-1.5131354;0.5363012;11.33894
1367;-1.0342951;-0.1436521;10.208876
1368;-0.8523358;0.33518824;10.477027
1369;-0.36391866;0.30645782;12.143391
1370;2.5761611;0.89064306;12.038046
1371;0.5267244;0.30645782;11.942278
1372;1.8195933;0.37349546;10.927136
1373;0.41180268;0.6512229;11.195287
1374;-0.82360536;0.21068975;12.794614
1375;0.8714894;0.05746084;9.653421
1376;-1.7142484;-0.51714754;7.4028716
1377;-0.23942018;-0.2681506;10.0748005
1378;0.019153614;-0.2777274;10.160992
1379;2.2984335;-0.6512229;8.801085
1380;2.6527755;-0.17238252;10.371682
1381;-1.340753;-0.41180268;9.701305
1382;1.1779473;-1.1109096;7.0102224
1383;1.5131354;0.12449849;10.0269165
1384;-0.34476504;-0.23942018;13.551182
1385;2.6719291;-0.16280572;9.988609
1386;-0.4405331;-0.842759;4.8458643
1387;-0.06703765;-0.6799533;9.165004
1388;0.25857377;1.0821792;13.88637
1389;1.1971009;0.22984336;11.57836
1390;2.0207062;-0.0;9.126697
1391;-0.39264908;-0.1340753;8.762778
1392;0.2777274;0.10534488;10.67814
1393;1.532289;0.33518824;10.448297
1394;-0.019153614;0.51714754;11.769896
1395;1.6663644;-0.009576807;11.903971
1396;0.50757074;-0.24899697;8.6574335
1397;-0.22984336;-0.33518824;6.9048777
1398;1.8100165;0.93852705;11.032481
1399;-2.5091233;0.019153614;12.162544
1400;1.4556746;0.11492168;8.360553
1401;2.27928;-0.31603462;8.676587
1402;-1.7621324;-0.82360536;9.931149
1403;0.019153614;-0.9768343;6.8186865
1404;2.0973208;-0.58418524;8.542512
1405;-0.7278373;-0.7757214;11.530476
1406;0.80445176;-0.79487497;10.371682
1407;1.7525556;-0.9864111;6.9623384
1408;-1.7717092;-0.4213795;8.312668
1409;-2.1068976;-0.7278373;10.141838
1410;0.49799395;-0.06703765;11.176133
1411;0.2777274;-0.5746084;11.549629
1412;1.5131354;-0.91937345;9.3182335
1413;1.2066777;-0.38307226;9.14585
1414;0.9959879;-0.4405331;10.821792
1415;-0.11492168;-1.1875241;10.649409
1416;-0.1436521;-1.4939818;8.820239
1417;-1.283292;-0.24899697;11.243171
1418;-1.6184803;-0.5746084;9.241618
1419;-0.9672575;-1.1013328;7.1826053
1420;-1.1779473;-0.47884035;10.860099
1421;0.33518824;0.36391866;13.809755
1422;2.6144683;0.31603462;9.844957
1423;-0.23942018;-0.038307227;6.6175733
1424;1.0247183;-0.842759;10.448297
1425;2.384625;-0.7565677;12.497733
1426;-0.2777274;-0.8810662;9.308656
1427;0.7661445;-0.4213795;9.260772
1428;-1.6376339;-0.22026655;10.534488
1429;-2.834735;-0.80445176;8.054094
1430;-0.47884035;-0.1436521;8.389283
1431;-1.340753;0.05746084;10.160992
1432;0.8810662;0.038307227;12.459426
1433;1.541866;-0.11492168;9.490616
1434;0.9864111;-0.9864111;8.954314
1435;1.6089035;-0.6703765;9.672575
1436;0.35434186;-0.6895301;11.204864
1437;0.92895025;-0.9768343;8.676587
1438;-0.08619126;-0.4309563;7.489063
1439;-3.217807;-0.16280572;8.762778
1440;-1.9728222;-1.0342951;8.082825
1441;0.47884035;-0.18195933;9.040505
1442;0.4405331;-0.18195933;11.798626
1443;-0.7374141;-1.292869;10.275913
1444;4.6255975;-0.545878;5.707777
1445;-0.06703765;-0.45968673;11.195287
1446;-1.091756;-0.51714754;13.187263
1447;3.1411927;0.7374141;9.576807
1448;-2.4708161;0.31603462;8.111555
1449;-1.5897499;0.7469909;12.373235
1450;-2.231396;0.641646;8.580819
1451;-1.1300632;0.59376204;9.212888
1452;0.31603462;1.3503298;13.311762
1453;0.91937345;1.0821792;11.884817
1454;2.183512;-0.17238252;7.9487495
1455;1.1683705;0.7757214;8.39886
1456;-0.9864111;0.20111294;12.248735
1457;1.7812861;0.8714894;11.032481
1458;0.7469909;-0.047884032;8.6095495
1459;-0.19153613;0.18195933;8.322245
1460;-1.7429788;0.1340753;8.341399
1461;-0.80445176;0.46926352;11.63582
1462;1.3215994;0.93852705;12.5264635
1463;0.15322891;0.009576807;9.184157
1464;0.6799533;0.38307226;7.9391727
1465;1.2737153;0.93852705;10.390836
1466;0.24899697;0.5554548;11.808203
1467;1.5227122;0.29688102;10.5919485
1468;0.9576807;0.51714754;11.042058
1469;-0.7278373;0.5650316;10.036493
1470;-0.8331822;0.9959879;9.404425
1471;-0.19153613;0.8714894;12.181698
1472;-2.0494366;0.35434186;11.386824
1473;1.5227122;-0.40222588;9.5385
1474;1.7046716;0.45010993;8.561666
1475;-2.6623523;1.1587936;9.969456
1476;0.39264908;0.48841715;13.330915
1477;3.3423057;0.62249243;11.032481
1478;-1.9536686;-0.2681506;9.682152
1479;0.4213795;-0.19153613;9.77792
1480;0.038307227;0.62249243;10.01734
1481;-2.480393;-0.20111294;10.601525
1482;1.5610195;0.5746084;12.248735
1483;-0.82360536;0.23942018;9.050082
1484;-1.091756;-0.45010993;6.742072
1485;0.9768343;0.06703765;7.872135
1486;-1.6376339;0.05746084;9.701305
1487;1.9153614;-0.22026655;10.371682
1488;2.4899697;0.18195933;9.097966
1489;-1.2162545;-0.2681506;9.825804
1490;2.27928;0.4309563;9.787497
1491;0.20111294;0.08619126;9.825804
1492;0.6991069;0.2873042;10.620679
1493;0.19153613;0.51714754;10.840945
1494;-1.0726024;-0.019153614;9.730036
1495;1.1013328;-0.4309563;8.801085
1496;-1.3694834;0.15322891;7.4603324
1497;-2.3080103;-0.59376204;9.892841
1498;0.78529817;-0.82360536;10.898406
1499;1.7908629;-0.91937345;10.955867
1500;1.5131354;-1.0630256;9.078813
1501;-1.2641385;-1.0055647;8.350976
1502;-0.23942018;-0.5650316;9.959879
1503;0.58418524;-0.35434186;13.464991
1504;-0.7661445;-1.0342951;10.802638
1505;-0.39264908;-0.58418524;7.651869
1506;-2.7006595;-1.1013328;7.192182
1507;-1.3694834;-0.038307227;10.448297
1508;-0.79487497;0.11492168;12.717999
1509;1.1013328;-0.076614454;10.94629
1510;0.4405331;-0.7086837;7.632715
1511;0.4213795;0.61291564;9.126697
1512;-0.22984336;0.33518824;13.101071
1513;2.2505496;-0.41180268;10.611102
1514;1.3311762;-0.5554548;8.791509
1515;-3.5051112;-0.30645782;9.509769
1516;-0.2873042;-0.545878;8.437167
1517;1.7717092;-0.4309563;5.8226986
1518;-0.6512229;-1.0630256;11.022904
1519;5.650316;0.23942018;11.530476
1520;-0.93852705;-1.2737153;7.1059904
1521;1.6472107;-0.45010993;5.6407394
1522;0.48841715;0.7757214;11.923124
1523;-0.60333884;-0.23942018;14.058752
1524;3.2273839;-0.0;9.107543
1525;0.7469909;-1.340753;7.479486
1526;0.23942018;-0.5554548;10.6398325
1527;-0.92895025;0.16280572;9.80665
1528;0.9672575;-0.7469909;9.002198
1529;1.1683705;0.25857377;12.152967
1530;-0.02873042;-0.33518824;10.247183
1531;1.4077905;-0.93852705;8.178593
1532;1.685518;1.0151415;8.762778
1533;-1.8291701;0.58418524;14.192827
1534;2.528277;0.22984336;13.64695
1535;-0.15322891;-0.22026655;8.341399
1536;-3.064578;-0.60333884;7.3166804
1537;-0.641646;-0.0;11.271901
1538;-1.5610195;-0.23942018;10.70687
1539;-1.9632454;-0.2873042;10.314221
1540;2.5187001;-0.39264908;11.760319
1541;1.3024458;0.90021986;8.839393
1542;-1.7238252;-0.16280572;9.710882
1543;2.3175871;0.9768343;9.931149
1544;-1.484405;0.5650316;11.932701
1545;-2.087744;-0.0;11.664551
1546;1.9919758;0.6512229;8.389283
1547;-1.541866;-0.32561144;6.081272
1548;-0.7374141;0.49799395;9.864111
1549;1.2545617;-0.18195933;9.950302
1550;2.815581;0.6512229;9.289502
1551;-1.733402;-0.05746084;10.141838
1552;-0.5746084;0.19153613;10.477027
1553;4.5202527;0.5554548;10.0269165
1554;-0.05746084;0.6991069;12.200851
1555;-2.4420857;-0.61291564;10.764331
1556;3.1507695;0.6512229;8.073248
1557;-0.641646;1.043872;9.835381
1558;-2.0207062;-0.23942018;12.066776
1559;2.5378537;0.23942018;7.2783732
1560;-3.3327289;-1.3311762;8.178593
1561;0.4405331;-1.733402;10.01734
1562;3.0933087;0.02873042;8.532935
1563;-3.3039982;0.9576807;10.630256
1564;3.064578;0.4213795;12.181698
1565;2.432509;-0.4213795;10.783484
1566;-4.7309427;-1.0247183;9.452309
1567;-0.18195933;0.49799395;10.237606
1568;1.091756;-0.35434186;9.739613
1569;-4.0318356;-0.8523358;7.9870567
1570;0.30645782;-1.1492168;8.916007
1571;2.5761611;-0.7374141;9.653421
1572;-0.18195933;0.38307226;9.9790325
1573;-0.45010993;-0.5267244;11.233594
1574;2.0973208;0.60333884;10.228029
1575;-0.7469909;0.4309563;11.463438
1576;-2.5953147;0.038307227;11.626244
1577;2.6527755;1.091756;10.170568
1578;-2.3558946;-0.6703765;8.312668
1579;-1.8387469;-1.0726024;6.1866174
1580;0.20111294;-0.545878;8.494628
1581;-2.183512;-1.091756;10.898406
1582;4.2521024;-0.4405331;8.7053175
1583;-0.047884032;-0.6512229;6.8282633
1584;-0.18195933;0.18195933;9.730036
1585;1.5897499;1.8674773;11.798626
1586;-1.3790601;0.4213795;9.682152
1587;1.6184803;0.5746084;8.973468
1588;-0.50757074;1.1779473;9.5385
1589;-0.6703765;0.79487497;9.433155
1590;2.834735;1.6663644;8.025364
1591;-2.231396;1.8483237;11.453861
1592;2.2601264;2.1739352;12.756307
1593;1.1587936;1.8770541;9.931149
1594;-0.5746084;1.7238252;9.605537
1595;1.340753;3.122039;11.769896
1596;-1.0247183;2.777274;12.0093155
1597;0.45010993;1.8866309;10.936713
1598;2.432509;2.336741;11.568783
1599;-0.19153613;1.283292;11.262324
1600;0.019153614;1.1779473;8.504205
1601;-0.12449849;2.4995465;8.149862
1602;-0.22026655;2.2697031;14.872781
1603;4.003105;2.0590134;12.277467
1604;1.3503298;0.90979666;7.422025
1605;0.22984336;1.091756;8.858546
1606;-0.51714754;2.9879637;9.14585
1607;-1.4939818;2.4708161;10.726024
1608;-0.9768343;3.4380736;11.319786
1609;1.9919758;2.9879637;11.990162
1610;-0.59376204;1.3503298;7.575254
1611;0.19153613;0.92895025;7.5944076
1612;1.733402;2.873042;9.77792
1613;-1.8770541;3.0358477;11.109096
1614;1.7717092;2.4229321;11.760319
1615;1.340753;2.2601264;8.858546
1616;-1.1875241;1.2066777;8.42759
1617;1.7238252;3.1028855;9.528923
1618;-0.9959879;3.4955344;9.461885
1619;-2.72939;2.5091233;10.132261
1620;-0.21068975;3.1124623;12.133814
1621;1.5897499;2.5761611;12.861651
1622;1.2354081;2.231396;9.931149
1623;0.6895301;1.7238252;9.9790325
1624;0.61291564;2.030283;9.299079
1625;-0.90979666;2.9400797;9.653421
1626;-2.681506;2.8634653;10.649409
1627;-1.0630256;1.9919758;10.409989
1628;2.7964275;1.8291701;8.494628
1629;0.46926352;1.8291701;9.442732
1630;0.7374141;1.4173675;11.224017
1631;0.45968673;1.9632454;8.552089
1632;-1.4652514;1.9249382;8.274361
1633;-2.0494366;1.7908629;11.109096
1634;-0.9576807;1.5227122;9.222465
1635;1.3120226;1.0630256;8.810662
1636;2.1164744;1.5897499;11.022904
1637;-0.46926352;0.59376204;10.151415
1638;1.8770541;0.93852705;7.335834
1639;-0.61291564;1.2162545;8.063671
1640;-2.4133554;1.733402;10.7356
1641;0.7469909;1.7908629;10.927136
1642;1.6759412;2.0590134;10.7356
1643;0.7565677;0.82360536;12.143391
1644;3.3039982;1.9632454;11.348516
1645;-0.41180268;1.2162545;11.051635
1646;1.4748282;1.5227122;8.983045
1647;-1.043872;1.8962077;9.605537
1648;-2.5187001;1.6376339;10.716447
1649;1.4939818;2.1547816;11.176133
1650;0.095768064;1.3024458;10.007763
1651;1.6663644;1.1875241;10.237606
1652;1.6089035;0.92895025;10.0269165
1653;-0.32561144;0.6607997;7.97748
1654;0.61291564;1.388637;8.896853
1655;-1.5227122;1.0247183;8.954314
1656;-0.62249243;1.1109096;8.283937
1657;0.34476504;1.1875241;10.333375
1658;0.7469909;0.80445176;11.482592
1659;2.0590134;1.2354081;9.739613
1660;-0.16280572;0.81402856;9.14585
1661;0.7086837;1.3024458;9.662998
1662;-1.091756;1.6759412;8.772355
1663;-2.5570073;2.0111294;9.11712
1664;-1.8579005;2.0973208;10.1226845
1665;-0.7661445;2.5187001;10.716447
1666;0.59376204;2.1930888;11.252748
1667;2.0207062;2.1452048;11.9614315
1668;1.3024458;1.7908629;11.377247
1669;0.5746084;1.2449849;10.266336
1670;0.40222588;0.8714894;8.197746
1671;-0.02873042;1.1492168;8.724471
1672;-1.3599066;1.2354081;8.647857
1673;-0.7086837;1.4269443;7.8146744
1674;-0.7757214;1.6950948;8.8777
1675;0.50757074;2.1164744;12.29662
1676;2.920926;1.8100165;11.693281
1677;2.9496565;1.7717092;10.831368
1678;2.0590134;1.2449849;11.300632
1679;1.1204864;1.5705963;10.812215
1680;-0.019153614;1.3120226;8.37013
1681;-1.0342951;2.1068976;9.500193
1682;-3.064578;1.9153614;9.768343
1683;-1.2641385;2.2697031;8.580819
1684;-0.60333884;1.9536686;9.509769
1685;0.46926352;1.9440918;11.63582
1686;1.3024458;1.7621324;11.300632
1687;1.7812861;1.8195933;11.061212
1688;0.7565677;1.4652514;11.233594
1689;0.2873042;0.7757214;9.385271
1690;0.1340753;0.7469909;8.599973
1691;-1.8962077;0.7086837;8.00621
1692;-1.2354081;0.45010993;9.241618
1693;0.45968673;0.5650316;9.136273
1694;-0.18195933;0.4213795;8.446744
1695;1.1683705;0.4309563;9.404425
1696;-0.34476504;0.80445176;11.042058
1697;1.5610195;0.9768343;11.559206
1698;2.6048915;0.80445176;11.865664
1699;0.6895301;0.20111294;11.932701
1700;1.7621324;-0.08619126;9.911995
1701;0.35434186;0.12449849;8.437167
1702;-1.1683705;0.39264908;9.921572
1703;-0.7469909;0.4309563;11.281479
1704;-0.6703765;0.32561144;8.887277
1705;-0.38307226;0.16280572;8.580819
1706;-0.047884032;0.019153614;9.3661175
1707;-0.36391866;0.39264908;10.745177
1708;1.3694834;0.4405331;12.133814
1709;0.9768343;-0.038307227;11.18571
1710;0.6799533;-0.41180268;8.992621
1711;0.82360536;-0.5267244;9.14585
1712;-0.35434186;-0.5650316;9.107543
1713;-0.10534488;-0.35434186;9.030929
1714;-0.94810385;-0.5267244;9.097966
1715;-0.48841715;-0.45010993;8.983045
1716;-0.019153614;-0.50757074;8.695741
1717;-0.2777274;-0.16280572;8.820239
1718;0.22026655;0.2681506;10.726024
1719;0.6607997;0.4405331;11.664551
1720;1.043872;-0.05746084;11.013328
1721;0.62249243;-0.19153613;9.691729
1722;1.7525556;-0.18195933;10.151415
1723;1.2545617;-0.047884032;11.9614315
1724;0.22984336;-0.48841715;11.750742
1725;0.37349546;-0.21068975;8.446744
1726;-2.3175871;-0.641646;8.8777
1727;0.22026655;-0.06703765;11.15698
1728;-0.20111294;-0.51714754;8.255207
1729;0.11492168;-0.6799533;8.283937
1730;0.40222588;0.06703765;11.195287
1731;0.7469909;-0.34476504;11.923124
1732;3.064578;-0.22026655;10.94629
1733;-0.076614454;-0.9959879;9.816227
1734;0.7374141;-1.2162545;9.672575
1735;0.89064306;-1.0247183;10.295067
1736;-1.1300632;-1.1971009;9.586384
1737;-1.1492168;-1.2258313;8.236053
1738;-0.047884032;-1.1779473;8.24563
1739;-0.35434186;-0.93852705;9.3661175
1740;0.8523358;-0.545878;9.346964
1741;0.1436521;-0.5363012;9.950302
1742;1.3215994;-0.641646;11.750742
1743;2.0494366;-0.7278373;10.7356
1744;0.019153614;-1.2066777;9.653421
1745;2.27928;-0.7086837;10.91756
1746;-0.18195933;-0.59376204;10.697293
1747;-1.4652514;-0.5363012;9.595961
1748;0.05746084;-0.36391866;9.030929
1749;-1.340753;-0.18195933;9.356541
1750;-0.1340753;-0.34476504;8.839393
1751;1.9153614;0.06703765;9.471462
1752;-1.1013328;-0.12449849;10.649409
1753;1.1683705;-0.0;10.840945
1754;1.7429788;-0.21068975;12.143391
1755;0.63206923;-0.38307226;11.252748
1756;-0.45010993;-0.78529817;9.097966
1757;0.92895025;-0.36391866;8.073248
1758;-1.484405;-0.4213795;9.825804
1759;-0.60333884;-0.16280572;9.519346
1760;0.06703765;-0.63206923;7.565677
1761;0.009576807;-0.36391866;8.24563
1762;-0.038307227;-0.038307227;9.251195
1763;1.388637;-0.35434186;10.869676
1764;2.5187001;0.08619126;10.7356
1765;0.4309563;-0.4405331;10.132261
1766;1.8770541;-0.02873042;10.429143
1767;0.009576807;-0.20111294;10.457873
1768;-1.1013328;0.24899697;10.67814
1769;-0.047884032;0.2777274;10.515334
1770;-0.90021986;0.22984336;9.864111
1771;-0.842759;-0.019153614;9.097966
1772;0.038307227;0.47884035;9.500193
1773;-1.7046716;0.37349546;10.04607
1774;1.6950948;0.4309563;12.50731
1775;1.8770541;0.4309563;11.999739
1776;-1.2737153;-0.31603462;10.429143
1777;1.982399;0.076614454;9.519346
1778;-0.36391866;0.08619126;10.170568
1779;-2.0398598;-0.21068975;9.615114
1780;0.009576807;-0.10534488;8.1402855
1781;-1.2737153;-0.11492168;8.236053
1782;0.5363012;-0.2681506;10.601525
1783;2.4516625;-0.22026655;9.586384
1784;0.22026655;-0.4213795;9.14585
1785;2.384625;0.019153614;10.28549
1786;1.13964;0.21068975;10.247183
1787;-0.06703765;0.46926352;10.266336
1788;1.6089035;0.89064306;9.931149
1789;-0.6512229;0.9672575;10.409989
1790;-0.40222588;1.2066777;9.835381
1791;-0.1436521;1.0151415;9.155427
1792;-1.484405;1.3311762;9.557653
1793;-1.0630256;1.4269443;9.883265
1794;1.2545617;1.2354081;10.065224
1795;0.038307227;1.2162545;10.46745
1796;1.1492168;1.0821792;11.128249
1797;2.4133554;1.3694834;11.109096
1798;-0.6607997;0.40222588;10.620679
1799;1.0342951;0.095768064;9.682152
1800;-0.82360536;-0.36391866;7.872135
1801;0.06703765;0.047884032;8.734048
1802;0.25857377;0.46926352;8.743625
1803;-0.6512229;0.047884032;8.322245
1804;0.6703765;0.9959879;9.80665
1805;-0.9672575;0.35434186;9.902418
1806;0.8810662;0.5650316;9.32781
1807;1.091756;0.9959879;10.0748005
1808;0.842759;1.2641385;11.089942
1809;0.8331822;1.6376339;11.15698
1810;0.7278373;1.8962077;11.329363
1811;0.06703765;2.3942018;11.434708
1812;-1.1492168;2.4995465;10.620679
1813;-0.9959879;2.4899697;9.682152
1814;-0.7661445;2.719813;9.911995
1815;-1.3215994;2.6240451;10.668563
1816;0.92895025;2.5953147;9.816227
1817;-0.21068975;2.3942018;9.80665
1818;-0.2873042;2.4037786;10.43872
1819;0.6607997;2.3463178;10.352529
1820;0.22984336;2.3175871;10.419566
1821;1.2354081;2.2888567;10.67814
1822;0.82360536;1.7429788;10.208876
1823;0.49799395;1.4269443;8.963891
1824;0.23942018;1.2641385;8.820239
1825;-0.89064306;1.091756;9.126697
1826;0.45968673;1.3120226;8.839393
1827;0.45010993;1.3311762;8.494628
1828;0.6991069;1.4652514;9.251195
1829;1.283292;1.9632454;9.595961
1830;0.94810385;2.3654714;10.448297
1831;0.7565677;2.4612393;11.137826
1832;0.90979666;2.6431987;10.879252
1833;-0.51714754;2.6048915;9.940725
1834;-0.05746084;2.8060043;10.7356
1835;0.21068975;2.4995465;11.57836
1836;-0.20111294;2.384625;9.940725
1837;0.095768064;2.135628;10.007763
1838;0.31603462;1.9153614;10.649409
1839;-0.40222588;1.484405;10.304645
1840;0.842759;1.3599066;9.481039
1841;-0.9864111;1.4652514;9.404425
1842;-0.5650316;1.4173675;10.0269165
1843;0.34476504;1.5035586;9.461885
1844;-1.043872;1.3024458;9.375694
1845;0.48841715;1.5035586;9.461885
1846;-0.36391866;1.4077905;9.749189
1847;0.40222588;1.6472107;10.323798
1848;0.038307227;1.685518;9.959879
1849;-0.22026655;1.5610195;9.490616
1850;0.23942018;1.5993267;9.950302
1851;-0.46926352;1.6950948;10.180145
1852;0.019153614;1.6184803;9.80665
1853;0.08619126;1.4460979;9.816227
1854;-0.29688102;1.340753;9.940725
1855;0.2681506;1.2737153;9.9790325
1856;0.2873042;1.1587936;9.940725
1857;0.24899697;1.0726024;9.864111
1858;0.47884035;1.0247183;9.80665
1859;0.1340753;0.9672575;9.864111
1860;0.35434186;0.91937345;9.988609
1861;0.37349546;1.0055647;9.816227
1862;0.45968673;1.0726024;9.969456
1863;0.48841715;1.1204864;10.218452
1864;0.47884035;1.0821792;10.199299
1865;0.5650316;1.1300632;9.988609
1866;0.23942018;1.1300632;9.902418
1867;0.4405331;1.2162545;10.01734
1868;0.34476504;1.1875241;9.9790325
1869;0.50757074;1.2737153;10.01734
1870;0.47884035;1.3503298;9.988609
1871;0.5554548;1.292869;9.911995
1872;0.7182605;1.3215994;9.77792
1873;0.36391866;1.2066777;9.883265
1874;0.38307226;1.1779473;9.730036
1875;0.31603462;1.1779473;9.691729
1876;0.1340753;1.283292;9.844957
1877;0.18195933;1.1683705;9.586384
1878;-0.05746084;1.1779473;9.797073
1879;0.1436521;1.2449849;10.055647
1880;0.076614454;1.1779473;9.998186
1881;0.15322891;1.13964;10.113108
1882;0.009576807;1.1779473;10.218452
1883;-0.076614454;1.1971009;10.295067
1884;-0.11492168;1.1013328;10.1226845
1885;-0.2777274;1.0151415;10.0748005
1886;-0.10534488;1.0151415;9.969456
1887;-0.25857377;0.91937345;9.911995
1888;-0.22026655;0.8619126;9.921572
1889;-0.1340753;0.79487497;10.007763
1890;-0.2681506;0.6607997;9.969456
1891;0.095768064;0.60333884;10.04607
1892;0.08619126;0.45968673;9.959879
1893;0.1436521;0.41180268;9.950302
1894;0.21068975;0.4405331;9.950302
1895;0.019153614;0.4213795;9.873688
1896;0.1340753;0.32561144;9.969456
1897;0.20111294;0.23942018;9.844957
1898;0.25857377;0.20111294;9.825804
1899;0.2777274;0.08619126;9.797073
1900;0.33518824;-0.0;9.739613
1901;0.2681506;-0.02873042;9.902418
1902;0.2873042;-0.0;9.883265
1903;0.5746084;0.009576807;9.720459
1904;0.41180268;-0.19153613;9.720459
1905;0.6512229;-0.02873042;9.940725
1906;0.47884035;-0.1340753;9.653421
1907;0.4213795;-0.095768064;9.739613
1908;0.49799395;-0.10534488;9.911995
1909;0.36391866;-0.11492168;9.883265
1910;0.33518824;-0.20111294;9.758766
1911;0.31603462;-0.22984336;9.931149
1912;0.30645782;-0.18195933;9.950302
1913;0.33518824;-0.2777274;9.931149
1914;0.32561144;-0.22984336;9.931149
1915;0.16280572;-0.18195933;9.950302
1916;0.23942018;-0.23942018;9.883265
1917;0.16280572;-0.2681506;9.749189
1918;0.05746084;-0.18195933;9.873688
1919;0.05746084;-0.2681506;9.911995
1920;0.11492168;-0.2681506;9.739613
1921;0.047884032;-0.29688102;9.883265
1922;0.009576807;-0.2873042;9.797073
1923;0.10534488;-0.2681506;9.710882
1924;0.06703765;-0.2681506;9.864111
1925;0.038307227;-0.22984336;9.787497
1926;0.17238252;-0.2873042;9.710882
1927;0.047884032;-0.20111294;9.816227
1928;0.11492168;-0.1340753;9.911995
1929;0.20111294;-0.16280572;9.758766
1930;0.1340753;-0.1340753;9.883265
1931;0.18195933;-0.23942018;9.998186
1932;0.2873042;-0.25857377;9.825804
1933;0.2681506;-0.22984336;9.892841
1934;0.2873042;-0.19153613;9.892841
1935;0.2777274;-0.24899697;9.854534
1936;0.41180268;-0.20111294;9.825804
1937;0.21068975;-0.21068975;9.80665
1938;0.32561144;-0.21068975;9.816227
1939;0.33518824;-0.17238252;9.854534
1940;0.19153613;-0.08619126;9.911995
1941;0.32561144;-0.11492168;9.873688
1942;0.24899697;-0.08619126;9.844957
1943;0.22984336;-0.047884032;10.01734
1944;0.30645782;-0.05746084;9.911995
1945;0.20111294;-0.0;9.892841
1946;0.2777274;-0.11492168;9.998186
1947;0.18195933;0.038307227;9.950302
1948;0.24899697;0.038307227;9.902418
1949;0.19153613;0.009576807;9.892841
1950;0.17238252;0.06703765;9.854534
1951;0.10534488;0.02873042;9.950302
1952;0.16280572;0.06703765;9.959879
1953;0.17238252;0.076614454;9.902418
1954;0.038307227;0.047884032;9.873688
1955;0.21068975;0.08619126;9.844957
1956;0.16280572;0.10534488;9.940725
1957;0.20111294;0.076614454;9.892841
1958;0.24899697;0.05746084;9.768343
1959;0.2777274;0.1340753;9.940725
1960;0.22984336;0.16280572;9.911995
1961;0.33518824;0.17238252;9.797073
1962;0.24899697;0.15322891;9.825804
1963;0.25857377;0.21068975;9.902418
1964;0.41180268;0.32561144;9.816227
1965;0.32561144;0.32561144;9.80665
1966;0.24899697;0.37349546;10.113108
1967;0.22026655;0.40222588;9.892841
1968;0.16280572;0.5746084;9.988609
1969;0.076614454;0.545878;10.093954
1970;0.08619126;0.59376204;9.988609
1971;-0.019153614;0.63206923;10.103531
1972;-0.047884032;0.49799395;10.141838
1973;-0.038307227;0.59376204;9.959879
1974;0.0;0.58418524;10.065224
1975;-0.095768064;0.40222588;10.132261
1976;0.009576807;0.41180268;9.835381
1977;0.038307227;0.33518824;9.902418
1978;0.02873042;0.34476504;9.969456
1979;0.18195933;0.2681506;9.77792
1980;0.22026655;0.23942018;9.844957
1981;0.21068975;0.22026655;10.065224
1982;0.34476504;0.15322891;9.940725
1983;0.33518824;0.10534488;9.80665
1984;0.33518824;0.076614454;9.959879
1985;0.38307226;0.12449849;9.873688
1986;0.45010993;0.12449849;9.892841
1987;0.45968673;0.18195933;9.892841
1988;0.45968673;0.1340753;9.844957
1989;0.49799395;0.15322891;9.892841
1990;0.41180268;0.15322891;9.902418
1991;0.45968673;0.2777274;9.854534
1992;0.36391866;0.21068975;9.892841
1993;0.24899697;0.21068975;9.950302
1994;0.31603462;0.30645782;9.911995
1995;0.22984336;0.24899697;9.854534
1996;0.23942018;0.33518824;10.007763
1997;0.21068975;0.35434186;9.864111
1998;0.12449849;0.37349546;10.141838
1999;0.17238252;0.31603462;9.9790325
2000;0.095768064;0.40222588;9.969456
2001;0.1340753;0.31603462;9.950302
2002;0.095768064;0.24899697;10.113108
2003;0.08619126;0.2777274;9.9790325
2004;0.1436521;0.16280572;9.921572
2005;0.0;0.18195933;9.959879
2006;0.06703765;0.17238252;9.931149
2007;0.047884032;0.095768064;9.835381
2008;0.10534488;0.047884032;9.873688
2009;0.12449849;0.05746084;9.950302
2010;0.1436521;0.076614454;9.854534
2011;0.19153613;0.019153614;9.873688
2012;0.22026655;0.009576807;9.844957
2013;0.22026655;-0.038307227;9.931149
2014;0.25857377;-0.047884032;9.892841
2015;0.24899697;-0.06703765;9.844957
2016;0.29688102;-0.17238252;9.931149
2017;0.31603462;-0.1436521;9.854534
2018;0.29688102;-0.15322891;9.854534
2019;0.35434186;-0.15322891;9.864111
2020;0.29688102;-0.15322891;9.80665
2021;0.38307226;-0.1436521;9.902418
2022;0.30645782;-0.17238252;9.864111
2023;0.31603462;-0.21068975;9.864111
2024;0.35434186;-0.1436521;9.80665
2025;0.29688102;-0.18195933;9.873688
2026;0.32561144;-0.11492168;9.873688
2027;0.2681506;-0.047884032;9.787497
2028;0.29688102;-0.08619126;9.80665
2029;0.24899697;-0.047884032;9.931149
2030;0.19153613;-0.05746084;9.921572
2031;0.23942018;-0.1340753;9.873688
2032;0.1436521;-0.0;9.892841
2033;0.1436521;-0.019153614;9.921572
2034;0.16280572;-0.047884032;9.950302
2035;0.095768064;-0.0;9.864111
2036;0.12449849;-0.076614454;9.873688
2037;0.10534488;-0.08619126;9.921572
2038;0.05746084;-0.038307227;9.892841
2039;0.1340753;-0.08619126;9.844957
2040;0.06703765;-0.047884032;9.816227
2041;0.15322891;-0.11492168;9.864111
2042;0.18195933;-0.076614454;9.921572
2043;0.06703765;-0.05746084;9.940725
2044;0.22026655;-0.08619126;9.864111
2045;0.1436521;-0.12449849;9.873688
2046;0.22026655;-0.10534488;9.969456
2047;0.2681506;-0.12449849;9.902418
2048;0.22984336;-0.1340753;9.902418
2049;0.29688102;-0.15322891;9.80665
2050;0.24899697;-0.15322891;9.873688
2051;0.29688102;-0.17238252;9.844957
2052;0.33518824;-0.11492168;9.854534
2053;0.30645782;-0.1436521;9.873688
2054;0.2873042;-0.1436521;9.940725
2055;0.30645782;-0.1436521;9.816227
2056;0.2873042;-0.1436521;9.873688
2057;0.30645782;-0.11492168;9.883265
2058;0.24899697;-0.076614454;9.825804
2059;0.29688102;-0.06703765;9.844957
2060;0.2873042;-0.038307227;9.921572
2061;0.24899697;-0.038307227;9.940725
2062;0.24899697;-0.0;9.883265
2063;0.22984336;-0.06703765;9.873688
2064;0.22984336;-0.0;9.854534
2065;0.1436521;-0.009576807;9.864111
2066;0.19153613;-0.038307227;9.940725
2067;0.19153613;-0.0;9.873688
2068;0.12449849;-0.009576807;9.921572
2069;0.18195933;-0.009576807;9.864111
2070;0.12449849;0.02873042;9.911995
2071;0.17238252;-0.0;9.902418
2072;0.15322891;0.009576807;9.864111
2073;0.1340753;-0.019153614;9.825804
2074;0.16280572;0.05746084;9.950302
2075;0.19153613;-0.02873042;9.911995
2076;0.19153613;-0.019153614;9.864111
2077;0.24899697;-0.0;9.940725
2078;0.20111294;0.009576807;9.844957
2079;0.25857377;-0.08619126;9.873688
2080;0.22984336;-0.038307227;9.797073
2081;0.20111294;0.02873042;9.921572
2082;0.25857377;0.047884032;9.892841
2083;0.2777274;-0.038307227;9.844957
2084;0.24899697;0.009576807;9.854534
2085;0.24899697;0.019153614;9.911995
2086;0.2873042;-0.02873042;9.902418
2087;0.2873042;0.019153614;9.816227
2088;0.2777274;-0.0;9.844957
2089;0.2873042;0.019153614;9.940725
2090;0.25857377;0.038307227;9.873688
2091;0.2681506;0.05746084;9.931149
2092;0.2681506;0.009576807;9.892841
2093;0.22984336;0.06703765;9.9790325
2094;0.2681506;0.06703765;9.854534
2095;0.18195933;0.047884032;9.911995
2096;0.20111294;0.12449849;9.902418
2097;0.22026655;0.095768064;9.892841
2098;0.19153613;0.095768064;9.864111
2099;0.16280572;0.1340753;9.9790325
2100;0.21068975;0.02873042;9.883265
2101;0.17238252;0.15322891;9.940725
2102;0.16280572;0.16280572;9.959879
2103;0.1340753;0.12449849;9.931149
2104;0.18195933;0.1340753;9.950302
2105;0.17238252;0.10534488;9.873688
2106;0.23942018;0.05746084;9.911995
2107;0.24899697;0.095768064;9.931149
2108;0.20111294;0.08619126;9.80665
2109;0.23942018;0.076614454;9.902418
2110;0.18195933;0.05746084;9.921572
2111;0.22026655;-0.019153614;9.883265
2112;0.24899697;0.009576807;9.873688
2113;0.22026655;0.038307227;9.911995
2114;0.2681506;0.019153614;9.844957
2115;0.23942018;-0.0;9.911995
2116;0.2777274;-0.0;9.883265
2117;0.25857377;-0.0;9.883265
2118;0.23942018;-0.0;9.854534
2119;0.23942018;-0.02873042;9.883265
2120;0.24899697;-0.019153614;9.931149
2121;0.23942018;0.038307227;9.873688
2122;0.25857377;-0.038307227;9.80665
2123;0.24899697;-0.05746084;9.835381
2124;0.24899697;-0.019153614;9.835381
2125;0.24899697;-0.06703765;9.835381
2126;0.22984336;-0.0;9.835381
2127;0.21068975;-0.009576807;9.911995
2128;0.16280572;-0.0;9.864111
2129;0.20111294;-0.0;9.931149
2130;0.19153613;-0.0;9.892841
2131;0.21068975;-0.05746084;9.921572
2132;0.19153613;0.009576807;9.892841
2133;0.20111294;-0.038307227;9.816227
2134;0.22984336;-0.076614454;9.902418
2135;0.21068975;-0.038307227;9.911995
2136;0.19153613;-0.08619126;9.911995
2137;0.22026655;-0.019153614;9.854534
2138;0.20111294;-0.06703765;9.892841
2139;0.20111294;-0.02873042;9.864111
2140;0.19153613;-0.08619126;9.911995
2141;0.20111294;-0.076614454;9.80665
2142;0.23942018;-0.12449849;9.873688
2143;0.22984336;-0.11492168;9.844957
2144;0.25857377;-0.05746084;9.921572
2145;0.2777274;-0.05746084;9.854534
2146;0.2777274;-0.05746084;9.873688
2147;0.22984336;-0.05746084;9.844957
2148;0.24899697;-0.06703765;9.873688
2149;0.24899697;-0.038307227;9.892841
2150;0.25857377;-0.06703765;9.80665
2151;0.21068975;-0.10534488;9.883265
2152;0.24899697;-0.019153614;9.864111
2153;0.24899697;-0.009576807;9.835381
2154;0.22026655;-0.08619126;9.911995
2155;0.24899697;-0.05746084;9.835381
2156;0.22026655;-0.019153614;9.892841
2157;0.22026655;-0.0;9.902418
2158;0.22984336;-0.019153614;9.864111
2159;0.19153613;-0.02873042;9.911995
2160;0.22984336;-0.08619126;9.844957
2161;0.19153613;-0.019153614;9.864111
2162;0.23942018;-0.019153614;9.911995
2163;0.22026655;-0.038307227;9.854534
2164;0.23942018;-0.009576807;9.892841
2165;0.21068975;-0.0;9.931149
2166;0.22026655;0.05746084;9.854534
2167;0.08619126;0.038307227;10.1226845
2168;0.0;-0.0;9.749189
2169;0.45010993;0.10534488;9.931149
2170;0.20111294;-0.047884032;9.902418
2171;0.08619126;0.009576807;9.797073
2172;-0.019153614;-0.047884032;9.931149
2173;0.40222588;0.038307227;10.036493
2174;0.22026655;-0.038307227;9.77792
2175;0.11492168;0.08619126;9.883265
2176;0.33518824;0.009576807;10.036493
2177;0.30645782;0.05746084;9.854534
2178;0.18195933;0.019153614;9.844957
2179;0.21068975;-0.009576807;9.911995
2180;0.25857377;0.009576807;9.883265
2181;0.24899697;-0.019153614;9.883265
2182;0.19153613;0.047884032;9.835381
2183;0.24899697;-0.0;9.844957
2184;0.22984336;0.019153614;9.969456
2185;0.22984336;-0.009576807;9.911995
2186;0.18195933;-0.0;9.864111
2187;0.23942018;0.047884032;9.940725
2188;0.22026655;0.009576807;9.940725
2189;0.22026655;0.009576807;9.931149
2190;0.22026655;0.009576807;9.921572
2191;0.21068975;0.009576807;9.950302
2192;0.40222588;-0.05746084;10.0748005
2193;0.076614454;-0.08619126;9.768343
2194;0.05746084;0.038307227;9.80665
2195;0.2681506;0.076614454;9.825804
2196;0.18195933;0.08619126;10.007763
2197;0.31603462;0.21068975;9.768343
2198;0.20111294;0.06703765;9.892841
2199;0.17238252;0.095768064;9.902418
2200;0.22026655;0.02873042;9.787497
2201;0.20111294;0.06703765;9.902418
2202;0.22984336;0.095768064;9.787497
2203;0.2777274;-0.0;9.80665
2204;0.22984336;0.038307227;10.055647
2205;0.24899697;-0.0;9.787497
2206;0.22984336;-0.05746084;9.682152
2207;0.20111294;0.047884032;10.04607
2208;0.21068975;0.02873042;10.113108
2209;0.2681506;-0.02873042;9.77792
2210;0.25857377;-0.047884032;9.77792
2211;0.16280572;-0.06703765;9.854534
2212;0.24899697;-0.095768064;9.854534
2213;0.36391866;-0.009576807;9.883265
2214;0.17238252;-0.009576807;9.883265
2215;0.29688102;-0.095768064;9.854534
2216;0.25857377;-0.047884032;9.825804
2217;0.1436521;-0.0;10.103531
2218;0.24899697;-0.0;9.844957
2219;0.20111294;-0.019153614;9.80665
2220;0.24899697;-0.038307227;9.911995
2221;0.21068975;-0.05746084;9.959879
2222;0.23942018;0.02873042;9.844957
2223;0.21068975;-0.009576807;9.768343
2224;0.22026655;-0.009576807;9.959879
2225;0.20111294;0.019153614;9.921572
2226;0.19153613;-0.0;9.825804
2227;0.22984336;-0.0;9.854534
2228;0.22984336;-0.038307227;9.844957
2229;0.23942018;0.02873042;9.921572
2230;-0.10534488;-0.0;9.730036
2231;0.641646;0.076614454;9.911995
2232;-0.076614454;-0.038307227;10.01734
2233;0.2873042;-0.019153614;9.998186
2234;0.2777274;-0.0;9.892841
2235;0.095768064;0.009576807;9.873688
2236;0.36391866;-0.019153614;9.911995
2237;0.095768064;-0.02873042;9.9790325
2238;0.32561144;-0.06703765;9.835381
2239;0.20111294;-0.0;9.854534
2240;0.24899697;-0.038307227;9.892841
2241;0.24899697;-0.038307227;9.787497
2242;0.22026655;-0.047884032;9.835381
2243;0.24899697;-0.009576807;9.940725
2244;0.22026655;-0.0;9.988609
2245;0.16280572;-0.038307227;9.768343
2246;0.32561144;-0.0;9.892841
2247;0.15322891;0.019153614;10.01734
2248;0.2777274;-0.0;9.931149
2249;0.20111294;0.02873042;9.921572
2250;0.31603462;-0.076614454;9.854534
2251;0.21068975;0.019153614;9.988609
2252;0.1340753;-0.0;9.998186
2253;0.2873042;-0.05746084;9.768343
2254;0.18195933;-0.02873042;9.873688
2255;0.2681506;-0.047884032;9.835381
2256;0.21068975;-0.009576807;9.940725
2257;0.15322891;0.009576807;9.940725
2258;0.25857377;-0.076614454;9.643845
2259;0.2681506;-0.047884032;9.835381
2260;0.05746084;0.047884032;10.007763
2261;0.29688102;-0.038307227;9.844957
2262;0.31603462;-0.0;9.931149
2263;0.08619126;0.02873042;9.825804
2264;0.38307226;-0.019153614;9.892841
2265;0.24899697;-0.038307227;9.844957
2266;0.22984336;-0.02873042;9.950302
2267;0.22984336;0.02873042;10.0748005
2268;0.22984336;0.02873042;9.825804
2269;0.21068975;-0.0;9.883265
2270;0.20111294;-0.0;9.940725
2271;0.23942018;-0.0;9.854534
2272;0.25857377;-0.009576807;9.864111
2273;0.18195933;-0.0;9.883265
2274;0.24899697;-0.02873042;9.892841
2275;0.2681506;0.019153614;9.911995
2276;0.1340753;0.009576807;9.950302
2277;0.2777274;-0.019153614;9.77792
2278;0.17238252;0.009576807;9.883265
2279;0.22026655;0.019153614;9.940725
2280;0.31603462;0.02873042;9.911995
2281;0.19153613;0.009576807;9.911995
2282;0.2681506;-0.02873042;9.950302
2283;0.21068975;0.009576807;9.816227
2284;0.23942018;-0.019153614;9.921572
2285;0.24899697;-0.06703765;9.931149
2286;0.19153613;0.05746084;9.883265
2287;0.2777274;-0.019153614;9.902418
2288;0.21068975;0.019153614;9.844957
2289;0.19153613;-0.0;9.911995
2290;0.23942018;-0.0;9.892841
2291;0.23942018;-0.0;9.854534
2292;0.22026655;-0.009576807;9.902418
2293;0.19153613;0.009576807;9.883265
2294;0.23942018;-0.0;9.902418
2295;0.30645782;0.02873042;8.446744
2296;0.92895025;-0.31603462;8.0445175
2297;-0.9576807;-0.1436521;10.429143
2298;0.05746084;0.38307226;11.9135475
2299;1.1300632;0.5363012;11.070788
2300;-0.12449849;0.076614454;9.720459
2301;0.25857377;-0.038307227;9.423578
2302;0.35434186;-0.06703765;9.816227
2303;0.19153613;0.076614454;10.888829
2304;0.22026655;0.15322891;10.611102
2305;0.34476504;-0.11492168;9.548077
2306;0.2777274;-0.12449849;9.251195
2307;0.32561144;-0.08619126;9.749189
2308;0.22984336;-0.05746084;9.787497
2309;0.25857377;-0.1340753;9.730036
2310;0.30645782;-0.12449849;9.682152
2311;0.18195933;-0.05746084;9.739613
2312;0.2777274;0.019153614;10.208876
2313;0.22026655;-0.05746084;9.816227
2314;0.4309563;0.02873042;9.643845
2315;0.10534488;-0.0;9.864111
2316;0.24899697;-0.0;9.9790325
