ax;ay;az
-0.46926352;0.0;9.873688
-0.5746084;-0.019153614;9.672575
-0.50757074;-0.05746084;9.720459
-0.6895301;-0.095768064;10.180145
-0.37349546;-0.095768064;10.323798
-0.6703765;-0.047884032;9.643845
-0.6703765;0.0;9.519346
-0.38307226;0.038307227;9.911995
-0.7661445;-0.16280572;9.739613
-0.5554548;0.038307227;9.80665
-0.4405331;0.095768064;9.758766
-0.7757214;-0.076614454;9.500193
-0.6607997;-0.12449849;10.275913
-0.4405331;-0.16280572;11.224017
-0.29688102;0.0;10.323798
-0.8810662;0.06703765;8.437167
-0.7278373;0.08619126;9.308656
-0.06703765;-0.2873042;11.099519
-1.292869;-0.48841715;11.233594
0.31603462;0.2681506;10.457873
-0.2873042;0.36391866;8.264784
-1.9536686;0.11492168;7.479486
0.8331822;-0.25857377;11.894394
-0.9959879;-1.2258313;13.713987
-0.92895025;0.36391866;8.054094
-0.5363012;-0.08619126;7.7093296
-0.5554548;-0.06703765;9.931149
-0.50757074;-0.038307227;9.864111
-0.51714754;-0.038307227;9.892841
-0.5554548;-0.076614454;9.931149
-0.50757074;-0.076614454;9.959879
-0.5363012;-0.06703765;9.931149
-0.545878;0.0;9.825804
-0.5267244;-0.06703765;9.940725
-0.59376204;-0.076614454;9.921572
-0.5363012;-0.08619126;9.902418
-0.5746084;-0.06703765;9.816227
-0.545878;-0.019153614;9.883265
-0.5267244;-0.047884032;9.921572
-0.58418524;-0.10534488;9.959879
-0.58418524;-0.06703765;9.892841
-0.50757074;-0.05746084;9.864111
-0.60333884;-0.05746084;9.988609
-0.58418524;-0.095768064;9.864111
-0.5746084;-0.05746084;10.036493
-0.59376204;-0.095768064;9.950302
-0.5554548;-0.038307227;9.883265
-0.49799395;-0.05746084;9.864111
-0.5363012;-0.047884032;9.921572
-0.5554548;-0.06703765;9.998186
-0.5363012;-0.076614454;9.835381
-0.5363012;-0.095768064;9.873688
-0.51714754;-0.038307227;9.864111
-0.5363012;-0.019153614;9.921572
-0.5267244;-0.10534488;9.9790325
-0.5746084;-0.019153614;9.892841
-0.49799395;-0.019153614;9.797073
-0.5650316;-0.02873042;9.998186
-0.51714754;-0.019153614;9.931149
-0.48841715;-0.009576807;9.835381
-0.59376204;-0.05746084;9.959879
-0.45968673;0.019153614;9.902418
-0.60333884;-0.038307227;10.065224
-0.50757074;0.0;9.873688
-0.5363012;-0.02873042;9.749189
-0.7565677;-0.06703765;9.873688
-0.32561144;0.038307227;10.151415
-0.6703765;0.019153614;9.998186
-0.6895301;-0.02873042;9.682152
-0.38307226;0.095768064;9.825804
-0.79487497;-0.05746084;10.036493
-0.46926352;0.05746084;10.103531
-0.49799395;0.0;9.921572
-0.842759;-0.05746084;9.624691
-0.45968673;0.076614454;9.710882
-0.45010993;-0.21068975;10.850522
-0.5363012;-0.02873042;10.151415
-0.7661445;-0.15322891;9.643845
-0.45968673;0.17238252;9.500193
-0.33518824;-0.047884032;10.381259
-0.8523358;-0.30645782;10.630256
-0.34476504;0.12449849;9.787497
-0.61291564;-0.019153614;9.730036
-0.38307226;0.06703765;9.624691
-0.48841715;0.0;9.595961
-0.641646;-0.11492168;9.950302
-0.5554548;-0.038307227;9.902418
-0.59376204;-0.095768064;9.902418
-0.5363012;-0.11492168;9.883265
-0.5554548;-0.076614454;9.950302
-0.5267244;-0.08619126;9.835381
-0.5267244;-0.05746084;9.892841
-0.50757074;-0.076614454;9.892841
-0.545878;-0.05746084;9.883265
-0.5267244;-0.08619126;9.902418
-0.50757074;-0.08619126;9.844957
-0.60333884;-0.095768064;9.931149
-0.5363012;-0.10534488;9.940725
-0.5363012;-0.06703765;9.892841
-0.5267244;-0.02873042;9.892841
-0.51714754;-0.10534488;9.988609
-0.61291564;-0.11492168;9.931149
-0.5746084;-0.047884032;9.844957
-0.50757074;-0.047884032;9.902418
-0.5746084;-0.095768064;9.921572
-0.51714754;-0.047884032;9.902418
-0.5746084;-0.10534488;9.797073
-0.5746084;-0.06703765;9.988609
-0.47884035;-0.095768064;9.844957
-0.5650316;-0.06703765;9.931149
-0.50757074;-0.095768064;9.864111
-0.5650316;-0.06703765;9.892841
-0.545878;-0.038307227;9.902418
-0.51714754;-0.06703765;9.864111
-0.60333884;-0.02873042;9.911995
-0.5554548;-0.05746084;9.835381
-0.5746084;-0.038307227;9.844957
-0.5650316;-0.038307227;9.892841
-0.545878;0.0;9.911995
-0.60333884;-0.06703765;9.883265
-0.5363012;-0.02873042;9.902418
-0.58418524;-0.019153614;9.940725
-0.545878;0.009576807;9.902418
-0.5267244;0.05746084;9.816227
-0.5554548;-0.047884032;9.931149
-0.50757074;-0.06703765;9.969456
-0.58418524;0.009576807;9.844957
-0.49799395;0.038307227;9.873688
-0.5554548;0.009576807;9.892841
-0.5650316;0.0;9.940725
-0.58418524;0.0;9.940725
-0.5554548;-0.009576807;9.825804
-0.5554548;0.0;9.931149
-0.47884035;0.02873042;9.921572
-0.59376204;0.019153614;9.921572
-0.545878;-0.019153614;9.911995
-0.50757074;0.02873042;9.864111
-0.59376204;-0.009576807;9.959879
-0.46926352;0.05746084;9.825804
-0.5267244;0.0;9.921572
-0.62249243;0.02873042;9.80665
-0.49799395;0.02873042;9.931149
-0.58418524;-0.02873042;9.921572
-0.5746084;0.038307227;9.844957
-0.58418524;0.009576807;9.883265
-0.5554548;0.009576807;9.911995
-0.60333884;0.009576807;9.931149
-0.58418524;-0.038307227;9.892841
-0.51714754;0.0;9.873688
-0.58418524;-0.05746084;9.911995
-0.5650316;0.009576807;9.9790325
-0.61291564;-0.009576807;9.825804
-0.58418524;-0.038307227;9.911995
-0.48841715;-0.019153614;9.911995
-0.545878;-0.038307227;9.921572
-0.5650316;-0.019153614;9.940725
-0.49799395;-0.02873042;9.864111
-0.5650316;-0.047884032;9.950302
-0.47884035;0.0;9.911995
-0.545878;-0.05746084;9.9790325
-0.5746084;-0.06703765;9.892841
-0.5363012;-0.095768064;9.854534
-0.5554548;-0.06703765;9.921572
-0.49799395;-0.095768064;9.835381
-0.51714754;-0.06703765;9.902418
-0.5650316;-0.047884032;9.883265
-0.49799395;-0.047884032;9.902418
-0.5554548;-0.095768064;9.911995
-0.59376204;-0.1340753;9.921572
-0.59376204;-0.1436521;9.931149
-0.51714754;-0.12449849;9.950302
-0.5554548;-0.18195933;9.921572
-0.59376204;-0.15322891;9.921572
-0.50757074;-0.10534488;9.969456
-0.49799395;-0.17238252;9.931149
-0.5746084;-0.19153613;9.940725
-0.5554548;-0.10534488;9.854534
-0.5650316;-0.12449849;10.01734
-0.5267244;-0.11492168;9.844957
-0.58418524;-0.18195933;9.931149
-0.5267244;-0.15322891;9.959879
-0.5267244;-0.16280572;9.873688
-0.58418524;-0.1436521;9.940725
-0.5363012;-0.1340753;9.931149
-0.51714754;-0.12449849;9.969456
-0.59376204;-0.1436521;9.921572
-0.51714754;-0.08619126;9.998186
-0.5746084;-0.20111294;9.921572
-0.545878;-0.11492168;9.892841
-0.5363012;-0.11492168;9.854534
-0.5363012;-0.06703765;9.883265
-0.50757074;-0.05746084;9.9790325
-0.61291564;-0.047884032;9.854534
-0.59376204;-0.038307227;9.911995
-0.5746084;-0.10534488;9.902418
-0.5554548;-0.05746084;9.921572
-0.545878;-0.047884032;9.844957
-0.545878;-0.009576807;9.959879
-0.5267244;0.0;9.921572
-0.59376204;-0.06703765;9.844957
-0.50757074;-0.02873042;9.940725
-0.5267244;0.047884032;9.854534
-0.58418524;-0.038307227;9.950302
-0.51714754;-0.02873042;9.80665
-0.5554548;0.0;9.902418
-0.49799395;0.009576807;9.883265
-0.5746084;0.047884032;9.844957
-0.5554548;0.12449849;9.835381
-0.49799395;0.06703765;9.835381
-0.5650316;0.06703765;9.902418
-0.545878;0.076614454;9.854534
-0.48841715;0.15322891;9.787497
-0.5363012;0.05746084;9.873688
-0.50757074;0.06703765;9.892841
-0.5650316;0.095768064;9.797073
-0.5746084;0.08619126;9.892841
-0.5554548;0.10534488;9.835381
-0.5650316;0.019153614;9.835381
-0.5650316;0.10534488;9.844957
-0.545878;0.11492168;9.835381
-0.59376204;0.06703765;9.883265
-0.545878;0.06703765;9.797073
-0.5746084;0.038307227;9.883265
-0.5267244;0.12449849;9.873688
-0.59376204;0.05746084;9.797073
-0.62249243;0.06703765;9.835381
-0.545878;0.019153614;9.864111
-0.60333884;0.05746084;9.911995
-0.5650316;0.047884032;9.864111
-0.5746084;0.05746084;9.940725
-0.5267244;0.019153614;9.873688
-0.5650316;0.02873042;9.80665
-0.5554548;-0.009576807;9.864111
-0.48841715;0.009576807;9.835381
-0.51714754;0.06703765;9.835381
-0.5267244;-0.06703765;9.911995
-0.47884035;0.0;9.883265
-0.48841715;0.0;9.864111
-0.5554548;0.0;9.911995
-0.5554548;-0.02873042;9.883265
-0.5650316;-0.06703765;9.9790325
-0.45968673;0.05746084;9.816227
-0.5267244;-0.047884032;9.844957
-0.5267244;-0.11492168;9.940725
-0.5650316;-0.12449849;9.873688
-0.5746084;-0.11492168;9.892841
-0.545878;-0.11492168;9.911995
-0.5650316;-0.12449849;9.950302
-0.5746084;-0.1340753;9.921572
-0.5650316;-0.12449849;9.940725
-0.59376204;-0.18195933;9.998186
-0.5363012;-0.20111294;9.883265
-0.5650316;-0.20111294;9.959879
-0.5554548;-0.22026655;9.883265
-0.5267244;-0.2681506;9.950302
-0.50757074;-0.2777274;9.969456
-0.47884035;-0.32561144;9.931149
-0.5363012;-0.33518824;9.959879
-0.46926352;-0.33518824;9.921572
-0.5267244;-0.30645782;9.959879
-0.49799395;-0.24899697;9.959879
-0.50757074;-0.32561144;9.911995
-0.5363012;-0.32561144;9.883265
-0.48841715;-0.29688102;9.998186
-0.46926352;-0.32561144;9.854534
-0.60333884;-0.2873042;9.969456
-0.50757074;-0.23942018;9.892841
-0.62249243;-0.24899697;9.940725
-0.5554548;-0.22026655;9.921572
-0.5554548;-0.18195933;9.892841
-0.60333884;-0.22026655;9.940725
-0.5267244;-0.12449849;9.892841
-0.5746084;-0.16280572;9.902418
-0.5746084;-0.095768064;9.835381
-0.5363012;-0.06703765;9.921572
-0.5650316;-0.076614454;9.911995
-0.61291564;-0.08619126;9.873688
-0.51714754;-0.047884032;9.921572
-0.545878;-0.019153614;9.873688
-0.5554548;-0.02873042;9.911995
-0.5363012;-0.095768064;9.911995
-0.49799395;0.047884032;9.816227
-0.5363012;0.0;9.883265
-0.545878;0.009576807;9.902418
-0.49799395;0.038307227;9.940725
-0.545878;0.009576807;9.921572
-0.46926352;0.047884032;9.911995
-0.58418524;0.02873042;9.816227
-0.5746084;0.08619126;9.892841
-0.545878;0.019153614;9.80665
-0.5650316;0.095768064;9.854534
-0.5363012;0.05746084;9.825804
-0.58418524;0.05746084;9.902418
-0.545878;0.02873042;9.864111
-0.58418524;0.08619126;9.816227
-0.58418524;0.076614454;9.931149
-0.49799395;0.12449849;9.80665
-0.61291564;0.095768064;9.931149
-0.58418524;0.10534488;9.873688
-0.49799395;0.095768064;9.883265
-0.58418524;0.05746084;9.892841
-0.58418524;0.10534488;9.825804
-0.5650316;0.05746084;9.902418
-0.545878;0.11492168;9.873688
-0.5267244;0.1340753;9.902418
-0.5363012;0.05746084;9.873688
-0.51714754;0.1340753;9.797073
-0.5267244;0.05746084;9.844957
-0.50757074;0.10534488;9.825804
-0.5554548;0.095768064;9.77792
-0.5554548;0.047884032;9.902418
-0.50757074;0.10534488;9.816227
-0.641646;0.06703765;9.854534
-0.5267244;0.11492168;9.892841
-0.49799395;0.06703765;9.835381
-0.59376204;0.076614454;9.854534
-0.45968673;0.1436521;9.825804
-0.5554548;0.10534488;9.940725
-0.58418524;0.095768064;9.902418
-0.49799395;0.1436521;9.758766
-0.5746084;0.10534488;9.921572
-0.5554548;0.15322891;9.80665
-0.59376204;0.11492168;9.892841
-0.51714754;0.1436521;9.835381
-0.5363012;0.10534488;9.892841
-0.58418524;0.12449849;9.797073
-0.5267244;0.12449849;9.921572
-0.545878;0.11492168;9.844957
-0.58418524;0.10534488;9.873688
-0.51714754;0.1436521;9.864111
-0.5363012;0.08619126;9.854534
-0.545878;0.02873042;9.797073
-0.46926352;0.076614454;9.873688
-0.51714754;0.047884032;9.873688
-0.5554548;0.019153614;9.825804
-0.5267244;0.11492168;9.835381
-0.5363012;0.06703765;9.816227
-0.5363012;0.019153614;9.835381
-0.51714754;0.0;9.940725
-0.5746084;0.0;9.80665
-0.5363012;-0.10534488;9.921572
-0.5554548;-0.08619126;9.902418
-0.5650316;-0.1436521;9.892841
-0.5746084;-0.20111294;9.873688
-0.58418524;-0.17238252;9.940725
-0.6895301;-0.2681506;9.883265
-0.59376204;-0.30645782;9.854534
-0.62249243;-0.29688102;9.873688
-0.58418524;-0.32561144;9.892841
-0.545878;-0.4213795;9.988609
-0.60333884;-0.45968673;9.950302
-0.58418524;-0.50757074;9.969456
-0.58418524;-0.5554548;9.940725
-0.63206923;-0.60333884;10.007763
-0.50757074;-0.6703765;10.04607
-0.50757074;-0.6895301;10.0269165
-0.545878;-0.6799533;10.065224
-0.49799395;-0.6991069;9.9790325
-0.48841715;-0.7374141;10.055647
-0.4309563;-0.641646;10.0269165
-0.48841715;-0.6607997;10.04607
-0.4213795;-0.6512229;9.950302
-0.41180268;-0.5554548;9.959879
-0.5363012;-0.58418524;9.902418
-0.4405331;-0.47884035;9.892841
-0.545878;-0.50757074;10.036493
-0.50757074;-0.47884035;9.892841
-0.59376204;-0.36391866;9.80665
-0.6799533;-0.32561144;9.835381
-0.51714754;-0.34476504;9.911995
-0.7661445;-0.30645782;9.835381
-0.60333884;-0.22984336;9.921572
-0.641646;-0.22984336;10.007763
-0.6799533;-0.23942018;9.911995
-0.58418524;-0.17238252;9.921572
-0.63206923;-0.19153613;9.873688
-0.5650316;-0.1436521;9.883265
-0.5554548;-0.05746084;9.864111
-0.6607997;-0.1340753;9.873688
-0.51714754;-0.05746084;9.77792
-0.545878;-0.047884032;9.873688
-0.5363012;-0.02873042;9.80665
-0.51714754;-0.02873042;9.80665
-0.545878;-0.019153614;9.873688
-0.545878;0.038307227;9.797073
-0.5267244;0.038307227;9.864111
-0.49799395;0.0;9.835381
-0.5363012;0.019153614;9.911995
-0.51714754;0.0;9.816227
-0.46926352;0.06703765;9.854534
-0.48841715;0.02873042;9.931149
-0.4309563;0.038307227;9.864111
-0.50757074;0.06703765;9.825804
-0.48841715;0.038307227;9.940725
-0.45010993;0.047884032;9.873688
-0.49799395;0.019153614;9.80665
-0.48841715;0.16280572;9.873688
-0.49799395;0.08619126;9.787497
-0.5363012;0.095768064;9.883265
-0.45968673;0.12449849;9.787497
-0.6799533;0.019153614;9.873688
-0.5650316;0.11492168;9.892841
-0.62249243;0.038307227;9.825804
-0.641646;0.06703765;9.864111
-0.6607997;0.076614454;9.854534
-0.641646;0.047884032;9.969456
-0.6512229;0.047884032;9.940725
-0.6607997;-0.02873042;9.988609
-0.6607997;0.0;10.055647
-0.6703765;0.009576807;9.864111
-0.60333884;-0.019153614;10.1226845
-0.63206923;-0.02873042;10.01734
-0.5363012;0.076614454;9.931149
-0.5363012;0.019153614;9.902418
-0.545878;0.02873042;9.80665
-0.49799395;0.18195933;9.864111
-0.4405331;0.20111294;9.80665
-0.50757074;0.2681506;9.80665
-0.45968673;0.2681506;9.816227
-0.4309563;0.33518824;9.873688
-0.48841715;0.41180268;9.825804
-0.45968673;0.545878;9.883265
-0.48841715;0.5650316;9.844957
-0.51714754;0.59376204;9.883265
-0.5267244;0.6703765;9.816227
-0.545878;0.6703765;9.902418
-0.545878;0.7086837;9.825804
-0.5363012;0.7374141;9.825804
-0.5746084;0.7182605;9.892841
-0.6607997;0.6895301;9.835381
-0.62249243;0.62249243;9.883265
-0.6895301;0.62249243;9.854534
-0.6512229;0.641646;9.864111
-0.6703765;0.641646;9.883265
-0.63206923;0.641646;9.787497
-0.63206923;0.6607997;9.864111
-0.58418524;0.641646;9.797073
-0.58418524;0.62249243;9.873688
-0.5363012;0.63206923;9.816227
-0.6512229;0.59376204;9.749189
-0.59376204;0.51714754;9.892841
-0.60333884;0.40222588;9.959879
-0.36391866;0.58418524;9.787497
-0.58418524;0.2777274;9.835381
-0.31603462;0.22026655;10.160992
-0.545878;0.076614454;10.0748005
-0.41180268;0.019153614;10.218452
-0.7374141;-0.12449849;10.25676
-0.58418524;-0.02873042;10.333375
-0.80445176;-0.21068975;10.352529
-0.62249243;-0.15322891;10.323798
-0.35434186;0.02873042;10.093954
-0.641646;0.0;9.825804
-0.37349546;0.15322891;9.816227
-0.5267244;0.29688102;9.653421
-0.5746084;0.2873042;9.251195
-0.90979666;0.4309563;9.509769
-0.6799533;0.842759;9.394848
-0.9864111;0.5554548;8.916007
-0.8714894;0.90021986;9.356541
-0.60333884;0.8523358;9.452309
-0.4309563;0.6799533;8.858546
-0.48841715;0.90021986;9.299079
-0.45010993;0.36391866;9.394848
-0.6512229;0.24899697;9.605537
-0.4213795;0.4213795;9.844957
-0.12449849;0.047884032;10.448297
-1.0534488;-0.095768064;10.065224
-0.82360536;0.0;10.601525
-0.545878;-0.49799395;10.342952
-0.36391866;-0.58418524;10.1226845
-0.37349546;-0.80445176;10.218452
-0.36391866;-0.8810662;10.0748005
-0.63206923;-1.1300632;10.007763
-0.40222588;-1.2449849;10.1226845
-0.46926352;-1.6184803;10.314221
-0.545878;-1.7908629;10.333375
-0.4213795;-1.934515;10.199299
-0.4405331;-2.0494366;10.160992
-0.50757074;-2.2409728;9.940725
-0.4309563;-2.2888567;10.0269165
-0.4213795;-2.4037786;9.959879
-0.51714754;-2.4708161;10.04607
-0.48841715;-2.432509;10.007763
-0.37349546;-2.5187001;10.01734
-0.4405331;-2.566584;10.093954
-0.47884035;-2.6240451;10.352529
-0.36391866;-2.6719291;10.505757
-0.2873042;-2.681506;10.43872
-0.24899697;-2.566584;10.342952
-0.37349546;-2.4612393;10.314221
-0.45968673;-2.6719291;10.697293
-0.05746084;-2.4516625;10.620679
-0.46926352;-2.3750482;10.314221
-0.2873042;-2.0973208;9.931149
-0.39264908;-1.6950948;9.911995
-0.842759;-1.8195933;9.864111
-0.25857377;-1.4556746;9.902418
-0.545878;-1.2449849;9.892841
-0.47884035;-1.1204864;9.3182335
-0.45010993;-0.50757074;9.251195
-0.7374141;-0.30645782;9.56723
-0.6991069;-0.5554548;9.5385
-1.043872;-0.16280572;9.356541
-0.29688102;0.019153614;9.308656
-0.80445176;0.0;9.375694
-0.6895301;-0.047884032;9.394848
-1.0342951;-0.10534488;9.576807
-0.9864111;-0.08619126;9.825804
-0.80445176;-0.18195933;9.691729
-0.79487497;-0.18195933;9.662998
-0.79487497;-0.18195933;9.787497
-0.7086837;-0.22984336;9.931149
-0.7565677;-0.2681506;9.959879
-0.6607997;-0.22984336;10.036493
-0.7469909;-0.23942018;10.055647
-0.61291564;-0.25857377;10.247183
-0.7278373;-0.19153613;10.237606
-0.46926352;-0.11492168;10.247183
-0.5267244;-0.22026655;10.237606
-0.33518824;-0.1340753;10.333375
-0.2681506;-0.095768064;10.333375
-0.30645782;-0.10534488;10.247183
-0.06703765;-0.10534488;10.28549
-0.2873042;-0.009576807;9.9790325
-0.11492168;-0.12449849;10.0748005
-0.12449849;-0.15322891;10.103531
-0.36391866;0.019153614;9.643845
0.05746084;-0.047884032;9.634268
-0.50757074;-0.019153614;9.691729
-0.047884032;0.009576807;9.404425
-0.19153613;0.038307227;9.069236
-0.46926352;-0.047884032;9.356541
-0.02873042;0.1436521;9.481039
-1.0821792;0.047884032;8.983045
-0.2681506;0.23942018;9.3661175
-1.340753;0.1436521;9.605537
-0.92895025;0.21068975;9.404425
-0.94810385;0.11492168;9.3182335
-1.3215994;0.18195933;9.77792
-0.7661445;0.1436521;9.3661175
-0.50757074;0.2873042;9.56723
-0.8810662;0.038307227;9.844957
-1.0151415;0.21068975;9.844957
-1.1779473;0.12449849;9.988609
-0.8714894;-0.06703765;10.400413
-1.0055647;-0.5267244;9.998186
-1.0821792;-0.81402856;10.352529
-0.78529817;-1.0726024;10.70687
-0.8331822;-1.340753;10.802638
-0.34476504;-1.3599066;10.611102
-0.2777274;-1.6376339;10.783484
-0.1436521;-1.6950948;10.486604
-0.21068975;-1.8195933;10.601525
-0.11492168;-2.0207062;10.860099
-0.1340753;-2.0111294;10.180145
0.06703765;-1.9440918;9.643845
0.10534488;-1.8579005;9.77792
-0.29688102;-1.8770541;9.682152
0.19153613;-1.6376339;9.356541
-0.29688102;-1.4652514;8.90643
-0.12449849;-1.4269443;9.184157
-0.019153614;-1.484405;9.528923
-0.63206923;-1.4556746;9.404425
-0.2777274;-1.532289;9.892841
-0.33518824;-1.685518;10.582372
-0.9672575;-1.7717092;10.314221
-0.5746084;-1.7621324;10.726024
-1.13964;-2.0685902;11.473015
-1.388637;-2.2697031;11.903971
-1.292869;-2.2888567;11.731588
-1.3311762;-2.0494366;11.128249
-1.4652514;-1.8291701;10.362105
-0.9864111;-1.5705963;10.218452
-1.3694834;-1.6184803;10.01734
-0.38307226;-1.1300632;9.337387
-0.6607997;-1.0534488;8.532935
-1.13964;-0.8331822;8.513782
-0.46926352;-0.90021986;8.418014
-0.51714754;-0.92895025;8.408437
-0.9864111;-1.2066777;8.389283
0.11492168;-1.4748282;8.810662
-0.18195933;-1.484405;9.299079
-0.5650316;-1.5897499;9.5385
0.25857377;-1.6663644;10.5440645
-1.1204864;-1.9632454;11.224017
-1.3599066;-2.1452048;11.60709
-0.90021986;-2.3175871;12.095507
-0.545878;-2.1547816;11.291056
-1.340753;-2.1068976;10.457873
1.2449849;-1.8291701;10.70687
-0.33518824;-1.7812861;11.310209
-0.10534488;-1.1875241;9.461885
-0.47884035;-1.0726024;9.241618
-1.0342951;-0.49799395;9.749189
-0.33518824;-0.08619126;8.418014
0.23942018;0.0;7.776367
-0.35434186;-0.33518824;8.781932
0.22026655;-0.60333884;9.126697
-0.545878;-1.0055647;9.385271
-0.8331822;-1.2449849;10.170568
-0.38307226;-1.4460979;10.5440645
-1.7812861;-1.8195933;10.994174
-0.8619126;-1.5227122;11.281479
-1.0055647;-1.3599066;10.400413
-1.388637;-1.1875241;9.155427
-0.1340753;-1.1204864;9.528923
0.6799533;-0.8523358;9.136273
0.15322891;-0.9672575;7.7667904
1.934515;-1.1013328;8.580819
0.095768064;-1.5801731;9.816227
-0.5554548;-1.484405;10.065224
-0.7374141;-1.4077905;9.835381
-2.3750482;-1.6950948;11.262324
-1.3599066;-1.436521;11.003751
-1.733402;-1.8770541;11.176133
-0.82360536;-1.7621324;10.534488
1.2162545;-1.1875241;9.500193
-1.1971009;-0.92895025;7.8146744
1.3982137;-0.91937345;7.651869
-0.9864111;-1.1875241;9.165004
-1.5035586;-1.5227122;9.940725
-1.0247183;-2.4708161;11.137826
-3.1411927;-2.9496565;11.990162
-1.6950948;-2.6623523;12.277467
-0.34476504;-2.6048915;10.97502
-1.2737153;-2.3558946;9.682152
2.6527755;-1.9728222;9.548077
-0.16280572;-2.2888567;9.337387
1.3215994;-1.4556746;8.552089
-0.79487497;-2.0207062;9.959879
-1.4939818;-1.7046716;11.032481
-1.0821792;-2.327164;11.903971
-1.8674773;-2.8443117;12.421119
-0.36391866;-2.5187001;12.593501
0.5363012;-2.528277;9.394848
2.1260512;-1.4173675;8.437167
-0.6991069;-1.8866309;8.236053
-0.5363012;-1.6759412;9.643845
-1.13964;-2.087744;9.481039
-2.8921957;-1.9632454;10.199299
-1.4460979;-1.8770541;10.716447
-2.1547816;-2.3942018;10.362105
-1.8962077;-2.078167;9.490616
1.2641385;-1.8483237;8.848969
-0.19153613;-1.7621324;8.121132
1.0055647;-1.5131354;7.680599
-1.5993267;-1.5610195;9.3182335
-0.8714894;-1.4652514;9.548077
-1.3503298;-2.078167;9.56723
-2.3558946;-2.4516625;9.720459
0.40222588;-2.4037786;12.373235
-0.62249243;-2.3080103;10.812215
0.29688102;-1.340753;7.565677
-1.7525556;-1.5801731;11.243171
-2.566584;-1.340753;12.756307
-2.566584;-1.1683705;11.109096
-2.4612393;-1.1300632;9.892841
0.45010993;-0.8619126;9.394848
0.23942018;-1.5801731;9.835381
0.095768064;-1.2258313;10.984597
0.51714754;-0.45010993;9.682152
2.6240451;0.41180268;7.7667904
-2.3942018;-0.79487497;10.457873
0.9768343;-1.1875241;12.708423
-0.29688102;-1.5993267;9.021352
-0.545878;-1.3120226;7.8529816
1.3694834;-1.4269443;11.348516
-3.0071173;-1.8100165;12.354081
0.29688102;-1.1109096;9.864111
-0.93852705;-1.2258313;9.892841
-2.4037786;-1.5610195;9.136273
1.8195933;-0.9768343;10.601525
-1.0055647;-1.4556746;9.605537
0.79487497;-1.532289;11.779472
2.3942018;-1.3024458;7.8529816
-1.3694834;-0.37349546;6.6367273
-1.0534488;-0.25857377;9.710882
0.15322891;-0.45010993;11.540052
-3.6583402;-0.7182605;9.682152
1.7525556;0.62249243;8.762778
-1.1779473;0.40222588;9.768343
-5.2385135;0.59376204;9.528923
-0.5650316;0.59376204;10.46745
-1.7429788;0.6799533;8.944737
-1.532289;0.30645782;8.647857
1.3311762;0.095768064;9.662998
-1.1875241;0.10534488;10.342952
-1.3790601;-0.1436521;9.356541
-1.0630256;-0.5363012;11.597513
-2.4708161;-0.78529817;12.363658
-0.45968673;-0.5363012;12.813767
-1.8962077;-1.8195933;10.352529
1.6759412;-0.63206923;12.4785795
-1.0151415;-1.292869;10.477027
-1.5801731;-0.37349546;8.839393
1.8770541;-0.2873042;9.433155
-3.6583402;-1.0630256;10.563218
3.4859576;0.4213795;10.141838
-2.633622;-1.091756;11.626244
3.0358477;1.1971009;7.881712
-0.16280572;-0.4405331;8.379706
-3.3327289;0.22984336;8.149862
7.747637;1.4939818;7.699753
-3.8594532;-0.842759;6.4739213
3.0071173;1.1204864;9.500193
2.815581;-0.641646;10.160992
-7.680599;-0.29688102;6.588843
3.572149;0.16280572;10.477027
0.02873042;0.641646;12.421119
-4.644751;0.89064306;6.751649
5.707777;1.7429788;5.6407394
1.8483237;-1.6472107;16.25184
0.90979666;-1.2449849;13.972561
4.1276035;0.7374141;7.699753
-1.1300632;0.17238252;7.0102224
-0.1340753;-0.1436521;12.842498
-1.8962077;-0.58418524;16.050728
-3.1603463;-0.16280572;13.101071
0.8523358;0.39264908;13.177686
1.0821792;1.8004397;10.831368
-3.371036;2.825158;9.490616
-0.7086837;2.4708161;8.207323
-1.8866309;1.2449849;12.373235
-1.8195933;1.4652514;9.80665
-1.7812861;1.4556746;6.4068837
-0.6607997;0.9768343;11.559206
-0.82360536;2.5570073;8.149862
-8.542512;1.532289;3.7253778
-0.78529817;1.292869;11.434708
0.12449849;1.2449849;9.097966
-7.872135;-0.37349546;3.7924154
2.3463178;1.5993267;7.920019
-2.1260512;-1.5705963;13.9151
-5.5258174;-1.6376339;9.184157
-0.9576807;0.4405331;7.0102224
1.1300632;-1.091756;5.9184666
-0.17238252;-0.94810385;9.548077
-2.1068976;-0.80445176;7.920019
-0.23942018;-3.5434184;10.189722
3.5434184;-1.4748282;12.229582
-5.3821654;-2.920926;11.798626
-0.22026655;-0.8810662;9.758766
-0.24899697;2.1739352;10.103531
-4.606444;0.095768064;8.829816
7.153875;2.825158;7.6231384
10.0748005;1.7238252;8.724471
5.3342814;0.076614454;5.851429
2.6431987;1.4269443;9.902418
-2.8921957;0.93852705;12.191275
-3.7828386;-0.39264908;9.720459
-12.028469;0.79487497;6.0525417
3.5338416;4.7309427;12.794614
7.038953;4.1180267;10.323798
-2.7581203;4.596867;15.935806
11.683704;0.7757214;5.583278
1.2258313;-3.016694;14.049175
-2.3463178;4.654328;4.5202527
6.8665705;-1.4939818;7.6135616
-7.374141;3.6487634;7.335834
-1.6567876;-2.4612393;12.861651
0.5650316;-1.5897499;11.827356
-2.8634653;-2.9400797;12.440272
-0.92895025;-1.2354081;8.39886
1.7621324;0.23942018;7.9966335
-9.739613;-1.8579005;11.147403
2.7868507;0.9576807;13.187263
-3.323152;-0.37349546;7.5082164
-8.743625;-0.7278373;1.3790601
9.854534;0.34476504;13.934254
-3.4859576;-2.873042;12.660539
-10.323798;-0.30645782;0.6607997
7.240066;1.8579005;1.8004397
-0.82360536;-2.4612393;16.759413
-7.747637;-2.4899697;8.590396
3.6391866;-0.49799395;8.7532015
2.777274;-1.5897499;7.8529816
-3.074155;-1.7429788;7.4603324
-0.21068975;-0.7757214;11.15698
-1.8387469;-1.4173675;12.124237
-4.3478703;-1.3311762;12.382812
-1.0151415;-1.6950948;14.757859
3.1507695;-2.2505496;15.073894
0.6799533;-2.3750482;11.597513
1.5993267;-1.9728222;10.295067
-1.0055647;-2.0398598;13.8480625
-2.6048915;-1.3790601;12.5743475
-0.05746084;-1.2641385;9.500193
-3.8019924;-1.292869;11.9614315
3.6008794;0.33518824;10.7356
-1.6184803;-0.40222588;7.6710224
-2.183512;1.1683705;7.3166804
6.579266;1.8387469;9.385271
-8.791509;0.6991069;1.4460979
5.6407394;3.9743748;9.404425
1.091756;-0.095768064;12.095507
-8.446744;-0.24899697;2.4229321
8.437167;2.5091233;9.576807
-0.60333884;-1.3120226;12.919112
-5.133168;-1.5610195;9.9790325
10.716447;0.94810385;9.241618
4.3478703;-2.3942018;13.857639
-0.7278373;-3.572149;12.976573
13.800179;-3.1028855;13.388376
-0.6991069;-4.6926355;14.010868
0.25857377;-1.9536686;12.344504
7.3549876;-4.1371803;14.863204
-0.16280572;-2.777274;12.344504
-0.545878;1.6089035;21.605276
-1.9440918;0.62249243;8.686164
5.5258174;2.7868507;6.14831
0.6607997;2.4133554;6.5026517
-3.821146;2.777274;7.565677
2.7006595;4.3861775;5.161899
-2.3080103;3.2465374;3.5529952
-3.2848446;5.3725886;-0.1436521
3.016694;5.391742;3.8881836
-1.2641385;4.673482;14.681245
0.1436521;4.8362875;-2.0685902
-0.8714894;5.7269306;2.1068976
-3.821146;5.554548;8.734048
-3.9360676;2.1260512;14.882358
-6.215348;1.6376339;18.358738
-2.5474305;0.31603462;17.630901
-1.091756;-0.08619126;13.01488
-1.340753;-1.0630256;12.966996
-1.7621324;-1.1779473;20.96363
-7.4028716;-4.6926355;22.515072
-2.3558946;-4.3766007;20.101717
-0.08619126;-3.4476504;16.060305
-6.1770406;-2.384625;11.587936
-3.7924154;-0.9864111;17.199945
-3.8115692;-2.4516625;14.54717
-7.3645644;-1.3599066;9.375694
2.681506;3.572149;-3.2848446
-4.175488;1.8004397;2.8538885
-4.012682;2.8443117;6.8665705
0.93852705;2.8443117;6.0238113
-9.509769;1.4652514;-7.2113357
0.90979666;5.631162;-5.841852
0.45968673;0.41180268;7.07726
-5.6886234;-0.25857377;2.3080103
4.232949;1.9632454;0.82360536
4.175488;3.1028855;-5.3342814
4.4436383;0.1340753;2.1930888
-0.20111294;-2.3654714;6.196194
-1.2641385;-3.3518825;13.656527
6.540959;-1.5227122;8.7053175
-2.336741;-6.7324953;12.966996
4.5872903;-4.76925;21.566969
10.448297;-7.431602;24.689009
-0.37349546;-10.649409;25.024197
4.6160207;-7.479486;17.535133
7.1059904;-8.341399;28.088774
-0.10534488;-7.326257;21.164743
6.3206925;-6.3302693;24.181437
0.095768064;-7.441179;18.799273
-0.48841715;-4.759673;14.039598
3.572149;-1.8291701;10.333375
-0.06703765;-1.484405;7.843405
-2.3080103;-0.60333884;10.1226845
-2.27928;-0.9959879;5.7748146
-3.7253778;-1.1013328;7.7189064
-2.882619;-0.6895301;7.4507556
-1.13964;-0.10534488;3.86903
-1.043872;0.30645782;2.9496565
-2.882619;-0.7086837;3.9743748
-2.7102363;-0.20111294;4.4915223
-3.083732;-0.6512229;5.861006
-4.175488;-1.1779473;7.8146744
-1.6950948;-1.1683705;7.28795
-2.5570073;-1.1013328;4.261679
-0.59376204;-0.7757214;4.76925
0.45968673;-1.8004397;8.714894
-3.3901896;-2.7485435;12.0093155
0.62249243;-1.7812861;12.181698
1.0247183;-2.9592333;8.389283
-0.79487497;-2.327164;9.653421
0.22026655;-2.0207062;13.493721
3.2848446;-3.323152;12.143391
-0.6895301;-3.3901896;9.528923
0.095768064;-1.9440918;8.350976
0.7374141;-1.7812861;9.279925
0.45968673;-1.8004397;11.147403
3.2752678;-1.2641385;11.444284
3.9839516;-0.9959879;9.624691
-0.94810385;-0.63206923;4.309563
0.08619126;-0.7469909;9.136273
-1.8674773;-1.733402;14.049175
-0.8619126;-2.5378537;14.259866
0.02873042;-1.934515;11.166556
0.32561144;-2.4708161;12.555194
0.17238252;-2.1068976;14.12579
-1.0630256;-2.1739352;13.541605
-0.46926352;-1.0534488;12.411542
0.9672575;-0.46926352;11.118672
-0.7757214;-0.25857377;9.069236
1.733402;0.30645782;8.6095495
-1.0726024;-0.32561144;10.5440645
1.8674773;1.283292;8.954314
-0.20111294;1.6950948;4.8267107
-1.6663644;2.27928;8.39886
0.9576807;1.5993267;10.314221
-1.9728222;0.842759;7.5465236
-0.5267244;2.3080103;5.5258174
-0.06703765;1.3120226;9.069236
-2.0207062;0.22026655;12.028469
0.4309563;1.2258313;10.160992
-0.46926352;0.50757074;9.011775
0.9768343;1.2641385;8.082825
-2.0111294;0.8714894;8.0924015
-0.47884035;0.62249243;8.935161
1.541866;0.7182605;13.081918
-0.63206923;1.0630256;8.00621
1.1013328;1.532289;7.843405
0.06703765;0.6703765;10.180145
-2.327164;0.4213795;12.200851
-0.9768343;0.8523358;9.950302
-1.8004397;0.78529817;11.923124
0.18195933;1.7908629;12.890382
-1.8770541;1.4269443;9.605537
1.0726024;1.934515;9.404425
-0.22984336;0.90021986;10.860099
-1.043872;0.34476504;9.902418
0.7182605;1.8387469;7.632715
-1.2258313;2.7389667;10.371682
-0.6799533;1.9153614;9.11712
-2.3750482;1.9919758;8.121132
-1.3694834;1.3790601;8.7053175
-0.1340753;1.4269443;9.605537
-0.90021986;1.8866309;10.400413
1.3503298;1.1204864;10.802638
-0.35434186;0.7469909;10.563218
-0.20111294;1.388637;9.193734
-0.8810662;0.2777274;8.437167
0.91937345;0.4213795;9.452309
-1.4939818;1.0821792;9.481039
-0.78529817;0.9768343;11.300632
-0.94810385;1.292869;11.520899
-3.1986535;1.9057846;9.3661175
-0.1436521;2.135628;7.8912888
-0.6799533;2.3080103;10.036493
0.41180268;1.7621324;9.854534
0.4213795;1.4556746;7.2304893
-0.5267244;1.7621324;9.576807
-0.63206923;0.61291564;11.070788
-2.1930888;1.13964;10.036493
0.15322891;1.0821792;9.595961
0.46926352;0.82360536;9.576807
0.58418524;1.9249382;9.758766
-0.34476504;0.7374141;8.973468
-0.25857377;1.1971009;9.701305
-0.20111294;2.0207062;9.739613
-1.8866309;0.9576807;9.844957
1.0055647;2.0207062;10.409989
0.34476504;1.5705963;9.050082
0.63206923;1.4173675;8.111555
1.3311762;1.9919758;7.9487495
0.5650316;1.7046716;7.6231384
-0.29688102;1.3790601;10.295067
-1.1300632;1.2449849;12.028469
-1.7238252;0.2777274;11.109096
-1.8866309;-0.11492168;11.674128
-1.7238252;-0.2777274;12.0571995
0.9768343;0.29688102;9.988609
0.48841715;0.6895301;9.624691
1.436521;1.292869;8.197746
-0.24899697;1.6184803;8.063671
-2.1643584;1.7429788;9.461885
-1.0534488;1.484405;10.304645
-1.9440918;1.1587936;10.716447
-0.61291564;0.7374141;10.237606
-0.36391866;0.80445176;9.653421
1.4748282;1.1013328;9.452309
-1.0630256;0.8714894;9.902418
0.7278373;1.3120226;10.524911
-0.18195933;1.1109096;9.911995
-2.1452048;0.90021986;10.28549
-0.019153614;0.545878;13.024457
-1.9536686;0.019153614;12.794614
-0.38307226;0.51714754;8.954314
0.45010993;0.7469909;9.749189
-0.47884035;0.47884035;11.262324
0.641646;1.091756;9.241618
0.40222588;1.1875241;6.991069
-0.51714754;1.0342951;9.385271
-0.39264908;0.91937345;9.77792
-1.5801731;0.4213795;9.998186
-1.1109096;-0.038307227;10.630256
-0.009576807;0.22026655;9.069236
-0.12449849;0.80445176;7.6710224
0.91937345;0.79487497;8.963891
2.030283;0.82360536;10.43872
-0.12449849;0.61291564;9.126697
0.6799533;0.9959879;8.408437
-0.62249243;1.1875241;8.848969
-1.7525556;1.0630256;10.505757
-0.6895301;0.4309563;11.013328
0.29688102;0.076614454;11.176133
-0.2873042;0.11492168;9.461885
0.11492168;0.34476504;9.088389
0.1436521;0.25857377;9.883265
1.0055647;0.78529817;10.601525
0.047884032;0.4309563;8.676587
-0.047884032;0.8523358;9.825804
-1.4652514;0.2873042;11.453861
-1.388637;-0.30645782;11.789049
-1.0534488;-0.24899697;12.220005
-1.484405;0.17238252;11.60709
1.0055647;0.36391866;8.925584
-0.24899697;0.41180268;8.916007
-0.5363012;0.0;10.342952
2.681506;0.7086837;8.580819
-2.5378537;0.1436521;6.9240313
0.095768064;0.92895025;11.750742
-2.078167;0.79487497;11.099519
-5.9567738;0.19153613;9.241618
2.825158;0.038307227;12.29662
-2.2026656;-0.009576807;11.731588
-2.1164744;0.48841715;5.2002063
5.3821654;1.3982137;9.289502
-1.2737153;-0.45968673;11.109096
1.4077905;0.24899697;8.456321
3.2944214;0.9672575;5.841852
-0.2777274;-0.15322891;10.0748005
-0.50757074;-0.5267244;11.568783
-1.2258313;-1.3503298;11.932701
-2.930503;-0.51714754;12.6222315
-2.3942018;-0.90021986;11.654974
-1.4269443;-1.1875241;11.654974
-3.7062242;-1.091756;12.421119
0.60333884;-0.842759;11.329363
2.767697;-0.7182605;8.561666
2.1547816;-0.15322891;7.872135
3.9360676;1.0247183;7.9583263
-0.90021986;0.7278373;7.086837
-1.1492168;0.7374141;8.7053175
-2.6910827;0.6799533;10.007763
-5.0661306;0.5363012;11.262324
-1.9536686;0.20111294;11.061212
-1.9153614;-0.30645782;10.927136
-0.2681506;-0.5267244;9.203311
2.5953147;-1.0342951;10.266336
0.08619126;-1.283292;11.243171
1.6280571;-0.61291564;8.944737
-0.02873042;-0.4405331;9.758766
-2.5378537;-0.2873042;10.46745
0.6703765;0.21068975;9.56723
-5.3342814;-1.1300632;11.568783
1.532289;0.047884032;14.173674
0.61291564;0.12449849;6.540959
-0.24899697;0.59376204;5.1235914
6.3111157;0.7469909;12.421119
-2.6048915;0.5363012;8.350976
0.9864111;2.0685902;2.4420857
4.5394063;0.6799533;11.33894
-3.7924154;-0.7374141;11.377247
-1.5801731;0.15322891;11.243171
1.5610195;0.5650316;9.605537
-2.2218192;-0.82360536;12.277467
2.4899697;0.23942018;12.152967
-1.1204864;-0.8619126;10.352529
-0.047884032;-1.484405;13.723564
4.8458643;-0.48841715;13.110648
-3.9839516;-1.4748282;9.595961
0.05746084;0.2777274;11.099519
4.367024;1.3120226;11.310209
-9.356541;-0.5363012;8.513782
1.934515;1.8770541;7.067683
-0.10534488;0.35434186;12.315774
-6.129156;1.8866309;2.0685902
7.73806;2.9017725;5.9759274
-3.7541082;-0.019153614;10.850522
-0.91937345;1.2258313;7.1251445
2.2218192;0.9768343;6.3589997
-2.1739352;0.34476504;11.051635
-1.8770541;0.8714894;9.662998
-1.8674773;0.545878;11.262324
-0.6512229;0.009576807;12.813767
0.6895301;0.019153614;10.180145
-0.18195933;-0.009576807;10.965444
2.8921957;0.1436521;10.208876
-1.340753;-0.22984336;8.90643
-0.90979666;-0.076614454;11.482592
1.091756;0.0;12.516887
-4.271256;-0.31603462;10.01734
0.34476504;0.6512229;10.362105
-2.5474305;-0.047884032;11.894394
0.038307227;0.9576807;9.069236
-0.12449849;1.1779473;8.264784
1.340753;1.1013328;9.346964
-1.5610195;0.39264908;9.519346
0.4309563;0.7278373;10.314221
-0.36391866;0.58418524;10.141838
-0.91937345;0.60333884;9.289502
1.5705963;0.7469909;9.892841
-1.3120226;0.29688102;10.28549
1.532289;0.7278373;9.615114
-0.0;0.29688102;9.643845
-0.29688102;0.2777274;9.021352
0.21068975;-0.095768064;9.299079
-0.9959879;-0.34476504;10.898406
0.17238252;-0.94810385;10.7356
0.51714754;-0.51714754;9.9790325
0.60333884;-0.24899697;9.77792
0.12449849;-0.22026655;10.25676
-0.90021986;-0.05746084;10.572795
-0.5267244;0.17238252;10.113108
-0.6895301;0.5267244;9.548077
-2.327164;0.7469909;9.069236
-0.7757214;0.7469909;9.931149
-1.043872;1.0055647;9.279925
-0.94810385;0.7182605;8.66701
1.4939818;0.7469909;11.042058
-1.7142484;0.7086837;10.218452
-0.8714894;1.6663644;8.734048
-0.34476504;1.934515;9.433155
-3.0933087;1.5514427;10.994174
-2.384625;1.7717092;11.36767
-0.80445176;1.1683705;10.486604
0.11492168;0.6512229;9.279925
-0.30645782;0.6991069;9.404425
0.31603462;0.5650316;10.783484
0.80445176;0.38307226;10.553641
-0.6512229;1.13964;8.791509
1.292869;1.7525556;8.542512
-0.9959879;1.5035586;8.973468
0.45010993;1.8291701;9.299079
-0.5650316;1.091756;9.11712
1.0342951;1.0055647;9.902418
-0.2681506;0.6799533;9.414001
-0.22984336;0.30645782;9.3182335
-0.49799395;0.49799395;10.477027
-1.934515;0.21068975;11.348516
0.37349546;0.38307226;10.716447
-1.3120226;0.5363012;10.323798
0.047884032;0.7278373;9.404425
1.8004397;0.35434186;10.218452
0.45010993;0.34476504;9.787497
2.336741;0.095768064;10.390836
-0.24899697;0.33518824;8.983045
-0.82360536;0.36391866;9.605537
-2.1452048;-0.2873042;10.888829
-0.6703765;-0.5650316;11.482592
-1.3503298;-1.091756;11.463438
1.043872;-0.80445176;10.160992
1.388637;-0.39264908;9.222465
-0.34476504;-0.29688102;9.490616
2.183512;-0.2777274;9.797073
-0.12449849;-0.22984336;9.394848
0.8331822;-0.11492168;9.816227
-0.009576807;-1.0247183;10.965444
-1.7908629;-1.2258313;11.674128
-0.24899697;-1.3599066;11.856087
-1.4939818;-1.6472107;11.750742
-0.545878;-0.90021986;10.869676
-0.7086837;-0.60333884;10.113108
-0.019153614;-0.23942018;10.01734
1.1683705;0.15322891;8.341399
-0.38307226;0.095768064;8.197746
2.3558946;-0.06703765;9.634268
-0.1340753;-0.45010993;9.921572
-0.45010993;-0.18195933;9.442732
0.5363012;-0.50757074;9.950302
-1.9153614;-0.05746084;10.620679
-1.3503298;0.02873042;10.362105
-0.05746084;-0.019153614;11.463438
-0.24899697;0.25857377;10.620679
0.24899697;0.48841715;9.337387
1.7621324;0.7374141;8.868123
0.6512229;1.0151415;8.169016
0.10534488;0.79487497;8.868123
1.8962077;0.6799533;9.921572
-0.58418524;0.4213795;9.3182335
0.82360536;0.8810662;9.232041
-0.35434186;0.32561144;10.620679
-0.82360536;0.32561144;11.760319
-0.24899697;0.4309563;10.295067
-0.5650316;0.842759;10.1226845
-2.1452048;1.1779473;10.295067
-0.78529817;1.4269443;9.615114
-0.7469909;1.6089035;9.605537
-0.22026655;1.7621324;8.6095495
0.7469909;1.7142484;8.465898
-1.0151415;1.3694834;9.940725
-0.5267244;1.484405;9.586384
-1.3311762;1.6759412;9.77792
-2.8060043;1.4652514;10.304645
-2.8443117;1.4269443;11.463438
-2.2697031;1.2641385;11.482592
-1.3503298;1.1109096;10.668563
-0.31603462;1.283292;10.563218
0.8523358;1.436521;9.911995
0.12449849;1.5705963;8.561666
1.0534488;1.7429788;8.820239
0.6607997;1.3215994;9.557653
1.1300632;1.1875241;8.676587
0.05746084;1.2354081;8.954314
0.8523358;1.3694834;9.911995
0.038307227;1.2545617;9.14585
-0.1340753;1.7238252;8.829816
0.18195933;1.5801731;10.831368
-0.5267244;1.2641385;10.879252
-0.41180268;1.4652514;9.5385
0.1436521;1.7238252;9.5385
-0.7661445;1.340753;10.141838
0.8523358;1.3311762;9.260772
0.94810385;1.4460979;8.963891
-0.047884032;1.0247183;9.749189
0.7374141;1.1013328;10.113108
-1.5131354;0.90021986;10.093954
-0.08619126;0.9672575;10.46745
-1.6950948;0.80445176;11.386824
-1.13964;0.90021986;11.482592
-0.25857377;0.78529817;10.70687
-1.2449849;0.7278373;10.6398325
-0.24899697;0.94810385;10.314221
-0.7661445;0.90979666;9.423578
0.08619126;1.1013328;8.973468
-0.63206923;0.90979666;9.490616
-0.2777274;1.1875241;8.801085
-0.33518824;0.9672575;8.236053
-0.7278373;0.9672575;9.097966
-1.2258313;0.7278373;10.04607
-0.8619126;0.81402856;10.496181
-1.5035586;0.48841715;9.883265
-1.6950948;0.59376204;10.553641
-1.1492168;0.545878;11.329363
-0.842759;0.2873042;11.587936
-0.11492168;0.5746084;11.089942
-0.19153613;0.7182605;10.840945
0.019153614;0.90021986;10.390836
0.23942018;1.283292;9.940725
0.41180268;1.340753;9.672575
0.18195933;1.4269443;9.414001
0.90021986;1.5514427;8.868123
0.6799533;1.3599066;8.485051
0.8331822;1.3790601;8.935161
0.89064306;1.2641385;9.059659
0.8523358;1.1971009;8.829816
0.30645782;1.4077905;8.839393
0.2777274;1.484405;9.375694
0.23942018;1.3215994;9.691729
0.06703765;1.1204864;10.04607
0.08619126;1.2258313;10.457873
-0.0;1.1109096;10.228029
-0.15322891;1.1587936;10.5440645
0.019153614;1.1204864;10.869676
-0.6895301;1.1683705;10.304645
-0.32561144;1.283292;10.5440645
-0.40222588;1.1779473;10.831368
-0.7565677;1.043872;10.065224
-0.5650316;1.2737153;9.902418
-0.9768343;1.091756;10.362105
-0.5554548;1.0534488;9.873688
-1.2737153;1.0055647;9.730036
-1.1492168;0.90021986;10.295067
-0.6799533;0.92895025;9.940725
-1.532289;1.0821792;9.385271
-0.6512229;0.7374141;9.959879
-0.6799533;0.47884035;10.180145
-0.8714894;0.8331822;9.528923
-0.29688102;0.8331822;9.605537
-0.5650316;0.6512229;9.892841
-1.1587936;0.7374141;9.816227
-0.81402856;0.6607997;10.199299
-0.78529817;0.5554548;10.572795
-0.31603462;0.8714894;10.228029
-0.81402856;0.90979666;10.0269165
-0.0;0.7565677;10.275913
0.36391866;0.8331822;10.04607
0.23942018;0.8619126;9.691729
0.7086837;0.6512229;10.04607
0.92895025;0.9864111;9.576807
0.51714754;1.2449849;9.088389
1.091756;1.3215994;9.816227
-0.076614454;1.4077905;10.036493
0.18195933;1.2258313;9.883265
-0.06703765;1.4077905;9.634268
-0.1340753;1.5131354;9.873688
-0.31603462;1.5993267;9.80665
-0.31603462;1.6567876;9.864111
-0.1436521;1.6280571;9.864111
-0.30645782;1.7142484;9.77792
-0.2681506;1.7429788;9.883265
-0.22984336;1.6759412;9.9790325
-0.32561144;1.6663644;10.0748005
-0.2777274;1.532289;9.998186
-0.39264908;1.4556746;10.01734
-0.2873042;1.340753;10.1226845
-0.2873042;1.3120226;9.883265
-0.30645782;1.3024458;9.988609
-0.1436521;1.1971009;10.04607
-0.2681506;1.2354081;9.844957
-0.19153613;1.2258313;9.80665
-0.1436521;1.1492168;9.864111
-0.1436521;1.1013328;9.892841
-0.21068975;1.043872;9.749189
-0.095768064;1.0055647;9.825804
-0.24899697;0.91937345;9.931149
-0.25857377;0.91937345;9.959879
-0.19153613;0.80445176;9.911995
-0.24899697;0.7086837;10.084377
-0.37349546;0.60333884;10.055647
-0.45968673;0.51714754;10.160992
-0.39264908;0.32561144;10.093954
-0.37349546;0.34476504;10.084377
-0.4405331;0.24899697;9.959879
-0.39264908;0.22984336;9.969456
-0.38307226;0.22984336;9.873688
-0.41180268;0.22984336;9.825804
-0.4309563;0.2681506;9.825804
-0.34476504;0.22984336;9.797073
-0.39264908;0.15322891;9.758766
-0.2873042;0.19153613;9.883265
-0.22984336;0.06703765;9.921572
-0.24899697;0.038307227;9.816227
-0.11492168;-0.038307227;9.9790325
-0.11492168;-0.095768064;9.9790325
-0.076614454;-0.11492168;9.969456
-0.06703765;-0.1436521;9.892841
0.009576807;-0.1436521;10.055647
-0.10534488;-0.15322891;9.988609
-0.17238252;-0.16280572;9.797073
-0.095768064;-0.095768064;9.873688
-0.12449849;-0.23942018;9.931149
-0.23942018;-0.1340753;9.950302
-0.22026655;-0.12449849;9.892841
-0.33518824;-0.12449849;9.902418
-0.35434186;-0.02873042;9.998186
-0.4213795;-0.019153614;9.902418
-0.47884035;-0.05746084;10.1226845
-0.4309563;-0.076614454;10.007763
-0.47884035;-0.12449849;9.883265
-0.51714754;-0.08619126;9.988609
-0.61291564;-0.038307227;9.959879
-0.545878;0.02873042;9.931149
-0.48841715;-0.038307227;9.959879
-0.46926352;-0.02873042;9.892841
-0.4309563;0.02873042;9.80665
-0.35434186;0.12449849;9.844957
-0.29688102;0.11492168;9.816227
-0.35434186;0.076614454;9.825804
-0.1340753;0.08619126;9.816227
-0.2873042;0.17238252;9.825804
-0.1436521;0.16280572;9.739613
-0.19153613;0.15322891;9.787497
-0.12449849;0.11492168;9.854534
-0.12449849;0.19153613;9.77792
-0.23942018;0.22984336;9.825804
-0.1436521;0.21068975;9.835381
-0.24899697;0.21068975;9.902418
-0.18195933;0.20111294;9.883265
-0.18195933;0.25857377;9.835381
-0.2873042;0.23942018;9.883265
-0.23942018;0.20111294;9.835381
-0.2777274;0.20111294;9.902418
-0.22984336;0.17238252;9.873688
-0.24899697;0.21068975;9.844957
-0.30645782;0.16280572;9.950302
-0.24899697;0.1340753;9.844957
-0.33518824;0.18195933;9.873688
-0.32561144;0.1436521;9.911995
-0.22026655;0.12449849;9.902418
-0.2777274;0.095768064;9.931149
-0.24899697;0.15322891;9.883265
-0.2681506;0.1436521;9.864111
-0.2681506;0.12449849;9.921572
-0.2873042;0.1436521;9.816227
-0.2777274;0.16280572;9.787497
-0.23942018;0.1340753;9.787497
-0.30645782;0.095768064;9.873688
-0.29688102;0.1436521;9.80665
-0.2873042;0.076614454;9.758766
-0.2777274;0.10534488;9.892841
-0.2777274;0.1436521;9.864111
-0.30645782;0.08619126;9.844957
-0.30645782;0.095768064;9.80665
-0.32561144;0.15322891;9.854534
-0.31603462;0.10534488;9.911995
-0.30645782;0.095768064;9.883265
-0.29688102;0.11492168;9.873688
-0.31603462;0.095768064;9.844957
-0.33518824;0.1340753;9.921572
-0.32561144;0.15322891;9.854534
-0.31603462;0.1340753;9.80665
-0.30645782;0.10534488;9.864111
-0.2873042;0.10534488;9.844957
-0.31603462;0.12449849;9.844957
-0.34476504;0.15322891;9.844957
-0.30645782;0.10534488;9.835381
-0.30645782;0.10534488;9.844957
-0.32561144;0.1436521;9.892841
-0.31603462;0.11492168;9.825804
-0.33518824;0.08619126;9.864111
-0.2777274;0.11492168;9.883265
-0.31603462;0.095768064;9.883265
-0.30645782;0.11492168;9.950302
-0.2681506;0.076614454;9.835381
-0.31603462;0.12449849;9.911995
-0.29688102;0.11492168;9.797073
-0.31603462;0.12449849;9.854534
-0.32561144;0.15322891;9.883265
-0.23942018;0.095768064;9.864111
-0.31603462;0.1436521;9.844957
-0.2681506;0.1436521;9.835381
-0.2873042;0.12449849;9.835381
-0.31603462;0.1436521;9.854534
-0.25857377;0.05746084;9.864111
-0.32561144;0.15322891;9.816227
-0.34476504;0.15322891;9.950302
-0.2873042;0.08619126;9.902418
-0.35434186;0.08619126;9.883265
-0.32561144;0.12449849;9.825804
-0.34476504;0.12449849;9.883265
-0.24899697;0.095768064;9.902418
-0.34476504;0.1436521;9.80665
-0.31603462;0.1436521;9.77792
-0.2681506;0.1340753;9.835381
-0.36391866;0.15322891;9.969456
-0.22984336;0.10534488;9.825804
-0.4213795;0.08619126;9.80665
-0.25857377;0.1340753;9.80665
-0.37349546;0.11492168;9.959879
-0.24899697;0.12449849;10.0269165
-0.18195933;0.12449849;9.691729
-0.5267244;0.076614454;9.653421
-0.019153614;0.0;10.160992
