;ax;ay;az
0;-0.17065449281344386;0.03272766279219067;9.846982635610834
1;0.3179364238253134;0.12222178787627339;9.462192448717293
2;0.20244956068016354;0.06315872720383532;9.538159175573206
3;0.2467980524544492;0.11697398600502482;10.08839743629355
4;0.3266959233772434;0.14274291791206425;9.822813625093593
5;0.09651327172464239;0.11317789643754059;9.75804322272781
6;0.40111406920676185;0.14695128542358638;9.717383615985865
7;0.23030989459370146;0.07383266357215025;9.876664636142651
8;0.32443682907254523;0.06893653151887995;9.961830121911145
9;0.15330214698659173;0.13545491014092545;9.74776105852663
10;0.22481345637603323;0.06046045465081118;9.661143552424742
11;0.23847987382812724;0.24777884920092313;9.849140203885964
12;0.1693157090334775;-0.0013828032098035098;9.812787302749618
13;0.2740269295913049;0.13571168426776517;9.899143736463783
14;0.26943089695538536;-0.0015939216466022005;9.889196098143529
15;0.21920003714442965;0.07287217458423192;9.900519612354994
16;0.2785366916571122;0.0029838686153506877;9.93277357916388
17;0.18688471444852356;0.2194536246954194;9.954514229623236
18;0.2438660478172948;0.2065125122366633;9.94866243768296
19;0.3662179547231884;-0.12553701351376673;9.774084716941836
20;0.10289584447909822;0.31200329676702765;9.881334046303332
21;0.32383564343148163;0.06838311074452014;9.860285777568624
22;0.29188644737292335;0.30476359320029145;9.777438298054438
23;0.052956660841211145;0.15968483274650427;10.075484938672732
24;0.15780741596299444;0.012067709524258355;9.81162079388775
25;0.551708218093393;0.18220741492752857;9.780726927815072
26;0.3598439787946285;0.287549643970333;9.794199403751488
27;0.17859389829889016;0.13346653509731915;9.957001061983233
28;0.26354348151523055;0.08020050206155818;9.92049375147712
29;0.28916357347799326;0.0679929641092589;9.743373497193694
30;0.21410946727404134;0.12551291441340945;10.07860809366927
31;0.28492684082769226;0.22340615522588175;9.913935175813595
32;0.1294746401197858;0.06345854562875894;10.030007537991525
33;0.29371403751179453;0.3353037249188322;9.896120839843013
34;0.3089008157603258;0.15973612185449518;9.770141967008694
35;0.2741699415654353;0.14289702801616552;10.048807948656517
36;0.3890982936552151;0.07901349845682432;9.832958578550468
37;0.37158099242079295;0.03064205064066719;9.771348046168155
38;0.4809090313620473;0.22474646133625892;9.866002861030012
39;0.3198352327952666;0.19797972587988197;9.826478583105056
40;0.23596051899820977;0.18658524590276596;9.9716584953196
41;0.3859118177066455;-0.08387008576896943;9.895642579120336
42;0.3319163283125758;-0.06968851869901782;9.8844179386874
43;0.27076118316289305;0.13483034474741742;9.929767131516268
44;0.24968170576392826;0.19764119538693092;9.931280802703249
45;0.29452465102018593;-0.051039054213016785;9.941955300858766
46;0.4292994796485804;-0.03751529113599353;9.84486299026407
47;0.3063759099772618;0.14599945681800025;9.993464827242489
48;0.45516465738031064;-0.021822815022187247;10.050987403835
49;0.39245037816538036;0.25874188842392865;9.788284854869731
50;0.3877968216821224;0.007897375032341988;9.801267636414904
51;0.3703564507169347;0.11667354540670366;9.705206938744976
52;0.26923982079811415;0.0648425317518439;9.978918144623956
53;0.38578624532276956;0.12204306122595547;9.975445424927061
54;0.4223888770204349;0.14946927841187124;9.710295335871574
55;0.5306382987797055;0.09678327629921518;10.012818016035283
56;0.30856740457794263;-0.010429254198183066;9.806884548078067
57;0.2649716768282725;0.25416465640118907;9.615355899462312
58;0.3008232717580345;0.06785348496025745;9.751653173567941
59;0.14542854603288824;-0.013541982065383179;9.7429911960577
60;0.09948211609292096;0.18737495582921004;9.873807389900685
61;0.3548002037125755;0.20737972407353805;9.976761064906333
62;0.30477288709539385;0.041168452711458;9.95356110421901
63;0.2660873270284083;0.17187986960321222;10.062811440094084
64;0.20207625424552195;0.1722157100555375;9.851084811580542
65;0.2654267788919803;0.384077549800496;9.972998883319677
66;0.3225478875782279;0.23428898369861845;9.839972283638918
67;0.2726847643868042;0.029376119037387724;9.71639286740943
68;0.2654037037554636;0.13970267848642215;10.064672095665484
69;0.1619440303079863;0.23526571368626314;9.99137501710035
70;0.16084562578199327;0.21154166662356283;9.774939676380884
71;0.2774132833381746;0.2763082303130677;9.87952809976969
72;0.24841690256449056;0.25391502891311557;9.821323891799503
73;0.27515267138893357;0.10590814720239225;9.903504852074963
74;0.22723928072347507;0.1480856611211589;9.86405625103985
75;0.1583666772150391;0.18637040027462545;9.942976363182336
76;0.370332091472236;0.2815673829306252;9.900581898721699
77;0.12966692816219447;0.26411394804327865;9.787080401526625
78;0.2745859560485147;0.08874523937277848;9.751447005402243
79;0.2419910160337897;0.085024708824841;9.81117713563597
80;0.13460190013461296;0.13155561939582275;9.78597402188858
81;0.34465561333560724;0.15472660328127227;9.677027982317549
82;0.29159885257093937;0.1842287047116854;9.748073131855671
83;0.14561044330580472;0.22446986808022734;9.822532002396327
84;0.2333312599157274;0.1575334714213706;9.781161702659517
85;0.4790613889016353;0.07523016621412103;9.630672944579146
86;0.442319202723207;0.13348867603946205;9.859173970318281
87;0.3008264613798619;0.18219610162809916;9.9443233694217
88;0.49637858593800843;0.14421978104015823;9.73148526471519
89;0.5936369537382165;-0.05478685663892347;9.694881807486562
90;0.4606527194089399;0.1091041597547178;9.959737565987039
91;0.67086283032972;0.05666812433718928;9.960942118975293
92;0.5720340603658327;0.006208677711065674;9.936124802592216
93;0.36598004693219377;0.08827447261465314;10.05316299044147
94;0.47473000705277124;-0.2523977582316263;9.70683221759736
95;0.4011157221939155;-0.11011553538104961;10.069748205049429
96;0.5059404352376425;-0.04984467064923094;10.128436213409307
97;0.545486177483674;-0.16611471844022635;9.915758438636528
98;0.3853608757581189;0.1461637312527327;10.081519963163307
99;0.46140102850586284;-0.23933236900249955;9.703298692434265
100;0.1759484485578524;-0.2561748008751383;10.112486540662186
101;0.13580715919093095;-0.22037833915226984;10.00030738995533
102;0.17998196299788527;-0.1785583199966278;10.041139088464348
103;0.161268941298997;-0.13105361078619857;9.926432375274326
104;0.15358751976201662;-0.196903882728575;9.730042796585606
105;0.036246974487507896;-0.13038816079193197;9.970395507215228
106;-0.22975198791697177;0.07594677444121317;10.076117694435704
107;0.09712846407120884;-0.02135441792549908;9.98927401938156
108;0.11589250887361155;-0.013806166819298388;10.006845934749013
109;0.18210851402807982;0.01087159263828437;9.86299999726501
110;0.21829111613032778;-0.06567702119044083;9.987255960693023
111;0.19318781406983368;0.06803038587660871;9.797363950841904
112;0.4926715906230591;0.11205826117914917;9.832656550382785
113;0.22151626169683014;0.12733736870033163;10.000779762802694
114;0.2950509659230977;0.16933978606206496;9.676674195508424
115;0.3249343453820689;0.1628062578355;9.760938599910308
116;0.47353432064367446;0.31696634809850255;9.694925768193437
117;0.4485982715816384;0.2193270326317695;9.775717376680252
118;0.42321804060652374;0.20375724125815536;9.825563330929985
119;0.2791602428787811;0.12670506387856423;10.029880569419078
120;0.46000605347965484;0.35893926609377264;10.08977102241198
121;0.2799949862453806;0.3394531299326486;10.1561646688629
122;0.4338823240175982;0.27750524005746463;9.961243808655109
123;0.6056856475274833;0.46973062227312395;10.10094171402271
124;0.4620833618799815;0.6893327305326672;10.057686152960626
125;0.34935181251956227;0.567587372201201;9.775538915866491
126;0.20241171243790446;0.7554002393952656;9.987647146842356
127;0.39319248751593266;0.9357699703338512;9.845450651354419
128;0.4479412216091703;1.0188029276510424;9.916454146130548
129;0.06997280265529034;0.9108280180274995;9.76761998072359
130;0.23008501761989614;1.1663162025814557;9.651553388146233
131;0.088052840653318;0.9946254499332726;9.852380110383935
132;-0.009997003136883953;1.0766707716613926;9.775008393476512
133;0.43845605361462753;1.2026434980235465;9.890850873169759
134;0.47196867957919425;1.29722174515107;9.858201432722584
135;0.11782991359875578;1.0909700273435856;10.059025956549696
136;0.2907661093060971;1.1788901861432841;9.993183100384082
137;0.3874121177838429;1.3510896089618727;9.75705135054751
138;0.35962549670124005;1.3430625303798363;10.184992657170687
139;0.35863301005920667;1.3271276301822352;9.985669804771929
140;0.2638417387546921;1.494584262484206;10.1182554301213
141;0.2613509463587622;1.7416475913357619;10.218705010609563
142;0.2872310824874995;1.4731742409014368;9.89413215070171
143;0.12619488387642347;1.7924172908324871;9.821311979868774
144;0.22534322178649963;1.7504461979406967;9.720496751094
145;0.040278295109945655;1.7129457935354002;9.768702426842596
146;0.26734046033779924;1.4805517252899323;9.91698772241085
147;0.23650385363094237;1.589471485422407;9.815106703005844
148;0.13603412083736827;1.581980412123061;9.887742692729255
149;-0.08001674722591515;1.479267847113241;9.7022182358873
150;-0.18494701785269155;1.334523272354294;9.7497510388928
151;0.0721830194754418;1.4412353882386637;10.113748858632482
152;-0.9630773103830006;1.602333434548641;9.791792127663221
153;-0.5870575535620352;1.1474861944281092;9.03682424991631
154;-0.9553717174530958;1.0786015249927863;9.482389934437762
155;-0.7344784001353801;0.8596149015388317;9.989959023952471
156;-0.16894175241197434;0.9722488087737883;9.72168364009964
157;-0.4119863780577252;0.9125177055360518;10.123668968524465
158;-0.007008463680927696;0.7242071723617861;10.255951005401087
159;0.8361686419186543;0.9646910507944689;10.149980923019793
160;0.4533227543065551;0.667467552599009;10.177311601703332
161;0.8470975938707926;0.6814013400193452;10.632463469814594
162;0.9601715278442974;0.6823566884499618;10.203403504595302
163;1.0296877475180966;0.8206317557762263;9.933265156576569
164;0.6023631835142002;0.5606977430226536;9.92489528218367
165;0.445805203490688;0.8928453616690362;9.521752757884553
166;0.7392254957755379;0.9893110992858499;9.536962834610422
167;0.7441684556455781;0.4093634834326592;10.177947321880811
168;0.5916290432880005;0.7633012426308325;10.016668044316308
169;1.5905652643523978;1.0899581517026518;9.166034049218686
170;0.7169737584261794;0.9181594912461083;9.915259722101831
171;1.189237592413017;0.8462446455827406;10.33141100831198
172;1.328486806978745;1.1342969619839702;9.918234114524957
173;0.7570321467571184;0.9278663791362521;9.851492445627807
174;0.9134790843591132;1.0543749802237472;10.379614651498928
175;0.7994216986910239;1.4614849029443364;9.777886208099561
176;0.77121949942526;1.0493916294430048;9.855644886534382
177;0.3694278931985636;0.986960112275931;10.81001958802676
178;0.38452263945822507;1.1768425908110132;10.581574307835428
179;0.6976299722593251;1.3008665313043695;10.334861396860047
180;-0.10173289318909505;1.0868209119367844;11.042308239786388
181;0.16282907791722523;1.074234001895709;10.503360298264878
182;-0.08441491657753424;1.046021178901182;10.026858232826328
183;-0.2084158432432563;1.1444718083740026;10.430436533234454
184;-0.06036692067031453;1.1986211161547897;9.883971361946074
185;-0.20297593995912647;1.293372662690668;9.669407962662673
186;-0.28625774567263124;1.4566206396299728;9.47499438243236
187;-0.4836199566227835;1.4524959915273552;8.832347355554385
188;-0.8345664029809461;1.2919276345007924;8.773806646712822
189;-0.8656311929053181;1.163324194633583;8.88118310453812
190;-0.9023164500739225;1.5135338341554758;8.827203640393668
191;-0.5983930770797025;1.3374379815594635;8.511085030318629
192;-0.9578582570200053;1.6536275357306032;8.722121229692247
193;-0.33230399064306804;1.3457031854116441;9.354772235087813
194;-0.33276959076367957;1.4244499703641182;9.908876142603845
195;-0.17837492091653892;1.300253496867199;9.943625683553185
196;0.26108695576045005;0.9042961593111744;10.333162993205994
197;0.13576188794700836;0.7936630622004142;10.775012386974982
198;0.19439932603965446;0.5604877157500652;11.019968775146923
199;0.8124395170340614;0.31910155944111157;11.63922303725685
200;1.2160031250844205;0.5853844550355497;11.263779638405072
201;1.698977143829742;0.554934964979085;10.477663204766419
202;1.4400858128170055;0.38342156498155344;9.799149200960882
203;0.8784894892497603;0.752667904380216;10.469969910348722
204;1.2638171275319945;0.8738797698284023;9.929071582154123
205;0.8598643734372842;1.2306975364928232;9.127233062068784
206;0.33272725121996494;1.1543838137954419;8.05999582430488
207;0.33839974733630795;1.1668732222712916;8.736574379352968
208;0.573449927693324;0.8390155908040555;9.351626276563778
209;-0.012698285967045905;1.0884826850827025;9.015257525960418
210;0.8074668664951127;0.9657423114975646;9.517509015263473
211;0.4177339975977864;0.8050046456687514;10.203674115620736
212;1.1694594969072911;0.6995604514461028;10.707273058230395
213;0.37987403839396383;0.8035320418488122;10.608658345608529
214;1.1198342102629772;0.8379028789491558;11.351927481662218
215;1.553857468609897;0.7855453306448568;11.297920398922042
216;0.08945263133351204;0.866413921584355;10.476979072512291
217;1.4370112647569881;0.8624151267209752;10.096348802283938
218;-0.7600554015322483;1.0869259040648267;10.185587690605766
219;0.10847098484304682;0.8494391236107;9.709935334083164
220;-0.8966498099723852;1.4163616766248315;8.882309176807677
221;-0.8788927488113392;1.1080138962788044;9.19866926493292
222;0.7620929529637154;1.5581957120078496;10.12834486926805
223;-0.15848766607926212;1.7690864985763628;9.418458904913635
224;0.4943607489116024;1.2544087507086559;9.558714837139405
225;0.5891052529005036;1.4039956661351531;10.857343581417753
226;-0.23609660561761164;1.621965005131144;10.758140180891555
227;0.04853565836960415;1.590400102993853;8.859720475116829
228;-0.21912864331045243;1.2049253852794408;9.249310040048448
229;-0.7030482208703525;1.335852127557615;9.894726311529821
230;0.010735124486459913;1.300618160234161;9.014611774739617
231;-1.2153650549061508;1.0324372683510687;8.506319923966904
232;-0.8195173564668834;1.3279025353974343;9.574290901607348
233;-1.0890377968107101;1.7609991844976536;8.836248171815143
234;-0.07766073490952717;1.647628940706559;8.48493572769189
235;-0.7321931837641298;1.3479671312445798;9.646217539378465
236;0.44232361475274695;1.2179230416443414;10.613293333087443
237;1.3830165744389535;1.0966874078298956;10.554233651979635
238;2.2509276553576205;1.0917671487363068;11.466504514024647
239;2.774705604648549;1.5682654789457051;11.381197406796273
240;2.8160982020661205;1.49411572287361;10.47818554976989
241;1.3009765017877146;1.8363637860967754;9.69634877668233
242;0.5142862686837754;1.3766604145102872;9.609347450880248
243;0.9967094796289143;1.3993849323666692;9.990193985427059
244;-0.8130907805557073;1.636155916494506;8.467797083848483
245;0.2463614619592027;1.5527867712186536;8.69227606576685
246;0.8009594696163526;1.7128561668846833;9.572210248690755
247;0.7627624550794762;1.5133502296702372;9.659844109993628
248;2.2443734227318086;1.1552750432416388;10.403153817414683
249;0.6892877268293397;0.6632685328619476;10.256840810430415
250;0.32019354779618503;0.5626908184716874;10.558552073545222
251;0.9059153430329686;0.31162296819319446;11.647055047631696
252;0.21733069677831893;0.3557484302847382;10.564327001548547
253;-1.0168416617014913;0.9308566428315013;9.250887676396342
254;0.522848190092176;0.5617375551474744;9.402136600184663
255;-1.8573101052661103;0.8057586365626901;10.013235238351378
256;-0.17489177887775426;0.7914767310881955;8.831831296089764
257;-0.6440769483022211;0.9959664030356458;8.241352754050196
258;-1.8206645247003506;0.7155416382483952;8.917510207398566
259;-0.26381745748886914;0.3995780527581641;9.44870940234009
260;0.21130372730588315;0.11697592675689183;10.685680194728443
261;0.23316822504903606;-0.1066441239646733;11.34201575777827
262;1.1523552218534288;-0.07462281971225462;10.344402782061849
263;1.9058644186521352;-0.09512806449798718;10.543570200995074
264;-0.47940864816374346;-0.713093069545578;9.903544208126938
265;0.43715853174388103;-0.25594433836334846;9.409437358163082
266;0.16375228186238744;-0.3306330918439927;10.016281438747358
267;-2.27375639809341;-0.26094430327930795;9.741847135164816
268;0.42312616301938183;-0.013635408438342572;8.161515441060294
269;-1.3579533937751247;0.13079818270081034;8.461029814133775
270;0.008936592611461448;-0.17874279437092866;9.860791462044348
271;0.7289955324911939;-0.7192759241676309;10.11245771007165
272;0.7556168559820826;-1.0549600228920522;10.992596221430496
273;1.6364157716284047;-1.766460241439428;11.624098673125289
274;0.20937533739343095;-1.473169437567621;11.907169565357812
275;1.850893835354685;-1.3455543625140869;11.560761781345937
276;0.025649274002379225;-0.9721647826786467;11.196809566959708
277;-0.8636609079899265;-0.11991683459641589;9.73124822133455
278;0.19376118767316733;-0.21988768955839183;9.449203333728969
279;-2.1325304866114947;-0.26851413063158125;9.848060604490032
280;0.23320784001338352;-0.29293276901632037;9.454950095487723
281;-1.198163600089356;-0.06842733563438541;9.270247284251381
282;-1.0372214472850152;-0.8250828743092791;10.333337882468879
283;1.3501314994408955;-1.0845395632332049;11.296237747858976
284;0.6706818301976113;-0.4584546234886039;11.33090946086598
285;2.223352541701949;-0.4177847213526743;10.871867326857135
286;0.8676908500096464;0.4641623728913969;9.51528410002336
287;0.15166964380427697;0.32358274355836986;8.940236629045577
288;-2.362790551257974;-0.08600277473680946;10.273513659867435
289;-0.48597630548837245;0.4157083621806416;9.793323798948652
290;-1.6396620678674607;0.25889614834964547;10.176944135436115
291;-0.07056177456125967;0.8565217762069688;9.369057405635894
292;1.4108912747800102;0.5168692338155753;10.373990264493257
293;-0.45657691570993036;0.3113146377128333;10.613588722856663
294;1.8521732639976094;0.10541024884164962;11.352154991573771
295;0.3993493045251426;0.5061544302272076;10.536871330557656
296;0.09025530950692873;0.46988184407413147;9.2303860667578
297;0.31871131450055956;0.6815448207608344;9.203456878302955
298;-0.9526168889194065;1.095350847146526;9.91325209118849
299;0.4804093523856519;1.1127623401162348;9.164224292524837
300;-0.25345141136078553;1.6881536822652383;9.359140084775891
301;0.9602265508854773;1.649285324893033;9.110770648329718
302;-1.3026454876606854;1.8417891698026918;8.621821502198172
303;0.6493015748161419;1.0385349124172187;8.937412106870825
304;-0.7716434444649974;0.6144595455138403;10.371294701162864
305;-0.42176682836693163;0.634109905598277;10.87217960651836
306;0.32566978430318966;0.7384891325520746;9.415203425110262
307;-0.05021026805548599;0.6527227836893819;9.299538067785587
308;0.8900604834247707;1.1050301920739498;10.482321345412206
309;2.3484694080229405;1.8318531507757227;11.430895654510405
310;3.228265555257216;1.5943568302080424;11.081753083461148
311;0.15721503599432057;2.128547429981947;9.484065635854046
312;0.7485827422890715;1.7705963041784003;8.713812230841786
313;1.6985519415430543;0.7008992110843542;10.370472038596633
314;-1.5188774593164232;0.6092275140777629;11.084561244172676
315;1.0647322772438057;0.6786793713921189;8.75146412634723
316;1.07772431720527;1.013101697431085;9.190704131852922
317;1.1343277361428614;0.7855920604860113;10.015672615318296
318;2.429104892687508;0.7567017039874536;8.973132233122318
319;0.5753765703212885;0.5824653388836395;9.538857901432012
320;0.485490252793858;0.2599400432490268;10.082242441133861
321;0.6733274231928079;-0.12966260908513372;10.679150459574275
322;-0.20738834403458745;-0.10472309891844077;10.429060768529304
323;-0.6592138520635267;-0.4195815885858805;9.679386037768925
324;-0.6255355042891816;-0.5002111672104151;9.979393529168949
325;-0.37606957479860265;-0.9743579824253321;10.618698070593183
326;1.0585921447098838;-0.1366527814887132;10.917743326600583
327;-0.13119951334324537;-0.05208698463870341;9.214803249297628
328;0.3826826674113732;0.20241478589117362;9.015070961259923
329;0.07976163961306554;0.30734923877612186;9.61594029250589
330;-1.3835726379478106;0.802129057340979;9.624981470399534
331;1.2907389485504202;0.20135329833691867;10.340047437161811
332;-1.5183876341943332;0.4764755919358054;9.980881197461525
333;1.0774434599338631;0.41316649040789044;9.168602718212655
334;0.4428398057556616;0.6129172415610787;10.00535948986584
335;-0.4602116121510605;0.794098587044192;10.212736796458014
336;1.7496917170872663;0.47746945483405195;9.501116054344369
337;-1.4844855361803835;1.0548342681075973;9.396920377324557
338;0.22004300940091215;1.2863280612697239;8.239558920723292
339;0.07923358951738178;0.8631679377720004;9.104622081217427
340;2.530052972640321;0.036780372641936;11.93520003854945
341;-0.3020697488574826;0.6226256906245287;10.3037507121107
342;4.367097906207208;-0.38620723447963023;9.917218389436249
343;-0.9981520130546153;0.036818305302563394;12.548781620632571
344;0.9580522533266084;-0.09274532714263509;11.429647988054773
345;1.2217408171005286;-0.11501162965144374;8.9548522367401
346;-2.8924801487643297;0.29331261250382923;10.202243525120831
347;0.37598767682800227;-0.07798905026293099;10.942184425505378
348;-0.8042255005915134;0.12445701707713733;10.115043401594452
349;0.5345470935145845;0.11920392566647955;12.711902966149596
350;2.1335772962464628;0.5271728291169603;11.280189486909766
351;1.874706743320611;0.7858342293318212;9.536337848686431
352;2.1996980556617514;0.387319761122622;11.023438566855905
353;-2.211961321268447;1.0733623475394634;6.262121619864538
354;0.8543883421018581;1.157323064649206;7.092985334576277
355;3.9010657993989346;-0.07155480357072026;10.799656588517394
356;-7.77225104705445;2.995759140937611;5.929769962264582
357;6.2245927726804755;1.9221265212700838;2.0738743430048254
358;0.1816467517225348;0.19659327775486624;12.299643018716928
359;-2.031021316301956;1.7115991873644094;7.064042194984453
360;9.496903926005398;-0.44901220689582655;8.598811778840922
361;-4.4564890134766575;1.3438847767959632;11.360984534396446
362;0.03768790559124524;0.3886000280874089;11.061481005672833
363;4.101696237916921;-1.3624120476035408;9.651151108971368
364;-4.749425528568759;-0.379458170005348;13.038809092080847
365;-0.006370825915051573;-1.381760167285825;13.790819814863541
366;1.0370841534721975;-0.9507954768651834;10.436976481073879
367;-2.54893641960316;0.31597018073440175;12.16147342142141
368;2.426092439657917;-0.9002843963759964;12.124282668629982
369;-1.6607856535542698;0.5932284300158841;9.621186590202663
370;1.6620282901201648;0.26269284679104915;11.338530044549907
371;3.769816797301079;-0.7288884142612521;11.423253976906082
372;-4.613197369333626;0.8472290353536187;11.43410700269798
373;-1.1880494097581147;1.9120096138085523;2.363012278268175
374;2.7119614891379418;0.4858576668019039;8.436826639095978
375;-6.318456380525971;0.7201034015408713;12.422459069917538
376;0.1118524216132801;0.5187202548327314;5.044563678140359
377;-0.6464781174450224;0.246131471077482;6.523059429226885
378;-1.5718045894032098;0.1931483247226587;14.387795207810651
379;5.4627134817414404;-1.1008480896827646;11.562392684878407
380;-0.7162570376286029;0.12882750096694445;9.569460615367252
381;2.5003325695796677;-0.2553588808089651;10.335300397948007
382;0.01772559393178809;-0.4541961185158434;9.778033598645553
383;-1.7052618093356335;-0.6904998002045752;8.926554374455268
384;-0.13223817498804707;-1.2896554314968214;11.35474445262154
385;-2.4584304463381472;-0.7491422460606867;10.183965731887048
386;0.1919933435972615;-0.38883374860728714;8.957696198361383
387;1.9177234514748591;-0.27901878460953367;10.9037110980337
388;1.9311506606002957;0.1678020076760895;11.13982714235843
389;4.918385051099995;0.3038477541031299;11.233466353031499
390;2.6432132616653026;0.5921563530788535;10.018687021953061
391;1.0837438974572404;0.8952515561800417;8.752886244516734
392;1.0309689840882077;0.8051545485908884;7.281232061634245
393;-3.9041210429623043;0.9743998386228441;8.066616967922858
394;-2.1393898124819604;-0.1298247056161681;7.76135047245959
395;-2.87436463211414;-0.6465410380816768;8.580300591139785
396;-0.718956299608194;-0.9081811070141216;11.238327713345496
397;3.6683085089233014;-1.2072782480877313;12.408257857333025
398;1.3846149144506226;-1.0633387729331798;11.659114332281913
399;2.498994888749705;-0.9229047053568619;11.702975146936366
400;2.803453094865743;-0.5247225241625219;12.63951464235355
401;1.4465651677076337;-1.3656402526994516;12.02899659901145
402;0.43341092590060554;-0.8051791064188796;11.675338566574025
403;0.35078299733113094;-0.22067432376519097;9.953223227525225
404;-3.4116115306455015;0.8919970171986851;5.790715951793505
405;-1.5831870412753077;0.23766661722271543;8.370354991803538
406;1.4125501980253408;-0.2217980846582057;11.067143510841438
407;-5.366748244396857;1.3999195820565282;9.284435106759561
408;2.1470621843070945;0.30381545885459676;5.297921344818192
409;2.098380975965888;-0.20939204651391122;11.7509742666546
410;-3.0713344746079527;0.06615207848152427;12.274984413257997
411;6.195446656334807;0.04148396411690619;9.425651771390026
412;2.1996614834595793;0.7166623704956595;11.17797001627278
413;-0.030375827649179454;0.8801741755852162;11.811253160378412
414;2.5061431730915813;0.19857595412581114;6.932311548979971
415;-2.6364414166932084;0.6896392255279735;8.637225442113634
416;0.49434708310174835;0.0207014741103006;10.461750650046325
417;0.09661900778257143;0.38900955418865607;8.985142049435476
418;-1.068477320502323;0.295577801693694;8.868728231594533
419;1.5010219185361684;0.021397920054220892;11.488636676046717
420;1.0848101800251921;-0.16383175132949426;12.251376115939081
421;1.3621156584457115;-0.3199312293329991;11.668328866365858
422;1.4400716787328032;0.19754953709243803;11.6325272103734
423;0.0305193411891825;0.7651012805976649;9.876803870120922
424;-0.03389007813195563;0.29027418402450245;8.594335333988125
425;-1.1869738355802868;0.7668155323795731;10.515441306335983
426;-0.1032446691715703;0.3618177253771362;9.97276531256233
427;-0.1514943963922397;0.36487817793148597;8.86039134094057
428;0.24352922117799655;0.09384843153705275;9.461286092775214
429;-0.3007814684184769;0.0719134931006536;11.268710589558411
430;0.6327187537738254;0.49852915772654915;11.1047722955296
431;1.7110416116614424;1.2681956891808217;10.482739204225764
432;0.44487958182307863;1.0709111622839635;8.952058519056202
433;-0.6640848368286586;1.03000983294723;8.464266631341292
434;0.14688856737050746;0.7259579408031523;9.222235357136748
435;-2.015894037146845;0.8745042934887752;10.440114496713147
436;-0.793058326034578;0.655634069483123;8.991492594778887
437;0.060030650620595274;0.6393522376552802;7.618321461954572
438;-0.2424091160413905;0.21650866921140027;9.036038439191191
439;1.1809247901790327;0.010434374693813225;10.526736927956566
440;1.3924916403971372;0.42602790470448815;10.033266991231232
441;0.33826934036986583;0.9695875723759587;9.704960747627062
442;0.5323629757453762;0.9479418265963137;9.241414422444484
443;-0.4608374122868036;1.1347797978261014;7.020625533502651
444;-0.5494657679753558;1.073595111237915;9.279033521633915
445;0.38687487605101856;0.5247226960474831;11.157349293297848
446;-0.6229695014090157;0.6954894962314808;9.580166904318457
447;0.3155070322430302;0.43884244311275383;9.030789927894887
448;1.898115051049748;-0.0020229965664757925;12.744211747127963
449;-0.010902013639879193;0.596047351141152;12.836538453018905
450;2.243546904671386;0.9007471165825861;10.320432639035257
451;0.08619499634615056;1.1402521410694813;10.022865672349804
452;-0.6949661132170571;1.3206030107962525;10.57933973962513
453;1.0844390309791467;0.9960527103957973;9.809693961487037
454;-1.3614709415360398;1.1782434547048999;9.66727706317466
455;0.38974880792300737;0.9747142609865734;9.497457076123492
456;0.647697936399959;0.6978028766613912;10.12121008256765
457;1.8154827125110546;1.1573656062326703;10.685418187907327
458;1.1045407420278899;1.5402695420426367;10.291068568371195
459;2.2362681339261075;1.7898736796320742;9.386663972944369
460;0.20571521388119213;1.5659135313004722;7.974247012235903
461;-1.378163615627911;1.3352989306336687;8.132556488228996
462;-0.28271129799316097;0.6564465002020443;9.554587022651681
463;-1.053302181065852;0.3121053200488285;9.984840709667482
464;1.5158007050310487;-0.37765613688306665;12.002332610671644
465;1.7614688012501518;-0.029193144646733768;11.771875107701952
466;1.6928332573163045;0.1909075972442539;11.069346404571558
467;1.2026345798135771;1.206677347826374;12.047486023614178
468;0.05420565930556681;1.3422626463475174;10.409082495184023
469;-0.5103141275143988;1.631522597025445;7.6931126637088765
470;-1.4535625168050335;1.808568295156759;8.107286562305658
471;-0.698633788004407;1.3918469893315393;8.122937137998303
472;-0.14664715985414636;1.7345893540507904;9.119963641014541
473;-0.985289864088239;2.0546678290215;10.357562861086286
474;1.967036860842787;0.8945799394800517;9.74930986619456
475;0.12526349711147639;1.9418644793824957;9.803587527043005
476;0.36210632539430726;1.0657210431475654;9.732951750775323
477;0.3055859278993097;0.5644733103312408;8.888751883600072
478;-0.3888592148650412;1.9589091411478188;9.882351658170409
479;-0.37897019940438914;0.6926120663385855;9.522948378456995
480;-0.1468053974958681;1.1322820772560018;9.589157913264176
481;2.1513941855211884;1.1435198679957876;10.070550053863405
482;0.6977861395005394;0.6587595533257221;11.09107237311128
483;0.6032309466448857;1.7784548784981407;9.497393019547907
484;-0.47409600448378486;1.4591735858412578;7.145889499788567
485;-0.5194619672026511;1.76578014726291;10.002122400116408
486;0.6655812390494025;2.1388968289239205;9.974468128011218
487;0.19656305578486913;2.098058276449798;7.920206616917918
488;3.226125502981657;1.8265416280853097;9.28968651108694
489;0.7672984368121651;1.2926561424307432;11.633398926784826
490;0.7892549325387027;0.8178295984128081;11.22923668532502
491;1.468185615168652;1.1319956062669534;9.386492617823302
492;-1.1242607496123147;0.45825401709854463;9.542528756638816
493;0.8761387945342711;0.051739495409577146;8.404453323798187
494;0.17427939982419344;1.4464483103457575;9.078997184682946
495;0.4248233438893888;0.8731154526537304;10.694254800823389
496;-1.4567628745952226;1.0035700787645925;10.873789404918677
497;0.9864912320122675;1.7871671542825334;10.351193716066167
498;0.03824900017214855;1.4330424856823407;9.579937999271214
499;1.5123333954851081;1.3936124139268873;8.812334738549799
500;2.2725977617876083;1.9226100575513154;8.078834417046034
501;0.6674953273751059;2.0822327682382;9.055583477013835
502;1.3372675252309785;2.68874238324558;10.417610525975148
503;-0.5858350806803609;1.8943577492634627;7.722906693764184
504;1.0185230322391734;0.38548698209230536;10.00088610589748
505;0.1217020075582823;0.8758041923407591;10.82023059604488
506;-1.1282891324716338;1.9482439100823958;9.508830821794287
507;1.92116855235552;1.3292449578869203;9.63619833536111
508;-0.06105151347216346;1.9051216810089773;12.855430160346284
509;1.7705408574310215;0.7697197960838941;11.940322410939684
510;0.9433547315696998;0.8846088528608627;9.856278798719705
511;2.2381748179957834;0.4498659501862187;12.189522258409578
512;-0.17633388418554138;0.6698589567606424;10.254002610789339
513;-1.0987848639703082;1.6077122361139575;7.982696442816149
514;0.5616638244177173;0.9696490682812148;8.198098600256332
515;-1.5545949308123357;0.7017186251328058;13.029244737866492
516;0.6259083257412335;0.6595734349322918;9.07986968961497
517;1.950770359481505;0.8642097103427059;8.03755905751265
518;-0.8603181873748651;1.0257629500107313;8.106051688118088
519;0.5750376398489305;0.49114926059370995;8.982219908070228
520;-0.3698555041953547;1.2710898707562912;10.28854184853571
521;2.0110386514455576;0.10040680935634588;12.042840395715928
522;0.258405691875276;1.2637489729831588;9.059105226812727
523;0.6226683315123316;2.359005401199479;5.53998379951755
524;2.0478941811059754;0.6509616255985267;7.558209746731072
525;-1.0310771753986878;1.2848769022892599;10.300561903469015
526;1.8719088155771595;2.356113594704452;8.642174734158713
527;0.08319557625848209;1.6412019651027694;4.618432167171434
528;-1.9050133357554628;1.4225802671958523;8.837271153671479
529;1.1489121120567902;-0.2693935031729486;10.415204769577146
530;-1.6356265863567212;0.14646036440049548;8.643793359094609
531;0.7668737327170985;-0.4228236770541195;8.978743069934048
532;-1.088163309493548;-0.6673901627209213;11.249676257902117
533;0.4644085729672042;-0.7326741338003029;12.38215627941483
534;1.0460812418808667;-2.215059498236536;13.470479855097713
535;-0.18916370275940492;-2.0566627287514785;14.08107447902225
536;-0.49831089140605067;-2.467233005994285;12.647700256878863
537;-0.07450378049864038;-1.984007673584891;11.094926174044433
538;1.082456257997344;-2.7288642511916206;14.179435726457472
539;1.8089283929241173;-1.6082960205370125;14.018235106332007
540;-0.118004957000131;-0.9145184822384211;9.004161274655106
541;0.8876846241156479;-0.6608829673662764;4.219411655969112
542;-4.017997417537653;-1.013061524086072;9.541493793882022
543;-3.3355799420966754;-1.2950538969726004;11.563112942731145
544;-0.4913697201299748;-1.8239706961192785;11.184605733117941
545;-0.8173877060797982;-1.7422103653320624;9.49167904783057
546;-0.15229749039541182;-1.9352250884161692;8.589221260980809
547;0.7719587172857005;-3.225977983740131;9.399358811309572
548;-3.3058680334374406;-3.2949780108701807;12.285365048507124
549;-0.1946109475631167;-1.9836874411461998;13.390417197408071
550;0.8807603952528199;-2.3770629170577964;9.66903222155262
551;-1.0560667438687303;-2.8437451367028075;8.231166556323345
552;-0.7592014328397512;-1.7066205587110783;12.320045176244555
553;3.3354894592119284;-2.6902888687852355;11.884990917554939
554;-0.5188291158507303;-1.8079470853197737;8.651185726456488
555;0.6441881369798378;-0.854491024768915;4.950043612012222
556;2.5790835553893787;-1.1202894557516512;4.220769576231987
557;1.6592680529399357;-1.1496695883510726;7.070094185353594
558;4.3347914239999294;-1.3056003685432493;7.696438097636506
559;3.25672527086147;-0.6032518323224219;5.733703795299595
560;2.6531083377432667;-0.2716919982796403;4.582839510866369
561;2.8913519133603707;-0.6903669998741457;3.7100061465551364
562;0.9519355586174337;0.4018412678570538;2.75278881045576
563;1.3133492579288555;0.1469745384767275;3.706823351886223
564;2.920808577727294;-0.8825615144807935;7.319658460162185
565;3.6094309879220354;-1.117572719835024;7.662906732337312
566;2.336100687699597;-1.0546371607213736;5.903955251944908
567;2.1381898597965914;-0.620594230929554;10.122956022286475
568;-0.012415418908759648;-1.727292921302993;7.923988401535276
569;-3.4046737347108937;-1.7358264381422797;10.20589183698759
570;0.49899489657743046;-4.7650035841947656;13.93397695998353
571;-0.2033331412062443;-7.615834819642145;18.79661286433103
572;-6.270923694918279;-6.262192992372339;24.1627259379125
573;0.11709900220246625;-7.367175449604299;21.096274671662552
574;-7.086851393814994;-8.346227105945358;28.144349026098975
575;-4.6312458989502465;-7.407680177165922;17.348778856367527
576;0.3751853900193151;-10.483204634798138;24.958424401640784
577;-10.539255506745585;-7.411799544421341;24.76688331904082
578;-4.5169510697325945;-4.800565308466458;21.40009537764279
579;2.1758673135199937;-6.46469972459996;12.97727946072575
580;-6.5856229630056;-1.5174251583261178;8.683590812421928
581;1.2386233749812396;-3.457395358983713;13.696271504948216
582;0.24169955501297322;-2.3923906176470204;6.126768627173613
583;-4.533206699403851;0.27657810161421503;2.226468425285857
584;-4.289397743533109;3.1754853566342227;-5.544605012897587
585;-4.355924372586369;2.082820936609581;0.8196660136665621
586;5.667539424870889;-0.3809068132453567;2.3711678785345534
587;-0.37249677829210653;0.4706575040213921;6.869565240871895
588;-0.9366188843097051;5.520929360092233;-5.878419371920667
589;9.433959630494607;1.3858182203273894;-7.1190231232720755
590;-1.0548849660114643;3.0250032136114497;6.0079657055463755
591;4.071672187214285;2.7453990975283826;6.962106184385218
592;4.29331054890204;1.7794233262569628;2.743452128062687
593;-2.7077112251215625;3.6706615616185294;-3.492475024446032
594;7.268920866733919;-1.3388996692185091;9.345721886990898
595;3.9200854976021224;-2.4499805073585463;14.498824457651148
596;3.774968301383644;-1.1622148242540888;17.09299925522903
597;6.326380806944344;-2.3343925357899944;11.70936808010552
598;0.06172753168223412;-3.3182018446139327;16.123806450715364
599;2.388208075228676;-4.386987479892452;19.990719309438216
600;7.35421170499323;-4.6848984405833525;22.462187595206508
601;1.6488842455265003;-0.9994791542124065;20.870068954937462
602;1.4545539310508655;-1.0661647817087654;12.926691149289935
603;1.1679362614476831;-0.05995471508724713;12.978792421593496
604;2.731479944852013;0.17777882061612013;17.66230933695974
605;6.374556380127467;1.8121126582730738;18.227322120474675
606;3.93112876428242;2.24324756823507;14.942544874666712
607;3.882133427417974;5.484579051497069;8.793057619185785
608;0.958601333993891;5.590070227385791;2.1329706802204167
609;-0.11388462743007885;4.818833439257783;-1.9767531844753217
610;1.3696404214093112;4.672859874793213;14.613137536027116
611;-2.899587972161087;5.4276736636252405;3.880111838148718
612;3.2389853817929217;5.1802459832566505;-0.024731393492630094
613;2.3790165174529587;3.188012527474645;3.3743282816553317
614;-2.431238942565025;4.269259378819825;5.2764801954401355
615;3.794272220507919;2.9259825007355627;7.635312826955129
616;-0.5922243700094753;2.5080954437276843;6.546678195741713
617;-5.48221037440075;2.7703919409042417;5.992476596590732
618;1.9844519855848246;0.5733814816234816;8.60052835394259
619;0.5293373395052202;1.5716873459092273;21.430781917580237
620;0.10846822210371164;-2.788325155786875;12.44051807857386
621;-7.5430333194425065;-4.35035897072619;14.963820654708083
622;-0.3588898085783223;-2.113325532719635;12.301018162871033
623;0.6976982802122498;-4.766558157030227;13.854776376107212
624;-13.733717456360761;-3.094576701370369;13.399110233667159
625;0.7427351453899379;-3.6463488057121185;12.91198798298249
626;-4.371637438357779;-2.365858996498498;13.809603043634743
627;-10.661111038092761;0.7593797315176714;9.582688070245128
628;5.229378237949559;-1.5131785096615162;10.05193557261272
629;0.7824055987721086;-1.1141031887876855;12.90764255129057
630;-8.421467371024852;2.550011738113538;9.539107028280359
631;8.294480870863433;-0.2410494246721333;2.357145157387918
632;-1.1001198493184252;-0.1670178963501649;12.24878895834632
633;-5.577082053698083;4.013670885180626;9.29382546495078
634;8.701274170258012;0.6276680760823524;1.6365194119430875
635;-6.92462418101608;1.9644794917832762;9.580486687266932
636;2.1723782259211006;1.1770742661449307;7.253636819891965
637;1.4628106865455466;-0.4732327657126487;7.603464620062574
638;-3.485194097687067;0.27778695333706527;10.911922874678776
639;3.8943791493003226;-1.181456588899873;11.984491857675357
640;0.12514643921159668;-1.4832854118159908;9.599285948883573
641;2.5643493246782;-1.5044477167132997;12.590807837922707
642;1.0836558300123247;-1.9043677858870194;13.744082597684905
643;-1.8557039626011003;-1.8986994683751415;10.322865837603917
644;-0.5250997432985487;-2.598937081299774;11.517622915400525
645;-3.0492246163662875;-2.2483722525157086;14.87263657806085
646;1.0863023804994865;-1.6803194388370868;14.486691808228569
647;4.406823276636425;-1.4269894841492272;12.355768340482749
648;1.8617385546979421;-1.6206730863239318;12.04334406026863
649;0.3850450980957698;-0.8218403791817058;11.183691720412478
650;3.0093914435617033;-1.887502554091602;7.450961583035889
651;-2.637705458772762;-1.669283253342372;7.8893644598182835
652;-3.7174870141729395;-0.5618766996831097;8.644041775317964
653;7.8371826929964366;-2.607515082938939;8.633706006901212
654;0.7091326031311043;-2.2889182179366765;16.699429544479532
655;-7.126343742891147;1.9143625585344257;1.7238266033648926
656;10.347505405753408;-0.31181055230631105;0.44522756741823377
657;3.20234179716495;-2.9777473034296262;12.656680216724919
658;-9.668707642573999;0.35125277533572125;14.043156384757129
659;8.715635641355108;-0.6546928096332914;1.5640151754634806
660;3.2824868816467454;-0.22922128156148472;7.47345011011768
661;-2.844451262690132;0.8536704202474434;13.203926107490677
662;9.938414571132107;-1.977720337313756;11.087485038129769
663;-1.7710966317030663;0.21417786012900655;8.001474116594435
664;1.0786047095232494;-1.2174972228574228;8.322356442556469
665;2.773662631697472;-2.875325998774638;12.274355083638739
666;-0.7079547893963782;-1.4980054838673549;12.110627399819553
667;1.7000195558646525;-2.396782116212322;12.760061494221285
668;7.43526024859922;3.6789573383315632;7.48049930031053
669;-6.946072930829242;-1.3082066043633132;7.619660713648063
670;2.423492753661986;4.805913315293732;4.482021108365449
671;-1.253158240661336;-2.954603519808973;14.05038779776311
672;-11.687424362878296;0.7173650705660845;5.638101618196638
673;2.689885509565954;4.574244870465091;15.9656974435932
674;-7.132631624392279;4.162190343611883;10.257561606481335
675;-3.627154839157339;4.712229180173674;12.845622138390887
676;12.110273537410537;0.8121393407279767;6.129410893726849
677;3.882684913053221;-0.4785995923541741;9.711633747762596
678;2.9401507222813925;0.9987237717557578;11.997246521590284
679;-2.662490523750219;1.5140824853938644;9.74549615022574
680;-5.461781959892602;0.21394415794496646;5.769438587352927
681;-9.9620108737543;1.682846768564627;8.732302403078862
682;-7.153584517625903;2.879194197011898;7.712862011198093
683;4.702448865864502;0.06258790112138188;8.903205670492529
684;0.13142988376971304;2.044851315609008;10.04510662331685
685;0.2975462313681705;-1.107195812646676;9.794369105492226
686;5.437722703360855;-2.718546806619649;11.792230424945718
687;-3.4779555083558065;-1.4213431328416761;12.287858932835197
688;0.3225696343319782;-3.5485057417944885;10.230408785938158
689;2.250454282870832;-0.726075412368746;7.94269915529366
690;0.08425721332171536;-0.871768769240673;9.502116919429104
691;-1.2407346817810307;-0.9808453243179072;6.031954382548024
692;0.8920850434639223;0.31103308636235427;6.896452394460531
693;5.418306145321892;-1.6819141539660432;9.192152302535524
694;2.2041449403624163;-1.6709493883697066;13.873995473211147
695;-2.2601134057572785;1.6319887353111413;7.878706689708798
696;7.871024612871685;-0.36015102240933855;3.719788212778391
697;-0.1746101712433022;1.213960882937571;8.965387341305538
698;0.7468628016119121;1.1451589407012792;11.276996540835228
699;8.549981627411173;1.563929342649967;3.730830602179452
700;0.765936499006221;2.6850943678860215;8.120074827693813
701;0.6047353693270967;1.141117069992517;11.555088165039505
702;1.764757667747355;1.5530745146684728;6.371563309312155
703;1.820674837621479;1.5421127618937438;9.887890020251492
704;1.7274071268447502;1.2247751132766147;12.534212690844123
705;0.6433805078400868;2.472480390931675;8.17231465114169
706;3.1828136321459537;2.775493098263585;9.598383225762898
707;-0.9779774926262288;1.7079804469780717;10.656152677151471
708;-0.7846559254812336;0.42713134901301425;13.122005292415569
709;3.029061075227536;-0.010158420767189369;12.925144743835334
710;1.9376370548140782;-0.5396493725377206;16.012886751112784
711;0.10753811046495562;-0.16982329115936518;12.761163233801676
712;1.170062439202664;0.15962826724358217;6.856384758372486
713;-4.128844883814786;0.6244941768222717;7.591328829388354
714;-0.9344213247784868;-1.2555357780457346;13.986531062696915
715;-1.8534548210685342;-1.517139920306154;16.338582566464787
716;-5.513016638620998;1.762701144328513;5.715305482864583
717;4.524326966289029;0.9389723332589535;6.758924081335426
718;0.030745865443174293;0.5917910565417622;12.488596847263581
719;-3.4060580899431887;0.32851856571147564;10.565003303569586
720;7.632241016055411;-0.4583095754081562;6.465380121770931
721;-2.998131341601402;-0.5724400760526424;10.048482559195072
722;-3.0947454876002074;1.103903445618139;9.468601445137738
723;3.7500631765691277;-0.8304710509111054;6.403443400186339
724;-7.658042168771855;1.4631770794010646;7.702569898414311
725;3.488950819332491;0.3169502557193402;8.135665528532037
726;0.06451783013553904;-0.32511234774576914;8.434988633464284
727;-3.2245179583507593;1.1090740790620357;7.804394201661036
728;2.4690082266769595;-1.1479677619301523;11.583919363117822
729;-3.3904821821064384;0.5005397184170982;10.138973744996184
730;3.616615710449565;-1.0045578694126869;10.67781410339545
731;-1.8351392285729808;-0.5189295422655917;9.214604972818908
732;1.6251471431200175;-0.3859974184165923;8.775403639846973
733;1.1968750481286872;-1.2884438516430712;10.38008005080059
734;-1.639461492190989;-0.5500410483775852;12.635114978828137
735;1.9106843396603599;-1.8496681395316883;10.320961198688906
736;0.5593505166126957;-0.5866613256289757;12.791710216219586
737;2.5516338181602;-0.8611895214557259;12.201819636541174
738;0.9684004264469686;-0.5931425392016337;11.390500954826226
739;1.3435318308416162;-0.15141720117437849;9.232672971296413
740;0.9570437654537278;0.15471321973850571;10.441194107563138
741;-1.4549597404112902;-0.027175649307899466;9.747806296598483
742;1.4523723589004416;0.29581879345534634;8.548675590163414
743;1.6349172188156114;0.62691127774165;8.890290227512253
744;0.5026949561453637;0.5623157486765124;10.443007379116723
745;5.267915558995794;0.6510800464072874;9.43508669504497
746;1.1642662234839545;0.23247175882609183;9.673617606778421
747;-1.802864479688003;0.6716496389090666;8.719038860645423
748;3.5765971806101144;-0.6930109659741202;9.761142822861258
749;-0.40201059224794694;-0.3214893467675629;11.680952185955883
750;1.1162394418662158;-0.18600820202300355;9.788301829980929
751;1.2588009882068831;-0.506586644840041;6.503562937594237
752;-2.33720772333959;-1.2187689360455372;7.872269614046164
753;-0.7220315699469909;-1.419551659258045;11.753313787107178
754;0.9493429168734336;-1.4404851041627855;9.692973255081506
755;-1.7383733513587771;-0.8028255261520015;10.491159954475346
756;2.345893380358444;-1.576019454596258;9.23777344720187
757;0.8998579337980342;-1.2019952245771586;9.781493948319305
758;-0.30652577324355706;-1.1854329692193142;9.85068484108247
759;2.8397218423660666;-1.8424600349766707;12.422690755913477
760;-1.3094504667710514;-1.4638364206988432;11.355397418253943
761;0.5121405091658847;-1.2502917623281236;7.915063085777333
762;0.1961209765247789;-1.5873946516672068;9.10123513125374
763;-1.0427350858483986;-1.1954911025111534;12.724113929755433
764;2.326512130509907;-1.0249244692337374;10.547051840771571
765;-2.476563752604089;0.3916135951664522;7.931565579927517
766;-0.6484787169400609;-0.5882571573122233;9.618011944707888
767;-0.22543073812552816;-1.2095993224830142;11.057613520994657
768;-0.21626407701633604;-1.4249640951994944;9.720805747120163
769;-0.6660917575587875;-1.0634638980993454;9.281289250402487
770;2.4581677875793893;-1.0390038074770653;9.954917578784363
771;2.758281349774016;-1.1974004917966226;11.183644632402244
772;2.6021729098611166;-1.1855702457462853;12.929874114969781
773;1.7781375861426443;-1.5764060609089268;11.317269265169763
774;-0.31341524401088966;-1.3774340534688463;7.590109661502596
775;0.6460089537834846;-2.2352834657467855;10.934808884420326
776;-0.30328870304113653;-2.3032809117164783;12.348388611552434
777;2.42271358013397;-2.490171772413013;9.73346730546441
778;1.3749239778314533;-2.032943230633397;9.732446600779127
779;0.8144023941895795;-1.5093896365169535;9.499792782923274
780;1.6028702184709238;-1.5750214838774195;9.259612463749592
781;-1.074058138841364;-1.4221513969214503;7.749189832030317
782;0.22283555605283306;-1.9136101694454117;8.074046729084428
783;-1.379629888380335;-1.8367930986478846;8.833680722254142
784;1.9241182297180233;-1.9100860879610386;9.61458151233413
785;2.262067577438514;-2.3442443636313564;10.35380435860209
786;1.351981704310817;-1.7543216739647982;10.666023374539773
787;2.935343467532337;-1.960484245826282;10.167643879632218
788;1.159846634941093;-2.194027515951986;9.469148436100415
789;0.5481451015249104;-1.6021838017311447;9.642092617931608
790;0.7366018474171727;-1.8840987714268638;8.297506222091693
791;-2.2949496600102046;-1.3581006018802375;8.638435147881282
792;-0.5114731806644673;-2.6304006096558012;9.257855260866585
793;0.28911790833577183;-2.5208705310672466;12.549989263856505
794;1.9536934349617288;-2.851893431959431;12.47247014791786
795;1.0938387648007373;-2.431239200993644;11.914907850104619
796;1.4631655136443389;-1.7032774391980692;10.976115471738927
797;0.9093526485958352;-1.9076381872739827;9.98020749367589
798;-1.5233639687853004;-1.4081512307039337;8.413367074012124
799;0.17834838638477257;-2.3527513648650404;9.30047637739386
800;-2.71305570386104;-1.9360298811351253;9.592975345379116
801;1.433661208516787;-2.4338791576636534;9.619189304988844
802;0.1438524848339749;-2.596261315901007;10.961353853184105
803;1.7327039057239497;-2.70371058309419;12.213855697106238
804;3.142140122014466;-2.96079182826782;11.889469658410627
805;1.1225877113866307;-2.3142703421935247;11.145666194063905
806;1.5768772123506154;-1.6258095280981797;9.88416608630987
807;1.0240919066105103;-1.0561849756343953;9.143881227268553
808;-1.388655610879717;-0.8291508300051984;7.632613421737503
809;1.2034267945134716;-0.8806778633047135;7.770998893754163
810;-1.3179429876659936;-1.1784759466534933;9.590692728838611
811;0.8785913004315764;-1.6501883739078664;10.58829157916571
812;1.847373682484216;-1.8571666062829995;11.100883259839911
813;1.504571192807306;-1.4729933774186597;11.189674344756288
814;2.2988550112078596;-1.5355015794327007;11.238500788162495
815;0.8200100188457602;-1.4950797344463058;9.990179299244156
816;0.7358073681030005;-1.3719865459816067;9.94380791249988
817;-0.24156309930720676;-1.3997894256484678;9.703262405794232
818;-1.9246144920324832;-1.071344172161097;8.302329795071007
819;-0.06317998057482163;-1.0295606765304715;7.740661323881728
820;-0.661072738263815;-0.6160150270217748;9.180639703762598
821;0.21523555405679312;-1.0011218906840773;9.47515326240215
822;1.2070523624471674;-1.0483856769415625;9.025242800364754
823;0.9985621354031886;-1.4378889411760873;10.571948397319437
824;0.877453567678304;-1.2942631706355627;11.192002541523982
825;1.8957636069204598;-1.87116297045572;11.006808866840228
826;0.2223885467839514;-1.2307619518272899;10.474325120896191
827;0.9784928182297241;-1.24531660596507;10.14558755623873
828;0.6118926757868665;-1.0334046513445074;9.358078728040942
829;-0.3589944292680709;-0.7086606676939488;9.054398161876252
830;0.29333576153927815;-0.4117798074831517;8.848930967394917
831;-0.2033382348553945;0.019138709701233846;7.707814539182929
832;0.45334961579924726;0.10908251169952972;8.394787272437911
833;1.2366952730381395;-0.6177982087112612;9.753103983695263
834;0.45379479113920435;-0.9116830215660574;9.232498942184506
835;0.18490466158723037;-1.2717222082873754;9.373529586493396
836;0.2504788847859808;-1.8160374821077185;11.324189975401094
837;-1.6036935180777476;-1.8136394786866756;10.677954704607327
838;1.4922794169451232;-2.083622306508136;10.513834595560075
839;0.6507156271124642;-2.13571151590241;11.443073224767746
840;0.9162999664133105;-2.444001902206378;12.130400946565583
841;1.4592577452708997;-2.0894149160964477;11.551265070239303
842;1.1242589532201175;-1.9417986299863688;11.232652703871734
843;-0.3933327976638169;-1.6762684927772644;10.557318345007726
844;0.6597131355416601;-1.6805929198719456;9.512834164006934
845;0.007491332620397972;-1.4149089421854866;9.340935055851237
846;-0.021069632060073396;-1.3215211836118355;8.784549248353573
847;0.8468792935866228;-1.1861386675354144;8.328132040891191
848;0.29882880923254024;-0.9310019472518474;8.388573498862874
849;0.44414512129498335;-0.8349631174199217;8.372766421011331
850;1.085097299184891;-0.8373149975028144;8.570268006885726
851;0.7002492631179975;-1.1882784411891345;8.741554264359118
852;0.3304252407502899;-1.2193140213602094;9.251452569642572
853;1.3500383271330874;-1.4782217511359586;9.907777670453884
854;0.9020116837673066;-1.790311041198072;10.2756109449125
855;1.58140985001023;-1.9502511734696488;10.316266075340137
856;1.4675231630191459;-1.944722261598367;11.006748869116683
857;1.3106286062263965;-2.2890782216648655;11.658886324631265
858;1.30542248294619;-2.410467673614185;11.972810080848044
859;1.0018024484651975;-2.0635393324695874;11.4067904730004
860;0.6033705831778127;-1.699090368312819;10.754020702822315
861;0.959726619863281;-1.7107856621610986;10.310964082321268
862;0.21432898672370013;-1.6787987839474754;10.57236821185257
863;0.37175996760917623;-1.6498243283056853;9.688981950452455
864;0.6895675445009135;-1.6183239051225287;9.36107736393733
865;-0.08072016204638165;-1.636978662727926;9.442240298010733
866;-0.05485403999749307;-1.5634255373205854;9.228495527516456
867;0.2285047548474297;-1.4918700075444875;8.933589579508771
868;-0.13956954467311866;-1.6551663410398545;9.446170010227226
869;0.34162334498437036;-1.9217862791838742;9.693528594864773
870;-0.06514115134944054;-1.8254787544902946;9.858469282212836
871;-0.1332679930932748;-1.8524423563982648;9.645271505666392
872;-0.002593242867293538;-1.9530967671428736;10.241080350136606
873;0.00197922703198275;-1.9685628803364874;10.88147480763636
874;0.1250741822221009;-1.806829258603708;10.575829742151624
875;0.25391834351647286;-1.798199699754325;10.58673151046782
876;0.1708556230773502;-1.5880671094499617;10.808586899216456
877;0.3393163707988269;-1.3476965441046047;10.877012121844295
878;0.9033925165687751;-1.40592170404999;10.939409315469536
879;0.7618519645293504;-1.0066803118745722;10.779981275754043
880;1.134272256452576;-1.0512773026043423;10.44171695398318
881;0.9380516347240686;-0.50346751885612;9.940413268734343
882;0.5733346650970778;0.038457326075546056;10.488100176944002
883;0.9832600174856024;0.09345938982759468;10.077203321612098
884;0.9628271124941935;0.3600203239862938;9.910282385353064
885;0.7416570869376566;-0.08467842052775634;9.932610172281784
886;0.5154977571902122;0.32305004622817995;9.538900388784588
887;0.6661344153839555;-0.015186406297937438;9.3682668836186
888;1.2757003879670965;0.16051232368196144;9.711974327383613
889;0.7655360927078346;-0.020097860640521326;9.48783396998929
890;0.9224991175962763;0.28876838515781733;9.356484521775206
891;1.4266867775115308;0.2755336902545459;9.62820104346311
892;0.019277536165198228;0.35258290982433277;9.438499429027443
893;1.0494801932984943;-0.07522180241997273;8.932213151689215
894;0.03336740401878228;0.3693681792634465;9.545829686054452
895;0.6229365809477982;-0.1555242852509338;9.248268436602
896;0.2705746646272421;-0.04998634009366262;9.08669755406586
897;-0.10315880305128128;0.0001576880511102302;9.503736146009397
898;0.4547055267748739;0.1109335107325075;9.601574597985476
899;-0.1437903988289855;0.12731141873278212;9.50568425180955
900;0.3604156611973086;-0.04476698988778319;9.440968453969923
901;0.09839645838710001;-0.1077819189202359;10.14036283700203
902;0.17774473512453376;0.09093068484972285;10.048001674379705
903;0.2810890954209395;-0.0642684315870822;10.05381484947496
904;0.16918328922674752;0.04056849506800139;10.165979041272063
905;0.24293743145711427;-0.12052049333355576;10.295243036795352
906;0.15862287137679643;0.049003494068620604;10.215163269166748
907;0.2507822249650804;-0.04345877149310168;10.210566874762216
908;0.5492700587793212;-0.2116945807111051;10.42945783844202
909;0.1954798213870696;-0.23114011933455328;10.15126749034138
910;0.729393338202288;-0.10251986120239343;10.326610017391767
911;0.5980146887235459;-0.2301392393137864;10.286572409104373
912;0.5499350960758753;-0.3950044621767775;10.027802917279454
913;0.7004799076001373;-0.290688944943189;10.085974033560174
914;0.6142959109722466;-0.16817221065396426;9.997748610093078
915;0.6961024157628543;-0.24630942460494673;9.968163433662168
916;0.6519700406834802;-0.1865215864886178;9.79011731031878
917;0.9042577395903892;-0.1840598464965861;9.69529690741971
918;0.7087758912384905;-0.06957150342435992;9.55430773302899
919;1.1084218180469982;-0.20948627836558265;9.866654009031807
920;0.8810127825205823;-0.08974773332452066;9.650730139701908
921;0.7436898537966028;-0.021824811671888406;9.380245491053937
922;1.0124997527161888;0.0062961230793514445;9.287644604766408
923;0.37046500570069074;-0.04490066305589496;9.373444778839998
924;0.8700446666756895;-0.29353189479144604;9.155013536795401
925;0.5987234730102479;-0.46891731622435434;9.353105428779534
926;0.6135047154593669;-0.3149993346146051;9.620223336121347
927;0.2675055864153752;-0.5752244238641655;9.380567963287936
928;0.373322496333068;-1.204127713680264;9.350844924527939
929;0.578047270421791;-1.2710923437410424;9.8514700799052
930;0.27602204031520494;-1.4802375679725077;9.952348294476504
931;0.7941226664386906;-1.9511188181028556;9.871325020584633
932;0.327712422301903;-1.7177898081702334;9.952709283136697
933;0.22828212448273405;-2.06611733502897;9.974826852970565
934;0.4455910989332579;-2.3711831865029898;10.112586615284258
935;-0.10118604919575895;-2.522843814954276;10.59757426235895
936;0.5521718847236962;-2.7186978228899;10.627040642466389
937;0.36797799687715876;-2.3955399265924813;10.354801221971055
938;0.4223711479342348;-2.4332951394713356;10.282379838248715
939;0.27173894735309395;-2.5637089766413212;10.239941470932985
940;0.47267076281212145;-2.683131003101094;10.642801472060002
941;0.5033306485756714;-2.651253038727773;10.355696472104825
942;0.39086842476644346;-2.5482804920434847;10.338929436891927
943;0.2503434302145868;-2.5391344308758854;10.109425493056545
944;0.2897401325879252;-2.429340400925355;9.981416604981998
945;0.2677792447642811;-2.3303625072868934;10.184541982262397
946;0.3762900656401563;-2.3548185014165472;9.899171664717763
947;0.47286204269294585;-2.1641550495309936;10.030194180161406
948;0.42088007404068273;-2.207466771336205;9.70597366911443
949;0.48559836166064163;-2.0739141370364416;10.065253264608305
950;0.5250963382790258;-2.073436830501888;10.202452805169417
951;0.4758823634680277;-1.7782445624887415;10.411202203184509
952;0.6416096604378746;-1.702243011471087;10.590290828079011
953;0.3488667840698451;-1.1995958914377622;10.139251029290923
954;0.42989855624665807;-1.0894727148920709;9.868172979208818
955;0.4857806244282189;-0.7480272424467375;10.200415659360266
956;0.30781000926623375;-0.7056429270260385;10.229144522422429
957;0.46025096235369006;-0.6682960931357678;10.144077092805793
958;0.683274340368539;-0.72194613492741;10.300331465233581
959;0.862044951667582;-0.06982557539379514;10.681379861219444
960;0.8546982126885175;-0.14637040281622155;9.821775437206746
961;0.16332026319009318;0.2418093656572786;10.504738101966923
962;0.44719881464025546;0.47561834535979686;9.862857738915302
963;0.5300898277891529;0.29729517444995185;9.573166507158666
964;0.6098376692455252;0.35086782521787246;9.42827602313847
965;0.33135772962411114;0.9889756432891783;9.26391157748182
966;0.4936880300965457;0.7788034405071612;8.867599125971434
967;0.5076995518995276;0.83802832256307;9.330581736594638
968;0.7653731082026464;0.8330163282466256;9.38896974317498
969;0.9320611078201384;0.6625611583669874;8.812466437063348
970;0.7362846093803265;0.6613771580844443;9.483224550876363
971;0.7672579852504098;0.5843280068481098;9.496672704140133
972;0.42096134269291674;0.20682760713928233;9.252285647011474
973;0.7073543546463142;0.35631551835580166;9.663810401271192
974;0.452754452306138;0.20557369624386385;9.903590884314626
975;0.6217571941889823;-0.1977714175641806;9.66218430033601
976;0.3393466590439193;-0.07182984060399439;10.209440659471005
977;0.6651895804086929;-0.09171095188097364;10.321641642593496
978;0.6772515849722052;-0.16057388623520016;10.137525490574141
979;0.5684625859494674;-0.17609520698965256;10.339755774838647
980;0.5539746838794503;-0.1083308294457298;10.181943726167988
981;0.40282941167103953;0.16414840884159426;10.057589281567198
982;0.6447297311935354;0.0847286333312711;10.135670592040091
983;0.2906337753332983;0.11094732817006273;10.003127361288849
984;0.5011648468207863;0.28517871102171716;9.663764787180158
985;0.45474613351567705;0.42158864686801234;10.01609799245295
986;0.4557942832639267;0.27321327550780417;9.851620924226077
987;0.5237282858910471;0.4432506812398912;9.89659480727796
988;0.5829721573694879;0.7631770373082671;9.924283190740194
989;0.5871326870509039;0.664098291113178;9.800112568642392
990;0.6049647775317253;0.7052037008224432;9.878761874724992
991;0.619392514426982;0.6040502461050692;9.76434233883899
992;0.5922846806401609;0.8230526935174709;9.84570363022822
993;0.7720650819750887;0.6835478477038781;9.793297803957369
994;0.645260736815949;0.5613415776728355;9.685373366596066
995;0.6213899546544309;0.5885049043617875;9.963640327220078
996;0.6319653541155974;0.6406559298874078;10.099071195876226
997;0.6579156393483574;0.5817789778295638;9.888666053903517
998;0.7920225991492901;0.7051101238384867;9.825850916406477
999;0.7107437188969563;0.6215084798480603;9.960101300614001
1000;0.3098098982231473;0.560400084092643;9.743827471063724
1001;0.5973000270818769;0.7755001573700602;9.622497535194174
1002;0.6158303585257962;0.8234911038990899;10.003537887198132
1003;0.47905061637456947;0.496840591089572;9.787659713768013
1004;0.5250678134356562;0.6545596333872733;10.157672669026917
1005;0.40805499828824005;0.4950351425923728;9.834471301915016
1006;0.587481391640455;0.5784349769187187;9.70979905459996
1007;0.44716504084974706;0.46484607275591905;9.73552641836299
1008;0.3184253179467987;0.2851011270854131;9.845712626774842
1009;0.33863634822173977;0.20865386137456648;9.718777865320392
1010;0.5425318571838933;0.19339448679235982;9.842184897695883
1011;0.4583668267702645;0.3206330471341794;9.84736386992944
1012;0.5833669373832;0.20263744147024412;10.035862817203865
1013;0.43424671312418855;0.1187364484499481;9.776106609766602
1014;0.7186726433015006;-0.016457959802816724;9.92990698858354
1015;0.6018984077646146;0.10870821288374685;10.076070910011522
1016;0.6382049138236604;0.07886232353927985;10.019258385783496
1017;0.6489928086457244;0.0386306799827396;10.194341361150004
1018;0.6931018270254404;0.14899920711034437;9.610624023408986
1019;0.8047321048180962;-0.1335706630082804;10.068238972103797
1020;0.6079054182341065;-0.008075527502416663;10.002430475126085
1021;0.6727082637838604;-0.032237228358460025;9.871117310622914
1022;0.6202176907215711;0.014876690792646592;9.95582085728961
1023;0.5155497567296636;-0.02497293090228457;9.894164693376604
1024;0.8568034837860747;-0.07125260075603398;9.753977719166679
1025;0.5469024654960049;0.13458928760917194;9.764185549029149
1026;0.5669411055607709;0.16756668558091214;9.902466371239253
1027;0.601505374347034;0.022097033735959216;9.934972025588491
1028;0.4490287724854456;0.08162622260724639;9.911625024242511
1029;0.6563080830697744;0.17098549045943587;9.8149058068144
1030;0.5591684387210892;0.057352073770171805;9.766801982867312
1031;0.5191919319279927;0.11251474433862393;9.880204573657847
1032;0.6961410193785876;-0.04964738422053283;9.831556094002533
1033;0.5435863530946683;0.23430383906890276;9.945401531729472
1034;0.4152988181126477;-0.09185361127822245;9.873360541174385
1035;0.5842682396895915;0.029955044504359978;9.734993824940402
1036;0.5775793957813082;-0.01165116608574094;10.022586714106236
1037;0.47293902266079063;-0.011858320612988887;10.075417313195635
1038;0.34153799817308184;0.2154997892156509;9.960845988445818
1039;0.49405449738856555;0.12253039255346176;9.804063451730029
1040;0.6703518120481881;-0.07668674699488309;9.913460890980621
1041;0.5977299625829336;0.15575351365054957;9.86130106756214
1042;0.6422946984929023;-0.051685332823746835;10.067819996145287
1043;0.5094170200128556;0.06058400480698661;9.857038820233706
1044;0.6672346663233408;-0.2160817187578517;9.956977697177116
1045;0.6668990003440115;-0.11656305808767206;9.596228646526733
1046;0.48216976896077746;-0.028948010028167943;9.791275877918583
1047;0.5090689587679036;-0.07615961208266317;9.742263833414535
1048;0.48244662749235084;-0.1110358147739156;9.707575677596665
1049;0.7589830635930164;-0.17915679864344972;9.945549207666279
1050;0.5452377213088134;-0.12899614867422782;9.875350708213503
1051;0.5096880011009747;-0.20508365730250566;9.8822292059257
1052;0.5893054881588414;-0.20688096994985838;9.710967631770737
1053;0.6552290434002975;-0.10360269674532231;9.990890754337324
1054;0.6438326531778599;-0.2616113719192273;9.892503847086175
1055;0.455603736476342;-0.298600641266948;10.007383214043054
1056;0.4816895010540606;-0.12760845875813082;9.90143129004971
1057;0.7886963749462111;-0.4324941403422734;9.955155396048102
1058;0.33112293367090795;-0.127012906308038;9.942233163890956
1059;0.7452309466846411;-0.11230065811035886;9.689017818253928
1060;0.6520557732000287;-0.36067920095127176;9.722999320852125
1061;0.6246986928914924;-0.5953539229904103;10.162262373291101
1062;0.647288258175862;-0.4678218973252421;9.965341188320712
1063;0.3860641136168993;-0.5776949149686087;9.690671123901433
1064;0.48392952672575634;-0.5956791658337605;10.041014660815796
1065;0.2364032987030994;-0.6874893170012268;10.100176494978548
1066;0.5107561742346516;-0.5684062446865706;9.984715335563854
1067;0.6905517279884656;-0.6572096752571589;10.08761856694155
1068;0.4829407684123771;-0.4859843783807808;10.054758243332628
1069;0.2725276261208258;-0.7710550032432638;9.978215385354913
1070;0.5025117379660077;-0.6130137046868949;10.064748387808198
1071;0.5227056855729183;-0.626996765302752;9.9438936224044
1072;0.47315001997964357;-0.7067010890311399;10.128737677352937
1073;0.47599869819827206;-0.6797704572707445;10.134065170090174
1074;0.5321289037668421;-0.830321544001623;9.932715030600207
1075;0.9144490123168619;-0.4892397064045385;9.948703956726284
1076;0.5554705971389825;-0.5337117207067348;10.153143046398359
1077;0.5210084802114595;-0.2900458646412889;9.986854954699444
1078;0.5559744789710618;-0.5117653518198461;10.020943582902726
1079;0.7359548213056141;-0.30410952521653406;9.909228026400449
1080;0.7776775537430191;-0.3030625953086234;9.898601159158426
1081;0.7848544406474887;-0.34530607860226975;9.891876496188766
1082;0.704196017530744;-0.22257304913495113;9.931313604799689
1083;0.7019025654893576;-0.2793486502515018;10.009097514072353
1084;0.5728620173408454;-0.23408993282432572;9.638226917317644
1085;0.5151446934743222;-0.21712155161183982;9.829966082573632
1086;0.6369343713533344;-0.05905720298572113;9.786177325832117
1087;0.5035788466823408;-0.09767656672583122;9.942624404584972
1088;0.5109452955244385;-0.08799360434338327;9.922449731481771
1089;0.555197066517608;-0.14331174684638626;10.096425560777043
1090;0.45976139692494783;-0.07819852994959407;9.764550864336632
1091;0.5176950522399598;0.0674794353760259;9.949110542911725
1092;0.39763629371186504;0.04843752139358028;9.995462088928022
1093;0.6419273744848849;-0.1183138889514193;9.870558113649848
1094;0.31266236641684536;0.032147780223373564;9.872930404212951
1095;0.6238367062652035;-0.1182965966170837;9.773238161796732
1096;0.6035483821213792;0.03582886602380245;9.70220684984842
1097;0.6728221493720905;0.04696349729861301;9.77083198461593
1098;0.47889186411710205;0.20368385158246538;9.769483962333176
1099;0.5544880049128939;0.14572059704167378;9.887047942242829
1100;0.5370454263127196;0.034491465109258754;9.706722896421798
1101;0.6112103967080519;0.05217221022497151;10.070379114742567
1102;0.6896143439652237;0.18051923322828037;9.787332143842507
1103;0.5516360931213544;0.11195245475136549;9.878808856676294
1104;0.662842295742923;0.11092521905603829;9.653502674801226
1105;0.5941697722276279;0.13388008162829687;9.822430954632248
1106;0.49143303769246993;0.2071703989600146;9.918668156385369
1107;0.415624067008021;0.2088613177422384;9.923957467159267
1108;0.5804413327249832;0.1672134804262874;9.607324097846304
1109;0.5532089329976513;-0.002375631602826986;9.95363585117476
1110;0.5376677911821132;0.22494735381738692;9.844546659420407
1111;0.2896442547119211;0.14263024056402443;9.810889392153442
1112;0.5030634652451746;-0.012830488397317694;9.850326887715495
1113;0.3695108823915092;-0.07278737135142391;9.675102386694025
1114;0.29036119532300425;0.06708851045397171;10.08445658214486
1115;0.76420586022149;0.18338172075317338;9.787419787029135
1116;0.584415274017478;0.3600701252959674;9.681455151489786
1117;0.39786387916469446;0.18340649970959758;9.94799051951672
1118;0.6012657643619055;0.051274082096631965;9.707444560681687
1119;0.4505885708891696;0.1790250513978785;9.924176354163006
1120;0.5367878602230092;0.1871013221448088;9.65256705206501
1121;0.5389894165240054;0.19157400925172233;9.810966372991867
1122;0.7392219334803743;0.018733920265331244;9.967879081654768
1123;0.6023255699945811;0.2522241513332321;9.8206590837696
1124;0.3720546256078549;0.01594427298765229;9.887763318125621
1125;0.5274862934303078;0.1908897695850688;9.897349154716789
1126;0.6867602792703409;-0.02043966030981134;9.821716727410825
1127;0.6723726043705478;0.12692122300671158;9.939906971527945
1128;0.48994412316995944;0.027677028799288586;9.7617440404265
1129;0.5590471824478656;0.10366733968217912;9.689949422761064
1130;0.7023920593874393;-0.03314843257639501;10.002393524657323
1131;0.5172702259368726;0.010071550990333328;9.74817029290275
1132;0.6382706869367352;0.1759754629542582;9.783350666975851
1133;0.4790655281746521;0.06339427694685817;9.738688824797325
1134;0.4702787738789571;0.13642078971828395;9.882462624195048
1135;0.5563145767111932;-0.04798872734890908;9.687412984226157
1136;0.4336810530997609;0.0918652105714176;9.720733293383258
1137;0.5548020152580212;-0.06844117444098217;9.943571257870458
1138;0.5662998772378919;0.06171284373692808;9.75800062502937
1139;0.3970265877549504;0.0997634429692579;9.881510970635194
1140;0.4856336054900684;0.2440610020235958;9.668773972997737
1141;0.4602223251609424;-0.1009386151800844;10.075507524510789
1142;0.456548445471928;0.020997959509676208;9.996949046150561
1143;0.49482926220508144;-0.104557507266553;9.941887758971394
1144;0.43713543471313077;-0.02961286055121918;10.007531047622463
1145;0.47856690081858555;0.07126078630234944;9.75116396414464
1146;0.49159497593429985;0.060450090391209244;9.861884866292487
1147;0.5522596207970798;-0.046469396079923786;10.05280098156014
1148;0.6508906593574647;0.0729026719412309;9.947827983795563
1149;0.48537754476240547;0.0025784667402096763;9.76545909740582
1150;0.5151342719291585;-0.05904784047077018;9.997416134062028
1151;0.6276774648449589;-0.049525445593788485;9.807796922910505
1152;0.5790189406647789;-0.1503196039313932;9.78917551992203
1153;0.5092562084301062;-0.11423154506635344;9.92573315755145
1154;0.5528122549300459;-0.2773983481722598;9.83830656912411
1155;0.6519637240265531;-0.11131756682181526;9.935003606349724
1156;0.5343670894402065;-0.24281238175346476;10.020673674317605
1157;0.7743124008549009;-0.043009268718797566;9.788484361886852
1158;0.6272021261495526;-0.026916196361628092;9.736623991634994
1159;0.6772247540999718;-0.13612108094808759;9.710266221676292
1160;0.6665880835213932;-0.1960709276906587;9.861726787643036
1161;0.3833611632359273;-0.120779522712815;9.907658969906967
1162;0.723696362919323;-0.3152086522271417;9.920312543237113
1163;0.5490413499139469;-0.3776879875036498;9.823773498848071
1164;0.4859017712193465;-0.4440818278861443;9.875401812189555
1165;0.4757561465157971;-0.2055847177669925;9.829809131696514
1166;0.4463392134499368;-0.22580026275638093;9.828555762664816
1167;0.5371873332727022;-0.1128366056940005;9.872056542101943
1168;0.5578915892097899;-0.14504442047000932;10.08318727124035
1169;0.3322438291622045;-0.12377645187813813;9.837679651476924
1170;0.5435470265812498;-0.33131776243305305;9.88936355878667
1171;0.3162337262926672;-0.486561916125271;9.936313137248574
1172;0.5078499270671087;-0.43155011126025217;10.045585692889022
1173;0.4618850135586622;-0.22051811765120127;9.839330188303508
1174;0.3879941127675715;-0.369870048846067;9.864981062494788
1175;0.4928440711848147;-0.44540823489003606;10.114034985306237
1176;0.5188797189270399;-0.052499945254227603;9.970085342746012
1177;0.8513352897699575;-0.30180495278214436;10.001690900167617
1178;0.5465883512948102;0.10976977809694512;9.831780260599716
1179;0.48135043967954344;-0.12475864965933582;9.86529215599017
1180;0.7507637542918466;-0.07180409291365263;9.870910640869353
1181;0.5402400271781274;-0.05770946057141301;10.027840974403336
1182;0.3778888266519559;-0.033561069822765355;9.909453946098829
1183;0.4681283572672504;0.046028633185563037;9.75000718481114
1184;0.4608965648087479;-0.18149499878048256;9.981998514325443
1185;0.5781069223647669;-0.0659884038234041;9.874259111928758
1186;0.5299040388289737;0.2603529429394311;9.67327400987097
1187;0.5320472345764236;-0.020703741629249255;10.053779245978074
1188;0.5908946186625562;0.07388942546619609;9.812236779341797
1189;0.5105916396708434;-0.0009268549226173708;9.930365757467879
1190;0.4805977956221422;-0.06772529288400818;9.958646238368907
1191;0.4135159918237755;-0.03781643294692152;9.950671886474172
1192;0.49758380556671133;0.013426114202305162;10.0968342655595
1193;0.4936368879506294;0.08209688367666408;9.857136478621326
1194;0.42311995749565584;-0.1670634642674003;9.721126965292042
1195;0.6469580387966047;-0.08438149106369922;9.884593308692807
1196;0.6121842223390825;-0.09028850440401673;9.684893158446917
1197;0.7009307849710927;0.017148392812146335;9.954892188480494
1198;0.5954106090031059;0.007436536292004699;9.80403552853335
1199;0.5755051001473426;0.08260503098332166;9.94925901209394
1200;0.5864978471266656;-0.07403790017734306;9.919670275629969
1201;0.6128835178010389;-0.14917960089165594;9.86066876411059
1202;0.736529764664638;-0.07763393600519339;9.924471896682466
1203;0.5487073880167427;0.1502192360378899;9.835824052773017
1204;0.4340843248722602;-0.06759848218942686;9.799274251190571
1205;0.5924227100776825;0.18185898506108747;9.82365437054377
1206;0.6932795282121369;0.08391469937658921;9.70690425654044
1207;0.4692061128688228;-0.055325093767022895;9.942684846705419
1208;0.6213026053592963;0.02773242454794267;9.773695335506426
1209;0.5237437486601666;0.38939982336824286;9.792678935017012
1210;0.5240937454889586;-0.2460500354206155;9.83645789506438
1211;0.489107452497447;0.2566860452423948;9.844787139922595
1212;0.6184121079053139;0.141954528351154;10.161279995969208
1213;0.5016871786514723;0.1735749107513671;9.871168200471258
1214;0.4488614850984195;0.05998286384094109;9.98802547484868
1215;0.37895031898717385;0.013454888162666816;10.010595562987508
1216;0.3956892383797596;-0.041979976915697714;9.828030226207343
1217;0.5400727560055614;0.07466219339928293;9.803771914650321
1218;0.6535083365382434;-0.0010100039132136945;9.927894509626606
1219;0.43434710453418307;0.052318037688682595;9.73908562375208
1220;0.7219053693081339;0.09277472179185792;9.79829554938903
1221;0.61987184114544;-0.05992232953624695;9.89611127348894
1222;0.3497412925571741;-0.10975041947878714;10.046268084111988
1223;0.5085452425818493;-0.11319634011473233;9.914932881699034
1224;0.3188847076710329;-0.1271267296596933;9.853870384998881
1225;0.6670901654032981;0.16197009653426628;9.954390062400105
1226;0.6596491466523998;0.003271693063383603;9.728488874544052
1227;0.36965635799840735;0.0536443009918991;10.109165339879455
1228;0.5984584020753335;-4.4924990354577865e-05;9.847267724000565
1229;0.46699804286647023;-0.016755087741097376;9.8647105649489
1230;0.6999789395866199;0.014192371606506937;9.89474189823562
1231;0.6065520946030778;-0.22071801122794568;9.971210826924214
1232;0.6819260056888857;0.006525361060551543;9.941743473117674
1233;0.6299480066589521;-0.09728795759938547;9.953456173960697
1234;0.6270138198227309;-0.02155024070802067;9.942376948120085
1235;0.5595929049387829;0.0629706646064137;9.753480626454824
1236;0.6084755148148084;-0.013292510570740199;9.961004611583707
1237;0.5767394416008316;-0.056010259001006396;9.891303886545495
1238;0.5153615846344082;-0.14623348801682648;9.688105326426033
1239;0.6428617488776014;-0.08272913607259764;10.072461090336947
1240;0.5035460248875739;-0.20931756796375717;9.979315994206832
1241;0.5291023501357486;-0.08311274325929807;9.94578273748876
1242;0.4742144986221544;-0.1096481666257492;9.919797320537851
1243;0.514079380023961;-0.09387499641987651;9.757121535777644
1244;0.5960918641719316;-0.16217307584849902;9.9677368203801
1245;0.47182917970387295;-0.07336481629304543;9.974685560548407
1246;0.3804965555983691;-0.11161441820374951;9.820643774801468
1247;0.6312358785743468;-0.08821975546006507;9.963737221517343
1248;0.6619749749857798;0.015518690047716693;10.002322876333043
1249;0.5454080264155209;-0.032673234757591;9.74173893272368
1250;0.7574300422752885;-0.2100588895137656;9.8738754581374
1251;0.4793260021757955;-0.12100038571142047;9.908410092516126
1252;0.5685885875389386;-0.158253030669427;9.837125056813598
1253;0.4613753691986627;-0.18944480108873213;9.903527199137711
1254;0.5517267104780826;-0.1389175763213084;9.93343814156544
1255;0.6235277672745942;0.04413016330733627;9.866326350971486
1256;0.6335149195316567;-0.2252892566636031;9.928535229204675
1257;0.5720273098794286;-0.048112494653307025;9.962680884703756
1258;0.6419608258209026;-0.11780140462114864;10.063270336895462
1259;0.739382423691546;-0.24833309584352647;10.06161089201333
1260;0.550293914562417;-0.13159886385976372;9.729562943240289
1261;0.375788829162282;-0.1907171250802929;9.996530467133049
1262;0.5818162682493916;-0.16092414287888054;9.958509213445854
1263;0.6938559786145676;-0.036170660452477015;9.811518688196822
1264;0.45813060660333427;-0.19261993016624357;9.818713087617924
1265;0.5857473489985443;-0.08870966126948003;9.972292308814056
1266;0.3544015229658751;-0.14705005771609997;9.97084546796245
1267;0.7144241317104841;-0.2183950258365368;9.975897971404383
1268;0.4607548121190901;-0.15113641983494186;10.016488790635758
1269;0.5220044132918353;0.07942403415131871;10.0515682132283
1270;0.5621118544570464;-0.06767484516694831;9.911394061898969
1271;0.513251926691991;0.011264086855609576;10.03504591511825
1272;0.6089496801256237;0.03226308070217595;10.012354259734416
1273;0.5960975781568113;0.09893217393868226;10.152863627196576
1274;0.47289530701619253;-0.03025188205550527;9.98636545092627
1275;0.5523929498991714;0.06970983432632581;10.084044774092463
1276;0.5154613706311539;0.14562005668643976;10.051730748458876
1277;0.6754551020534371;0.11970671148097439;9.992220779415002
1278;0.5091392089591537;0.07150386280004824;9.772835291328839
1279;0.4433313951054974;-0.0933606186233323;9.90807794955152
1280;0.5590890075201614;0.01132221158068264;10.000579803072181
1281;0.38778321203681476;-0.029262414548600825;9.870312999433924
1282;0.5306891872307199;-0.18449248404055407;9.870990516842557
1283;0.5728198600413857;0.07142842742796407;9.956344600606606
1284;0.5196481495450437;0.17785831467043425;9.80450809399377
1285;0.7168793153287927;0.04755483522412612;10.016193535352027
1286;0.5068386082733726;0.0755203670840201;10.043907937983105
1287;0.6530631285840769;-0.18966336679969723;9.85640121095917
1288;0.5888483143043276;0.04533313548744127;9.963327001358488
1289;0.4734914431895394;0.01570337720338589;9.805357810190552
1290;0.7275881516908127;-0.034520679114500886;9.897003433002105
1291;0.5797612825367993;-0.07189701642094079;9.947278851123105
1292;0.570016751435468;-0.08590394741517274;10.026111713967097
1293;0.6168523260675974;0.005778189042877054;9.945801741881306
1294;0.4437509497129678;0.022520452959072984;10.039442237873843
1295;0.6589284678298637;0.29010825024395576;10.094234582575345
1296;0.5281310909058196;-0.10525277454941187;9.778565395342092
1297;0.4953469726058189;0.3200169090655703;10.004329457364474
1298;0.6130186797189362;-0.030993631892344504;10.023931326480051
1299;0.6116663686253807;-0.04359417399483837;10.080748295640076
1300;0.5697701725587797;0.09183772139369031;9.858338417491312
1301;0.5831322071030375;0.05329108983678257;9.944982101131968
1302;0.7069701966881241;-0.09011291922478284;9.930843505007457
1303;0.5851156284824205;-0.15898227416605745;9.936993805148811
1304;0.3993167485086139;-0.07804677868923098;9.783412521828751
1305;0.6470729648509691;0.06510967047580773;9.798115764187154
1306;0.7428783742942408;-0.11410120969673021;9.877053041320345
1307;0.4500211882780258;-0.08360278099218005;9.821807687953003
1308;0.6577660874972424;-0.10502364310674236;9.683833023607765
1309;0.4362612747023721;-0.009151177045356357;9.8634716294185
1310;0.5326238129964969;-0.20366594559801665;9.887189378212591
1311;0.48710418354485396;0.03469721338604902;9.85785499472822
1312;0.5522026987091929;0.020738071958242288;9.944577522206133
1313;0.5913490046453742;-0.014095029589596379;9.929840341384335
1314;0.4710700403713351;-0.3083052787617691;9.794060434718233
1315;0.46346311709931454;-0.12477950497215143;9.897425627098915
1316;0.6242106945190476;-0.05191543694262964;9.863334610171792
1317;0.5759216369176936;-0.28284542934413864;9.79580257827857
1318;0.7019169572186857;-0.05215215711522701;9.888250008893367
1319;0.5289948887891051;0.12497091726677194;9.993495770899107
1320;0.5830159466079952;0.018203037911184272;10.053279799190305
1321;0.6386493861480821;-0.2011443140736498;9.920224686302072
1322;0.6396883868849765;-0.09978909383872006;9.863397165718474
1323;0.478044488512509;-0.0511995225630502;9.778269583147695
1324;0.5184616623854031;0.07503757521283946;9.753357580209112
1325;0.6181753981112482;0.02313501765760815;9.997903647144138
1326;0.45867321992471805;0.18058322670010094;10.1085654435191
1327;0.5121723426911525;-0.1356403407129483;9.971677869612162
1328;0.5082299073056751;0.06593569856154255;9.80662795964614
1329;0.5379458435513432;-0.1049748938826495;9.88484208230872
1330;0.553747046535091;-0.008474496367360695;9.93922551984638
1331;0.638256602700841;-0.01675279457443761;9.942338305177026
1332;0.6908132119468428;-0.03966559342031667;9.954746625020455
1333;0.5306871709907901;-0.07938701216356896;10.038391512612966
1334;0.6716121284549961;-0.06693337673627997;10.016851722437496
1335;0.5781999298711221;-0.029529707182295944;10.006767517706828
1336;0.5142732645767527;-0.13576772350704558;9.825499091807743
1337;0.5792578196940479;-0.06734245661640281;9.790107747857807
1338;0.5298373045516911;-0.1590602172135086;10.142994627801347
1339;0.4376760765985799;-0.11814396004407406;9.92914573913366
1340;0.5740640057542152;0.15058200298590724;9.932707366298185
1341;0.45322380723185013;-0.15307203168571026;9.945327341748117
1342;0.5380373763178253;0.00867096846731602;9.904990788436118
1343;0.5148070889462704;0.08016631839312308;9.645569370164965
1344;0.2980383824385713;-0.1810950717876894;9.580722687021305
1345;0.5601447386434097;0.10299818449385963;9.674971935602416
1346;0.32135117220992104;0.37292350663576807;9.85966205720262
1347;0.8580094290306735;-0.37588263262076627;10.707873294436
1348;0.4116598063643794;-0.09761679309110433;10.409384602826032
1349;0.5684145616591217;0.23141295517621835;9.546796723059593
1350;0.894646870943173;-0.22700860905443485;9.628005790751
1351;0.6340725930010866;-0.1758422893945021;10.031715991452717
1352;0.41621627004756045;-0.25105682261989715;10.978506807268143
1353;0.47224373386191504;0.009878718712741846;9.744223621270903
1354;0.8248353056747493;-0.08349144810747719;9.694971653868624
1355;0.47536627943619725;-0.024046179754495536;9.992917617471365
1356;0.4471966362201991;-0.1016050380049439;10.08793358439769
1357;0.8460100983703768;0.09436422201615867;9.898638355509226
1358;0.41650513955666185;0.039531313453004945;9.849650330852466
1359;0.6393536284113085;-0.021384943660383345;9.589351371129345
1360;0.7389162999274256;0.09204820045882935;10.02921343769036
1361;0.3241000787357543;0.014025169210244357;10.087319332980943
1362;0.914893899787343;0.0021839022187876422;9.911898367936463
1363;0.42081299938537914;0.12958453153689956;9.671863572589826
1364;0.4403932059958799;-0.07865559080754257;9.759479593670832
1365;0.7317632956873814;0.10278175993781069;10.116905524434591
1366;0.5329522737078883;0.057756916328970266;9.674366656428763
1367;0.839288386700596;0.0819918018259586;9.899798766389235
1368;0.581829356395472;-0.15536167705745263;9.821630838102774
1369;0.5502358501356878;-0.21908448660922503;9.912791111169474
1370;0.5464986373758031;-0.051373543578243946;9.877208563773923
1371;0.586228868658136;0.10035453807584922;9.713885568519744
1372;0.6226120342517384;0.04561617491306774;9.90536864840333
1373;0.6922501976392691;-0.10287583878120303;9.847718966898988
1374;0.6253707193265661;0.1186812165788428;9.821458413347402
1375;0.3897373330606344;0.10524132982129919;9.75101581672732
1376;0.6074811544043309;-0.024456131207274384;9.673820990638818
1377;0.7105660129226167;-0.16933496137971582;9.849641241728394
1378;0.581108744595085;-0.0914697063845582;10.010149443768118
1379;0.5571656481280826;0.029811519002662067;10.026234687391728
1380;0.598389469939508;-0.10881444540804842;9.73473046113522
1381;0.5987421956451444;-0.04321291961270406;9.9620898487467
1382;0.5998836048666605;-0.09010726320547419;10.123075152895046
1383;0.6881528671362135;0.025426788116645588;9.960142441911541
1384;0.6157484253623913;0.10275005352840137;10.00287897741436
1385;0.5772718972917361;-0.09137849122297398;10.113031691093697
1386;0.48530417415451654;-0.03263354219358603;9.813401014139602
1387;0.6072974393707039;0.0255364055652028;9.963048281696597
1388;0.6076045584922907;-0.04642062150544657;9.930125750156398
1389;0.41335560280364686;-0.022020037690600524;9.833157904646765
1390;0.37800355768122873;-0.16405755125760518;9.810355778547674
1391;0.5015472379984361;0.045949240868829344;9.840963827116349
1392;0.5502238153298203;-0.14846085960381014;9.947690305456364
1393;0.6585328240880154;0.10351129030262232;9.869274090334693
1394;0.5736288453998637;-0.08902441757011983;9.858482695699289
1395;0.5450859764622138;0.07053600696564095;9.943534829690345
1396;0.5878366973714692;-0.1302013992995586;9.908648827494883
1397;0.44831756558767394;-0.07909369456763483;10.097163244371343
1398;0.6838419027209071;-0.03532081346058192;10.019748079698482
1399;0.6046581971391903;-0.15055383951713142;9.983075768878358
1400;0.46728872193268467;-0.14494523289090944;9.759978846231691
1401;0.42298471431843265;-0.16880388066800717;9.944419002829076
1402;0.5948708806479495;-0.22062481837331271;7.852566196652419
1403;0.8802902652900386;0.354346977608485;7.9986868895278045
1404;1.0479580746181298;-1.3088185496274443;13.807420033254528
1405;-0.8566101725858659;-0.28079681888647784;11.906884628002453
1406;2.032413366522332;0.01054448319630287;7.541660922833481
1407;0.3432169542844184;0.33709507101042757;8.0997985518479
1408;-0.5061799577771571;0.2556314848537799;10.41378606079538
1409;1.3237706100483737;-0.36811932657739704;11.299344087428585
1410;0.09495936714412297;-0.34659784363515156;10.881072834052299
1411;0.7325405977718633;-0.21103113012213515;9.308665878866545
1412;0.8479831903539696;0.0842907566940014;8.39977263082639
1413;0.16456582419194565;0.12524103018630497;10.251095265218773
1414;0.49924221854964024;-0.16287021311198802;11.411081634775208
1415;0.7704894002140699;-0.2382387873193234;10.159239984347277
1416;0.7840171843115218;-0.015085266406328943;9.408257003502912
1417;0.39511118631179204;0.06114318554784331;9.84898819471309
1418;0.5661556282393976;-0.06722029707569564;9.797550734631677
1419;0.7623273877848348;-0.21657634797886943;9.49661707602434
1420;0.3387885964050704;0.12042830291065826;9.958831131448468
1421;0.9684899872477919;-0.00047192935773689577;9.465923190741783
1422;0.4757738037251076;0.05564468691860105;9.76573031030416
1423;0.27339798364123685;-0.30451566936907176;10.373903285158036
1424;0.7725256024488218;-0.23369707694931624;10.217774573018817
1425;0.5182866050924657;0.16030195518175677;9.69289424739792
1426;0.6636278408156254;-0.013568735926616237;9.66254971034024
1427;0.3935329694096582;0.02392622065068178;9.92514136338638
