;ay;ax;az
1;0.31603462;-0.21068975;9.720459
2;0.23942018;-0.18195933;9.77792
3;0.2873042;-0.18195933;10.103531
4;0.11492168;-0.10534488;9.883265
5;0.24899697;-0.22026655;9.720459
6;0.24899697;-0.19153613;9.672575
7;0.2681506;-0.25857377;9.787497
8;0.24899697;-0.18195933;9.634268
9;0.37349546;-0.19153613;9.672575
10;0.25857377;-0.1340753;9.787497
11;0.2777274;-0.1436521;9.864111
12;0.4309563;-0.15322891;9.835381
13;0.22984336;-0.11492168;10.1226845
14;0.076614454;-0.076614454;10.333375
15;0.4213795;-0.02873042;10.400413
16;0.02873042;-0.095768064;10.304645
17;0.45010993;-0.0;10.199299
18;-0.02873042;-0.24899697;9.844957
19;0.02873042;-0.24899697;9.481039
20;1.3311762;0.31603462;10.563218
21;-0.8714894;-0.12449849;11.549629
22;-0.18195933;-0.21068975;9.825804
23;1.1779473;-0.34476504;8.418014
24;0.06703765;-0.12449849;8.418014
25;0.25857377;-0.21068975;9.892841
26;0.29688102;-0.17238252;9.883265
27;0.24899697;-0.1436521;9.816227
28;0.2873042;-0.21068975;9.854534
29;0.2681506;-0.17238252;9.854534
30;0.29688102;-0.24899697;9.854534
31;0.25857377;-0.17238252;9.787497
32;0.2777274;-0.24899697;9.864111
33;0.2681506;-0.20111294;9.844957
34;0.2777274;-0.20111294;9.825804
35;0.25857377;-0.17238252;9.854534
36;0.2681506;-0.21068975;9.816227
37;0.24899697;-0.21068975;9.844957
38;0.23942018;-0.22026655;9.864111
39;0.24899697;-0.18195933;9.825804
40;0.24899697;-0.20111294;9.873688
41;0.2681506;-0.16280572;9.854534
42;0.22984336;-0.15322891;9.77792
43;0.22984336;-0.19153613;9.931149
44;0.22984336;-0.15322891;9.921572
45;0.24899697;-0.21068975;9.883265
46;0.2777274;-0.25857377;9.844957
47;0.23942018;-0.18195933;9.835381
48;0.2873042;-0.22984336;9.892841
49;0.24899697;-0.17238252;9.825804
50;0.2777274;-0.17238252;9.940725
51;0.31603462;-0.20111294;9.864111
52;0.24899697;-0.12449849;9.797073
53;0.24899697;-0.19153613;9.988609
54;0.22984336;-0.21068975;9.77792
55;0.24899697;-0.20111294;9.739613
56;0.19153613;-0.1436521;9.873688
57;0.34476504;-0.25857377;9.940725
58;0.2873042;-0.22984336;9.844957
59;0.29688102;-0.19153613;9.844957
60;0.23942018;-0.20111294;9.835381
61;0.25857377;-0.18195933;9.940725
62;0.25857377;-0.15322891;9.902418
63;0.24899697;-0.18195933;9.883265
64;0.25857377;-0.17238252;9.864111
65;0.22984336;-0.19153613;9.825804
66;0.25857377;-0.20111294;9.854534
67;0.18195933;-0.15322891;9.77792
68;0.24899697;-0.22026655;9.883265
69;0.24899697;-0.19153613;9.844957
70;0.24899697;-0.1340753;9.825804
71;0.23942018;-0.1436521;9.835381
72;0.22026655;-0.19153613;9.825804
73;0.22984336;-0.17238252;9.940725
74;0.2873042;-0.17238252;9.864111
75;0.24899697;-0.15322891;9.883265
76;0.2777274;-0.1340753;9.892841
77;0.25857377;-0.19153613;9.931149
78;0.2777274;-0.20111294;9.902418
79;0.29688102;-0.17238252;9.80665
80;0.24899697;-0.20111294;9.864111
81;0.2873042;-0.20111294;9.940725
82;0.22984336;-0.20111294;9.844957
83;0.2681506;-0.15322891;10.036493
84;0.21068975;-0.16280572;9.768343
85;0.2873042;-0.22026655;9.835381
86;0.25857377;-0.22984336;9.911995
87;0.24899697;-0.20111294;9.816227
88;0.22984336;-0.20111294;9.892841
89;0.2873042;-0.20111294;9.883265
90;0.24899697;-0.22984336;9.854534
91;0.25857377;-0.19153613;9.921572
92;0.20111294;-0.17238252;9.787497
93;0.2681506;-0.19153613;9.844957
94;0.24899697;-0.16280572;9.883265
95;0.24899697;-0.15322891;9.911995
96;0.2777274;-0.20111294;9.835381
97;0.23942018;-0.15322891;9.835381
98;0.2681506;-0.22984336;9.911995
99;0.2777274;-0.16280572;9.825804
100;0.24899697;-0.20111294;9.883265
101;0.2777274;-0.16280572;9.844957
102;0.23942018;-0.12449849;9.873688
103;0.23942018;-0.19153613;9.797073
104;0.24899697;-0.11492168;9.950302
105;0.23942018;-0.18195933;9.816227
106;0.2681506;-0.21068975;9.921572
107;0.22984336;-0.19153613;9.892841
108;0.22984336;-0.1340753;9.902418
109;0.2681506;-0.23942018;9.825804
110;0.23942018;-0.19153613;9.825804
111;0.24899697;-0.15322891;9.9790325
112;0.18195933;-0.11492168;9.797073
113;0.32561144;-0.20111294;9.835381
114;0.25857377;-0.1436521;9.844957
115;0.18195933;-0.17238252;9.902418
116;0.25857377;-0.19153613;9.864111
117;0.22026655;-0.16280572;9.80665
118;0.2873042;-0.17238252;9.950302
119;0.25857377;-0.18195933;9.844957
120;0.25857377;-0.21068975;9.864111
121;0.29688102;-0.19153613;9.911995
122;0.24899697;-0.22984336;9.959879
123;0.21068975;-0.18195933;9.835381
124;0.2681506;-0.17238252;9.835381
125;0.24899697;-0.20111294;9.902418
126;0.24899697;-0.17238252;9.950302
127;0.2777274;-0.17238252;9.931149
128;0.22026655;-0.17238252;9.749189
129;0.2681506;-0.22984336;9.77792
130;0.22026655;-0.18195933;9.911995
131;0.24899697;-0.19153613;9.931149
132;0.30645782;-0.24899697;9.730036
133;0.24899697;-0.17238252;9.940725
134;0.2777274;-0.20111294;9.835381
135;0.2777274;-0.17238252;9.768343
136;0.22026655;-0.15322891;9.883265
137;0.23942018;-0.1436521;9.816227
138;0.25857377;-0.22984336;9.931149
139;0.23942018;-0.18195933;9.758766
140;0.24899697;-0.17238252;9.825804
141;0.25857377;-0.21068975;9.950302
142;0.23942018;-0.16280572;9.787497
143;0.25857377;-0.22984336;9.864111
144;0.25857377;-0.21068975;9.797073
145;0.18195933;-0.18195933;9.873688
146;0.2681506;-0.18195933;9.902418
147;0.24899697;-0.1436521;9.825804
148;0.2681506;-0.18195933;9.758766
149;0.24899697;-0.16280572;9.950302
150;0.24899697;-0.17238252;10.01734
151;0.21068975;-0.19153613;9.844957
152;0.29688102;-0.15322891;9.80665
153;0.23942018;-0.22026655;9.844957
154;0.24899697;-0.20111294;9.959879
155;0.24899697;-0.1436521;9.844957
156;0.25857377;-0.16280572;9.825804
157;0.22984336;-0.1436521;9.854534
158;0.19153613;-0.1340753;9.959879
159;0.24899697;-0.1340753;9.931149
160;0.25857377;-0.22026655;9.730036
161;0.29688102;-0.22026655;9.902418
162;0.24899697;-0.15322891;9.844957
163;0.2681506;-0.15322891;9.9790325
164;0.29688102;-0.17238252;9.797073
165;0.24899697;-0.18195933;9.77792
166;0.31603462;-0.19153613;9.921572
167;0.24899697;-0.20111294;9.892841
168;0.2873042;-0.20111294;9.883265
169;0.24899697;-0.15322891;9.816227
170;0.21068975;-0.1340753;9.825804
171;0.33518824;-0.16280572;9.911995
172;0.18195933;-0.17238252;9.883265
173;0.23942018;-0.15322891;9.825804
174;0.23942018;-0.20111294;9.931149
175;0.20111294;-0.17238252;9.77792
176;0.24899697;-0.16280572;9.911995
177;0.25857377;-0.18195933;9.787497
178;0.22026655;-0.16280572;9.844957
179;0.24899697;-0.15322891;9.950302
180;0.23942018;-0.15322891;9.873688
181;0.2681506;-0.16280572;9.835381
182;0.2873042;-0.20111294;9.844957
183;0.24899697;-0.22026655;9.80665
184;0.30645782;-0.20111294;9.854534
185;0.22984336;-0.16280572;9.80665
186;0.2873042;-0.21068975;9.854534
187;0.24899697;-0.16280572;9.931149
188;0.2777274;-0.18195933;9.921572
189;0.34476504;-0.20111294;9.835381
190;0.1340753;-0.1340753;9.864111
191;0.36391866;-0.15322891;9.883265
192;0.15322891;-0.16280572;9.883265
193;0.24899697;-0.11492168;9.835381
194;0.2777274;-0.22984336;9.854534
195;0.12449849;-0.1436521;9.873688
196;0.4405331;-0.12449849;9.883265
197;0.24899697;-0.21068975;9.950302
198;0.06703765;-0.16280572;9.835381
199;0.50757074;-0.20111294;9.969456
200;-0.009576807;-0.19153613;9.844957
201;0.22984336;-0.19153613;9.883265
202;0.24899697;-0.19153613;9.940725
203;0.23942018;-0.22026655;9.825804
204;0.30645782;-0.24899697;9.77792
205;0.22026655;-0.22026655;9.825804
206;0.2681506;-0.22984336;10.036493
207;0.25857377;-0.20111294;9.921572
208;0.24899697;-0.16280572;9.854534
209;0.2681506;-0.15322891;9.797073
210;0.24899697;-0.20111294;9.749189
211;0.2681506;-0.21068975;10.084377
212;0.24899697;-0.21068975;10.0748005
213;0.24899697;-0.22026655;9.797073
214;0.31603462;-0.2777274;9.615114
215;0.20111294;-0.18195933;9.921572
216;0.18195933;-0.15322891;10.381259
217;0.22026655;-0.12449849;10.0748005
218;0.2681506;-0.33518824;9.232041
219;0.45010993;-0.25857377;9.56723
220;-0.06703765;-0.076614454;10.46745
221;0.31603462;-0.12449849;10.218452
222;0.34476504;-0.23942018;9.078813
223;0.2681506;-0.2777274;9.404425
224;0.12449849;-0.06703765;10.390836
225;0.11492168;-0.047884032;10.582372
226;0.41180268;-0.20111294;9.500193
227;0.34476504;-0.25857377;9.3661175
228;0.095768064;-0.10534488;10.199299
229;0.23942018;-0.08619126;10.620679
230;0.22984336;-0.22984336;9.682152
231;0.51714754;-0.17238252;9.481039
232;0.038307227;-0.095768064;9.672575
233;0.39264908;-0.16280572;10.323798
234;0.20111294;-0.15322891;9.825804
235;0.24899697;-0.19153613;9.854534
236;0.29688102;-0.19153613;9.911995
237;0.23942018;-0.17238252;9.835381
238;0.2777274;-0.19153613;9.902418
239;0.24899697;-0.19153613;9.864111
240;0.24899697;-0.17238252;9.921572
241;0.25857377;-0.19153613;9.902418
242;0.24899697;-0.1436521;9.825804
243;0.29688102;-0.15322891;9.844957
244;0.24899697;-0.1340753;9.959879
245;0.20111294;-0.12449849;9.768343
246;0.24899697;-0.1436521;9.864111
247;0.25857377;-0.17238252;9.864111
248;0.23942018;-0.17238252;9.80665
249;0.1340753;-0.1340753;9.931149
250;0.25857377;-0.038307227;9.605537
251;0.29688102;-0.19153613;10.218452
252;0.12449849;-0.095768064;9.816227
253;0.22984336;-0.1340753;9.902418
254;0.25857377;-0.18195933;9.864111
255;0.23942018;-0.21068975;9.80665
256;0.2777274;-0.20111294;9.969456
257;0.23942018;-0.20111294;9.864111
258;0.24899697;-0.22026655;9.902418
259;0.2681506;-0.19153613;9.883265
260;0.22026655;-0.18195933;9.825804
261;0.23942018;-0.19153613;9.883265
262;0.24899697;-0.22984336;9.844957
263;0.25857377;-0.15322891;9.873688
264;0.24899697;-0.21068975;9.844957
265;0.22026655;-0.1340753;9.892841
266;0.24899697;-0.18195933;9.892841
267;0.24899697;-0.21068975;9.854534
268;0.24899697;-0.18195933;9.825804
269;0.23942018;-0.16280572;9.883265
270;0.24899697;-0.18195933;9.825804
271;0.24899697;-0.18195933;9.873688
272;0.24899697;-0.1436521;9.825804
273;0.25857377;-0.24899697;9.883265
274;0.2777274;-0.20111294;9.902418
275;0.24899697;-0.18195933;9.825804
276;0.2777274;-0.22984336;9.892841
277;0.22984336;-0.15322891;9.80665
278;0.23942018;-0.17238252;9.931149
279;0.24899697;-0.22026655;9.864111
280;0.24899697;-0.21068975;9.873688
281;0.2873042;-0.18195933;9.825804
282;0.22984336;-0.22984336;9.844957
283;0.23942018;-0.1340753;9.921572
284;0.25857377;-0.18195933;9.844957
285;0.24899697;-0.18195933;9.854534
286;0.2681506;-0.17238252;9.911995
287;0.22026655;-0.17238252;9.816227
288;0.2681506;-0.17238252;9.873688
289;0.2681506;-0.25857377;9.921572
290;0.2681506;-0.18195933;9.825804
291;0.22984336;-0.19153613;9.902418
292;0.21068975;-0.17238252;9.835381
293;0.24899697;-0.20111294;9.835381
294;0.2681506;-0.22026655;9.921572
295;0.22026655;-0.11492168;9.844957
296;0.24899697;-0.18195933;9.854534
297;0.23942018;-0.1436521;9.911995
298;0.2681506;-0.22984336;9.873688
299;0.2777274;-0.20111294;9.787497
300;0.24899697;-0.1340753;9.854534
301;0.23942018;-0.18195933;9.940725
302;0.21068975;-0.19153613;9.797073
303;0.24899697;-0.19153613;9.902418
304;0.2873042;-0.16280572;9.883265
305;0.25857377;-0.19153613;9.864111
306;0.2777274;-0.20111294;9.873688
307;0.2681506;-0.19153613;9.816227
308;0.24899697;-0.19153613;9.80665
309;0.2681506;-0.22026655;9.864111
310;0.2681506;-0.22026655;9.835381
311;0.24899697;-0.18195933;9.892841
312;0.24899697;-0.17238252;9.844957
313;0.25857377;-0.16280572;9.80665
314;0.22984336;-0.1436521;9.902418
315;0.2681506;-0.16280572;9.825804
316;0.24899697;-0.17238252;9.825804
317;0.24899697;-0.21068975;9.787497
318;0.25857377;-0.22984336;9.921572
319;0.24899697;-0.17238252;9.892841
320;0.24899697;-0.19153613;9.80665
321;0.2873042;-0.22984336;9.844957
322;0.25857377;-0.16280572;9.816227
323;0.2681506;-0.19153613;9.873688
324;0.2681506;-0.21068975;9.873688
325;0.22984336;-0.15322891;9.873688
326;0.2873042;-0.20111294;9.902418
327;0.22984336;-0.15322891;9.797073
328;0.24899697;-0.16280572;9.854534
329;0.24899697;-0.15322891;9.873688
330;0.2681506;-0.22026655;9.816227
331;0.21068975;-0.1340753;9.921572
332;0.22984336;-0.20111294;9.873688
333;0.25857377;-0.18195933;9.844957
334;0.2681506;-0.17238252;9.873688
335;0.24899697;-0.16280572;9.892841
336;0.24899697;-0.18195933;9.931149
337;0.23942018;-0.17238252;9.797073
338;0.25857377;-0.18195933;9.864111
339;0.2681506;-0.18195933;9.959879
340;0.24899697;-0.12449849;9.835381
341;0.24899697;-0.20111294;9.873688
342;0.23942018;-0.1340753;9.864111
343;0.24899697;-0.18195933;9.950302
344;0.2777274;-0.22984336;9.883265
345;0.23942018;-0.11492168;9.835381
346;0.22026655;-0.20111294;9.911995
347;0.25857377;-0.17238252;9.768343
348;0.24899697;-0.1340753;9.911995
349;0.2777274;-0.21068975;9.864111
350;0.24899697;-0.15322891;9.873688
351;0.2777274;-0.17238252;9.873688
352;0.23942018;-0.16280572;9.864111
353;0.24899697;-0.11492168;9.835381
354;0.2873042;-0.20111294;9.892841
355;0.23942018;-0.19153613;9.864111
356;0.25857377;-0.22984336;9.892841
357;0.23942018;-0.18195933;9.873688
358;0.23942018;-0.20111294;9.758766
359;0.2681506;-0.18195933;9.873688
360;0.24899697;-0.16280572;9.883265
361;0.29688102;-0.21068975;9.835381
362;0.24899697;-0.19153613;9.825804
363;0.22984336;-0.1340753;9.816227
364;0.23942018;-0.17238252;9.931149
365;0.2777274;-0.15322891;9.80665
366;0.2873042;-0.17238252;9.873688
367;0.25857377;-0.15322891;9.844957
368;0.25857377;-0.20111294;9.835381
369;0.24899697;-0.18195933;9.883265
370;0.24899697;-0.16280572;9.77792
371;0.24899697;-0.22026655;9.873688
372;0.25857377;-0.1340753;9.844957
373;0.25857377;-0.19153613;9.873688
374;0.2681506;-0.20111294;9.911995
375;0.20111294;-0.18195933;9.825804
376;0.2873042;-0.19153613;9.864111
377;0.24899697;-0.19153613;9.892841
378;0.2777274;-0.20111294;9.854534
379;0.2873042;-0.22026655;9.825804
380;0.21068975;-0.20111294;9.825804
381;0.2777274;-0.23942018;9.854534
382;0.25857377;-0.17238252;9.902418
383;0.24899697;-0.20111294;9.835381
384;0.2777274;-0.18195933;9.892841
385;0.24899697;-0.16280572;9.797073
386;0.25857377;-0.15322891;9.883265
387;0.2681506;-0.22984336;9.825804
388;0.22026655;-0.18195933;9.873688
389;0.24899697;-0.22984336;9.854534
390;0.24899697;-0.18195933;9.835381
391;0.2873042;-0.22984336;9.892841
392;0.24899697;-0.19153613;9.864111
393;0.24899697;-0.21068975;9.844957
394;0.24899697;-0.20111294;9.883265
395;0.25857377;-0.23942018;9.873688
396;0.2681506;-0.16280572;9.825804
397;0.24899697;-0.18195933;9.825804
398;0.23942018;-0.21068975;9.892841
399;0.25857377;-0.22026655;9.835381
400;0.2681506;-0.22026655;9.825804
401;0.29688102;-0.17238252;9.892841
402;0.24899697;-0.22026655;9.768343
403;0.2873042;-0.22026655;9.854534
404;0.2681506;-0.22984336;9.940725
405;0.22984336;-0.15322891;9.864111
406;0.22984336;-0.22984336;9.854534
407;0.2681506;-0.17238252;9.854534
408;0.22026655;-0.15322891;9.816227
409;0.2777274;-0.2681506;9.969456
410;0.22984336;-0.22984336;9.844957
411;0.2681506;-0.19153613;9.844957
412;0.25857377;-0.25857377;9.873688
413;0.23942018;-0.19153613;9.844957
414;0.2681506;-0.17238252;9.873688
415;0.23942018;-0.16280572;9.854534
416;0.24899697;-0.12449849;9.931149
417;0.23942018;-0.19153613;9.816227
418;0.25857377;-0.15322891;9.835381
419;0.24899697;-0.12449849;9.902418
420;0.24899697;-0.17238252;9.80665
421;0.2681506;-0.16280572;9.911995
422;0.2681506;-0.17238252;9.883265
423;0.22984336;-0.1340753;9.844957
424;0.30645782;-0.16280572;9.864111
425;0.22984336;-0.15322891;9.854534
426;0.24899697;-0.18195933;9.854534
427;0.29688102;-0.18195933;9.883265
428;0.2681506;-0.18195933;9.844957
429;0.32561144;-0.22026655;9.911995
430;0.22026655;-0.17238252;9.892841
431;0.25857377;-0.19153613;9.873688
432;0.2681506;-0.22026655;9.864111
433;0.24899697;-0.16280572;9.892841
434;0.24899697;-0.22026655;9.911995
435;0.24899697;-0.20111294;9.749189
436;0.2681506;-0.18195933;9.911995
437;0.2777274;-0.17238252;9.911995
438;0.23942018;-0.19153613;9.80665
439;0.25857377;-0.19153613;9.864111
440;0.25857377;-0.20111294;9.797073
441;0.25857377;-0.1436521;9.902418
442;0.25857377;-0.21068975;9.854534
443;0.23942018;-0.17238252;9.825804
444;0.25857377;-0.24899697;9.873688
445;0.2777274;-0.23942018;9.873688
446;0.24899697;-0.1436521;9.883265
447;0.24899697;-0.2777274;9.854534
448;0.25857377;-0.21068975;9.844957
449;0.2777274;-0.19153613;9.902418
450;0.21068975;-0.1340753;9.844957
451;0.2777274;-0.22984336;9.864111
452;0.2681506;-0.23942018;9.883265
453;0.24899697;-0.16280572;9.797073
454;0.2681506;-0.20111294;9.959879
455;0.23942018;-0.15322891;9.80665
456;0.2777274;-0.18195933;9.844957
457;0.24899697;-0.18195933;9.835381
458;0.24899697;-0.17238252;9.80665
459;0.24899697;-0.15322891;9.902418
460;0.23942018;-0.17238252;9.825804
461;0.2681506;-0.19153613;9.921572
462;0.24899697;-0.20111294;9.902418
463;0.23942018;-0.15322891;9.902418
464;0.2873042;-0.17238252;9.797073
465;0.22984336;-0.19153613;9.844957
466;0.24899697;-0.15322891;9.921572
467;0.29688102;-0.21068975;9.844957
468;0.24899697;-0.16280572;9.902418
469;0.25857377;-0.12449849;9.892841
470;0.22026655;-0.15322891;9.854534
471;0.29688102;-0.21068975;9.883265
472;0.25857377;-0.18195933;9.844957
473;0.22984336;-0.11492168;9.854534
474;0.24899697;-0.20111294;9.816227
475;0.22984336;-0.10534488;9.911995
476;0.24899697;-0.15322891;9.825804
477;0.2777274;-0.17238252;9.844957
478;0.24899697;-0.1436521;9.844957
479;0.24899697;-0.18195933;9.873688
480;0.24899697;-0.17238252;9.825804
481;0.29688102;-0.22026655;9.797073
482;0.29688102;-0.16280572;9.864111
483;0.21068975;-0.12449849;9.816227
484;0.29688102;-0.17238252;9.854534
485;0.24899697;-0.17238252;9.825804
486;0.22984336;-0.18195933;9.902418
487;0.25857377;-0.20111294;9.825804
488;0.24899697;-0.18195933;9.873688
489;0.23942018;-0.1340753;9.921572
490;0.2681506;-0.17238252;9.825804
491;0.25857377;-0.23942018;9.854534
492;0.2777274;-0.17238252;9.911995
493;0.24899697;-0.21068975;9.854534
494;0.22984336;-0.15322891;9.854534
495;0.24899697;-0.22984336;9.892841
496;0.2681506;-0.22026655;9.835381
497;0.23942018;-0.24899697;9.844957
498;0.24899697;-0.16280572;9.797073
499;0.25857377;-0.20111294;9.911995
500;0.23942018;-0.21068975;9.873688
501;0.24899697;-0.20111294;9.864111
502;0.25857377;-0.21068975;9.911995
503;0.22984336;-0.18195933;9.825804
504;0.25857377;-0.24899697;9.931149
505;0.25857377;-0.21068975;9.854534
506;0.2681506;-0.19153613;9.844957
507;0.22026655;-0.21068975;9.892841
508;0.23942018;-0.23942018;9.844957
509;0.2777274;-0.21068975;9.873688
510;0.24899697;-0.22026655;9.835381
511;0.24899697;-0.22984336;9.911995
512;0.2681506;-0.2681506;9.816227
513;0.22984336;-0.23942018;9.854534
514;0.2873042;-0.24899697;9.864111
515;0.24899697;-0.21068975;9.883265
516;0.23942018;-0.21068975;9.825804
517;0.22984336;-0.17238252;9.892841
518;0.25857377;-0.22026655;9.854534
519;0.2777274;-0.18195933;9.854534
520;0.24899697;-0.21068975;9.873688
521;0.22026655;-0.17238252;9.80665
522;0.2681506;-0.22026655;9.892841
523;0.22984336;-0.1436521;9.883265
524;0.22026655;-0.22984336;9.911995
525;0.24899697;-0.17238252;9.902418
526;0.25857377;-0.18195933;9.835381
527;0.24899697;-0.17238252;9.950302
528;0.23942018;-0.1436521;9.844957
529;0.2777274;-0.1436521;9.883265
530;0.23942018;-0.15322891;9.844957
531;0.23942018;-0.10534488;9.940725
532;0.23942018;-0.21068975;9.844957
533;0.25857377;-0.17238252;9.80665
534;0.2681506;-0.16280572;9.873688
535;0.24899697;-0.16280572;9.825804
536;0.2681506;-0.1340753;9.854534
537;0.24899697;-0.17238252;9.844957
538;0.19153613;-0.095768064;9.825804
539;0.22984336;-0.1340753;9.892841
540;0.2873042;-0.15322891;9.873688
541;0.22984336;-0.16280572;9.844957
542;0.25857377;-0.19153613;9.873688
543;0.22984336;-0.16280572;9.816227
544;0.24899697;-0.1436521;9.854534
545;0.2873042;-0.1340753;9.854534
546;0.23942018;-0.1436521;9.854534
547;0.25857377;-0.1436521;9.921572
548;0.24899697;-0.17238252;9.892841
549;0.25857377;-0.18195933;9.854534
550;0.24899697;-0.1436521;9.844957
551;0.19153613;-0.1436521;9.854534
552;0.24899697;-0.12449849;9.921572
553;0.24899697;-0.20111294;9.835381
554;0.2873042;-0.18195933;9.864111
555;0.2777274;-0.16280572;9.835381
556;0.2777274;-0.23942018;9.931149
557;0.29688102;-0.17238252;9.892841
558;0.2681506;-0.20111294;9.825804
559;0.25857377;-0.20111294;9.873688
560;0.24899697;-0.17238252;9.931149
561;0.29688102;-0.2681506;9.844957
562;0.25857377;-0.17238252;9.883265
563;0.24899697;-0.19153613;9.864111
564;0.24899697;-0.23942018;9.825804
565;0.24899697;-0.19153613;9.902418
566;0.2873042;-0.25857377;9.902418
567;0.30645782;-0.22026655;9.835381
568;0.24899697;-0.22026655;9.854534
569;0.24899697;-0.19153613;9.902418
570;0.25857377;-0.2681506;9.911995
571;0.22984336;-0.24899697;9.835381
572;0.24899697;-0.25857377;9.931149
573;0.19153613;-0.21068975;9.816227
574;0.25857377;-0.22026655;9.921572
575;0.24899697;-0.22026655;9.80665
576;0.25857377;-0.23942018;9.854534
577;0.22984336;-0.21068975;9.883265
578;0.22984336;-0.22026655;9.797073
579;0.2873042;-0.22026655;9.883265
580;0.24899697;-0.17238252;9.911995
581;0.24899697;-0.24899697;9.873688
582;0.2681506;-0.22984336;9.844957
583;0.23942018;-0.22984336;9.854534
584;0.2873042;-0.24899697;9.864111
585;0.2873042;-0.23942018;9.816227
586;0.29688102;-0.2681506;9.864111
587;0.2777274;-0.22026655;9.844957
588;0.25857377;-0.20111294;9.902418
589;0.2873042;-0.21068975;9.825804
590;0.2681506;-0.18195933;9.883265
591;0.24899697;-0.16280572;9.835381
592;0.25857377;-0.1436521;9.883265
593;0.22984336;-0.19153613;9.854534
594;0.2681506;-0.18195933;9.892841
595;0.24899697;-0.21068975;9.835381
596;0.24899697;-0.1436521;9.80665
597;0.23942018;-0.16280572;9.864111
598;0.21068975;-0.1340753;9.816227
599;0.25857377;-0.20111294;9.873688
600;0.23942018;-0.1340753;9.835381
601;0.22026655;-0.1340753;9.854534
602;0.24899697;-0.20111294;9.892841
603;0.24899697;-0.20111294;9.80665
604;0.25857377;-0.18195933;9.931149
605;0.22984336;-0.10534488;9.844957
606;0.24899697;-0.15322891;9.864111
607;0.2873042;-0.1436521;9.864111
608;0.24899697;-0.1340753;9.892841
609;0.2777274;-0.12449849;9.873688
610;0.2681506;-0.11492168;9.844957
611;0.2681506;-0.1436521;9.835381
612;0.2681506;-0.16280572;9.931149
613;0.2777274;-0.18195933;9.911995
614;0.2777274;-0.1340753;9.864111
615;0.2777274;-0.10534488;9.911995
616;0.22026655;-0.12449849;9.854534
617;0.2681506;-0.17238252;9.902418
618;0.24899697;-0.1340753;9.844957
619;0.25857377;-0.1340753;9.873688
620;0.23942018;-0.10534488;9.844957
621;0.24899697;-0.1340753;9.854534
622;0.24899697;-0.12449849;9.950302
623;0.22026655;-0.095768064;9.816227
624;0.25857377;-0.15322891;9.825804
625;0.21068975;-0.1436521;9.883265
626;0.23942018;-0.15322891;9.873688
627;0.2681506;-0.21068975;9.902418
628;0.24899697;-0.15322891;9.854534
629;0.24899697;-0.1340753;9.797073
630;0.25857377;-0.16280572;9.854534
631;0.24899697;-0.22984336;9.768343
632;0.2681506;-0.20111294;9.873688
633;0.25857377;-0.15322891;9.80665
634;0.2777274;-0.22984336;9.835381
635;0.2873042;-0.24899697;9.835381
636;0.24899697;-0.21068975;9.768343
637;0.32561144;-0.2777274;9.911995
638;0.2681506;-0.2681506;9.911995
639;0.32561144;-0.2777274;9.854534
640;0.24899697;-0.23942018;9.864111
641;0.24899697;-0.2777274;9.816227
642;0.29688102;-0.2777274;9.911995
643;0.24899697;-0.2681506;9.864111
644;0.2873042;-0.2681506;9.873688
645;0.24899697;-0.25857377;9.854534
646;0.18195933;-0.2681506;9.854534
647;0.24899697;-0.30645782;9.892841
648;0.24899697;-0.32561144;9.825804
649;0.24899697;-0.30645782;9.873688
650;0.22026655;-0.2777274;9.902418
651;0.22026655;-0.37349546;9.854534
652;0.23942018;-0.2681506;9.883265
653;0.19153613;-0.2777274;9.80665
654;0.23942018;-0.2681506;9.892841
655;0.21068975;-0.2681506;9.902418
656;0.21068975;-0.23942018;9.873688
657;0.2681506;-0.30645782;9.883265
658;0.29688102;-0.31603462;9.873688
659;0.2873042;-0.25857377;9.864111
660;0.31603462;-0.2777274;9.873688
661;0.24899697;-0.25857377;9.844957
662;0.34476504;-0.25857377;9.825804
663;0.29688102;-0.21068975;9.883265
664;0.33518824;-0.2873042;9.825804
665;0.2777274;-0.25857377;9.835381
666;0.2873042;-0.2681506;9.835381
667;0.33518824;-0.22026655;9.950302
668;0.25857377;-0.22984336;9.835381
669;0.30645782;-0.19153613;9.892841
670;0.2777274;-0.21068975;9.883265
671;0.21068975;-0.1340753;9.844957
672;0.24899697;-0.18195933;9.883265
673;0.22026655;-0.1340753;9.835381
674;0.22026655;-0.1340753;9.921572
675;0.17238252;-0.095768064;9.854534
676;0.17238252;-0.095768064;9.816227
677;0.21068975;-0.11492168;9.825804
678;0.17238252;-0.12449849;9.854534
679;0.21068975;-0.038307227;9.921572
680;0.23942018;-0.1340753;9.864111
681;0.17238252;-0.08619126;9.931149
682;0.24899697;-0.1340753;9.892841
683;0.21068975;-0.12449849;9.940725
684;0.2681506;-0.05746084;9.902418
685;0.2777274;-0.1340753;9.835381
686;0.25857377;-0.18195933;9.797073
687;0.34476504;-0.12449849;9.835381
688;0.2873042;-0.11492168;9.844957
689;0.33518824;-0.16280572;9.825804
690;0.35434186;-0.1436521;9.892841
691;0.2777274;-0.11492168;9.77792
692;0.39264908;-0.1340753;9.883265
693;0.35434186;-0.095768064;9.816227
694;0.32561144;-0.095768064;9.873688
695;0.32561144;-0.12449849;9.931149
696;0.24899697;-0.1436521;9.864111
697;0.2873042;-0.10534488;9.816227
698;0.24899697;-0.076614454;9.892841
699;0.21068975;-0.047884032;9.902418
700;0.24899697;-0.08619126;9.864111
701;0.20111294;-0.038307227;9.864111
702;0.19153613;-0.038307227;9.864111
703;0.10534488;-0.019153614;9.854534
704;0.15322891;-0.038307227;9.931149
705;0.23942018;-0.11492168;9.931149
706;0.1340753;-0.047884032;9.844957
707;0.15322891;-0.038307227;9.921572
708;0.18195933;-0.10534488;9.864111
709;0.22026655;-0.06703765;9.825804
710;0.20111294;-0.047884032;9.959879
711;0.22026655;-0.047884032;9.835381
712;0.2873042;-0.076614454;9.940725
713;0.25857377;-0.095768064;9.864111
714;0.30645782;-0.12449849;9.873688
715;0.35434186;-0.1340753;9.931149
716;0.31603462;-0.17238252;9.854534
717;0.39264908;-0.11492168;9.864111
718;0.36391866;-0.15322891;9.739613
719;0.36391866;-0.15322891;9.844957
720;0.36391866;-0.19153613;9.844957
721;0.32561144;-0.22026655;9.787497
722;0.35434186;-0.19153613;9.825804
723;0.33518824;-0.18195933;9.883265
724;0.24899697;-0.17238252;9.902418
725;0.33518824;-0.23942018;9.873688
726;0.17238252;-0.15322891;9.911995
727;0.18195933;-0.19153613;9.883265
728;0.19153613;-0.15322891;9.911995
729;0.16280572;-0.22026655;9.892841
730;0.12449849;-0.18195933;9.911995
731;0.05746084;-0.16280572;9.931149
732;0.10534488;-0.2681506;9.854534
733;0.10534488;-0.30645782;9.873688
734;0.11492168;-0.34476504;9.825804
735;0.15322891;-0.36391866;9.864111
736;0.15322891;-0.36391866;9.787497
737;0.25857377;-0.48841715;9.787497
738;0.24899697;-0.46926352;9.835381
739;0.29688102;-0.51714754;9.854534
740;0.36391866;-0.50757074;9.969456
741;0.32561144;-0.51714754;9.931149
742;0.48841715;-0.4309563;9.931149
743;0.45010993;-0.45010993;9.911995
744;0.46926352;-0.40222588;9.988609
745;0.47884035;-0.4405331;9.9790325
746;0.4213795;-0.46926352;9.921572
747;0.45010993;-0.4405331;9.931149
748;0.36391866;-0.46926352;9.969456
749;0.33518824;-0.46926352;9.911995
750;0.32561144;-0.50757074;9.921572
751;0.24899697;-0.49799395;9.854534
752;0.19153613;-0.48841715;9.835381
753;0.22984336;-0.45010993;9.80665
754;0.15322891;-0.39264908;9.768343
755;0.095768064;-0.37349546;9.797073
756;0.02873042;-0.31603462;9.787497
757;0.02873042;-0.2681506;9.883265
758;-0.047884032;-0.22984336;9.864111
759;0.02873042;-0.24899697;9.797073
760;0.038307227;-0.22984336;9.950302
761;0.038307227;-0.23942018;9.873688
762;0.1340753;-0.30645782;9.911995
763;0.12449849;-0.29688102;9.816227
764;0.20111294;-0.35434186;9.80665
765;0.32561144;-0.33518824;9.940725
766;0.30645782;-0.32561144;9.844957
767;0.48841715;-0.2777274;9.911995
768;0.4405331;-0.20111294;9.911995
769;0.46926352;-0.29688102;9.931149
770;0.62249243;-0.20111294;9.883265
771;0.61291564;-0.1340753;9.969456
772;0.6703765;-0.095768064;10.04607
773;0.6895301;-0.11492168;9.940725
774;0.58418524;-0.11492168;9.854534
775;0.59376204;-0.11492168;9.921572
776;0.45968673;-0.12449849;9.854534
777;0.32561144;-0.12449849;9.854534
778;0.29688102;-0.23942018;9.825804
779;0.22984336;-0.15322891;9.634268
780;0.16280572;-0.15322891;9.835381
781;0.0;-0.16280572;9.720459
782;-0.019153614;-0.15322891;9.730036
783;-0.02873042;-0.076614454;9.825804
784;-0.18195933;-0.1436521;9.797073
785;-0.06703765;-0.12449849;9.883265
786;-0.19153613;-0.11492168;9.873688
787;-0.2873042;-0.009576807;10.160992
788;-0.24899697;0.009576807;10.0748005
789;-0.15322891;0.02873042;9.931149
790;-0.16280572;0.08619126;10.218452
791;-0.16280572;0.009576807;10.103531
792;0.1340753;0.019153614;10.04607
793;0.19153613;-0.0;10.103531
794;0.22984336;-0.1340753;10.084377
795;0.47884035;-0.21068975;9.739613
796;0.46926352;-0.32561144;9.672575
797;0.38307226;-0.36391866;9.615114
798;0.7565677;-0.45010993;9.461885
799;0.6799533;-0.59376204;9.452309
800;0.6895301;-0.59376204;9.414001
801;1.0151415;-0.641646;9.490616
802;1.1779473;-0.641646;9.32781
803;1.0534488;-0.5554548;9.624691
804;1.0055647;-0.47884035;9.730036
805;0.8331822;-0.4309563;9.586384
806;0.41180268;-0.29688102;9.595961
807;0.48841715;-0.21068975;9.749189
808;0.39264908;-0.095768064;9.816227
809;0.12449849;0.22026655;9.911995
810;0.0;0.31603462;10.228029
811;-0.18195933;0.41180268;9.921572
812;0.095768064;0.47884035;10.093954
813;-0.50757074;0.641646;10.266336
814;0.009576807;0.9864111;10.295067
815;-0.35434186;1.0055647;10.333375
816;-0.36391866;1.043872;10.132261
817;-0.02873042;1.1683705;10.007763
818;-0.019153614;1.1300632;10.141838
819;-0.06703765;1.3024458;10.0748005
820;-0.038307227;1.3024458;10.170568
821;0.11492168;1.3024458;10.141838
822;-0.009576807;1.4077905;10.409989
823;0.08619126;1.3599066;10.572795
824;0.095768064;1.541866;10.28549
825;0.12449849;1.4556746;10.103531
826;0.15322891;1.4556746;10.199299
827;0.076614454;1.5227122;9.921572
828;0.37349546;1.3599066;9.758766
829;0.33518824;1.3599066;9.691729
830;0.30645782;1.283292;9.672575
831;0.78529817;1.3024458;9.32781
832;0.21068975;1.2641385;9.279925
833;0.81402856;1.340753;9.260772
834;0.45010993;1.3503298;9.193734
835;0.50757074;1.3790601;9.643845
836;0.842759;1.5131354;9.500193
837;0.22026655;1.5131354;9.500193
838;1.0821792;1.8004397;10.0269165
839;0.45968673;1.8579005;10.28549
840;0.5267244;2.1260512;10.611102
841;0.7661445;2.1643584;10.534488
842;0.009576807;2.2888567;10.668563
843;0.90979666;2.2505496;10.764331
844;0.095768064;2.2409728;11.109096
845;-0.10534488;2.2888567;11.166556
846;0.22984336;2.135628;10.984597
847;-0.20111294;1.8962077;10.362105
848;0.49799395;1.8387469;10.668563
849;-0.23942018;1.6567876;10.611102
850;0.038307227;1.5705963;10.170568
851;-0.076614454;1.3503298;9.548077
852;-0.545878;1.292869;9.289502
853;-0.1436521;1.1875241;9.126697
854;-0.90979666;0.94810385;8.475474
855;-0.58418524;0.8714894;8.303091
856;-0.7374141;0.9768343;8.7532015
857;-0.1340753;1.0821792;9.107543
858;0.23942018;1.1587936;9.701305
859;-0.24899697;1.1875241;9.710882
860;0.78529817;1.292869;10.323798
861;-0.18195933;1.3024458;10.477027
862;0.6512229;1.340753;10.812215
863;0.38307226;1.13964;11.032481
864;-0.29688102;1.0151415;10.208876
865;1.1300632;1.1109096;10.649409
866;-0.9959879;0.78529817;10.208876
867;0.7374141;0.9864111;10.726024
868;-0.37349546;0.34476504;9.835381
869;0.22026655;0.5267244;9.222465
870;0.1340753;0.22984336;10.199299
871;0.6991069;0.17238252;9.844957
872;0.24899697;0.076614454;8.839393
873;0.35434186;0.11492168;8.791509
874;0.5650316;0.30645782;9.816227
875;-0.08619126;0.51714754;9.174581
876;0.33518824;0.61291564;9.260772
877;-0.18195933;0.842759;9.682152
878;0.545878;0.91937345;9.337387
879;0.5746084;0.90979666;9.576807
880;0.50757074;0.93852705;10.6398325
881;0.80445176;1.0342951;10.477027
882;0.79487497;0.8619126;9.662998
883;1.0055647;0.7661445;10.658986
884;0.35434186;1.0055647;11.128249
885;0.34476504;0.78529817;10.429143
886;0.7469909;0.545878;9.500193
887;-0.6512229;0.5363012;9.634268
888;1.3982137;0.6512229;9.3661175
889;1.292869;0.8523358;10.0748005
890;0.49799395;0.9768343;10.381259
891;1.5610195;1.541866;10.419566
892;0.019153614;1.5993267;10.563218
893;0.37349546;1.6759412;10.611102
894;-0.62249243;1.685518;9.289502
895;-1.1971009;2.078167;9.797073
896;-1.0247183;2.1930888;10.189722
897;-0.37349546;1.7908629;10.04607
898;0.5746084;1.685518;10.342952
899;0.2777274;1.7908629;11.281479
900;1.5801731;1.6280571;10.658986
901;1.7621324;1.3982137;9.902418
902;-0.45968673;1.2449849;9.126697
903;-0.37349546;1.1587936;8.513782
904;-0.78529817;1.3024458;8.532935
905;-0.45968673;1.532289;8.858546
906;0.047884032;1.9249382;8.734048
907;-0.641646;2.3654714;11.128249
908;-0.93852705;2.930503;11.951855
909;0.37349546;3.4955344;11.166556
910;1.1683705;3.86903;11.33894
911;-0.45968673;3.667917;11.654974
912;0.46926352;3.0454245;11.693281
913;1.685518;2.6910827;10.093954
914;-0.4405331;2.4708161;9.643845
915;1.4173675;3.2369606;10.716447
916;-0.36391866;3.217807;10.007763
917;-0.90979666;3.0262709;10.189722
918;0.6895301;3.169923;10.879252
919;0.4309563;2.8921957;10.840945
920;1.2545617;2.2122424;10.97502
921;2.4516625;1.9153614;10.0269165
922;0.91937345;1.13964;7.97748
923;2.0015526;1.0247183;8.887277
924;0.15322891;1.0630256;9.078813
925;-0.37349546;0.94810385;7.9583263
926;-0.15322891;1.4460979;9.576807
927;-0.32561144;1.685518;11.032481
928;1.340753;2.135628;9.56723
929;-0.05746084;1.8291701;9.414001
930;0.59376204;2.3942018;11.147403
931;0.47884035;1.6663644;12.08593
932;0.06703765;1.7429788;8.446744
933;-0.2777274;1.9632454;8.37013
934;0.2873042;1.5035586;10.46745
935;-0.38307226;2.0207062;11.070788
936;0.45010993;1.6472107;10.563218
937;0.90979666;1.6663644;10.180145
938;-0.62249243;1.1300632;9.433155
939;1.0726024;1.0726024;8.389283
940;-0.7757214;0.30645782;7.345411
941;-2.4899697;0.41180268;7.8050976
942;1.1300632;0.93852705;10.170568
943;-0.45968673;0.7661445;11.616667
944;0.02873042;0.7661445;10.381259
945;1.9632454;0.11492168;8.734048
946;-0.49799395;-0.2681506;9.615114
947;0.7757214;0.30645782;9.634268
948;0.9959879;0.63206923;10.189722
949;-0.20111294;0.7086837;10.697293
950;0.82360536;0.8523358;9.643845
951;-0.4405331;0.6991069;10.151415
952;0.6895301;0.842759;11.444284
953;0.25857377;0.62249243;10.419566
954;0.7469909;0.22984336;10.055647
955;2.8921957;0.30645782;9.883265
956;0.89064306;-0.6799533;10.228029
957;3.074155;0.5267244;10.333375
958;1.0821792;-0.20111294;12.277467
959;-0.46926352;1.0821792;11.84651
960;0.24899697;-0.1340753;9.251195
961;-1.1492168;-1.0534488;6.6079965
962;0.641646;-0.9672575;8.963891
963;1.1683705;0.009576807;9.959879
964;-1.1587936;0.8523358;10.7356
965;-0.45010993;0.5746084;9.634268
966;-0.4309563;-0.038307227;8.42759
967;-0.40222588;-0.29688102;7.479486
968;3.6008794;0.009576807;9.950302
969;0.7374141;-0.10534488;10.295067
970;-0.29688102;0.36391866;9.011775
971;-0.89064306;-0.22984336;8.925584
972;-2.1643584;0.20111294;11.377247
973;-0.08619126;1.0342951;12.373235
974;-0.91937345;0.2681506;11.425131
975;0.7469909;-0.46926352;9.595961
976;1.1300632;-0.80445176;8.130709
977;-1.6950948;-0.45010993;9.739613
978;-0.02873042;-0.22026655;9.241618
979;-2.1260512;-0.25857377;9.394848
980;-1.043872;0.40222588;10.275913
981;1.7908629;0.095768064;10.668563
982;1.0247183;-0.7086837;8.63828
983;1.4460979;-0.7757214;9.088389
984;1.2354081;-0.51714754;9.844957
985;-1.3694834;0.22984336;10.831368
986;0.10534488;0.9576807;9.615114
987;-1.0151415;1.2737153;9.931149
988;0.34476504;0.7086837;10.955867
989;2.4612393;0.33518824;9.643845
990;1.5897499;-0.2681506;9.816227
991;0.31603462;-0.095768064;9.595961
992;0.842759;0.4309563;8.676587
993;-0.16280572;0.2777274;10.955867
994;-1.6472107;1.1300632;9.212888
995;0.9959879;0.7374141;10.43872
996;-0.8714894;0.31603462;11.587936
997;1.3503298;0.16280572;9.710882
998;1.3215994;-0.12449849;8.590396
999;-0.2873042;0.06703765;10.927136
1000;2.3654714;0.6607997;12.488156
1001;0.1436521;0.40222588;10.955867
1002;0.12449849;0.06703765;10.649409
1003;1.8866309;-0.545878;10.180145
1004;-0.7757214;-0.9672575;8.983045
1005;-0.25857377;-1.292869;7.5082164
1006;-0.24899697;-0.5267244;8.772355
1007;-4.2042184;0.05746084;8.935161
1008;-0.25857377;0.4213795;8.331821
1009;0.6703765;0.18195933;9.892841
1010;-2.566584;-0.50757074;11.36767
1011;4.6255975;-0.25857377;8.66701
1012;3.5913026;-1.3120226;8.90643
1013;-0.06703765;0.009576807;10.25676
1014;0.39264908;0.019153614;10.840945
1015;0.047884032;-0.019153614;8.465898
1016;-3.122039;-0.545878;9.835381
1017;1.2258313;-0.545878;11.645397
1018;0.50757074;-0.842759;8.197746
1019;0.7469909;-1.13964;8.66701
1020;1.1779473;-0.39264908;11.291056
1021;-0.60333884;0.8714894;12.392388
1022;-1.1971009;0.6703765;10.764331
1023;-0.7086837;0.32561144;10.429143
1024;0.59376204;-0.0;12.852075
1025;2.4708161;-0.19153613;11.903971
1026;-1.13964;-1.1109096;8.255207
1027;2.27928;-0.47884035;9.021352
1028;-1.0630256;-0.48841715;12.516887
1029;-3.3806129;0.60333884;11.683704
1030;2.3175871;0.5363012;4.5202527
1031;-2.4612393;-2.681506;9.3182335
1032;2.432509;-0.038307227;9.892841
1033;3.86903;-1.5035586;8.073248
1034;-0.4405331;-1.1204864;7.1155677
1035;-0.25857377;-0.17238252;8.082825
1036;-1.8195933;0.22026655;9.165004
1037;-1.2641385;0.06703765;9.528923
1038;-1.7717092;0.047884032;10.04607
1039;0.047884032;-0.82360536;7.7189064
1040;1.7525556;-1.0055647;8.178593
1041;2.2122424;-0.82360536;11.415554
1042;1.5227122;0.82360536;12.631808
1043;2.078167;1.7142484;12.440272
1044;-1.292869;1.5227122;13.570335
1045;-0.22026655;0.8714894;12.172121
1046;0.8714894;-0.34476504;9.672575
1047;2.078167;-0.641646;7.3645644
1048;0.019153614;-0.7182605;10.91756
1049;0.545878;0.33518824;11.654974
1050;1.1779473;0.6703765;9.950302
1051;-1.1683705;0.45968673;10.649409
1052;-0.39264908;-0.31603462;8.39886
1053;1.2066777;-0.9864111;5.851429
1054;1.8195933;-0.39264908;10.773908
1055;-0.39264908;-0.1436521;9.14585
1056;1.2162545;0.48841715;6.2728086
1057;-0.9576807;-0.076614454;9.471462
1058;-0.15322891;1.685518;13.206416
1059;0.94810385;1.1013328;11.626244
1060;0.8619126;0.40222588;7.9008656
1061;-0.06703765;-0.17238252;9.519346
1062;-0.6512229;-0.22026655;9.002198
1063;1.7429788;0.94810385;7.7572136
1064;-1.4748282;0.48841715;12.583924
1065;-0.33518824;1.3599066;12.105083
1066;0.34476504;0.076614454;8.485051
1067;-1.0726024;-0.9959879;6.579266
1068;-0.08619126;-0.22984336;8.293514
1069;-0.545878;0.4309563;10.783484
1070;0.61291564;0.90979666;9.9790325
1071;-1.3215994;0.90021986;11.63582
1072;0.1340753;0.6799533;11.63582
1073;1.1109096;0.23942018;12.861651
1074;1.8100165;0.59376204;11.137826
1075;-0.4213795;0.12449849;10.860099
1076;-1.0342951;0.30645782;10.132261
1077;-0.33518824;0.7661445;13.043611
1078;-1.292869;1.8770541;11.003751
1079;0.90979666;1.6280571;11.099519
1080;-0.63206923;0.4213795;9.911995
1081;-0.4213795;-0.05746084;9.289502
1082;0.29688102;-0.4405331;9.011775
1083;-1.043872;-0.06703765;8.0445175
1084;0.40222588;-0.05746084;7.1730285
1085;2.6623523;0.2777274;9.385271
1086;0.076614454;-0.047884032;11.022904
1087;2.135628;0.30645782;9.586384
1088;0.5554548;-0.7757214;7.795521
1089;-0.06703765;-0.641646;9.232041
1090;-0.6703765;-0.8523358;9.002198
1091;0.12449849;-0.038307227;8.226477
1092;-0.39264908;0.1436521;11.137826
1093;-0.6512229;-0.0;12.258312
1094;1.3024458;-0.47884035;9.461885
1095;0.11492168;-0.545878;8.178593
1096;-0.5650316;-0.25857377;9.385271
1097;0.11492168;0.019153614;9.414001
1098;0.9959879;1.1779473;11.176133
1099;-1.5801731;1.1779473;14.60463
1100;0.93852705;1.13964;13.311762
1101;2.135628;-0.08619126;8.034941
1102;-0.36391866;-0.9768343;10.247183
1103;1.1204864;-0.17238252;12.028469
1104;-2.2601264;0.2681506;9.653421
1105;-2.2026656;-0.076614454;8.8777
1106;-0.79487497;0.17238252;11.003751
1107;0.30645782;0.25857377;10.342952
1108;3.0454245;-0.45968673;10.342952
1109;0.08619126;-1.5705963;8.935161
1110;0.6991069;-1.1875241;8.264784
1111;-0.5746084;-2.1739352;8.37013
1112;0.63206923;-1.1587936;10.228029
1113;-0.29688102;-0.10534488;10.91756
1114;0.7278373;-1.1109096;9.634268
1115;1.733402;-2.1452048;4.9224787
1116;-0.4213795;-2.030283;7.517793
1117;-0.49799395;-1.4460979;10.295067
1118;-0.8810662;-1.1875241;9.32781
1119;0.7565677;-0.32561144;10.668563
1120;-0.90021986;-0.24899697;12.497733
1121;2.9879637;0.009576807;11.731588
1122;3.715801;-0.2777274;11.482592
1123;-0.5267244;-0.6703765;11.358093
1124;-0.7469909;0.12449849;11.473015
1125;-2.384625;-0.22026655;9.787497
1126;-2.5474305;-0.38307226;12.220005
1127;0.9959879;0.9864111;13.273455
1128;-0.18195933;0.34476504;14.738706
1129;1.3215994;-0.10534488;10.936713
1130;2.231396;-1.8195933;7.2304893
1131;0.7374141;-2.27928;8.054094
1132;-2.882619;-2.27928;7.1634517
1133;-1.3982137;-2.030283;8.408437
1134;-2.2984335;-2.3080103;5.8226986
1135;-2.7389667;-1.8291701;7.3071036
1136;1.8387469;-1.7908629;6.655881
1137;0.2777274;-2.5378537;7.632715
1138;0.009576807;-2.7102363;6.751649
1139;0.18195933;-1.8770541;7.7667904
1140;-0.45968673;-0.25857377;9.461885
1141;0.11492168;0.41180268;11.224017
1142;-0.90979666;0.22984336;7.9870567
1143;1.0342951;0.34476504;8.24563
1144;1.8483237;0.33518824;9.682152
1145;-0.7565677;0.51714754;11.15698
1146;-0.41180268;0.9576807;7.747637
1147;1.0151415;1.0534488;13.64695
1148;-0.8714894;1.6280571;14.039598
1149;2.681506;2.3942018;15.50485
1150;5.1235914;2.1068976;15.093047
1151;0.8714894;0.5363012;14.30775
1152;1.8387469;0.8714894;11.712435
1153;0.49799395;-0.29688102;9.883265
1154;-2.9783869;-0.0;12.152967
1155;2.0590134;-0.0;10.237606
1156;0.33518824;-1.3311762;9.442732
1157;0.4309563;-1.1971009;8.848969
1158;1.2354081;-1.7142484;9.730036
1159;-0.8810662;-2.0111294;6.4068837
1160;1.0726024;-1.4748282;6.4739213
1161;-0.8331822;-1.0055647;6.9623384
1162;-0.90021986;-0.5650316;7.4124484
1163;2.0015526;0.22026655;8.513782
1164;-0.19153613;-0.18195933;8.101978
1165;-0.22984336;0.047884032;7.374141
1166;1.7429788;-0.16280572;8.523358
1167;-2.585738;0.61291564;8.236053
1168;-1.0630256;2.0111294;9.586384
1169;-1.3024458;2.0590134;11.760319
1170;0.90021986;1.8866309;12.11466
1171;2.566584;2.2218192;11.243171
1172;0.79487497;1.4652514;13.88637
1173;2.1643584;1.7717092;13.302185
1174;1.283292;1.1683705;10.812215
1175;-0.93852705;0.9672575;11.243171
1176;1.283292;1.7812861;15.370775
1177;0.7182605;1.2066777;14.202404
1178;1.7238252;-0.21068975;10.342952
1179;2.566584;-0.51714754;9.548077
1180;-0.842759;-1.7621324;10.563218
1181;-1.3024458;-1.9919758;9.902418
1182;-0.21068975;-2.6623523;8.197746
1183;-2.2409728;-1.7812861;9.136273
1184;0.6512229;-2.566584;7.9487495
1185;4.0318356;-2.920926;9.32781
1186;2.2505496;-3.064578;9.557653
1187;1.3311762;-1.5705963;9.040505
1188;0.7469909;-2.480393;8.331821
1189;-0.6607997;-1.8004397;7.6614456
1190;0.49799395;-0.61291564;7.5944076
1191;-0.40222588;-0.24899697;8.628703
1192;0.6991069;0.17238252;10.955867
1193;-1.3599066;-0.31603462;9.835381
1194;-1.982399;-0.82360536;7.6614456
1195;2.96881;-0.36391866;9.490616
1196;-1.5705963;-1.541866;10.381259
1197;1.9249382;-0.38307226;10.055647
1198;1.0055647;-0.30645782;11.693281
1199;-3.4284968;-1.0247183;12.152967
1200;2.9017725;-0.7086837;8.418014
1201;1.2641385;-2.2122424;8.303091
1202;-1.8674773;-2.6048915;10.505757
1203;2.6910827;-1.9728222;6.8569937
1204;-6.1100025;-2.4995465;6.129156
1205;-2.2218192;-1.7429788;7.8050976
1206;2.6527755;-2.4899697;9.3182335
1207;-2.0111294;-3.8977604;6.943185
1208;2.0973208;-1.7429788;9.586384
1209;2.930503;-1.9057846;11.147403
1210;-2.8443117;-1.532289;11.070788
1211;1.3694834;-0.25857377;11.271901
1212;-1.4939818;-0.11492168;11.281479
1213;-2.087744;0.4309563;10.888829
1214;2.9975405;-0.49799395;11.923124
1215;0.1436521;-1.1587936;10.170568
1216;2.480393;-0.78529817;8.494628
1217;-0.7661445;-1.1013328;10.084377
1218;-0.2777274;-0.009576807;10.43872
1219;-0.19153613;0.35434186;8.418014
1220;-4.548983;-1.2066777;7.441179
1221;4.9416323;-0.17238252;9.662998
1222;0.49799395;-1.9728222;7.1730285
1223;-1.541866;-1.532289;10.419566
1224;3.4572272;-0.7469909;12.459426
1225;-1.3024458;-0.15322891;10.237606
1226;-2.585738;-0.5650316;7.747637
1227;0.8714894;0.30645782;11.808203
1228;-1.1971009;-0.49799395;11.731588
1229;1.13964;-0.62249243;9.423578
1230;1.8866309;-0.7374141;9.088389
1231;-2.1643584;0.2681506;12.29662
1232;0.36391866;0.8619126;11.176133
1233;-1.8962077;-0.0;8.695741
1234;0.0;-0.16280572;12.794614
1235;1.3503298;-0.05746084;11.18571
1236;0.9864111;-0.41180268;8.542512
1237;1.2066777;-0.23942018;9.011775
1238;-1.9728222;-0.19153613;11.319786
1239;2.030283;-0.61291564;9.260772
1240;0.5554548;-1.3024458;8.207323
1241;-3.1411927;-1.436521;7.6614456
1242;3.265691;-1.8004397;5.544971
1243;1.6663644;-1.0726024;8.801085
1244;-0.7374141;-0.45968673;12.689269
1245;2.72939;-1.532289;7.1730285
1246;1.7717092;-2.4037786;1.6759412
1247;-1.8195933;-1.9728222;9.615114
1248;2.8921957;-0.59376204;9.461885
1249;-2.3463178;-0.9768343;7.699753
1250;-1.5897499;-0.10534488;6.751649
1251;-1.9440918;-0.7565677;9.787497
1252;2.4708161;1.2258313;9.873688
1253;-1.292869;0.545878;11.712435
1254;-2.2888567;2.5091233;15.974113
1255;4.8937483;3.265691;14.211981
1256;0.80445176;1.7238252;14.202404
1257;3.4572272;0.6512229;17.314867
1258;4.2999864;0.6991069;13.484144
1259;2.087744;-0.5554548;9.873688
1260;-3.6008794;-0.20111294;7.9966335
1261;-4.2521024;-0.10534488;8.1881695
1262;-2.1068976;-0.38307226;9.165004
1263;-2.1068976;-0.91937345;8.00621
1264;2.6910827;0.7469909;11.674128
1265;-0.2777274;0.02873042;11.36767
1266;3.715801;0.5650316;11.798626
1267;2.2026656;-1.0630256;11.60709
1268;-2.7389667;-0.46926352;11.425131
1269;2.5091233;-0.89064306;8.542512
1270;-0.8331822;-1.3982137;8.39886
1271;-2.6719291;-0.7565677;9.356541
1272;0.1340753;-0.9768343;8.66701
1273;-0.6799533;-1.0726024;8.341399
1274;-1.1875241;-0.8619126;8.121132
1275;3.1124623;-1.6759412;7.2113357
1276;1.1779473;-1.7238252;6.0621185
1277;1.1300632;-2.2888567;10.46745
1278;0.5267244;-1.8291701;7.8146744
1279;0.17238252;-1.3120226;6.0142345
1280;3.572149;0.47884035;11.808203
1281;-0.24899697;1.0534488;15.150508
1282;2.9975405;2.6144683;16.318878
1283;2.9592333;1.8387469;14.537593
1284;-1.388637;2.5474305;15.801731
1285;0.89064306;2.6623523;13.570335
1286;-1.1971009;2.0973208;10.649409
1287;-1.6950948;1.9919758;9.050082
1288;1.9249382;1.292869;13.350069
1289;-2.2505496;0.2681506;10.01734
1290;0.45968673;-0.095768064;5.2863975
1291;6.9144545;-1.3503298;8.24563
1292;-2.2888567;-3.1411927;9.873688
1293;8.39886;-1.9249382;2.5761611
1294;-0.82360536;-4.9703627;2.7868507
1295;-3.8498764;-1.5035586;11.942278
1296;1.982399;-0.80445176;5.7843914
1297;-3.7062242;-2.777274;3.6296098
1298;-6.205771;-1.6376339;7.52737
1299;-1.1779473;1.0630256;10.084377
1300;-2.9783869;0.22984336;11.022904
1301;-3.8786068;1.3503298;11.252748
1302;0.58418524;0.22984336;12.200851
1303;-0.842759;-0.30645782;11.712435
1304;1.8866309;0.58418524;13.867216
1305;1.6759412;0.33518824;18.47366
1306;-1.8866309;1.7908629;14.489709
1307;-1.982399;0.48841715;12.095507
1308;-0.10534488;-0.45010993;8.714894
1309;-2.2122424;-0.19153613;10.907983
1310;-0.7086837;-0.9672575;10.25676
1311;-0.92895025;-1.2162545;6.7133417
1312;-2.2888567;-1.1875241;7.4986396
1313;-1.0055647;-0.49799395;9.77792
1314;3.0550013;-0.94810385;8.8777
1315;-0.80445176;-1.6089035;9.969456
1316;1.9536686;-1.2162545;10.5919485
1317;4.050989;-0.49799395;10.907983
1318;0.019153614;-0.45968673;10.390836
1319;0.038307227;-0.34476504;10.477027
1320;-0.8619126;0.08619126;8.992621
1321;0.6703765;1.043872;12.583924
1322;-2.7581203;-1.6567876;14.192827
1323;2.27928;0.11492168;5.861006
1324;2.078167;-2.4133554;5.544971
1325;-1.5801731;-0.7757214;14.422671
1326;-0.05746084;0.15322891;11.722012
1327;2.1930888;-0.34476504;6.8186865
1328;-3.6487634;-2.2505496;6.3206925
1329;0.5650316;-0.047884032;11.520899
1330;3.4380736;-0.46926352;10.314221
1331;-1.4939818;-1.0151415;8.848969
1332;1.0342951;0.038307227;8.743625
1333;-0.49799395;0.62249243;8.916007
1334;0.5267244;0.6799533;11.109096
1335;0.7086837;1.2545617;12.392388
1336;-0.36391866;0.9959879;11.779472
1337;1.8674773;0.46926352;9.80665
1338;0.45968673;0.31603462;10.955867
1339;0.91937345;0.32561144;10.984597
1340;0.41180268;0.6512229;9.165004
1341;-1.2258313;1.1683705;9.864111
1342;-2.6527755;1.1587936;11.003751
1343;-0.41180268;0.80445176;8.944737
1344;-0.8331822;-0.37349546;8.944737
1345;-0.095768064;-0.29688102;9.155427
1346;1.9632454;0.02873042;8.935161
1347;2.1643584;0.2681506;10.170568
1348;1.1587936;0.7757214;11.827356
1349;-1.4077905;1.043872;11.750742
1350;-0.1340753;0.8714894;10.534488
1351;-1.8195933;0.10534488;10.850522
1352;-0.2777274;0.1340753;8.695741
1353;0.8714894;-0.02873042;8.504205
1354;-1.1683705;0.5554548;10.984597
1355;-0.06703765;1.1109096;11.712435
1356;0.45010993;1.0821792;9.844957
1357;-0.22026655;0.47884035;9.739613
1358;1.4939818;0.58418524;11.070788
1359;1.340753;0.076614454;9.586384
1360;0.9768343;0.6703765;8.925584
1361;-0.9672575;0.33518824;9.9790325
1362;-0.10534488;0.92895025;10.907983
1363;-0.37349546;0.19153613;11.33894
1364;0.5554548;0.641646;12.11466
1365;0.82360536;-0.23942018;10.314221
1366;-0.50757074;-0.7469909;8.130709
1367;1.4269443;-0.45010993;8.39886
1368;-1.4556746;-0.019153614;9.959879
1369;-1.0726024;0.89064306;10.093954
1370;-1.6280571;0.34476504;11.21444
1371;-0.2777274;-0.1436521;8.283937
1372;0.49799395;-1.5610195;5.363012
1373;2.8443117;-1.091756;7.795521
1374;0.34476504;-0.37349546;10.036493
1375;-0.06703765;0.641646;9.356541
1376;0.12449849;0.11492168;9.414001
1377;-1.7142484;0.91937345;10.505757
1378;0.0;0.1340753;11.405977
1379;0.009576807;-0.08619126;8.523358
1380;-2.2218192;0.30645782;9.586384
1381;-0.8714894;0.7565677;11.415554
1382;-0.545878;1.0342951;9.998186
1383;-1.0151415;0.32561144;9.3182335
1384;-0.05746084;0.5746084;12.650962
1385;1.2545617;0.7661445;11.482592
1386;1.6089035;-0.1340753;8.8777
1387;-0.35434186;-0.4405331;9.548077
1388;-2.767697;0.9768343;12.679692
1389;0.59376204;1.0726024;10.342952
1390;-0.20111294;0.22026655;9.653421
1391;-0.8331822;0.7757214;9.270349
1392;0.08619126;-1.043872;10.668563
1393;2.7389667;-0.5267244;9.222465
1394;-1.340753;-0.19153613;9.576807
1395;-2.6431987;-0.038307227;8.848969
1396;1.0726024;-0.038307227;6.3206925
1397;-1.5131354;0.19153613;9.270349
1398;1.8579005;-0.9864111;9.030929
1399;2.9400797;-0.8810662;7.872135
1400;-0.009576807;-1.4460979;8.485051
1401;0.37349546;-1.2354081;10.821792
1402;1.6567876;-0.095768064;9.050082
1403;-1.3120226;-1.043872;10.352529
1404;-0.076614454;-0.6607997;12.220005
1405;0.4213795;-1.3694834;9.059659
1406;-0.076614454;-1.9153614;6.6846113
1407;-0.40222588;-1.6280571;9.682152
1408;-0.92895025;-0.39264908;10.515334
1409;-0.7086837;0.009576807;11.080365
1410;-1.6089035;0.21068975;11.903971
1411;0.6991069;-0.47884035;10.400413
1412;1.532289;-0.9672575;9.107543
1413;1.3694834;-0.81402856;12.277467
1414;2.0494366;-0.33518824;13.551182
1415;-1.0821792;0.05746084;9.787497
1416;-0.7757214;0.009576807;10.342952
1417;-0.4213795;-0.6799533;12.11466
1418;-0.038307227;-0.842759;9.730036
1419;-1.2449849;-1.4269443;7.4507556
1420;-1.1971009;-1.484405;9.509769
1421;-0.79487497;-0.46926352;9.931149
1422;-0.92895025;-0.7374141;10.821792
1423;0.24899697;-1.0534488;9.097966
1424;1.1300632;-0.8619126;8.676587
1425;1.091756;-1.3599066;10.582372
1426;1.0342951;-1.5801731;11.329363
1427;0.30645782;-1.2162545;8.8777
1428;-1.2066777;-1.7525556;7.795521
1429;1.2162545;-0.59376204;9.892841
1430;0.16280572;-0.7661445;11.712435
1431;-0.22026655;-1.283292;10.7356
1432;1.0247183;-1.5227122;8.465898
1433;-0.7278373;-1.934515;10.103531
1434;0.51714754;-1.685518;8.973468
1435;0.93852705;-1.2545617;7.393295
1436;-3.0358477;-1.1971009;9.634268
1437;0.81402856;-0.39264908;10.649409
1438;-0.90021986;-1.6759412;8.829816
1439;-0.16280572;-1.3215994;10.228029
1440;1.484405;-1.9919758;10.228029
1441;1.8962077;-2.0590134;9.634268
1442;-0.1340753;-1.9249382;10.28549
1443;-1.3982137;-2.0207062;11.195287
1444;1.1300632;-0.37349546;9.222465
1445;-1.388637;-0.60333884;11.568783
1446;-1.3311762;-1.091756;11.195287
1447;3.016694;-1.5227122;11.36767
1448;-1.5705963;-2.7102363;9.433155
1449;-0.1340753;-2.2218192;9.662998
1450;-0.19153613;-1.8579005;9.308656
1451;-2.1547816;-1.541866;9.021352
1452;-1.5897499;-0.9864111;11.195287
1453;-1.0151415;-1.3790601;10.1226845
1454;1.0534488;-2.4420857;7.795521
1455;0.2777274;-2.9975405;9.682152
1456;1.9440918;-1.9728222;11.425131
1457;2.3654714;-1.9536686;12.172121
1458;0.22984336;-1.9919758;9.32781
1459;0.2777274;-1.3982137;9.864111
1460;-1.8387469;-1.1587936;10.448297
1461;0.22026655;-1.0821792;9.528923
1462;-0.91937345;-1.5131354;9.165004
1463;-0.9959879;-1.0726024;9.270349
1464;1.4652514;-1.7046716;10.477027
1465;1.4173675;-2.1739352;9.3661175
1466;0.23942018;-2.030283;9.931149
1467;0.47884035;-1.9057846;8.101978
1468;0.6703765;-1.7525556;8.111555
1469;-2.231396;-1.1013328;8.858546
1470;-1.2066777;-0.63206923;9.519346
1471;-1.4939818;-1.5514427;8.983045
1472;-0.89064306;-1.8291701;9.404425
1473;1.4652514;-1.7046716;9.835381
1474;1.5610195;-1.436521;11.003751
1475;3.122039;-0.50757074;12.6222315
1476;0.009576807;-0.40222588;12.449849
1477;0.91937345;-0.02873042;10.67814
1478;-0.9672575;-0.05746084;11.166556
1479;-2.9592333;0.45010993;11.3964
1480;-0.076614454;0.47884035;11.128249
1481;-1.0726024;-0.0;10.275913
1482;-1.0055647;-0.06703765;9.586384
1483;1.4556746;-0.7565677;10.141838
1484;1.1587936;-0.9959879;9.232041
1485;1.8195933;-0.6895301;10.065224
1486;-0.25857377;-0.7757214;9.950302
1487;0.29688102;-0.22026655;8.149862
1488;-2.4229321;-0.5650316;8.034941
1489;-1.2354081;-0.545878;8.676587
1490;-1.0630256;-0.7757214;8.015787
1491;-0.22984336;-0.93852705;8.695741
1492;0.90021986;-1.0534488;9.739613
1493;1.0630256;-1.0342951;9.77792
1494;1.6280571;-0.6703765;10.189722
1495;1.1779473;-0.50757074;11.444284
1496;-0.23942018;0.30645782;11.81778
1497;-1.1013328;0.24899697;9.959879
1498;-1.4269443;0.7182605;9.864111
1499;-2.8538885;0.35434186;11.358093
1500;-0.6607997;0.46926352;10.965444
1501;0.58418524;-0.10534488;10.6398325
1502;-0.63206923;-0.4405331;11.262324
1503;2.4612393;-1.1971009;10.448297
1504;1.7142484;-1.532289;9.385271
1505;-0.8619126;-1.6472107;9.844957
1506;0.22026655;-1.0055647;9.021352
1507;-1.3311762;-0.2681506;8.599973
1508;-3.1794999;-0.18195933;9.682152
1509;-0.29688102;-0.06703765;9.442732
1510;-0.50757074;-0.4405331;8.255207
1511;0.32561144;-1.1587936;8.944737
1512;1.9440918;-1.091756;11.013328
1513;1.2449849;-1.1971009;11.099519
1514;1.1109096;-0.7661445;11.482592
1515;0.40222588;-0.1340753;11.501745
1516;-0.93852705;-0.25857377;10.831368
1517;-1.3215994;-0.10534488;9.203311
1518;-0.7565677;0.019153614;10.01734
1519;-1.8866309;0.35434186;10.582372
1520;-1.1587936;0.19153613;10.362105
1521;0.6895301;0.18195933;10.965444
1522;-0.4309563;-0.33518824;9.346964
1523;2.5953147;-0.5363012;8.734048
1524;1.7046716;-1.0151415;8.848969
1525;0.6512229;-0.19153613;10.084377
1526;1.6950948;0.05746084;10.764331
1527;-1.5610195;-0.16280572;9.710882
1528;-0.58418524;-0.32561144;6.8665705
1529;-0.4213795;-0.7374141;6.847417
1530;-1.1204864;-0.61291564;9.481039
1531;0.7278373;-0.095768064;10.898406
1532;-0.82360536;-0.5267244;9.500193
1533;1.1492168;-0.2873042;9.423578
1534;1.3982137;-1.0151415;10.25676
1535;1.532289;-0.2681506;11.147403
1536;2.1930888;0.22984336;12.401965
1537;-1.3694834;0.5650316;12.440272
1538;-1.0821792;0.78529817;9.950302
1539;-1.0534488;0.41180268;8.37013
1540;-2.135628;0.05746084;10.28549
1541;-0.8810662;0.2873042;10.419566
1542;-1.0342951;-0.2681506;8.858546
1543;-0.5746084;-0.41180268;8.801085
1544;0.51714754;-0.89064306;10.180145
1545;2.585738;-0.6991069;10.390836
1546;1.6950948;-0.50757074;9.80665
1547;0.095768064;-0.019153614;10.266336
1548;-0.4405331;-0.038307227;9.998186
1549;-1.8674773;-0.095768064;8.360553
1550;-1.5897499;0.02873042;8.552089
1551;-0.7469909;0.23942018;9.624691
1552;-0.51714754;0.50757074;10.04607
1553;0.4405331;0.047884032;10.342952
1554;1.5801731;-0.20111294;9.452309
1555;0.4309563;-0.21068975;9.825804
1556;1.3790601;0.63206923;11.224017
1557;0.5650316;1.13964;13.005303
1558;-1.3599066;1.2066777;11.003751
1559;-2.030283;0.50757074;8.954314
1560;-1.3790601;0.45010993;8.504205
1561;-1.3311762;-0.0;9.414001
1562;0.7469909;0.49799395;10.429143
1563;-0.25857377;0.23942018;10.362105
1564;1.1204864;-0.45010993;9.672575
1565;2.0494366;-0.545878;8.925584
1566;0.17238252;-0.82360536;9.624691
1567;0.24899697;-0.62249243;9.452309
1568;-2.4612393;-0.038307227;8.887277
1569;-2.3463178;0.02873042;9.155427
1570;0.11492168;-0.19153613;9.548077
1571;-1.6759412;-0.4213795;9.758766
1572;1.532289;-0.32561144;8.935161
1573;2.183512;-0.4309563;10.429143
1574;1.7812861;0.2777274;12.880805
1575;0.7661445;0.45968673;13.120225
1576;0.22026655;0.4405331;11.137826
1577;-2.1068976;0.30645782;9.643845
1578;-1.388637;0.4405331;12.306197
1579;0.80445176;0.61291564;12.756307
1580;-2.27928;-0.33518824;9.988609
1581;2.6719291;0.20111294;8.121132
1582;0.12449849;-1.0630256;11.003751
1583;0.02873042;-0.5650316;10.850522
1584;4.8841715;-0.047884032;8.485051
1585;-4.280833;-0.59376204;12.162544
1586;2.480393;-0.18195933;9.050082
1587;-0.545878;-2.078167;3.8115692
1588;-1.7429788;-1.8866309;8.6095495
1589;1.4748282;-0.94810385;9.883265
1590;-0.06703765;-1.484405;8.303091
1591;-1.2641385;-2.0398598;7.029376
1592;0.7374141;-1.1204864;9.356541
1593;2.1452048;-1.283292;10.67814
1594;1.5514427;-0.51714754;11.147403
1595;1.5514427;-0.5746084;11.779472
1596;-0.80445176;-1.1971009;10.275913
1597;-0.038307227;-0.90979666;9.021352
1598;-2.4708161;-1.3694834;9.548077
1599;-1.532289;-0.92895025;10.496181
1600;0.06703765;-0.6799533;10.46745
1601;-2.6623523;-0.842759;11.702858
1602;1.1204864;-0.4213795;11.865664
1603;0.31603462;-0.94810385;11.712435
1604;-0.02873042;-1.1875241;11.204864
1605;2.5091233;-1.3311762;11.224017
1606;-1.5035586;-1.4652514;10.151415
1607;0.32561144;-1.7621324;9.519346
1608;-1.0534488;-2.1452048;7.565677
1609;-1.4460979;-2.3750482;7.2592196
1610;0.1436521;-2.3175871;9.672575
1611;0.32561144;-2.3654714;8.896853
1612;0.641646;-2.4708161;8.130709
1613;1.0630256;-2.336741;9.14585
1614;0.49799395;-2.5187001;8.743625
1615;1.0055647;-2.0590134;9.816227
1616;-0.7469909;-1.9440918;10.869676
1617;0.8619126;-1.7812861;9.184157
1618;-0.36391866;-1.8674773;8.935161
1619;-0.33518824;-1.8962077;10.1226845
1620;0.7469909;-1.292869;10.103531
1621;-1.8100165;-1.3311762;10.055647
1622;1.4652514;-0.8714894;10.352529
1623;-1.8579005;-1.3503298;9.969456
1624;1.2449849;-0.82360536;10.457873
1625;0.63206923;-0.58418524;12.717999
1626;-2.5378537;-0.9576807;12.066776
1627;3.083732;-0.5363012;10.084377
1628;-0.7278373;-1.3982137;11.243171
1629;-1.5514427;-1.685518;10.907983
1630;2.6144683;-2.1068976;7.3549876
1631;-3.6296098;-2.327164;8.236053
1632;0.842759;-0.79487497;10.70687
1633;-1.2545617;-1.4173675;8.063671
1634;-2.4229321;-1.4556746;8.264784
1635;1.4269443;-0.641646;9.844957
1636;-1.1300632;-0.9768343;10.381259
1637;1.6759412;-0.4309563;11.070788
1638;-0.038307227;-0.7278373;10.6398325
1639;0.23942018;-0.79487497;9.854534
1640;2.384625;-0.5363012;10.160992
1641;-2.2888567;-0.48841715;10.850522
1642;-0.51714754;-0.25857377;9.825804
1643;0.63206923;-0.48841715;9.069236
1644;-3.1124623;-0.6895301;9.174581
1645;1.934515;-0.06703765;9.825804
1646;-0.33518824;-0.7182605;9.394848
1647;-0.4405331;-0.7661445;8.580819
1648;0.78529817;-0.7374141;9.691729
1649;0.20111294;-0.51714754;10.141838
1650;0.91937345;-0.48841715;10.314221
1651;0.62249243;-0.22026655;11.291056
1652;-0.9672575;-0.08619126;11.645397
1653;-0.25857377;-0.11492168;10.630256
1654;-0.30645782;-0.30645782;9.595961
1655;-0.16280572;-0.23942018;11.60709
1656;-0.15322891;-0.5363012;10.850522
1657;0.92895025;-0.79487497;9.289502
1658;-1.2258313;-1.0630256;10.055647
1659;1.1109096;-0.89064306;9.5385
1660;0.22984336;-1.0821792;8.829816
1661;-2.1068976;-1.1109096;9.394848
1662;0.6512229;-0.7086837;9.165004
1663;-1.7046716;-1.1109096;8.714894
1664;-0.46926352;-0.82360536;9.346964
1665;-0.9576807;-0.90979666;9.643845
1666;0.31603462;-1.1300632;9.643845
1667;0.40222588;-1.3024458;10.141838
1668;1.5705963;-1.2258313;10.247183
1669;1.1683705;-1.2162545;10.304645
1670;0.39264908;-1.2449849;10.160992
1671;0.2681506;-0.91937345;9.969456
1672;-1.2066777;-0.7757214;9.768343
1673;-0.5746084;-0.6703765;9.241618
1674;-0.8714894;-0.641646;9.174581
1675;-0.22984336;-0.6512229;9.088389
1676;0.38307226;-0.49799395;9.615114
1677;-0.076614454;-0.23942018;9.988609
1678;0.5746084;-0.24899697;9.969456
1679;0.5746084;-0.18195933;10.141838
1680;0.16280572;-0.16280572;10.658986
1681;0.36391866;-0.2777274;10.113108
1682;-0.25857377;-0.2681506;10.0269165
1683;-0.009576807;-0.15322891;10.850522
1684;-0.29688102;-0.39264908;10.821792
1685;0.641646;-0.5363012;10.668563
1686;0.51714754;-0.7374141;10.764331
1687;0.36391866;-0.94810385;10.113108
1688;1.8770541;-0.58418524;10.314221
1689;-0.62249243;-0.7469909;11.57836
1690;0.047884032;-0.545878;9.3661175
1691;-0.1340753;-0.4309563;7.9583263
1692;-2.078167;-0.49799395;9.864111
1693;-0.19153613;-0.038307227;8.954314
1694;-1.6089035;-0.11492168;8.418014
1695;-1.2066777;0.08619126;9.251195
1696;0.7565677;0.2777274;9.471462
1697;-0.78529817;-0.02873042;9.299079
1698;0.50757074;0.019153614;9.844957
1699;0.90979666;0.08619126;10.036493
1700;0.1340753;-0.20111294;9.500193
1701;0.8619126;-0.20111294;9.959879
1702;-0.58418524;-0.047884032;9.969456
1703;0.30645782;0.095768064;9.825804
1704;0.63206923;0.18195933;10.658986
1705;0.5554548;0.6991069;11.664551
1706;0.91937345;0.90979666;11.540052
1707;1.2066777;0.5363012;10.888829
1708;0.47884035;0.48841715;10.888829
1709;0.25857377;0.31603462;10.716447
1710;0.22026655;0.30645782;10.180145
1711;-0.37349546;0.076614454;9.701305
1712;-0.842759;-0.20111294;9.624691
1713;0.16280572;-0.45010993;9.56723
1714;-0.2777274;-0.6512229;9.442732
1715;-0.89064306;-0.7469909;9.442732
1716;-0.047884032;-0.7757214;9.739613
1717;-0.8331822;-1.0342951;9.394848
1718;-0.23942018;-0.78529817;9.471462
1719;-0.36391866;-0.78529817;10.390836
1720;-0.24899697;-0.5650316;10.457873
1721;-0.19153613;-0.48841715;9.844957
1722;-0.7374141;-0.37349546;10.802638
1723;-0.23942018;-0.4213795;10.553641
1724;0.06703765;-0.45968673;9.662998
1725;-0.7182605;-0.5267244;10.28549
1726;0.095768064;-0.62249243;9.586384
1727;0.06703765;-0.39264908;8.848969
1728;-1.1971009;-0.7661445;9.461885
1729;0.20111294;-0.545878;8.963891
1730;-1.5993267;-0.5363012;7.680599
1731;0.019153614;-0.32561144;8.916007
1732;-1.5227122;-0.7757214;9.3661175
1733;-0.009576807;-0.4309563;8.504205
1734;0.095768064;-0.5363012;9.615114
1735;0.7565677;-0.22984336;11.013328
1736;1.532289;-0.16280572;10.25676
1737;0.9959879;-0.6703765;11.061212
1738;1.3503298;-0.49799395;11.319786
1739;0.47884035;-0.11492168;11.760319
1740;0.6512229;-0.36391866;11.233594
1741;0.4309563;-0.25857377;11.300632
1742;0.89064306;-0.0;10.97502
1743;-0.18195933;-0.06703765;10.5440645
1744;0.17238252;-0.009576807;9.423578
1745;-0.038307227;-0.095768064;9.576807
1746;-1.3694834;-0.32561144;9.605537
1747;-0.009576807;-0.40222588;8.714894
1748;-1.4748282;-0.8810662;7.393295
1749;-0.34476504;-0.82360536;9.279925
1750;-0.5746084;-0.6799533;8.264784
1751;-0.22984336;-1.0055647;7.833828
1752;-0.60333884;-0.46926352;9.165004
1753;0.4213795;-0.36391866;9.825804
1754;-0.7278373;-0.35434186;9.586384
1755;-0.90021986;-0.076614454;9.423578
1756;-0.22026655;-0.18195933;10.869676
1757;-0.1436521;0.095768064;10.362105
1758;0.7469909;-0.19153613;10.6877165
1759;0.24899697;0.35434186;12.287044
1760;1.3120226;0.58418524;13.9917145
1761;0.545878;0.545878;12.564771
1762;-0.5650316;-0.02873042;11.166556
1763;0.93852705;-0.22026655;10.927136
1764;-1.1779473;-0.38307226;10.093954
1765;0.5650316;-0.22984336;10.67814
1766;-1.2066777;-0.076614454;9.56723
1767;-0.94810385;0.41180268;8.552089
1768;-0.5746084;-0.076614454;8.293514
1769;-1.0726024;0.12449849;8.619126
1770;-1.1492168;0.30645782;8.896853
1771;-0.78529817;0.35434186;8.197746
1772;-0.842759;0.15322891;8.6574335
1773;-0.06703765;0.35434186;9.193734
1774;-0.6895301;0.24899697;9.088389
1775;-0.2681506;0.15322891;9.452309
1776;-1.043872;-0.05746084;9.691729
1777;-1.7908629;-0.095768064;8.916007
1778;-0.12449849;-0.095768064;9.739613
1779;-1.5801731;-0.4309563;10.419566
1780;0.50757074;-0.34476504;10.630256
1781;-0.05746084;-0.33518824;10.419566
1782;0.08619126;-0.06703765;11.233594
1783;0.7661445;0.18195933;11.310209
1784;-0.59376204;0.10534488;10.1226845
1785;-0.21068975;0.40222588;11.080365
1786;-1.0726024;0.39264908;11.262324
1787;-0.5363012;-0.009576807;10.0748005
1788;0.22984336;-0.41180268;9.844957
1789;-0.7757214;-0.45968673;10.658986
1790;0.6799533;-0.35434186;9.730036
1791;0.93852705;-0.4405331;10.333375
1792;-0.22026655;-0.5554548;10.247183
1793;0.7278373;-0.58418524;9.873688
1794;-1.2449849;-0.8331822;9.423578
1795;0.25857377;-0.60333884;9.797073
1796;-0.4405331;-0.34476504;10.189722
1797;-0.10534488;-0.6799533;9.921572
1798;1.2449849;-0.51714754;9.844957
1799;-2.135628;-0.92895025;9.902418
1800;0.4309563;-0.7182605;10.065224
1801;-1.2162545;-1.1300632;10.113108
1802;-1.5897499;-0.49799395;9.710882
1803;-1.1683705;-0.47884035;9.279925
1804;-1.3120226;-0.80445176;9.232041
1805;-0.7278373;-0.62249243;9.442732
1806;-0.9864111;-0.8714894;10.28549
1807;-0.58418524;-0.93852705;9.816227
1808;-0.92895025;-0.90979666;9.452309
1809;-1.0055647;-0.89064306;10.151415
1810;-0.8619126;-1.1779473;9.739613
1811;-1.1492168;-1.1779473;9.193734
1812;-1.2162545;-1.3790601;10.237606
1813;-0.38307226;-1.5801731;9.720459
1814;0.1436521;-2.1739352;8.714894
1815;0.6607997;-2.0590134;9.481039
1816;1.1109096;-1.9249382;10.228029
1817;0.82360536;-1.5993267;10.065224
1818;0.47884035;-1.5131354;9.864111
1819;0.62249243;-1.6089035;10.141838
1820;0.7086837;-1.4556746;9.988609
1821;0.23942018;-1.6280571;10.180145
1822;0.31603462;-1.5993267;10.295067
1823;0.06703765;-1.3599066;10.352529
1824;-0.31603462;-1.5035586;10.43872
1825;0.038307227;-1.5131354;10.400413
1826;-0.6703765;-1.4939818;10.113108
1827;-0.16280572;-1.5227122;10.228029
1828;-0.47884035;-1.733402;10.160992
1829;-0.5650316;-1.5897499;9.768343
1830;-0.51714754;-1.7525556;10.036493
1831;-0.51714754;-1.7429788;9.873688
1832;-0.4405331;-1.6472107;9.720459
1833;-0.35434186;-1.6950948;9.854534
1834;-0.4309563;-1.7525556;9.816227
1835;-0.11492168;-1.7812861;9.624691
1836;-0.18195933;-1.7908629;9.758766
1837;-0.34476504;-1.8483237;9.643845
1838;0.1436521;-1.7812861;9.289502
1839;-0.24899697;-1.8195933;9.720459
1840;-0.10534488;-1.733402;9.921572
1841;-0.038307227;-1.7812861;9.423578
1842;-0.16280572;-1.7525556;9.787497
1843;-0.10534488;-1.6376339;10.093954
1844;0.15322891;-1.5993267;9.80665
1845;-0.009576807;-1.6376339;9.940725
1846;-0.17238252;-1.5993267;10.036493
1847;0.24899697;-1.6759412;9.950302
1848;0.15322891;-1.685518;9.998186
1849;0.10534488;-1.541866;10.189722
1850;0.18195933;-1.6089035;9.988609
1851;0.23942018;-1.6567876;9.921572
1852;0.06703765;-1.6376339;10.093954
1853;0.15322891;-1.4652514;9.892841
1854;0.24899697;-1.5131354;9.9790325
1855;-0.019153614;-1.388637;10.113108
1856;0.2777274;-1.4269443;10.01734
1857;-0.02873042;-1.3599066;9.892841
1858;0.20111294;-1.2354081;9.9790325
1859;-0.15322891;-1.2545617;10.0748005
1860;-0.05746084;-1.0534488;9.921572
1861;-0.23942018;-1.0055647;9.988609
1862;-0.50757074;-1.1109096;9.959879
1863;-0.38307226;-1.0247183;9.720459
1864;-0.4213795;-1.0630256;9.825804
1865;-0.4213795;-1.0630256;9.835381
1866;-0.34476504;-1.1300632;9.787497
1867;-0.48841715;-1.091756;9.797073
1868;-0.37349546;-1.0534488;9.77792
1869;-0.37349546;-1.13964;9.701305
1870;-0.18195933;-1.091756;9.816227
1871;-0.2681506;-1.0342951;9.77792
1872;-0.38307226;-1.0726024;9.768343
1873;-0.19153613;-0.93852705;9.739613
1874;-0.38307226;-0.9672575;9.758766
1875;-0.29688102;-0.8523358;10.04607
1876;-0.34476504;-0.8331822;9.969456
1877;-0.30645782;-0.6991069;9.873688
1878;-0.1436521;-0.6512229;10.007763
1879;-0.05746084;-0.5746084;10.113108
1880;-0.15322891;-0.5363012;10.304645
1881;-0.17238252;-0.47884035;10.04607
1882;-0.10534488;-0.4309563;10.160992
1883;-0.17238252;-0.29688102;10.04607
1884;-0.08619126;-0.30645782;10.1226845
1885;-0.12449849;-0.23942018;10.04607
1886;-0.1340753;-0.21068975;9.940725
1887;-0.11492168;-0.1436521;9.950302
1888;-0.1340753;-0.1436521;9.931149
1889;-0.11492168;-0.21068975;9.911995
1890;-0.1436521;-0.10534488;9.864111
1891;-0.18195933;-0.17238252;9.816227
1892;-0.12449849;-0.10534488;9.892841
1893;-0.1340753;-0.15322891;9.844957
1894;-0.1436521;-0.12449849;9.825804
1895;-0.15322891;-0.1436521;9.940725
1896;-0.11492168;-0.16280572;9.787497
1897;-0.10534488;-0.08619126;9.854534
1898;-0.1340753;-0.10534488;9.883265
1899;-0.11492168;-0.1436521;9.844957
1900;-0.1436521;-0.19153613;9.902418
1901;-0.095768064;-0.17238252;9.883265
1902;-0.047884032;-0.15322891;9.854534
1903;-0.10534488;-0.18195933;9.816227
1904;-0.047884032;-0.21068975;9.835381
1905;-0.08619126;-0.10534488;9.950302
1906;-0.11492168;-0.18195933;9.80665
1907;-0.06703765;-0.15322891;9.864111
1908;-0.18195933;-0.16280572;9.844957
1909;-0.1436521;-0.17238252;9.873688
1910;-0.12449849;-0.16280572;9.816227
1911;-0.18195933;-0.19153613;9.80665
1912;-0.1436521;-0.15322891;9.844957
1913;-0.20111294;-0.17238252;9.835381
1914;-0.1340753;-0.1436521;9.844957
1915;-0.19153613;-0.23942018;9.883265
1916;-0.20111294;-0.19153613;9.80665
1917;-0.12449849;-0.21068975;9.835381
1918;-0.15322891;-0.22026655;9.864111
1919;-0.15322891;-0.18195933;9.835381
1920;-0.095768064;-0.16280572;9.854534
1921;-0.1436521;-0.19153613;9.797073
1922;-0.12449849;-0.22026655;9.864111
1923;-0.095768064;-0.095768064;9.844957
1924;-0.10534488;-0.19153613;9.844957
1925;-0.038307227;-0.1436521;9.873688
1926;-0.095768064;-0.16280572;9.844957
1927;-0.02873042;-0.18195933;9.854534
1928;-0.076614454;-0.18195933;9.77792
1929;-0.1436521;-0.15322891;9.835381
1930;-0.047884032;-0.15322891;9.883265
1931;-0.11492168;-0.17238252;9.797073
1932;-0.076614454;-0.16280572;9.892841
1933;-0.18195933;-0.16280572;9.883265
1934;-0.1436521;-0.12449849;9.902418
1935;-0.1436521;-0.22026655;9.77792
1936;-0.22984336;-0.16280572;9.873688
1937;-0.15322891;-0.20111294;9.835381
1938;-0.20111294;-0.1436521;9.835381
1939;-0.18195933;-0.17238252;9.892841
1940;-0.1340753;-0.16280572;9.921572
1941;-0.17238252;-0.1340753;9.80665
1942;-0.16280572;-0.15322891;9.864111
1943;-0.16280572;-0.15322891;9.835381
1944;-0.12449849;-0.1340753;9.80665
1945;-0.1436521;-0.095768064;9.9790325
1946;-0.11492168;-0.12449849;9.797073
1947;-0.10534488;-0.1436521;9.902418
1948;-0.076614454;-0.06703765;9.844957
1949;-0.08619126;-0.1340753;9.80665
1950;-0.06703765;-0.095768064;9.883265
1951;-0.10534488;-0.1340753;9.844957
1952;0.019153614;-0.15322891;9.797073
1953;-0.095768064;-0.16280572;9.883265
1954;-0.1436521;-0.21068975;9.883265
1955;-0.038307227;-0.10534488;9.854534
1956;-0.18195933;-0.16280572;9.825804
1957;-0.11492168;-0.16280572;9.883265
1958;-0.17238252;-0.21068975;9.844957
1959;-0.20111294;-0.19153613;9.844957
1960;-0.16280572;-0.15322891;9.988609
1961;-0.17238252;-0.18195933;9.80665
1962;-0.17238252;-0.19153613;9.816227
1963;-0.17238252;-0.19153613;9.873688
1964;-0.20111294;-0.22026655;9.77792
1965;-0.18195933;-0.19153613;9.940725
1966;-0.12449849;-0.18195933;9.864111
1967;-0.19153613;-0.17238252;9.825804
1968;-0.076614454;-0.25857377;9.892841
1969;-0.20111294;-0.16280572;9.825804
1970;-0.1436521;-0.30645782;9.9790325
1971;-0.02873042;-0.15322891;9.825804
1972;-0.16280572;-0.22026655;9.854534
1973;0.019153614;-0.19153613;9.835381
1974;-0.08619126;-0.24899697;9.892841
1975;-0.12449849;-0.16280572;9.80665
1976;-0.019153614;-0.21068975;9.854534
1977;-0.08619126;-0.2873042;9.940725
1978;0.02873042;-0.30645782;10.007763
1979;-0.18195933;-0.11492168;9.959879
1980;-0.038307227;-0.22026655;9.825804
1981;-0.12449849;-0.20111294;9.911995
1982;-0.18195933;-0.19153613;9.854534
1983;-0.095768064;-0.11492168;9.883265
1984;-0.20111294;-0.12449849;9.854534
1985;-0.16280572;-0.15322891;9.911995
1986;-0.21068975;-0.11492168;9.902418
1987;-0.20111294;-0.15322891;9.854534
1988;-0.15322891;-0.10534488;9.931149
1989;-0.23942018;-0.1340753;9.864111
1990;-0.19153613;-0.11492168;9.902418
1991;-0.24899697;-0.1340753;9.883265
1992;-0.20111294;-0.1436521;9.902418
1993;-0.16280572;-0.1436521;9.816227
1994;-0.19153613;-0.18195933;9.816227
1995;-0.1436521;-0.1436521;9.902418
1996;-0.17238252;-0.12449849;9.77792
1997;-0.12449849;-0.16280572;9.892841
1998;-0.1340753;-0.17238252;9.844957
1999;-0.08619126;-0.1436521;9.835381
2000;-0.05746084;-0.11492168;9.892841
2001;-0.1340753;-0.1436521;9.883265
2002;-0.038307227;-0.16280572;9.940725
2003;-0.12449849;-0.19153613;9.969456
2004;-0.15322891;-0.20111294;9.787497
2005;-0.019153614;-0.19153613;9.969456
2006;-0.18195933;-0.20111294;9.921572
2007;-0.047884032;-0.23942018;9.902418
2008;-0.038307227;-0.16280572;9.864111
2009;-0.095768064;-0.18195933;9.653421
2010;-0.076614454;-0.25857377;9.854534
2011;-0.19153613;-0.21068975;9.816227
2012;-0.15322891;-0.22026655;9.825804
2013;-0.1436521;-0.24899697;9.892841
2014;-0.12449849;-0.22026655;9.835381
2015;-0.1340753;-0.22984336;9.835381
2016;-0.17238252;-0.22984336;9.835381
2017;-0.16280572;-0.21068975;9.873688
2018;-0.18195933;-0.22984336;9.844957
2019;-0.20111294;-0.22026655;9.844957
2020;-0.15322891;-0.18195933;9.902418
2021;-0.21068975;-0.16280572;9.768343
2022;-0.1340753;-0.18195933;9.873688
2023;-0.12449849;-0.20111294;9.854534
2024;-0.17238252;-0.16280572;9.835381
2025;-0.095768064;-0.18195933;9.883265
2026;-0.17238252;-0.1340753;9.864111
2027;-0.095768064;-0.12449849;9.844957
2028;-0.12449849;-0.1340753;9.902418
2029;-0.1436521;-0.11492168;9.797073
2030;-0.05746084;-0.095768064;9.892841
2031;-0.11492168;-0.10534488;9.892841
2032;-0.08619126;-0.047884032;9.80665
2033;-0.047884032;-0.11492168;9.921572
2034;-0.1436521;-0.10534488;9.864111
2035;-0.05746084;-0.08619126;9.883265
2036;-0.076614454;-0.076614454;9.844957
2037;-0.12449849;-0.1340753;9.892841
2038;-0.038307227;-0.06703765;9.940725
2039;-0.16280572;-0.12449849;9.816227
2040;-0.10534488;-0.15322891;9.854534
2041;-0.1436521;-0.12449849;9.797073
2042;-0.18195933;-0.19153613;9.835381
2043;-0.1340753;-0.16280572;9.892841
2044;-0.21068975;-0.20111294;9.787497
2045;-0.22026655;-0.17238252;9.873688
2046;-0.19153613;-0.1340753;9.883265
2047;-0.24899697;-0.15322891;9.873688
2048;-0.17238252;-0.12449849;9.931149
2049;-0.22984336;-0.18195933;9.854534
2050;-0.21068975;-0.1340753;9.892841
2051;-0.17238252;-0.16280572;9.854534
2052;-0.1340753;-0.1340753;9.854534
2053;-0.11492168;-0.17238252;9.835381
2054;-0.095768064;-0.17238252;9.825804
2055;-0.05746084;-0.17238252;9.844957
2056;-0.05746084;-0.22026655;9.835381
2057;0.019153614;-0.19153613;9.80665
2058;0.05746084;-0.23942018;9.902418
2059;-0.06703765;-0.23942018;9.825804
2060;0.05746084;-0.18195933;9.883265
2061;0.0;-0.2777274;9.844957
2062;-0.038307227;-0.22984336;9.873688
2063;0.02873042;-0.25857377;9.902418
2064;-0.05746084;-0.22984336;9.816227
2065;-0.08619126;-0.25857377;9.797073
2066;-0.08619126;-0.2873042;9.80665
2067;-0.20111294;-0.30645782;9.825804
2068;-0.17238252;-0.29688102;9.816227
2069;-0.23942018;-0.30645782;9.825804
2070;-0.20111294;-0.18195933;9.825804
2071;-0.30645782;-0.2777274;9.80665
2072;-0.33518824;-0.19153613;9.825804
2073;-0.32561144;-0.17238252;9.950302
2074;-0.32561144;-0.08619126;9.864111
2075;-0.33518824;-0.1340753;9.902418
2076;-0.2777274;-0.10534488;9.959879
2077;-0.21068975;-0.08619126;9.873688
2078;-0.20111294;-0.11492168;9.873688
2079;-0.19153613;-0.10534488;9.883265
2080;-0.05746084;-0.1436521;9.883265
2081;-0.06703765;-0.06703765;9.825804
2082;-0.009576807;-0.11492168;9.797073
2083;0.076614454;-0.095768064;9.854534
2084;0.08619126;-0.076614454;9.835381
2085;0.19153613;-0.20111294;9.864111
2086;0.12449849;-0.1436521;9.835381
2087;0.12449849;-0.08619126;9.921572
2088;0.1436521;-0.11492168;9.931149
2089;0.047884032;-0.10534488;9.854534
2090;0.095768064;-0.1340753;9.835381
2091;0.038307227;-0.11492168;9.797073
2092;-0.05746084;-0.16280572;9.902418
2093;-0.02873042;-0.17238252;9.768343
2094;-0.20111294;-0.20111294;9.768343
2095;-0.18195933;-0.18195933;9.691729
2096;-0.2873042;-0.16280572;9.854534
2097;-0.36391866;-0.02873042;9.892841
2098;-0.39264908;-0.038307227;9.835381
2099;-0.5267244;0.038307227;9.931149
2100;-0.50757074;0.10534488;10.0748005
2101;-0.61291564;0.05746084;10.170568
2102;-0.50757074;0.05746084;9.892841
2103;-0.51714754;0.05746084;10.036493
2104;-0.38307226;-0.047884032;9.9790325
2105;-0.2873042;-0.11492168;9.940725
2106;-0.31603462;-0.16280572;9.902418
2107;-0.20111294;-0.20111294;9.854534
2108;-0.06703765;-0.21068975;9.883265
2109;-0.076614454;-0.21068975;9.768343
2110;0.076614454;-0.23942018;9.864111
2111;0.12449849;-0.21068975;9.768343
2112;0.19153613;-0.29688102;9.80665
2113;0.22026655;-0.2681506;9.825804
2114;0.1340753;-0.29688102;9.844957
2115;0.23942018;-0.31603462;9.892841
2116;0.20111294;-0.37349546;9.892841
2117;0.1436521;-0.25857377;9.883265
2118;0.22026655;-0.25857377;9.892841
2119;0.02873042;-0.12449849;9.77792
2120;-0.038307227;-0.1340753;9.816227
2121;-0.038307227;-0.22026655;9.931149
2122;-0.08619126;-0.22984336;9.797073
2123;-0.019153614;-0.24899697;9.864111
2124;-0.08619126;-0.22026655;9.797073
2125;-0.10534488;-0.25857377;9.825804
2126;-0.10534488;-0.36391866;9.844957
2127;-0.12449849;-0.31603462;9.80665
2128;-0.076614454;-0.23942018;9.892841
2129;-0.18195933;-0.2777274;9.80665
2130;-0.15322891;-0.29688102;9.797073
2131;-0.15322891;-0.32561144;9.77792
2132;-0.11492168;-0.2873042;9.816227
2133;-0.11492168;-0.2777274;9.844957
2134;-0.1436521;-0.2681506;9.77792
2135;-0.1340753;-0.2777274;9.80665
2136;-0.11492168;-0.24899697;9.940725
2137;-0.11492168;-0.23942018;9.873688
2138;-0.11492168;-0.19153613;9.892841
2139;-0.18195933;-0.29688102;9.883265
2140;-0.1340753;-0.21068975;9.80665
2141;-0.10534488;-0.21068975;9.921572
2142;-0.19153613;-0.21068975;9.864111
2143;-0.18195933;-0.24899697;9.902418
2144;-0.22984336;-0.19153613;9.787497
2145;-0.16280572;-0.22984336;9.787497
2146;-0.18195933;-0.21068975;9.873688
2147;-0.22026655;-0.19153613;9.864111
2148;-0.18195933;-0.18195933;9.873688
2149;-0.21068975;-0.18195933;9.883265
2150;-0.17238252;-0.1436521;9.873688
2151;-0.10534488;-0.095768064;9.873688
2152;-0.17238252;-0.15322891;9.931149
2153;-0.08619126;-0.095768064;9.988609
2154;-0.12449849;-0.095768064;9.816227
2155;-0.1340753;-0.17238252;9.864111
2156;-0.17238252;-0.1436521;9.950302
2157;-0.16280572;-0.12449849;9.864111
2158;-0.1436521;-0.08619126;9.816227
2159;-0.16280572;-0.11492168;9.921572
2160;-0.1436521;-0.1340753;9.883265
2161;-0.11492168;-0.076614454;9.883265
2162;-0.12449849;-0.16280572;9.749189
2163;-0.095768064;-0.095768064;9.797073
2164;-0.16280572;-0.076614454;9.9790325
2165;-0.19153613;-0.076614454;10.007763
2166;-0.19153613;-0.16280572;9.854534
2167;-0.10534488;-0.10534488;9.662998
2168;-0.11492168;-0.095768064;9.797073
