ax;ay;az
0.095768064;0.40222588;10.007763
0.24899697;0.41180268;9.825804
0.1340753;0.39264908;9.825804
0.18195933;0.41180268;10.04607
0.22984336;0.51714754;9.615114
0.24899697;0.50757074;9.730036
0.18195933;0.37349546;10.390836
-0.23942018;0.50757074;9.787497
0.62249243;0.4309563;8.868123
0.22984336;0.4405331;9.797073
-0.08619126;0.2873042;10.448297
0.4309563;0.30645782;10.007763
-0.08619126;0.45968673;9.720459
0.31603462;0.5363012;9.749189
0.22026655;0.37349546;9.730036
0.25857377;0.2777274;10.754754
-0.02873042;0.40222588;11.15698
-0.6799533;0.82360536;8.829816
1.5514427;0.34476504;8.226477
-0.4213795;0.12449849;12.038046
-0.8810662;0.10534488;11.884817
1.5035586;0.6991069;8.015787
-0.22026655;0.47884035;9.174581
0.21068975;0.45010993;9.902418
0.16280572;0.4213795;9.902418
0.18195933;0.38307226;9.873688
0.17238252;0.4213795;9.864111
0.16280572;0.41180268;9.873688
0.20111294;0.45968673;9.864111
0.18195933;0.4213795;9.854534
0.18195933;0.40222588;9.854534
0.16280572;0.40222588;9.892841
0.22984336;0.45968673;9.902418
0.19153613;0.46926352;9.911995
0.15322891;0.45968673;9.892841
0.21068975;0.46926352;9.873688
0.15322891;0.4309563;9.816227
0.23942018;0.45968673;9.854534
0.16280572;0.45968673;9.854534
0.20111294;0.48841715;9.825804
0.15322891;0.46926352;9.959879
0.15322891;0.4405331;9.873688
0.20111294;0.5267244;9.864111
0.18195933;0.49799395;9.892841
0.19153613;0.49799395;9.864111
0.22026655;0.5746084;9.998186
0.17238252;0.45010993;9.787497
0.22026655;0.47884035;9.835381
0.18195933;0.45010993;9.921572
0.16280572;0.45968673;9.931149
0.18195933;0.5650316;9.902418
0.18195933;0.48841715;9.825804
0.17238252;0.45968673;9.9790325
0.18195933;0.45968673;9.911995
0.17238252;0.48841715;9.873688
0.16280572;0.4405331;9.892841
0.1436521;0.46926352;9.921572
0.17238252;0.4405331;9.797073
0.22026655;0.545878;9.940725
0.19153613;0.51714754;9.864111
0.21068975;0.47884035;9.921572
0.21068975;0.51714754;9.940725
0.20111294;0.49799395;9.921572
0.20111294;0.48841715;9.959879
0.22026655;0.51714754;9.902418
0.19153613;0.51714754;9.931149
0.17238252;0.45968673;9.854534
0.21068975;0.4405331;9.797073
0.21068975;0.50757074;9.959879
0.21068975;0.50757074;9.892841
0.17238252;0.48841715;9.950302
0.20111294;0.4405331;9.854534
0.16280572;0.4213795;9.931149
0.12449849;0.37349546;9.883265
0.18195933;0.40222588;9.816227
0.22026655;0.4309563;9.835381
0.1340753;0.36391866;9.873688
0.16280572;0.40222588;9.911995
0.19153613;0.37349546;9.835381
0.17238252;0.38307226;9.844957
0.18195933;0.40222588;9.902418
0.1340753;0.4213795;9.864111
0.18195933;0.40222588;9.864111
0.17238252;0.4309563;9.835381
0.15322891;0.32561144;9.883265
0.15322891;0.37349546;9.883265
0.16280572;0.33518824;9.835381
0.22984336;0.36391866;9.816227
0.11492168;0.36391866;9.854534
0.19153613;0.35434186;9.825804
0.16280572;0.39264908;9.911995
0.17238252;0.45010993;9.816227
0.16280572;0.36391866;9.816227
0.1340753;0.32561144;9.921572
0.18195933;0.32561144;9.844957
0.16280572;0.34476504;9.864111
0.11492168;0.34476504;9.816227
0.15322891;0.31603462;9.911995
0.18195933;0.34476504;9.835381
0.1436521;0.38307226;9.892841
0.16280572;0.39264908;9.940725
0.1340753;0.36391866;9.883265
0.18195933;0.36391866;9.892841
0.20111294;0.4213795;9.797073
0.16280572;0.38307226;9.931149
0.22026655;0.38307226;9.902418
0.1340753;0.40222588;9.864111
0.15322891;0.4213795;9.883265
0.11492168;0.4405331;9.902418
0.19153613;0.4213795;9.825804
0.15322891;0.45968673;9.854534
0.18195933;0.4405331;9.864111
0.22026655;0.47884035;9.854534
0.19153613;0.4309563;9.854534
0.20111294;0.45010993;9.854534
0.16280572;0.46926352;9.969456
0.16280572;0.47884035;9.797073
0.22026655;0.46926352;9.940725
0.10534488;0.4213795;9.902418
0.17238252;0.45968673;9.873688
0.21068975;0.5554548;9.969456
0.17238252;0.48841715;9.825804
0.20111294;0.48841715;9.931149
0.20111294;0.47884035;9.864111
0.19153613;0.49799395;9.892841
0.22026655;0.5267244;9.950302
0.16280572;0.5554548;9.873688
0.19153613;0.51714754;9.854534
0.17238252;0.50757074;9.864111
0.20111294;0.49799395;9.864111
0.15322891;0.5363012;9.902418
0.20111294;0.5746084;9.892841
0.17238252;0.5650316;9.883265
0.20111294;0.5363012;9.873688
0.17238252;0.5363012;9.902418
0.20111294;0.5746084;9.902418
0.17238252;0.5267244;9.797073
0.22984336;0.58418524;9.911995
0.18195933;0.5363012;9.864111
0.20111294;0.5554548;9.844957
0.1436521;0.46926352;9.911995
0.15322891;0.48841715;9.80665
0.20111294;0.5746084;9.959879
0.19153613;0.5650316;9.873688
0.16280572;0.5554548;9.835381
0.23942018;0.5746084;9.911995
0.1436521;0.45968673;9.883265
0.22026655;0.5746084;9.911995
0.18195933;0.545878;9.911995
0.19153613;0.51714754;9.864111
0.19153613;0.545878;9.873688
0.16280572;0.5554548;9.883265
0.21068975;0.4405331;9.883265
0.20111294;0.49799395;9.883265
0.21068975;0.545878;9.921572
0.19153613;0.45010993;9.825804
0.10534488;0.4405331;9.911995
0.1436521;0.38307226;9.864111
0.16280572;0.49799395;9.921572
0.17238252;0.4213795;9.873688
0.20111294;0.45968673;9.911995
0.20111294;0.41180268;9.835381
0.22026655;0.40222588;9.835381
0.1436521;0.37349546;9.921572
0.21068975;0.40222588;9.854534
0.16280572;0.37349546;9.835381
0.16280572;0.32561144;9.80665
0.18195933;0.36391866;9.864111
0.1340753;0.32561144;9.835381
0.21068975;0.39264908;9.835381
0.17238252;0.36391866;10.01734
0.12449849;0.34476504;9.797073
0.22026655;0.34476504;9.825804
0.1436521;0.30645782;9.844957
0.17238252;0.2777274;9.844957
0.22984336;0.32561144;9.921572
0.1436521;0.29688102;9.864111
0.15322891;0.25857377;9.835381
0.17238252;0.2777274;9.911995
0.17238252;0.25857377;9.864111
0.20111294;0.2873042;9.902418
0.15322891;0.31603462;9.835381
0.17238252;0.25857377;9.892841
0.15322891;0.25857377;9.844957
0.19153613;0.2681506;9.892841
0.19153613;0.2681506;9.854534
0.12449849;0.29688102;9.844957
0.16280572;0.31603462;9.864111
0.16280572;0.2873042;9.883265
0.15322891;0.30645782;9.787497
0.1436521;0.23942018;9.902418
0.095768064;0.2873042;9.864111
0.19153613;0.30645782;9.902418
0.12449849;0.30645782;9.911995
0.16280572;0.31603462;9.835381
0.18195933;0.30645782;9.911995
0.15322891;0.2873042;9.80665
0.22984336;0.34476504;9.864111
0.17238252;0.37349546;9.921572
0.1436521;0.32561144;9.797073
0.18195933;0.33518824;9.873688
0.1340753;0.37349546;9.873688
0.1436521;0.34476504;9.911995
0.1340753;0.4213795;9.854534
0.15322891;0.4213795;9.931149
0.17238252;0.40222588;9.883265
0.18195933;0.4213795;9.911995
0.1436521;0.45010993;9.902418
0.19153613;0.46926352;9.931149
0.15322891;0.4213795;9.854534
0.19153613;0.48841715;9.902418
0.1436521;0.46926352;9.844957
0.21068975;0.48841715;9.835381
0.17238252;0.49799395;9.902418
0.19153613;0.47884035;9.825804
0.22026655;0.5746084;9.950302
0.20111294;0.61291564;9.883265
0.21068975;0.60333884;9.873688
0.17238252;0.61291564;9.931149
0.19153613;0.6607997;9.892841
0.21068975;0.6607997;9.883265
0.17238252;0.59376204;9.864111
0.22984336;0.6991069;9.892841
0.19153613;0.7182605;9.892841
0.20111294;0.6799533;9.883265
0.22026655;0.6703765;9.902418
0.19153613;0.7278373;9.864111
0.23942018;0.7757214;9.873688
0.22984336;0.7182605;9.892841
0.16280572;0.7086837;9.825804
0.22984336;0.6991069;9.854534
0.21068975;0.7278373;9.883265
0.20111294;0.6991069;9.825804
0.21068975;0.7469909;9.864111
0.23942018;0.7757214;9.825804
0.20111294;0.7182605;9.883265
0.20111294;0.7278373;9.883265
0.15322891;0.6703765;9.892841
0.17238252;0.63206923;9.835381
0.17238252;0.7086837;9.825804
0.18195933;0.6512229;9.959879
0.16280572;0.60333884;9.844957
0.22984336;0.641646;9.825804
0.17238252;0.62249243;9.931149
0.17238252;0.61291564;9.892841
0.24899697;0.59376204;9.902418
0.11492168;0.5267244;9.864111
0.20111294;0.50757074;9.950302
0.22026655;0.5363012;9.854534
0.16280572;0.51714754;9.892841
0.18195933;0.45010993;9.911995
0.16280572;0.45010993;9.921572
0.20111294;0.47884035;9.873688
0.20111294;0.4213795;9.902418
0.18195933;0.45010993;9.864111
0.19153613;0.45010993;9.959879
0.1436521;0.40222588;9.816227
0.22026655;0.35434186;9.969456
0.19153613;0.33518824;9.864111
0.12449849;0.30645782;9.80665
0.15322891;0.31603462;9.902418
0.10534488;0.30645782;9.844957
0.22026655;0.29688102;9.873688
0.1340753;0.24899697;9.892841
0.16280572;0.23942018;9.931149
0.1436521;0.22026655;9.921572
0.095768064;0.20111294;9.864111
0.18195933;0.18195933;9.911995
0.10534488;0.16280572;9.883265
0.12449849;0.1436521;9.80665
0.15322891;0.15322891;9.892841
0.08619126;0.16280572;9.797073
0.1340753;0.15322891;9.873688
0.1436521;0.11492168;9.864111
0.11492168;0.10534488;9.768343
0.18195933;0.17238252;9.892841
0.076614454;0.05746084;9.825804
0.15322891;0.076614454;9.902418
0.15322891;0.12449849;9.873688
0.10534488;0.11492168;9.873688
0.18195933;0.095768064;9.844957
0.15322891;0.1436521;9.902418
0.16280572;0.10534488;9.854534
0.17238252;0.15322891;9.883265
0.19153613;0.1340753;9.864111
0.19153613;0.038307227;9.902418
0.21068975;0.1340753;9.844957
0.18195933;0.08619126;9.931149
0.21068975;0.08619126;9.988609
0.15322891;0.05746084;9.921572
0.18195933;0.1340753;9.931149
0.19153613;0.08619126;9.873688
0.19153613;0.076614454;9.892841
0.19153613;0.095768064;10.007763
0.18195933;0.12449849;9.816227
0.20111294;0.16280572;9.969456
0.10534488;0.18195933;9.768343
0.16280572;0.16280572;9.864111
0.08619126;0.16280572;9.873688
0.06703765;0.16280572;9.77792
0.1340753;0.18195933;9.816227
0.038307227;0.18195933;9.844957
0.1436521;0.24899697;9.787497
0.08619126;0.22026655;9.758766
0.06703765;0.22026655;9.854534
0.15322891;0.22984336;9.883265
0.095768064;0.22984336;9.816227
0.11492168;0.20111294;9.864111
0.19153613;0.30645782;9.911995
0.21068975;0.29688102;9.921572
0.22026655;0.35434186;10.01734
0.21068975;0.39264908;9.931149
0.2681506;0.40222588;9.959879
0.25857377;0.45968673;10.055647
0.21068975;0.5267244;9.883265
0.2873042;0.5554548;10.084377
0.19153613;0.60333884;9.950302
0.24899697;0.6895301;9.911995
0.2681506;0.7374141;9.988609
0.23942018;0.7757214;9.873688
0.24899697;0.8619126;9.883265
0.18195933;0.9959879;9.816227
0.20111294;1.0821792;9.653421
0.17238252;1.1300632;9.691729
0.047884032;1.2162545;9.739613
0.22026655;1.2545617;9.691729
0.06703765;1.3215994;9.500193
0.12449849;1.3024458;9.825804
0.009576807;1.2641385;9.883265
0.095768064;1.3024458;9.844957
0.009576807;1.2545617;10.04607
-0.05746084;1.3694834;10.01734
0.2681506;1.5131354;9.844957
0.05746084;1.532289;9.959879
0.4213795;1.532289;10.055647
0.4405331;1.6567876;9.902418
0.2873042;1.6280571;9.816227
0.38307226;1.5897499;9.739613
0.32561144;1.5993267;9.634268
0.45968673;1.4460979;9.576807
0.45010993;1.3982137;9.768343
0.545878;1.3120226;9.672575
0.48841715;1.2737153;9.787497
0.4405331;1.1683705;9.816227
0.5650316;0.90021986;10.093954
0.19153613;0.8331822;10.103531
0.22984336;0.5650316;10.208876
-0.10534488;0.5267244;10.170568
0.19153613;0.39264908;10.304645
0.038307227;0.38307226;10.342952
0.35434186;0.33518824;10.266336
-0.1340753;0.39264908;10.055647
0.31603462;0.35434186;10.065224
-0.12449849;0.49799395;9.77792
-0.11492168;0.51714754;9.682152
-0.06703765;0.61291564;9.615114
-0.6512229;0.62249243;9.471462
0.019153614;0.6512229;9.289502
-0.6607997;0.6703765;9.232041
0.009576807;0.49799395;9.701305
-0.2681506;0.5267244;9.490616
-0.05746084;0.46926352;9.414001
0.18195933;0.4405331;9.615114
0.06703765;0.36391866;9.634268
0.21068975;0.38307226;9.844957
-0.05746084;0.18195933;9.749189
0.24899697;0.12449849;9.739613
0.29688102;0.06703765;9.988609
0.25857377;0.05746084;10.160992
0.29688102;0.0;10.189722
0.2873042;-0.06703765;10.304645
0.19153613;-0.24899697;10.314221
0.22984336;-0.24899697;10.409989
0.24899697;-0.25857377;10.228029
0.21068975;-0.34476504;10.189722
0.31603462;-0.39264908;10.180145
0.08619126;-0.50757074;10.093954
0.22984336;-0.545878;10.180145
0.25857377;-0.7086837;10.084377
0.25857377;-0.7661445;10.151415
0.31603462;-0.7661445;10.132261
0.2777274;-0.81402856;9.892841
0.30645782;-0.842759;9.950302
0.24899697;-0.89064306;9.883265
0.25857377;-0.8523358;9.739613
0.24899697;-0.92895025;9.701305
0.1340753;-0.9576807;9.749189
0.22026655;-0.92895025;9.739613
0.05746084;-1.043872;9.77792
0.0;-1.0534488;10.084377
0.11492168;-1.0534488;9.998186
0.0;-1.0630256;9.931149
-0.047884032;-1.1683705;10.342952
-0.21068975;-1.1204864;10.371682
-0.12449849;-1.1013328;9.892841
-0.19153613;-1.0247183;10.151415
-0.16280572;-1.0247183;10.0748005
-0.08619126;-0.94810385;9.80665
-0.1436521;-0.94810385;9.739613
-0.08619126;-1.0151415;9.739613
0.076614454;-0.89064306;9.624691
0.15322891;-0.8523358;9.32781
0.009576807;-0.8714894;9.490616
0.2777274;-0.89064306;9.481039
0.22026655;-0.90979666;9.56723
0.33518824;-1.0055647;9.720459
0.24899697;-1.0247183;9.720459
0.90021986;-0.9959879;9.873688
0.48841715;-1.0821792;10.208876
0.545878;-1.1013328;10.505757
0.6607997;-1.1683705;10.630256
0.2681506;-0.9959879;9.911995
0.2873042;-1.1109096;10.477027
-0.20111294;-1.091756;10.793061
0.45968673;-1.091756;10.0269165
-0.18195933;-0.90021986;9.998186
0.4405331;-0.9864111;10.448297
0.20111294;-0.90979666;9.902418
-0.41180268;-0.92895025;9.394848
-0.1340753;-1.0630256;9.758766
-0.35434186;-1.1013328;9.691729
-0.38307226;-1.1492168;9.672575
-0.22984336;-1.1013328;9.615114
-0.076614454;-1.1204864;9.452309
0.24899697;-1.1779473;10.065224
0.15322891;-1.5897499;10.764331
-0.22984336;-1.3503298;10.0748005
0.12449849;-1.2354081;9.911995
-0.2777274;-1.3694834;10.199299
0.17238252;-1.2162545;10.093954
0.48841715;-1.2066777;10.170568
0.22026655;-0.9576807;10.28549
0.8810662;-0.81402856;10.199299
0.49799395;-0.7086837;9.883265
0.7278373;-0.59376204;9.902418
0.37349546;-0.4309563;9.490616
0.5554548;-0.48841715;9.56723
-0.2777274;-0.47884035;9.481039
0.038307227;-0.6799533;8.829816
0.23942018;-0.7757214;9.222465
-0.18195933;-0.8331822;9.710882
0.4405331;-1.043872;9.653421
-0.1436521;-1.1683705;9.844957
-0.545878;-1.13964;9.720459
0.47884035;-1.283292;9.854534
-0.1436521;-1.5227122;10.563218
0.095768064;-1.6663644;10.94629
-0.06703765;-1.5131354;10.390836
-0.10534488;-1.3215994;9.873688
-0.1340753;-1.0534488;9.931149
0.18195933;-1.283292;9.758766
-0.23942018;-1.283292;10.218452
-0.038307227;-1.4460979;11.109096
-0.58418524;-1.1683705;9.998186
1.2545617;-1.1587936;9.097966
0.25857377;-0.9576807;10.534488
0.8810662;-1.5227122;10.668563
1.3120226;-1.2354081;10.170568
-0.009576807;-0.9959879;9.730036
0.63206923;-1.0342951;10.409989
0.6895301;-0.9768343;9.749189
-0.038307227;-0.9672575;9.136273
0.7565677;-1.1875241;9.548077
-1.8387469;-0.8810662;9.385271
-0.92895025;-0.90979666;8.628703
-0.38307226;-0.5650316;8.121132
-0.11492168;-1.2354081;9.136273
1.532289;-1.340753;11.626244
1.1587936;-1.5610195;11.722012
1.3503298;-1.1971009;10.084377
1.5514427;-1.0534488;9.816227
0.80445176;-1.2162545;10.419566
-0.9576807;-1.3120226;10.381259
-0.6895301;-1.3024458;8.686164
-2.0590134;-0.9768343;8.848969
-1.5705963;-1.1683705;9.078813
0.16280572;-0.93852705;8.983045
-0.93852705;-0.45010993;9.203311
1.6950948;-0.90021986;9.844957
1.292869;-0.9672575;11.626244
1.4748282;-1.3311762;11.693281
0.47884035;-1.292869;10.141838
-0.24899697;-1.1587936;9.260772
-0.90021986;-1.043872;9.758766
-1.6376339;-0.92895025;9.797073
-1.2737153;-0.5650316;9.643845
-0.46926352;-0.5554548;8.66701
-0.2777274;-0.37349546;9.203311
1.685518;-0.9576807;11.118672
0.7661445;-1.733402;12.938266
-0.36391866;-1.8100165;11.903971
-0.019153614;-1.3311762;10.007763
-0.45010993;-1.0247183;9.883265
-0.22984336;-1.1875241;10.189722
-0.62249243;-1.1109096;9.911995
0.009576807;-0.61291564;8.90643
-0.22984336;-0.32561144;8.772355
1.4939818;-0.6895301;9.528923
0.63206923;-0.7565677;10.831368
0.78529817;-1.1875241;10.323798
0.2873042;-1.2737153;8.944737
-1.0247183;-0.49799395;9.174581
0.5746084;-0.19153613;8.034941
-0.80445176;-0.047884032;7.2592196
0.94810385;-0.08619126;9.787497
2.0973208;-0.6895301;11.654974
0.25857377;-0.90979666;10.821792
2.4037786;-1.1875241;10.524911
-0.4309563;-0.93852705;12.172121
0.4213795;-1.3790601;10.821792
1.4173675;-1.340753;9.634268
-3.1603463;-1.0821792;9.481039
-0.7182605;-0.6703765;8.772355
1.8483237;-0.41180268;7.651869
0.18195933;-0.7469909;10.084377
2.3750482;-1.982399;12.966996
3.3423057;-2.0398598;13.637373
-0.6607997;-1.283292;10.007763
-0.25857377;-1.0534488;6.9144545
-1.9057846;-0.40222588;8.082825
-0.5650316;-0.6799533;8.303091
-0.60333884;-0.61291564;8.408437
-0.6799533;-1.3215994;10.275913
0.60333884;-1.6089035;10.448297
-1.5610195;-1.1204864;10.936713
0.58418524;-2.3654714;11.405977
-0.8331822;-1.2641385;11.9614315
-2.7868507;-1.2162545;9.931149
0.7086837;-0.18195933;8.360553
1.0630256;-0.24899697;10.314221
-0.1340753;-1.0055647;11.750742
0.8331822;-1.3503298;11.319786
-0.17238252;-1.0726024;10.189722
-1.5514427;-1.0821792;9.203311
1.0247183;-0.39264908;8.772355
1.0055647;-0.31603462;9.184157
-0.842759;-0.18195933;8.571242
1.7717092;-1.1109096;9.758766
-0.40222588;-1.2449849;10.515334
0.16280572;-1.8674773;11.224017
0.8714894;-0.94810385;10.189722
-0.545878;-0.6512229;7.833828
1.6567876;-0.9672575;8.159439
1.532289;-1.2162545;11.109096
0.50757074;-1.8195933;11.520899
1.3503298;-1.5993267;9.5385
-1.2162545;-1.4077905;9.222465
-0.6895301;-1.9536686;9.768343
2.3463178;-1.532289;10.218452
-2.1452048;-1.1013328;9.5385
2.231396;-1.9536686;9.471462
-0.05746084;-1.3120226;11.061212
-0.18195933;-2.4229321;10.132261
-2.1739352;-1.4269443;10.5440645
-2.4708161;-1.733402;8.264784
0.08619126;-1.532289;10.812215
-1.8100165;-1.484405;8.628703
0.4309563;-1.0055647;9.500193
1.5801731;-0.11492168;11.63582
-0.6512229;-1.9728222;10.764331
3.6008794;-2.2984335;11.664551
-0.641646;-0.7469909;12.11466
-0.46926352;-1.8291701;9.797073
-0.02873042;-0.49799395;6.83784
-0.7182605;-1.4652514;10.132261
0.5363012;-2.27928;13.551182
-2.432509;-1.8770541;9.375694
3.4284968;-1.8579005;6.2249246
-1.3599066;0.4309563;8.954314
0.2777274;-0.63206923;10.831368
5.746084;-1.4556746;8.6095495
0.6703765;-0.4213795;11.808203
0.31603462;-1.7238252;10.266336
0.49799395;-0.4405331;8.322245
-2.5953147;0.80445176;8.331821
-1.1971009;0.4309563;9.672575
2.6240451;-0.79487497;8.724471
-1.4269443;0.78529817;9.77792
2.2601264;-0.2777274;11.731588
1.1683705;-0.5650316;10.295067
-4.817134;1.0534488;12.459426
3.4572272;-0.38307226;8.312668
-0.7278373;2.4133554;7.4986396
1.4556746;1.3790601;13.9151
0.009576807;0.7469909;16.041151
-1.6376339;-0.61291564;6.129156
1.2066777;1.8674773;6.6367273
1.043872;2.2888567;16.654066
-0.51714754;0.6895301;10.247183
-0.89064306;1.4173675;5.554548
-1.5897499;2.135628;10.457873
-5.3438582;1.3024458;12.459426
1.5610195;-0.10534488;6.081272
-2.815581;2.2218192;8.312668
0.39264908;1.0151415;8.379706
6.6750345;0.45010993;7.9487495
0.9576807;0.23942018;13.292608
-0.32561144;-0.5267244;12.392388
1.6280571;0.1340753;7.8625584
-2.96881;1.0821792;6.895301
0.10534488;0.92895025;10.208876
-0.18195933;-0.4309563;7.7189064
-4.855441;0.7469909;12.143391
0.9864111;-0.8810662;10.04607
0.8714894;-0.4309563;5.6790466
-2.4708161;1.0055647;13.962984
1.3599066;-0.7757214;10.218452
-1.7525556;0.90979666;5.449203
0.009576807;0.6512229;12.29662
-3.763685;-1.2354081;14.259866
-3.0550013;-0.20111294;10.524911
1.388637;2.1547816;7.4603324
-3.4093432;1.934515;8.954314
1.6759412;0.7374141;10.745177
0.02873042;-0.48841715;14.355634
-3.3806129;-0.11492168;14.202404
0.21068975;0.4309563;9.212888
-5.0374002;0.9959879;7.9104424
-5.363012;1.9632454;10.103531
-3.4093432;1.8387469;7.240066
-0.06703765;1.2354081;7.153875
-0.095768064;3.1316159;13.522451
0.78529817;0.038307227;9.921572
2.72939;0.50757074;7.5561004
0.5554548;1.5993267;13.302185
0.24899697;0.21068975;11.243171
1.9057846;-0.8331822;6.0716953
-1.7908629;-1.5131354;10.448297
-3.6870706;-1.1492168;14.432248
-2.078167;-1.0247183;9.643845
0.7086837;0.05746084;6.2345014
-5.851429;0.78529817;8.801085
1.6759412;-0.4309563;11.061212
1.5897499;0.17238252;7.929596
-3.0550013;-0.12449849;6.9048777
2.7102363;0.17238252;9.586384
-3.8594532;1.1109096;9.844957
-2.6431987;0.6895301;10.141838
-0.11492168;1.0055647;6.3685765
0.24899697;1.8483237;11.482592
4.462792;0.5746084;11.252748
-0.80445176;0.02873042;13.713987
2.3175871;-1.9632454;12.804191
0.1340753;-1.0055647;13.40753
-3.0454245;0.90021986;10.400413
4.098873;-0.32561144;9.222465
-1.13964;1.8004397;11.884817
0.7565677;-0.9864111;11.243171
3.0262709;-0.29688102;10.0748005
-2.480393;0.9672575;8.868123
-2.4995465;0.7757214;7.6231384
-0.9959879;0.7182605;5.985504
-2.0015526;1.3694834;7.479486
-0.92895025;1.3311762;9.279925
-2.1068976;0.0;10.658986
-1.4077905;0.10534488;10.400413
1.6376339;0.6991069;7.5082164
-1.685518;2.336741;8.063671
4.548983;-0.076614454;11.042058
0.4309563;-0.18195933;14.087482
-0.545878;-1.9153614;12.105083
0.5746084;0.61291564;10.630256
-1.9728222;1.541866;8.39886
-1.982399;1.5610195;10.850522
0.33518824;-0.019153614;13.388376
0.842759;-0.9576807;13.196839
-1.6089035;1.091756;11.291056
1.2066777;1.6184803;6.3781533
-4.903325;0.93852705;7.431602
-1.8100165;0.1436521;11.003751
-3.064578;1.1204864;7.642292
-2.3080103;1.934515;4.721366
-2.1547816;2.7006595;10.180145
2.4229321;0.59376204;9.998186
1.7812861;-1.1492168;5.3247046
1.1779473;1.484405;10.6398325
-1.7238252;0.6607997;15.370775
-1.8387469;-0.6512229;12.200851
2.528277;-0.2777274;5.391742
-4.76925;0.91937345;11.540052
-5.746084;-2.1930888;12.737153
-3.265691;0.36391866;11.243171
-0.019153614;2.2888567;8.1402855
0.48841715;-0.009576807;7.0102224
3.3901896;0.59376204;11.990162
4.606444;0.20111294;13.704411
-0.7182605;0.15322891;12.871228
-2.6431987;-1.043872;6.483498
2.777274;0.095768064;9.605537
2.873042;-0.641646;11.856087
-3.8115692;-0.9576807;12.469003
3.916914;-0.02873042;10.67814
0.10534488;-0.17238252;8.274361
-2.27928;-1.3024458;8.916007
1.7142484;0.40222588;10.208876
-3.7732618;0.12449849;9.308656
-0.8619126;0.4213795;7.479486
0.16280572;0.5554548;7.431602
-2.9400797;0.61291564;12.641385
-1.0726024;-1.733402;10.208876
-5.746084;4.606444;5.9184666
3.2369606;-0.47884035;8.868123
5.4683566;0.45010993;11.57836
-4.0414124;2.2122424;11.60709
3.1794999;-1.1492168;10.515334
-1.733402;-1.5035586;11.377247
-6.6846113;1.043872;12.698846
-3.016694;-0.41180268;6.6654577
0.6895301;1.4748282;10.927136
-1.2258313;0.29688102;10.793061
1.8674773;-0.6703765;12.555194
2.815581;-1.0534488;12.765883
-2.1260512;0.095768064;11.291056
-2.231396;-0.9672575;8.255207
-1.6663644;2.2601264;7.4986396
-0.81402856;0.05746084;6.033388
-2.6240451;-2.0015526;11.789049
-3.371036;0.5363012;10.141838
0.06703765;1.7621324;2.2697031
1.8100165;0.49799395;10.113108
-2.6048915;1.1779473;13.474567
3.8498764;0.641646;4.7788267
-0.25857377;0.6895301;7.699753
-3.7445314;-0.90021986;17.51598
1.3215994;-3.7349546;13.924677
0.25857377;-1.1300632;7.603985
-2.1068976;1.5801731;7.8912888
-0.4213795;-0.2777274;8.839393
5.21936;0.37349546;11.118672
-1.0534488;-0.45010993;13.713987
-4.2904096;0.33518824;12.229582
0.46926352;1.3790601;5.8705826
-4.175488;2.9496565;6.6750345
-6.7612257;0.7182605;11.176133
1.4748282;0.6607997;11.204864
1.2545617;0.10534488;5.1810527
-0.82360536;2.432509;9.088389
1.5035586;-1.3215994;15.246277
2.9879637;-0.37349546;15.198392
2.2984335;-0.5746084;8.312668
1.4173675;0.48841715;6.8761473
-5.650316;1.5131354;7.6710224
-1.2162545;-1.8866309;9.9790325
-1.8579005;-1.9440918;11.530476
-5.046977;1.4652514;6.3589997
4.5202527;-0.92895025;5.0374002
-0.9959879;-0.2681506;9.346964
0.63206923;0.6703765;15.677233
7.029376;-2.2888567;9.289502
-3.2273839;-0.21068975;6.9144545
-1.3503298;0.6895301;10.783484
-0.51714754;0.19153613;13.072341
-3.4572272;0.21068975;6.799533
1.5897499;3.0358477;11.664551
-2.7964275;0.8714894;9.002198
1.8866309;-1.3790601;11.137826
-0.20111294;1.2354081;12.708423
-5.142745;-0.9672575;13.148955
0.9864111;0.6607997;3.7445314
-0.93852705;3.41892;9.270349
1.6950948;0.49799395;14.403518
1.2162545;-0.7661445;13.828909
1.283292;-0.61291564;7.374141
0.49799395;0.33518824;11.032481
-2.777274;-0.7374141;10.668563
-0.79487497;-0.41180268;5.506664
-1.1779473;0.6799533;7.1634517
-3.5051112;-1.1204864;9.9790325
-3.3901896;-0.5650316;11.310209
-0.2777274;0.4213795;10.6398325
-5.449203;2.0207062;4.9224787
1.4556746;1.7621324;8.264784
6.435614;0.22026655;12.77546
-1.484405;-1.0055647;13.484144
5.602432;-1.1492168;10.208876
-0.9959879;0.36391866;11.233594
-3.5434184;-0.51714754;11.33894
1.1683705;0.22026655;11.540052
-2.384625;0.7374141;6.9527617
-4.271256;2.078167;10.448297
0.9959879;-1.934515;13.292608
2.3654714;-1.6184803;11.176133
-2.3175871;1.3311762;8.580819
-0.15322891;1.3982137;8.772355
0.62249243;-1.13964;9.069236
0.4405331;-0.33518824;12.210428
-2.1547816;0.08619126;10.697293
-2.6048915;0.17238252;6.895301
-1.1875241;1.292869;7.240066
-1.0726024;-0.22026655;8.159439
-1.2641385;0.4405331;10.658986
-0.91937345;0.9959879;13.857639
-0.1436521;0.6799533;11.405977
0.22026655;2.5187001;8.743625
-1.3215994;1.5801731;9.988609
-2.834735;0.59376204;12.325351
0.18195933;0.7661445;8.791509
-1.0821792;0.78529817;8.465898
1.2162545;0.38307226;9.107543
0.45968673;-0.1436521;12.641385
2.882619;-0.22984336;10.907983
1.1875241;0.7086837;10.055647
-2.585738;0.7182605;7.422025
-2.4899697;0.45968673;11.243171
-1.6950948;0.34476504;10.400413
-0.8331822;-1.1109096;7.7093296
-0.9672575;0.33518824;9.730036
-3.3039982;0.31603462;10.275913
0.5267244;-1.091756;9.682152
-0.4405331;0.62249243;11.587936
-2.0398598;-0.02873042;8.7532015
0.46926352;0.23942018;7.9870567
-2.566584;0.06703765;10.103531
-4.10845;0.06703765;10.333375
-0.2777274;-0.59376204;5.650316
-0.50757074;2.3080103;8.408437
1.7142484;1.3311762;9.854534
4.3861775;0.35434186;8.360553
-1.2737153;-0.9576807;10.314221
-2.0015526;-2.0973208;11.9135475
-1.8962077;-0.89064306;10.927136
-2.2026656;-1.091756;11.81778
-0.8714894;1.1109096;13.330915
3.620033;-1.6089035;8.925584
1.388637;-0.076614454;12.152967
1.1204864;-0.11492168;13.081918
-0.41180268;-1.5610195;10.275913
-5.813122;-0.10534488;12.411542
-2.2122424;0.7086837;7.517793
0.7374141;3.0071173;-1.6759412
-3.3806129;2.8538885;7.5465236
-0.2873042;-0.06703765;16.452953
0.35434186;-0.32561144;11.271901
-0.18195933;0.545878;7.3645644
-0.02873042;0.1340753;10.457873
3.8019924;0.39264908;14.4609785
4.8937483;-1.3694834;14.978126
-1.2737153;-2.432509;14.489709
-2.1930888;-0.9576807;12.737153
-0.9576807;-1.484405;9.691729
-2.5378537;1.1683705;11.33894
-2.336741;3.1794999;7.795521
1.7908629;0.47884035;4.903325
-2.72939;1.5035586;10.936713
-5.209783;2.1739352;8.0924015
-2.3654714;0.8619126;5.1235914
-4.146757;2.2601264;7.967903
-0.8523358;2.087744;8.00621
2.078167;1.2066777;4.663905
-5.851429;2.078167;9.356541
2.336741;0.25857377;9.279925
2.719813;-0.61291564;9.356541
-1.9919758;0.24899697;12.871228
-1.3120226;-0.8331822;10.448297
1.2737153;-0.21068975;6.799533
-0.19153613;0.1340753;9.490616
-3.7349546;-1.9153614;13.177686
-2.8538885;-0.7182605;13.005303
-1.6280571;-0.19153613;11.60709
-4.261679;1.8387469;9.155427
1.7717092;0.50757074;8.293514
4.7788267;-0.49799395;13.311762
0.48841715;-1.1013328;19.34515
-0.37349546;-2.3558946;12.277467
-0.40222588;0.1436521;4.0222588
-3.5434184;2.078167;8.935161
1.1204864;-0.50757074;11.865664
0.8619126;0.25857377;8.963891
-3.1507695;0.40222588;6.2249246
-0.39264908;-1.1109096;7.8050976
-1.4556746;1.091756;9.998186
-1.0247183;0.38307226;8.552089
0.81402856;0.9959879;8.839393
-1.1109096;-0.095768064;8.111555
0.9672575;0.02873042;11.932701
2.6431987;-2.3558946;12.641385
-1.5035586;-1.2641385;11.166556
-2.3942018;-0.81402856;8.552089
-2.8538885;-1.3599066;9.9790325
-1.8770541;-0.7278373;12.679692
0.7469909;-0.4213795;8.015787
-4.098873;1.6089035;6.301539
-2.5953147;0.12449849;11.712435
0.9672575;0.2777274;13.723564
-1.2641385;1.6567876;6.167464
-0.49799395;-1.1875241;9.423578
2.2409728;-1.0534488;16.366762
3.1124623;-0.47884035;10.582372
-1.0247183;-1.1013328;9.222465
-2.7102363;-1.4269443;13.388376
-3.620033;0.9768343;12.258312
-0.34476504;0.6799533;2.2026656
-2.4708161;0.9768343;12.066776
-1.9536686;0.15322891;9.969456
4.2425256;0.009576807;6.9527617
0.30645782;0.4405331;12.124237
-1.9153614;-0.7086837;12.354081
1.6089035;-1.7238252;8.293514
-5.21936;0.9576807;8.868123
-2.825158;0.18195933;7.5082164
1.0630256;-0.047884032;7.019799
-4.367024;0.5554548;10.113108
-4.7788267;1.5131354;4.5202527
3.3806129;0.91937345;6.6750345
0.49799395;1.436521;9.959879
-0.11492168;-0.05746084;19.354727
5.410896;-0.545878;13.522451
1.0247183;-1.8100165;10.745177
-1.2737153;-0.5554548;15.294161
-5.410896;0.15322891;10.745177
-3.86903;-1.9632454;6.5601125
-3.6583402;1.340753;10.668563
0.36391866;1.4939818;4.6926355
2.2122424;-0.009576807;8.916007
-0.9864111;0.9959879;11.932701
2.27928;-0.92895025;7.469909
2.6431987;1.484405;4.2042184
-2.920926;-0.32561144;9.624691
-2.585738;-0.6991069;14.422671
1.2545617;0.29688102;8.887277
-1.8962077;-1.3694834;3.7732618
-1.6567876;-0.6895301;10.898406
0.92895025;0.23942018;12.459426
-2.0494366;-1.1779473;9.634268
-2.2122424;0.39264908;9.3661175
1.8866309;2.1643584;7.4028716
-1.7717092;0.6799533;8.896853
-3.5242648;0.076614454;12.258312
-2.5378537;-1.2354081;11.262324
-2.3175871;-0.32561144;6.301539
-1.934515;2.4995465;11.319786
3.3135753;0.2777274;10.860099
-0.047884032;-0.4309563;11.683704
0.12449849;0.22984336;13.043611
-2.1930888;-1.5227122;11.731588
-5.4683566;-1.283292;10.323798
-1.5514427;-0.23942018;8.7053175
0.62249243;-0.9768343;7.07726
0.0;2.9975405;13.196839
2.1260512;0.16280572;6.694188
1.9919758;-1.8100165;5.257667
1.484405;1.8387469;10.505757
1.2737153;0.8714894;12.229582
2.681506;0.18195933;5.391742
-0.17238252;-0.46926352;8.303091
-5.104438;0.16280572;12.162544
-4.1946416;-0.1340753;8.963891
0.9672575;-0.06703765;11.903971
-2.1547816;1.1013328;11.473015
-4.3287168;0.80445176;5.985504
4.0797195;-0.5267244;4.3957543
-0.1340753;0.9768343;14.652514
-2.4995465;0.10534488;12.239159
3.7253778;-2.432509;5.6215854
-3.9360676;1.8004397;10.888829
-0.79487497;0.79487497;11.884817
5.899313;-0.2777274;7.785944
-3.8881836;0.6895301;10.697293
-4.55856;-0.5746084;12.440272
-1.3790601;-1.2354081;10.007763
-2.585738;0.6703765;10.563218
-3.3997664;1.1587936;6.4739213
0.8523358;1.934515;10.936713
2.3750482;0.047884032;14.834474
-0.31603462;0.29688102;11.329363
2.1739352;-1.3215994;8.916007
0.16280572;-0.06703765;13.129802
-2.6623523;0.35434186;10.170568
-3.371036;0.19153613;1.6950948
-1.8770541;1.1779473;5.9759274
-4.3382936;0.24899697;12.717999
-1.5514427;-0.45010993;9.797073
-2.3942018;0.58418524;5.1810527
1.3694834;-0.08619126;11.051635
3.6296098;-0.33518824;13.589489
2.834735;-0.6512229;14.738706
2.078167;-0.78529817;9.950302
-3.265691;-2.1930888;10.419566
-4.7405195;-0.92895025;14.221559
-4.098873;0.24899697;10.869676
-3.2944214;1.5035586;7.920019
-1.7621324;3.7541082;7.8146744
3.5434184;2.135628;11.568783
0.6895301;0.7374141;11.530476
-4.2521024;0.89064306;9.921572
-2.3463178;0.10534488;8.829816
-4.0318356;0.58418524;9.662998
-2.6048915;1.0630256;6.129156
-3.3423057;1.1683705;6.694188
-3.572149;0.45968673;7.0485296
0.1436521;-0.41180268;5.6120086
-0.6607997;0.0;7.9870567
0.58418524;-0.095768064;11.243171
5.1140146;-1.340753;12.277467
4.0797195;-1.0821792;11.425131
1.6089035;-0.9864111;11.473015
0.40222588;-2.681506;14.049175
-2.1930888;-3.466804;13.445837
-7.6614456;-1.8004397;10.783484
-3.9456444;-0.4213795;7.0006456
-0.79487497;1.436521;6.1100025
-0.5746084;2.5570073;10.457873
3.8402996;-0.5650316;12.5264635
0.15322891;-0.7182605;14.911088
-2.5570073;1.091756;8.944737
3.667917;0.91937345;8.082825
-2.7006595;1.5514427;10.745177
2.327164;-1.0247183;10.208876
2.681506;-0.8523358;11.60709
-5.554548;-0.9864111;12.0571995
1.2258313;-2.5953147;11.319786
1.9440918;0.4309563;8.389283
-2.681506;-0.49799395;9.911995
1.8387469;0.7469909;9.864111
-0.38307226;-1.4460979;7.833828
-0.62249243;-0.41180268;10.773908
-4.9416323;1.5993267;9.260772
0.9672575;3.169923;9.835381
5.00867;-0.47884035;8.456321
-3.0358477;2.5474305;9.165004
0.545878;1.4748282;8.801085
1.6472107;0.7565677;12.411542
-6.0046577;-0.94810385;11.405977
-4.2521024;0.90021986;6.2632318
-4.2521024;1.043872;7.5082164
-4.213795;1.3790601;7.97748
-0.842759;0.6703765;5.5737014
0.5650316;0.20111294;13.397953
-2.0494366;-1.1779473;12.306197
1.1013328;0.2777274;8.590396
0.82360536;-0.4405331;8.791509
-3.4284968;1.6089035;13.196839
2.3558946;-0.5554548;13.790602
-0.49799395;-0.19153613;10.228029
-2.9592333;-0.22984336;11.042058
0.08619126;0.18195933;12.440272
-1.8195933;0.8523358;9.011775
-1.5131354;1.2258313;6.694188
-1.4173675;1.9728222;9.030929
1.7621324;0.2777274;9.825804
2.4899697;0.4213795;9.3182335
-3.8786068;1.4556746;9.730036
0.11492168;-0.1436521;5.1906295
1.1779473;0.17238252;6.38773
-2.7006595;0.61291564;11.070788
1.091756;-1.5705963;13.311762
-1.8579005;-0.9864111;10.496181
1.388637;-1.3024458;8.695741
0.9672575;-0.842759;9.394848
-5.1810527;-0.80445176;11.195287
-1.8866309;0.5363012;11.865664
-1.7046716;1.340753;8.054094
0.5746084;-0.32561144;7.881712
1.1109096;0.0;11.63582
-4.759673;1.388637;16.395493
5.535394;-2.2409728;10.534488
-1.6089035;1.6663644;9.097966
-2.6048915;0.2777274;8.42759
6.6367273;-0.23942018;9.509769
-5.305551;2.3558946;15.552734
1.1492168;-2.231396;9.825804
0.6607997;-0.90979666;4.7405195
-6.531382;2.5570073;8.983045
3.3135753;0.641646;11.032481
2.6910827;0.47884035;11.147403
-2.5761611;0.22026655;6.4164605
2.0494366;-0.2873042;8.0445175
-1.0342951;0.22984336;12.679692
-4.951209;-1.7908629;10.390836
1.8770541;-0.7565677;8.628703
-2.030283;0.48841715;8.331821
-1.4460979;-0.2681506;11.089942
3.5529952;-1.3790601;12.909535
-4.9703627;-0.25857377;9.136273
-5.755661;-0.6799533;7.5465236
-0.545878;-0.24899697;10.247183
-2.6527755;1.934515;9.634268
-1.2737153;0.8714894;6.1387334
2.6910827;0.41180268;9.251195
-1.7046716;1.2545617;13.962984
-0.047884032;-1.2449849;10.1226845
1.1300632;0.0;8.963891
-2.9592333;1.5705963;9.251195
2.3654714;-0.1340753;11.856087
0.17238252;-1.2449849;13.599066
0.29688102;-1.7429788;13.685257
-0.2777274;-1.2066777;11.894394
-0.17238252;-0.009576807;9.615114
0.641646;-0.7182605;8.111555
0.91937345;0.076614454;10.927136
-0.89064306;-0.92895025;9.452309
-2.7964275;0.60333884;8.504205
-3.1411927;0.2873042;8.264784
-0.5554548;1.2737153;9.452309
-0.46926352;-0.21068975;10.812215
-2.030283;1.5705963;5.5737014
-2.183512;0.93852705;3.3997664
2.1547816;-1.1204864;10.390836
-3.3039982;-2.4995465;16.136919
-1.7142484;-0.38307226;9.059659
-0.21068975;-0.5650316;6.7324953
-2.0973208;1.1492168;10.371682
-1.3599066;-0.58418524;11.712435
-1.4077905;0.0;12.248735
-2.336741;-0.15322891;9.959879
-2.6431987;0.29688102;14.60463
3.4476504;-1.6663644;12.564771
1.7717092;1.340753;14.010868
0.16280572;0.2777274;10.620679
3.916914;0.45010993;11.492168
-2.920926;1.388637;15.600618
-6.4260373;0.40222588;11.741165
-1.685518;1.6280571;8.111555
0.31603462;2.4516625;1.9057846
2.873042;0.9959879;8.781932
-4.2999864;1.8100165;9.730036
6.895301;-1.1971009;7.4028716
-4.6926355;1.0342951;10.534488
-5.449203;-1.340753;10.170568
7.4028716;0.80445176;3.9264908
-6.493075;2.0590134;4.6255975
-4.3766007;-2.5953147;11.971008
-1.1300632;0.19153613;11.070788
-2.9879637;0.48841715;4.414908
-1.1109096;2.087744;9.80665
-1.8770541;1.2641385;10.754754
4.1276035;-0.33518824;9.394848
-1.6280571;1.541866;8.810662
-0.94810385;-0.7182605;11.87524
-0.5650316;-1.733402;12.74673
-1.8004397;-0.7278373;10.879252
-0.08619126;0.33518824;8.350976
1.7142484;0.45968673;10.907983
2.8538885;1.2258313;16.960526
1.4748282;0.6607997;12.832921
-1.4269443;-1.1013328;8.226477
-2.078167;0.25857377;13.129802
0.038307227;-0.5554548;10.371682
-0.49799395;0.4405331;9.797073
0.93852705;1.4556746;9.11712
0.63206923;2.5091233;6.5026517
0.8523358;-0.6512229;6.2728086
6.6846113;-0.076614454;12.018892
-1.5131354;-2.3080103;12.11466
-6.291962;-2.9975405;7.0102224
-0.7565677;0.30645782;4.2904096
-4.232949;0.32561144;-0.10534488
-6.4068837;-1.733402;11.693281
3.3518825;-1.3215994;16.328455
-3.074155;-1.5035586;4.807557
-3.0454245;0.0;9.050082
4.156334;-0.5554548;13.704411
-1.5993267;-0.78529817;12.631808
1.2545617;-2.0207062;10.295067
-2.1260512;-0.6799533;14.690822
-6.4643445;0.019153614;10.802638
-0.21068975;1.2066777;10.726024
-1.5514427;2.2601264;10.342952
-0.076614454;0.37349546;13.101071
9.548077;-3.4763808;13.120225
-3.6487634;-0.038307227;16.290148
-3.6774938;-1.7908629;6.2823853
8.791509;-3.1794999;5.391742
-9.835381;2.1930888;13.924677
-4.3382936;-3.4859576;10.275913
10.151415;-0.5363012;-3.2848446
-11.166556;1.4460979;7.929596
0.59376204;-2.2026656;9.126697
1.340753;-0.6799533;3.763685
-7.1155677;1.3694834;8.686164
-1.982399;-0.58418524;9.586384
3.3901896;-0.095768064;1.0534488
-5.257667;-0.12449849;6.6367273
-5.133168;-2.2697031;14.987702
0.7374141;-1.2258313;17.132908
-2.480393;0.4405331;9.720459
-3.0262709;0.59376204;9.844957
1.8195933;-1.2066777;17.056293
1.4269443;0.29688102;19.709068
2.4516625;-0.49799395;11.329363
-2.1547816;2.087744;9.557653
-1.7525556;1.532289;13.378799
4.9895163;1.1971009;13.934254
1.2545617;1.043872;14.671668
0.40222588;1.340753;11.425131
6.4643445;1.1875241;7.383718
0.7182605;1.934515;6.8665705
-3.1603463;-0.58418524;11.022904
1.2449849;-2.3942018;7.144298
-4.673482;-0.076614454;9.500193
3.9456444;-0.11492168;2.5187001
-6.483498;3.122039;0.30645782
1.2258313;-0.90979666;8.2169
1.8100165;0.0;9.691729
-5.841852;-0.25857377;3.4859576
-1.7908629;-0.22026655;4.357447
-2.4133554;1.3790601;8.973468
3.667917;-1.5801731;8.781932
-2.6623523;1.4748282;13.350069
0.33518824;-0.7565677;9.097966
-0.9768343;-0.7469909;11.951855
-10.141838;1.5227122;15.677233
5.659893;-1.8866309;14.767436
-2.4037786;2.873042;15.571888
-8.350976;1.3599066;16.615759
1.4077905;1.0342951;14.901511
-3.916914;5.1235914;12.325351
-4.5872903;1.9153614;11.176133
1.8866309;5.1523223;12.756307
1.8195933;5.8226986;10.658986
-0.34476504;4.6830587;6.493075
-3.4859576;7.086837;9.260772
-7.2592196;4.6830587;5.161899
-3.4572272;0.38307226;3.2561142
-1.9249382;2.27928;5.841852
2.8538885;0.24899697;3.9360676
-1.4748282;-0.90021986;8.063671
-1.5131354;-1.3311762;6.655881
2.566584;-1.8770541;2.8634653
1.3503298;1.1492168;3.1411927
3.0358477;-1.091756;9.969456
6.3685765;-1.2354081;10.352529
-1.8579005;-1.2066777;5.45878
-1.5514427;-0.92895025;5.497087
-3.6870706;-2.2505496;12.181698
-6.2249246;-2.4516625;10.151415
-4.8937483;-1.3311762;6.933608
-1.6950948;-0.8523358;11.33894
-6.0238113;-1.4077905;12.11466
-2.7964275;-3.4284968;11.262324
3.466804;-1.3503298;18.617311
-1.8291701;-1.484405;20.09214
-0.40222588;-2.0207062;15.533581
3.821146;-4.5681367;19.364304
-3.0358477;0.35434186;14.144943
6.3589997;-2.3558946;16.19438
4.663905;-0.7565677;18.904617
-5.3247046;0.1340753;15.466543
11.540052;-4.6926355;11.099519
-0.82360536;1.0247183;9.260772
-4.4340615;-1.13964;13.397953
10.840945;-4.3766007;4.060566
-4.8267107;1.4652514;10.141838
4.501099;-3.7062242;4.7884035
3.3518825;1.733402;3.8307228
3.1603463;-0.58418524;8.571242
5.1235914;-3.0071173;3.6296098
-6.8761473;0.34476504;1.7717092
7.086837;-2.480393;11.425131
7.872135;-2.9017725;13.129802
-3.9264908;-1.9057846;8.935161
12.449849;-7.0581064;7.651869
-3.169923;0.61291564;4.146757
4.223372;-4.175488;7.441179
16.49126;-5.985504;6.0621185
-7.536947;-3.5434184;16.749836
5.4300494;-5.45878;9.279925
4.759673;-0.5650316;-7.0964136
-10.496181;3.1411927;5.7748146
-1.7429788;-0.61291564;-1.0247183
3.9264908;-2.930503;7.9391727
-17.879898;7.632715;-20.03468
-2.719813;-2.2888567;-0.7182605
8.724471;0.18195933;10.132261
-8.00621;9.835381;1.1109096
7.0964136;5.5162406;-32.752678
19.038692;-9.299079;6.7133417
-16.175226;4.2521024;61.3586
1.8100165;-1.8387469;50.56554
50.642155;-25.675419;24.660278
-61.62675;58.945248;-11.971008
-7.929596;-10.6398325;15.897499
-2.0015526;-7.1155677;29.735985
8.37013;-11.195287;43.382935
7.872135;-18.828003;31.632193
0.8810662;-4.1659107;58.677094
6.5984197;-11.224017;43.12436
11.329363;-7.6231384;23.329102
6.4547677;-3.620033;14.642938
-8.034941;-1.532289;10.055647
-2.9496565;-6.6750345;12.4785795
-13.876793;-1.8483237;14.4130945
-9.32781;-2.183512;0.63206923
-1.8195933;-4.2521024;6.301539
-12.737153;0.63206923;4.903325
-1.1300632;-2.1547816;-4.1659107
-4.3478703;2.2218192;3.916914
-15.820885;5.0757074;6.4164605
4.7979803;1.3503298;-4.6926355
0.842759;6.703765;-2.9783869
-3.6774938;4.4819455;12.976573
1.4652514;8.408437;0.60333884
-9.481039;9.260772;-2.72939
-5.161899;0.095768064;10.304645
-6.042965;5.2959743;3.9552212
-2.873042;3.2752678;-5.9663506
-0.10534488;1.2162545;2.8921957
-5.4683566;2.4516625;12.018892
-1.3503298;1.5514427;2.030283
-3.5625722;3.763685;6.3111157
-8.571242;3.3901896;6.3302693
-5.133168;1.9153614;4.0414124
-2.767697;1.043872;7.1730285
-1.7717092;0.047884032;8.025364
-3.572149;0.90021986;7.07726
2.4899697;1.1013328;0.41180268
-1.5610195;1.6280571;5.3725886
-1.4939818;1.6376339;8.801085
2.7389667;-2.3080103;7.9487495
-2.2601264;1.3694834;10.103531
-4.098873;2.384625;5.2385135
4.9895163;-2.183512;0.009576807
-5.4204726;1.2737153;5.544971
-6.9144545;-0.8619126;12.603078
10.831368;-3.2465374;0.6607997
-10.563218;9.030929;11.176133
4.0797195;-5.1140146;8.331821
14.001291;2.7389667;-5.4683566
-11.21444;9.595961;13.177686
16.663643;-1.0726024;6.7803793
12.124237;-6.3781533;22.093693
6.38773;-1.3694834;13.081918
-4.453215;3.169923;17.860744
1.8866309;4.4819455;4.8267107
7.0581064;1.2354081;7.422025
-8.829816;2.8921957;15.275007
1.8387469;-0.79487497;16.021997
5.046977;-0.89064306;14.480132
-8.39886;0.92895025;16.587029
8.073248;2.0111294;9.749189
7.73806;5.889736;2.1930888
-0.842759;2.183512;20.427328
5.8226986;-3.4859576;24.38255
-4.0701427;3.8019924;10.180145
1.7142484;4.5394063;4.232949
7.575254;3.1603463;16.692375
0.91937345;1.0821792;14.317327
0.5554548;2.27928;10.5919485
-0.5554548;1.5801731;9.279925
1.5705963;2.3942018;12.095507
-1.2066777;1.7429788;9.902418
-2.9592333;3.217807;6.588843
0.6895301;2.528277;4.3766007
-4.9416323;3.1794999;12.74673
0.16280572;3.074155;10.247183
5.391742;4.0318356;1.541866
0.32561144;3.5434184;0.4213795
-0.47884035;2.6623523;8.437167
6.1770406;1.7046716;9.921572
2.0494366;3.9743748;-0.34476504
-5.899313;2.384625;2.7485435
5.391742;-1.1492168;17.611748
-0.23942018;-1.2258313;12.928689
2.8538885;3.41892;0.62249243
2.1260512;4.548983;1.8100165
-2.566584;2.777274;8.073248
6.2728086;1.8387469;9.011775
0.24899697;4.1180267;6.981492
-1.2449849;3.6008794;5.2768207
9.892841;2.3654714;11.808203
0.32561144;4.6351743;13.905523
-1.5131354;2.767697;12.717999
6.8569937;2.1643584;7.9104424
-8.1402855;5.2385135;7.0006456
-2.0973208;3.2944214;5.4779334
-1.7142484;2.384625;14.259866
-11.693281;-0.22026655;13.905523
0.18195933;-1.7908629;15.303738
-2.432509;2.7868507;11.358093
-7.9104424;0.0;10.323798
2.7389667;-1.6759412;17.985243
-3.1986535;-1.2354081;23.855825
-4.7500963;-0.1436521;13.589489
1.982399;0.2873042;5.90889
-2.327164;1.6472107;8.303091
-5.813122;3.1986535;0.5554548
-0.46926352;4.060566;0.076614454
-2.4037786;2.777274;6.847417
-0.5554548;0.20111294;6.8665705
0.91937345;0.62249243;3.217807
1.7142484;-2.3175871;6.579266
5.6982;-1.436521;15.993267
0.095768064;-1.1013328;12.392388
4.596867;-3.7541082;9.864111
1.3599066;1.0534488;7.28795
-1.091756;4.4819455;3.9839516
3.7924154;1.283292;0.641646
-5.0661306;1.8962077;5.48751
-4.280833;0.38307226;4.3478703
0.4405331;3.620033;0.81402856
-3.7445314;2.9400797;6.7803793
-4.721366;0.7086837;2.7581203
1.6567876;0.9864111;10.295067
3.0262709;-1.5227122;6.5601125
-6.3111157;-1.1204864;6.9048777
5.544971;-4.8745947;14.633361
2.0398598;-0.7661445;21.222204
-3.1411927;-6.7708025;10.994174
-2.0590134;-1.9919758;10.496181
1.0342951;-3.1986535;9.758766
1.6759412;-2.633622;17.84159
-1.8004397;-5.7365074;17.669209
-0.06703765;-9.672575;18.646044
-1.1971009;-4.9799395;14.872781
4.2999864;-7.881712;16.701952
6.196194;-4.0701427;15.198392
6.9623384;-1.9728222;22.725763
10.0748005;-5.7843914;15.7825775
1.2449849;-1.9632454;11.300632
4.223372;-0.12449849;9.3182335
6.1004257;0.0;5.3342814
-7.297527;2.681506;6.244078
1.9536686;-0.45010993;4.1276035
-3.4763808;0.94810385;9.203311
-4.606444;-1.5131354;14.872781
14.384364;-2.0111294;7.8146744
-3.620033;2.0590134;7.345411
4.865018;-5.1140146;22.285229
6.5696893;-0.30645782;19.488802
-5.4779334;-4.4915223;4.31914
-1.8770541;-1.8387469;14.671668
-0.62249243;-2.4037786;16.634912
-0.51714754;-0.6607997;10.160992
0.6799533;0.8619126;8.963891
-1.1492168;0.7757214;11.549629
-2.1068976;1.1971009;11.856087
2.3175871;1.5705963;9.595961
1.2162545;1.2162545;12.5264635
-1.4748282;1.283292;13.9917145
3.4380736;1.3599066;7.7667904
0.842759;2.4229321;4.654328
-4.175488;0.7278373;12.047623
0.8810662;0.37349546;10.754754
1.6376339;1.982399;3.217807
-0.9864111;0.50757074;6.9527617
-0.9959879;-0.019153614;9.442732
3.323152;-0.19153613;9.873688
2.7006595;1.1013328;9.107543
-2.0111294;1.0055647;10.67814
1.0342951;1.1492168;5.401319
4.6160207;0.2777274;4.951209
1.3215994;0.038307227;12.593501
-2.4037786;0.076614454;12.220005
3.6966474;0.11492168;3.0454245
0.34476504;0.9768343;10.0748005
-3.083732;0.641646;12.028469
4.453215;0.7182605;6.8761473
3.2752678;1.1204864;7.7572136
-2.087744;1.0247183;15.456966
3.0358477;-0.11492168;11.712435
-2.5761611;2.566584;2.681506
-2.0590134;1.3024458;11.089942
0.9768343;0.2873042;14.595054
-0.9768343;0.89064306;11.951855
1.0247183;0.79487497;10.113108
-1.043872;-0.30645782;12.047623
1.2066777;-0.49799395;11.760319
2.566584;0.20111294;12.277467
3.1507695;-0.5267244;15.811308
-2.7868507;-1.4269443;15.016433
-6.253655;0.0;8.303091
4.4340615;-1.2354081;7.192182
-3.572149;-0.50757074;15.150508
-5.899313;-0.79487497;11.9135475
10.907983;-2.7964275;5.4300494
-6.483498;2.0398598;9.998186
-4.501099;-0.05746084;11.434708
14.106636;-0.1340753;2.4133554
-10.01734;2.5570073;7.9966335
-2.0398598;-1.7812861;15.26543
2.7868507;2.1930888;1.9057846
-10.965444;2.920926;-1.436521
3.6391866;-2.3558946;11.329363
-3.821146;0.7086837;9.14585
-1.1779473;1.1492168;0.15322891
0.59376204;0.89064306;7.383718
2.6240451;-0.22026655;11.444284
6.1195793;-0.19153613;8.465898
-0.5746084;0.6895301;8.2169
5.995081;-1.2449849;11.18571
2.96881;-0.24899697;17.60217
-3.2369606;-0.10534488;10.658986
3.5817258;-2.327164;10.448297
-2.585738;-1.6759412;17.314867
-1.7142484;-3.9935284;18.483236
6.1004257;-2.9879637;14.451402
-0.61291564;-0.89064306;11.999739
2.4133554;-2.4229321;13.9917145
3.5051112;-0.79487497;14.480132
1.7429788;-0.61291564;13.962984
2.7102363;-0.22026655;10.898406
0.62249243;0.29688102;10.381259
2.6527755;0.641646;8.7053175
1.4173675;1.3599066;6.799533
0.4405331;-0.06703765;7.383718
-0.46926352;-0.641646;9.346964
-0.9576807;-1.541866;9.136273
-4.7788267;0.02873042;8.207323
-0.2873042;-0.90979666;9.586384
0.63206923;-0.32561144;9.854534
-5.0661306;0.40222588;10.802638
4.3287168;-1.388637;10.304645
-1.7238252;-0.23942018;12.277467
1.1492168;-0.60333884;11.36767
3.2465374;0.8523358;9.002198
-2.6623523;1.9440918;4.9895163
4.6926355;-0.038307227;9.14585
-0.24899697;0.80445176;12.919112
-4.606444;0.9959879;7.1730285
0.33518824;0.35434186;5.93762
-7.038953;0.4405331;9.394848
-3.5242648;-0.7374141;12.966996
2.0685902;-0.45010993;10.5919485
-2.4037786;-0.6607997;9.921572
-1.8100165;0.6607997;10.007763
3.0071173;1.4460979;8.0445175
3.7445314;0.7661445;6.205771
-1.5035586;-0.5554548;16.156073
-0.6991069;-0.6991069;14.326903
0.2873042;1.0247183;3.6966474
-3.5242648;1.4748282;4.7405195
-3.3997664;-0.6607997;15.351622
1.2641385;-2.4229321;15.667656
-2.7868507;0.0;7.967903
0.6703765;-1.7717092;9.768343
-0.4213795;1.7908629;9.988609
0.46926352;1.5035586;8.264784
7.0964136;-0.22984336;6.7708025
-1.8866309;-1.0247183;17.190369
-3.41892;-0.038307227;10.802638
4.865018;2.432509;-1.1779473
-2.7868507;2.4133554;7.374141
0.79487497;-2.0398598;17.372328
3.3806129;-0.62249243;6.5601125
-4.012682;-0.8523358;7.0964136
1.340753;-1.3790601;10.840945
-2.920926;1.532289;10.601525
3.916914;1.1013328;6.703765
3.1316159;1.1109096;12.832921
-2.9783869;-0.7182605;13.67568
1.8483237;-0.047884032;9.184157
0.9672575;2.0398598;5.3247046
1.2354081;-0.40222588;11.18571
-1.2066777;-1.1683705;17.257406
-2.432509;-0.5650316;10.208876
0.41180268;-0.02873042;5.1235914
-3.4476504;1.5993267;10.563218
-0.019153614;0.22026655;11.808203
5.3342814;0.22984336;7.1826053
-1.8866309;1.1492168;13.158532
-0.78529817;-0.36391866;13.120225
2.4516625;1.9919758;4.9703627
-1.9632454;2.8443117;1.6184803
1.340753;-1.4077905;15.98369
-1.6376339;-1.0342951;14.738706
-4.232949;0.48841715;5.2385135
2.9783869;1.9919758;3.9935284
0.6991069;2.3750482;8.274361
-2.1739352;1.7142484;10.821792
4.912902;-1.1109096;12.191275
0.63206923;-0.8331822;13.148955
-3.0071173;0.6991069;10.295067
5.803545;0.30645782;4.6830587
-1.7429788;0.32561144;8.465898
-0.1436521;-1.4748282;14.106636
-1.0342951;-3.064578;12.334928
-5.439626;-1.9153614;8.647857
-0.6607997;0.31603462;7.2592196
1.4269443;0.19153613;6.167464
1.2066777;0.93852705;12.363658
2.815581;-1.5801731;13.359646
-1.340753;-1.340753;8.944737
-1.7142484;1.5897499;6.8091097
-0.23942018;0.60333884;9.615114
2.078167;-0.62249243;12.105083
-0.009576807;-0.2873042;12.411542
-1.733402;-0.8523358;10.362105
-1.7621324;-0.38307226;8.868123
-3.9935284;0.22026655;8.724471
-0.30645782;-1.283292;11.836933
3.2273839;-1.0247183;12.660539
0.10534488;-0.17238252;7.872135
-0.4213795;1.2449849;11.15698
3.8977604;-1.3790601;15.08347
1.5131354;-1.7525556;11.760319
0.5650316;-1.982399;9.730036
-1.1300632;-0.08619126;11.473015
-3.7541082;-0.6607997;10.055647
-1.3311762;-1.9632454;2.8060043
-4.644751;0.33518824;9.710882
-6.9623384;0.80445176;8.437167
0.46926352;-0.34476504;0.91937345
-1.4269443;3.4572272;8.034941
2.135628;0.038307227;11.18571
4.1946416;-1.8291701;8.887277
-0.80445176;0.8331822;11.769896
-3.7445314;0.21068975;11.884817
-0.7182605;-0.842759;6.847417
-2.2409728;-0.20111294;10.5919485
-2.2697031;-0.38307226;14.518439
-2.183512;-0.8523358;12.98615
3.4093432;-0.36391866;9.337387
-1.6567876;-0.2681506;10.773908
0.61291564;-0.34476504;11.204864
1.1300632;-1.043872;9.165004
-4.5394063;0.40222588;11.3964
1.5035586;0.1340753;7.4507556
-0.6607997;0.7565677;5.995081
-2.3558946;0.90979666;9.710882
-3.7253778;1.4556746;9.078813
4.501099;-1.2354081;5.8801594
0.37349546;0.5650316;10.5919485
0.7469909;0.89064306;10.927136
4.213795;-0.60333884;8.475474
-4.5872903;-0.7086837;13.599066
-0.9768343;-2.0590134;11.425131
-3.3327289;0.89064306;5.506664
-3.7445314;0.59376204;10.94629
0.58418524;-0.2777274;15.284584
4.5298295;-1.1013328;13.053187
0.6607997;0.24899697;8.437167
0.24899697;0.23942018;10.821792
0.7469909;-0.009576807;11.999739
-2.384625;-0.7374141;12.564771
-3.1316159;-0.842759;10.295067
-2.183512;-0.19153613;6.435614
-1.6567876;0.7469909;9.5385
-4.4340615;0.545878;11.808203
0.46926352;0.63206923;6.2728086
2.4995465;-0.22026655;5.2385135
0.095768064;0.9576807;12.832921
1.292869;0.39264908;10.093954
-0.038307227;0.08619126;8.714894
-1.9728222;-2.1547816;9.069236
-4.060566;-0.5650316;9.883265
-3.2273839;0.9864111;6.215348
1.3982137;0.842759;10.601525
0.63206923;0.05746084;9.758766
-0.45010993;0.25857377;11.645397
1.3024458;-0.81402856;12.516887
-5.851429;0.60333884;6.9048777
-1.3599066;0.22984336;9.816227
0.4405331;0.31603462;9.921572
-3.2273839;1.3790601;7.8912888
3.715801;-0.7757214;10.70687
-1.6376339;-0.59376204;13.455414
0.7565677;0.34476504;11.836933
1.2449849;1.4556746;10.170568
-0.842759;-1.3024458;14.614207
-0.48841715;0.79487497;13.292608
4.4436383;-2.384625;8.743625
-3.9264908;0.9576807;10.70687
-7.1634517;0.7086837;8.0924015
0.89064306;-1.283292;5.4300494
-5.2289367;2.9592333;10.91756
-1.3024458;0.82360536;8.149862
7.0102224;1.1492168;7.1730285
-2.5091233;1.8674773;12.966996
1.6376339;-1.2162545;10.237606
1.388637;-0.90021986;7.6231384
-2.5474305;0.2681506;10.477027
-0.7278373;-1.4939818;10.1226845
-2.135628;-0.5746084;7.9870567
-0.2873042;0.8331822;9.892841
-2.1260512;-0.61291564;9.423578
-0.7278373;-0.6895301;10.218452
-3.4093432;-0.095768064;10.860099
-1.0821792;-1.0055647;6.8186865
0.7661445;1.292869;7.4028716
-1.8291701;1.8387469;11.128249
0.6703765;0.047884032;12.919112
-2.9113493;-0.36391866;9.279925
-2.9879637;-0.40222588;9.471462
1.8195933;0.02873042;8.0445175
-4.3287168;1.8100165;10.524911
-0.35434186;-0.06703765;10.70687
2.815581;-1.9632454;13.9438305
-2.0494366;-1.0630256;10.70687
-0.39264908;2.1452048;7.8529816
-3.265691;0.7278373;9.739613
-2.1260512;-0.37349546;10.409989
4.0318356;1.1204864;9.959879
0.5650316;-1.8579005;8.542512
2.7006595;-2.585738;11.300632
0.047884032;0.17238252;13.685257
-3.0071173;-1.7046716;6.2823853
-0.63206923;-1.0342951;5.7365074
-3.1124623;0.8714894;10.28549
0.4405331;-0.92895025;8.6095495
-2.078167;-0.05746084;8.772355
-0.78529817;0.15322891;8.293514
1.340753;-0.6703765;7.699753
-0.9672575;-0.93852705;12.785037
-2.432509;-1.292869;13.120225
0.22026655;-1.9632454;7.4028716
-1.5705963;0.33518824;6.9048777
-1.7717092;0.90979666;11.856087
-0.12449849;0.29688102;9.864111
-2.6623523;-0.80445176;6.8761473
1.0534488;0.29688102;12.401965
-2.183512;-1.9632454;12.641385
2.7868507;-1.1492168;9.433155
-1.340753;1.7429788;12.162544
-4.7309427;-0.1436521;10.783484
-1.1300632;0.12449849;8.916007
-0.41180268;0.18195933;5.449203
-4.2042184;0.7278373;13.302185
4.510676;-0.6991069;12.258312
2.3654714;-0.08619126;5.592855
0.0;-0.2777274;11.530476
3.8019924;-1.7525556;15.47612
-2.7868507;-0.32561144;11.089942
-1.6950948;-0.10534488;6.933608
0.24899697;1.6759412;6.2632318
-0.33518824;-0.35434186;11.683704
-4.309563;0.047884032;12.861651
-1.7142484;0.6607997;9.32781
0.1436521;1.8962077;4.0701427
1.9249382;0.9959879;12.287044
0.12449849;1.0342951;12.018892
4.510676;-1.0247183;9.481039
0.009576807;-0.2681506;12.018892
-3.6774938;-0.08619126;14.231135
-1.541866;-0.545878;8.485051
-1.7046716;0.11492168;9.289502
-1.13964;-0.05746084;9.548077
-0.08619126;0.5554548;9.385271
2.633622;-0.12449849;9.404425
-5.2385135;-0.22026655;10.7356
-1.5610195;0.095768064;7.3071036
-1.5514427;1.5993267;6.6846113
-3.2944214;1.1875241;4.414908
-0.4405331;2.2984335;11.501745
0.6607997;1.13964;11.856087
2.0015526;-2.681506;6.5984197
0.94810385;0.7086837;10.04607
0.038307227;0.20111294;11.808203
1.7142484;0.40222588;14.020445
-0.08619126;1.8674773;9.653421
1.2258313;-2.1164744;9.11712
-0.20111294;-0.9864111;11.587936
-6.5505357;1.8483237;10.802638
-1.6663644;-1.3215994;5.755661
-0.9576807;1.3503298;9.021352
-1.1013328;2.480393;9.212888
5.00867;-0.36391866;11.415554
-0.7374141;-0.24899697;15.255854
2.834735;-2.633622;15.303738
2.1452048;-1.7525556;5.93762
-4.5202527;0.36391866;11.597513
-0.46926352;-0.02873042;12.938266
-1.934515;-0.82360536;9.548077
-0.7469909;-0.63206923;8.24563
-2.4516625;2.1547816;9.32781
0.05746084;-0.02873042;8.350976
-0.40222588;-0.10534488;11.204864
-4.807557;-0.6895301;6.0238113
4.271256;1.0821792;6.7229185
-0.45010993;1.0247183;13.01488
0.22984336;0.4309563;15.227123
1.7238252;0.08619126;9.126697
-0.8523358;-0.4213795;8.781932
-0.24899697;0.80445176;12.823344
-4.7500963;1.7717092;8.935161
-3.514688;-1.934515;5.6790466
-0.6799533;0.08619126;11.520899
-4.060566;0.05746084;7.28795
-2.6719291;0.5554548;5.1906295
-3.6104562;1.6950948;13.426683
-1.2066777;-0.61291564;9.998186
4.3861775;-1.436521;8.264784
1.292869;0.60333884;15.8783455
-1.5514427;0.0;13.713987
2.719813;-2.0207062;8.810662
0.18195933;-1.340753;11.683704
-2.9017725;-1.6663644;15.648502
1.0342951;-1.1875241;9.385271
-1.4077905;-0.25857377;7.8625584
-3.217807;0.12449849;8.7532015
1.13964;-1.4939818;7.029376
-0.047884032;0.36391866;10.457873
-7.335834;1.5514427;8.954314
2.5187001;0.37349546;2.183512
3.572149;1.13964;3.9073372
2.8060043;-0.047884032;13.742718
3.1890767;-2.528277;15.275007
-1.8866309;-2.4133554;11.099519
-2.3080103;-1.8387469;7.086837
1.0821792;-1.1587936;9.662998
1.7046716;-1.3215994;11.808203
-2.2218192;-0.94810385;13.043611
1.5801731;-1.7717092;12.50731
-5.3821654;1.3311762;10.46745
0.2681506;0.05746084;9.375694
-3.371036;3.3997664;7.9104424
-3.8498764;1.2354081;10.534488
3.8977604;-0.38307226;10.0748005
-2.432509;0.5746084;9.739613
1.0726024;-1.3311762;10.563218
-0.7182605;-0.1340753;12.421119
0.6512229;-1.6280571;10.812215
0.8810662;-0.48841715;10.04607
0.4405331;-0.21068975;11.061212
-0.24899697;0.641646;11.722012
-0.81402856;-0.6512229;9.088389
1.1492168;-0.9959879;8.724471
-2.9113493;1.8100165;8.7053175
-0.7374141;0.51714754;7.038953
-0.6607997;0.59376204;9.892841
0.20111294;-0.46926352;10.6877165
3.8977604;-1.0534488;7.029376
-0.51714754;1.5610195;7.4603324
-1.292869;0.9576807;9.088389
5.401319;-0.59376204;10.840945
-1.3599066;-1.4173675;9.5385
-0.8619126;-1.5610195;8.389283
-0.095768064;0.4309563;9.481039
-4.644751;-1.7429788;12.306197
-3.8786068;-1.1779473;8.561666
-1.6950948;2.0111294;4.7788267
-0.6991069;0.1340753;6.301539
-3.8307228;1.9153614;12.162544
3.8786068;-0.6799533;11.60709
2.815581;-3.4284968;9.337387
-0.22026655;-3.0454245;14.642938
0.35434186;-0.9672575;14.834474
-1.3790601;0.038307227;9.950302
3.6487634;-1.484405;7.824251
-2.2026656;-0.8619126;14.748282
-5.2768207;-1.2449849;16.606182
-1.7621324;-0.02873042;5.659893
-0.93852705;1.9919758;4.6255975
3.064578;-1.1683705;14.901511
4.0318356;-0.9768343;16.567875
4.501099;-0.2873042;10.25676
1.8291701;-1.0534488;10.093954
-3.217807;0.15322891;13.694834
-2.3654714;-1.532289;8.647857
-0.9576807;-0.37349546;9.825804
-1.2641385;2.3558946;11.923124
2.9496565;-0.076614454;5.765238
0.7278373;1.2737153;8.676587
0.4309563;0.49799395;10.189722
-0.48841715;-1.1300632;10.189722
-2.4516625;0.60333884;6.2823853
1.6567876;-0.7757214;9.203311
3.1316159;-0.80445176;8.542512
-4.3957543;-0.047884032;10.563218
-2.6240451;-0.9576807;6.205771
-0.18195933;0.05746084;5.889736
-2.1068976;1.283292;12.210428
-2.231396;-1.934515;12.794614
-0.11492168;1.2449849;4.9320555
-0.46926352;2.6910827;3.5434184
1.1300632;-0.29688102;10.97502
-2.7389667;-0.7182605;15.753847
-6.3302693;0.40222588;9.107543
-0.05746084;0.4309563;9.816227
0.47884035;2.8921957;12.785037
4.596867;0.8810662;13.01488
5.2480903;0.5650316;12.880805
-2.3942018;0.46926352;15.380352
3.9073372;-2.0398598;15.284584
2.336741;-0.6799533;10.371682
-7.0581064;2.5187001;5.209783
2.72939;0.94810385;6.5505357
0.4309563;1.9153614;13.608643
-2.3558946;-0.019153614;8.590396
0.5267244;0.2777274;2.873042
-2.4612393;-0.21068975;9.232041
-0.7757214;-0.545878;6.033388
3.8019924;-1.8770541;4.2425256
1.3311762;0.4213795;9.672575
-0.6607997;-2.8634653;11.645397
1.091756;-3.2465374;8.0445175
-1.4939818;-1.6089035;9.232041
1.9153614;0.06703765;6.205771
-1.0821792;-1.7525556;3.0071173
-0.18195933;-1.8387469;12.488156
-2.1452048;-2.4899697;15.9262295
-3.8881836;0.12449849;7.6231384
-3.8594532;3.4572272;1.5705963
1.8100165;-1.7717092;11.051635
-0.6895301;-3.4476504;22.409727
-4.2042184;-2.0590134;20.657173
3.1316159;-4.10845;8.868123
-2.8538885;0.2873042;13.292608
-3.5913026;-1.5897499;23.760057
7.07726;-4.098873;26.66183
1.7717092;-2.5091233;5.851429
-7.335834;5.1523223;6.0716953
-8.465898;1.934515;11.559206
-8.494628;0.12449849;13.330915
2.9400797;-1.6089035;9.816227
-5.391742;1.1779473;-0.19153613
3.3135753;1.9919758;7.920019
8.207323;0.06703765;4.7022123
-3.2369606;-0.20111294;9.615114
7.393295;-5.0278234;5.046977
-2.7006595;1.9919758;0.6895301
-4.9799395;-1.5897499;5.9759274
1.982399;-0.79487497;4.10845
-4.3382936;-0.11492168;1.2258313
-0.9576807;-0.6991069;2.2697031
-2.087744;-2.0398598;5.7365074
-1.685518;-4.4819455;4.309563
-2.432509;0.29688102;10.97502
-3.3039982;-2.6240451;11.87524
0.2873042;-2.566584;16.127342
5.00867;-2.7868507;14.135366
2.6048915;0.4309563;18.626888
5.8226986;-1.0534488;24.028208
4.2521024;-1.1109096;13.053187
-8.236053;3.074155;9.222465
6.5601125;-3.763685;10.295067
-2.9113493;1.532289;22.438457
-14.470555;4.596867;4.7979803
9.002198;8.954314;0.5746084
1.9536686;15.006856;11.769896
0.5650316;4.711789;-1.4556746
27.08321;-5.813122;15.792154
-9.481039;15.131354;35.280956
-4.3861775;-9.682152;8.494628
13.196839;-6.0716953;-3.8881836
-7.6135616;7.843405;0.35434186
0.8810662;-0.39264908;19.85272
15.849615;-1.6759412;16.587029
-12.689269;-6.14831;20.312407
-5.544971;0.05746084;6.3111157
-1.3120226;-3.1124623;9.14585
-2.873042;-1.2354081;12.315774
1.4460979;-1.8195933;12.143391
1.8004397;-1.7717092;11.243171
-4.8745947;-0.4405331;12.210428
2.2122424;-0.4309563;9.634268
-1.8195933;1.9728222;3.1603463
-4.55856;0.30645782;10.457873
4.7405195;-2.4420857;13.196839
-7.144298;1.1971009;13.982138
1.1683705;2.6048915;2.3750482
0.2777274;3.8594532;5.410896
0.8810662;0.6607997;10.477027
4.4819455;1.1587936;10.927136
-1.8483237;0.4213795;1.5131354
-4.261679;3.3614593;3.4284968
-1.4556746;0.7565677;6.531382
3.763685;1.1875241;7.1826053
2.5378537;1.283292;8.274361
1.6950948;0.22026655;12.74673
2.27928;-0.60333884;12.698846
-0.9672575;0.019153614;8.0924015
-0.9576807;-0.92895025;11.741165
-0.78529817;-1.484405;17.592594
-1.1300632;-1.3503298;13.359646
1.7046716;-1.4556746;8.312668
-3.8977604;-0.18195933;12.603078
-0.81402856;-0.34476504;18.416199
8.379706;-2.72939;15.763424
-3.3997664;-1.1300632;18.004396
5.3821654;-1.1013328;14.796166
8.39886;-0.41180268;8.944737
-4.2521024;1.1492168;12.98615
3.1507695;-2.8538885;14.81532
-1.2737153;0.48841715;9.404425
-6.5218053;2.3463178;2.566584
0.06703765;0.076614454;3.8977604
0.5267244;0.2681506;11.003751
-0.82360536;0.047884032;9.730036
-1.2737153;0.60333884;2.6910827
2.4229321;0.5746084;6.493075
-2.9975405;2.6527755;4.596867
1.8004397;1.3982137;-2.135628
6.0716953;-0.7469909;9.710882
-9.758766;0.19153613;15.974113
6.493075;2.6623523;1.436521
0.076614454;7.1155677;-13.67568
-2.4133554;-0.78529817;15.71554
8.073248;-4.2999864;24.507048
-1.9153614;1.9536686;0.8619126
-3.371036;0.9959879;-6.579266
0.6799533;-1.8962077;16.031574
-1.6663644;-5.0278234;14.614207
6.2632318;-3.4955344;10.0269165
-5.391742;-0.7565677;15.964537
-2.767697;-4.8841715;23.03222
8.820239;-3.1316159;16.46253
0.4405331;-3.083732;18.05228
2.2409728;-2.5091233;10.773908
6.9144545;-0.8619126;14.15452
-1.1971009;0.038307227;9.3661175
0.5554548;0.5650316;10.955867
-0.45968673;0.18195933;8.236053
-1.8674773;-0.9959879;9.088389
-2.3654714;0.5650316;10.477027
-4.711789;-0.02873042;6.5696893
-1.2162545;-0.34476504;9.634268
-5.7748146;0.35434186;10.295067
-3.016694;-1.4077905;3.2561142
4.232949;-0.90021986;4.9895163
1.7812861;-0.5650316;9.356541
-4.596867;3.2752678;8.590396
10.658986;2.4229321;6.1770406
1.6280571;2.2888567;3.083732
-4.4915223;0.7374141;8.963891
5.841852;-1.4939818;11.702858
-5.391742;1.5897499;10.764331
-8.159439;0.019153614;5.3725886
3.572149;-0.1436521;6.3781533
0.6703765;-0.5746084;12.813767
-3.4763808;-4.098873;22.543802
4.271256;-6.244078;20.321983
3.016694;-3.715801;10.333375
2.777274;-4.3766007;21.62443
6.445191;-4.261679;18.47366
5.1906295;-0.7757214;14.317327
-1.283292;0.12449849;4.5298295
-3.4859576;-0.5746084;8.580819
-2.5378537;-1.2066777;13.637373
-3.466804;0.59376204;3.916914
3.1124623;1.1875241;3.0358477
-3.8881836;1.2545617;13.771448
2.2697031;-0.5650316;11.444284
3.9552212;2.1739352;-0.93852705
-3.5529952;2.834735;6.655881
6.493075;-1.2737153;11.884817
-4.4819455;1.2066777;10.25676
-4.5872903;0.38307226;8.734048
0.6895301;0.31603462;7.651869
-2.3463178;0.7565677;10.486604
1.2162545;-1.283292;14.84405
3.7732618;-0.9768343;15.313314
-0.5746084;-2.27928;15.006856
1.2066777;-1.5610195;13.464991
0.6799533;0.6607997;11.87524
2.6623523;0.5650316;11.300632
0.5363012;-1.0630256;13.857639
-0.6607997;-1.1971009;14.393941
2.135628;-1.1683705;10.266336
-0.15322891;-0.1436521;7.929596
-1.8674773;-0.18195933;9.011775
1.3503298;-0.46926352;9.346964
-1.6184803;0.40222588;8.944737
-1.9440918;0.4309563;7.699753
-0.49799395;0.7182605;6.0716953
1.7238252;1.3311762;6.751649
2.528277;0.6991069;7.929596
-0.6512229;0.6991069;7.920019
2.9113493;-0.48841715;7.7667904
0.4405331;0.24899697;8.054094
-2.6910827;-0.11492168;7.5082164
-0.82360536;0.49799395;5.985504
-4.0701427;0.79487497;5.4204726
-1.934515;-0.30645782;8.829816
-1.283292;-1.0726024;10.141838
-3.122039;0.4309563;8.0924015
2.1643584;-1.0342951;9.232041
2.384625;-1.1300632;14.010868
-0.06703765;-1.6089035;17.592594
2.1930888;-2.2984335;15.284584
-2.6910827;-1.8195933;11.501745
-0.94810385;-2.1164744;12.823344
-0.7661445;-2.1643584;11.405977
-3.0358477;-1.4652514;9.040505
-1.3024458;-1.1587936;12.823344
-2.327164;-0.38307226;11.980585
1.2641385;0.545878;5.6215854
1.3790601;0.4213795;10.342952
3.7253778;-1.6184803;12.74673
1.1683705;-0.92895025;10.97502
0.33518824;-0.11492168;9.768343
2.2601264;-0.6991069;10.180145
-0.8523358;0.05746084;10.457873
1.9057846;-0.60333884;10.113108
1.0151415;-0.79487497;10.43872
-0.8810662;-0.21068975;9.9790325
-0.59376204;-0.2681506;7.843405
-1.1875241;-0.19153613;6.847417
1.5514427;-0.6991069;9.500193
2.0111294;-0.58418524;11.262324
-0.17238252;0.05746084;9.433155
0.40222588;-0.30645782;8.274361
-0.31603462;0.2777274;9.3182335
0.82360536;-0.641646;9.030929
-0.7374141;-0.50757074;10.132261
-1.6663644;-0.23942018;10.783484
0.545878;0.2681506;8.619126
-1.982399;0.48841715;7.1634517
-0.51714754;0.12449849;8.858546
3.514688;-0.23942018;9.77792
-1.1683705;0.20111294;9.356541
-0.6703765;0.39264908;10.113108
-0.41180268;0.79487497;9.653421
0.92895025;0.37349546;7.536947
-1.2162545;-0.22984336;9.691729
-0.9959879;-0.6991069;13.378799
0.92895025;-0.58418524;10.352529
-2.8443117;0.92895025;9.500193
0.019153614;-0.21068975;9.825804
1.685518;0.11492168;9.710882
2.4995465;-0.34476504;9.921572
1.4652514;-0.11492168;11.741165
-2.27928;0.40222588;11.166556
0.7278373;0.32561144;5.6886234
0.23942018;0.24899697;8.7053175
-0.5650316;-0.2777274;13.043611
0.93852705;0.7086837;9.232041
-1.6663644;1.043872;7.3071036
0.641646;1.043872;9.346964
1.5514427;0.22984336;11.779472
2.5378537;-0.095768064;10.6398325
1.3120226;0.1340753;9.969456
0.90021986;0.038307227;12.133814
0.095768064;0.641646;9.375694
-1.9440918;0.7565677;5.2289367
-0.05746084;0.10534488;8.801085
-3.217807;-0.20111294;12.172121
-1.8866309;0.0;6.5696893
-0.15322891;1.1875241;7.0964136
0.7565677;1.2258313;9.509769
3.6008794;-0.22984336;12.401965
2.1164744;-0.50757074;11.87524
0.5650316;0.17238252;8.6574335
-0.6703765;0.10534488;8.858546
-2.5091233;0.30645782;9.940725
1.7621324;-0.5650316;9.691729
-0.51714754;0.08619126;11.520899
1.1683705;-0.7661445;11.57836
1.1300632;0.34476504;8.925584
0.22984336;0.41180268;8.916007
2.2218192;-0.22984336;12.698846
0.20111294;-0.12449849;11.473015
0.11492168;0.2777274;6.8282633
1.484405;0.61291564;7.517793
1.2641385;0.4213795;10.955867
0.25857377;0.0;10.936713
1.1492168;0.20111294;9.14585
0.6799533;-0.10534488;9.212888
0.6703765;-0.009576807;10.888829
1.4269443;0.0;9.174581
1.5801731;-0.7469909;9.040505
-0.62249243;-0.7661445;11.616667
0.9576807;-0.49799395;10.342952
-0.7757214;0.9768343;7.6135616
-0.2681506;0.37349546;8.963891
3.2848446;-0.6895301;12.143391
-2.9496565;0.4213795;11.693281
3.466804;-0.08619126;7.6231384
0.61291564;0.80445176;9.825804
-0.22984336;-0.22026655;13.541605
3.7062242;-0.48841715;10.419566
0.82360536;0.15322891;7.2113357
-0.5363012;0.5650316;9.576807
1.5514427;0.076614454;11.18571
-1.1683705;0.22984336;9.165004
-1.340753;-0.05746084;9.56723
0.38307226;0.10534488;9.3182335
-0.6991069;0.7757214;9.959879
1.8004397;1.1587936;8.446744
1.6280571;0.41180268;9.988609
-0.46926352;0.30645782;12.516887
-0.5650316;0.24899697;11.224017
2.078167;0.6512229;7.2687964
-0.92895025;1.1971009;8.963891
-1.13964;0.0;12.373235
0.7086837;0.0;10.850522
-1.4652514;0.5746084;8.293514
-2.5187001;-0.12449849;10.496181
0.4309563;0.2873042;10.1226845
1.3599066;1.1587936;8.916007
1.283292;0.009576807;12.133814
0.009576807;-0.047884032;11.664551
-0.34476504;1.0534488;6.4547677
2.5187001;1.1492168;8.322245
-0.9672575;0.6703765;12.469003
-2.6144683;0.641646;7.240066
-1.6184803;0.90021986;5.046977
-1.5227122;0.30645782;11.932701
-1.6759412;-0.11492168;11.147403
0.5650316;1.7142484;4.0797195
1.4748282;1.4748282;8.714894
1.4460979;-0.49799395;16.184803
1.7429788;-0.51714754;13.781025
1.982399;0.20111294;8.542512
0.6799533;1.0247183;6.9719152
0.46926352;0.08619126;11.319786
1.388637;-0.019153614;11.540052
-0.61291564;-0.50757074;11.520899
-4.453215;0.2681506;9.576807
0.7086837;-0.32561144;7.9966335
0.5267244;1.532289;8.848969
3.620033;-0.9864111;12.765883
0.7278373;-0.009576807;14.911088
-1.484405;0.25857377;10.065224
2.2409728;0.8810662;7.2113357
0.7757214;1.0055647;8.532935
0.37349546;-0.18195933;11.281479
-1.340753;-0.5363012;9.911995
-2.2026656;-0.51714754;8.916007
-0.21068975;-0.4213795;8.839393
-2.6527755;0.62249243;6.8761473
3.1890767;-0.29688102;6.885724
1.283292;-0.8523358;14.240712
-1.436521;-1.0151415;12.5264635
2.9975405;0.12449849;8.2169
1.0151415;1.7812861;6.9144545
0.8714894;0.49799395;9.825804
1.8674773;-0.7374141;9.11712
-2.9400797;-0.4405331;9.11712
-2.480393;-0.5746084;8.504205
0.20111294;-0.1436521;7.2209125
0.39264908;-0.18195933;9.835381
3.169923;-1.6089035;11.942278
1.1300632;-1.484405;12.995727
1.1204864;-0.9768343;12.229582
3.217807;-0.47884035;8.322245
-1.2449849;1.2258313;8.523358
4.4723687;-0.60333884;11.760319
-0.32561144;-1.091756;14.240712
-3.8307228;-1.0726024;8.724471
1.13964;-0.49799395;4.501099
-1.2162545;0.38307226;8.848969
0.076614454;-1.3215994;14.997279
0.94810385;-0.94810385;11.271901
0.7278373;-0.24899697;9.490616
0.29688102;-0.009576807;12.880805
2.7485435;-0.1436521;9.988609
0.7757214;1.0151415;8.590396
0.9959879;0.22026655;9.931149
-3.3997664;-0.076614454;11.836933
-0.095768064;-0.91937345;6.8186865
-1.5514427;0.23942018;7.4124484
-0.62249243;-0.18195933;12.287044
3.0071173;-0.91937345;11.951855
-0.40222588;-1.0534488;13.417107
1.7621324;0.009576807;10.065224
0.2777274;0.80445176;9.126697
2.183512;0.32561144;10.295067
-1.2641385;0.24899697;11.434708
-1.2641385;-0.9959879;9.14585
-2.585738;-0.047884032;8.532935
-1.5227122;0.16280572;8.130709
1.6759412;0.89064306;8.973468
2.7389667;0.1340753;9.787497
0.22026655;-0.06703765;13.321339
0.545878;0.50757074;10.007763
1.0247183;1.6472107;6.445191
-0.5650316;0.25857377;9.155427
-1.4173675;0.19153613;8.916007
1.484405;-0.10534488;9.346964
-1.6376339;0.16280572;9.749189
-2.6527755;0.17238252;10.314221
2.4229321;0.20111294;8.39886
2.1643584;0.6991069;11.089942
0.62249243;-0.36391866;14.700398
0.0;0.06703765;12.890382
1.4939818;1.043872;6.885724
-1.8100165;1.0534488;9.988609
0.47884035;-0.59376204;11.798626
0.641646;0.06703765;10.94629
-2.1739352;0.32561144;8.801085
-0.60333884;-0.17238252;8.379706
-0.7757214;0.6703765;10.084377
2.4612393;0.02873042;10.160992
1.9728222;0.47884035;9.797073
-2.1547816;0.9768343;10.400413
2.5761611;0.0;10.304645
-0.61291564;0.9959879;7.517793
1.283292;0.15322891;6.751649
0.9768343;0.19153613;11.329363
-1.0247183;-0.30645782;9.672575
-0.38307226;0.36391866;7.1251445
0.5363012;-0.23942018;9.969456
0.39264908;-0.45010993;10.132261
3.083732;-0.46926352;9.471462
0.34476504;0.49799395;12.133814
-0.8331822;-0.4309563;12.4785795
-0.2681506;0.46926352;9.11712
1.2066777;0.49799395;7.7189064
1.2737153;0.6799533;9.911995
-0.23942018;-0.05746084;12.028469
0.009576807;-0.82360536;11.013328
-1.4556746;0.6895301;7.479486
-0.90979666;0.4213795;4.9895163
0.29688102;0.7757214;8.963891
1.043872;-0.047884032;12.679692
1.3215994;-0.59376204;9.950302
-1.6950948;-0.31603462;10.477027
1.3790601;-0.02873042;9.136273
1.8100165;-0.19153613;10.141838
3.0358477;-0.63206923;12.4785795
-1.9057846;-0.19153613;12.08593
-1.6376339;-0.2777274;9.672575
0.2873042;0.095768064;7.9391727
1.484405;-0.32561144;11.702858
0.21068975;-0.40222588;12.555194
1.1875241;-1.4173675;9.9790325
0.7182605;-0.076614454;9.739613
-1.388637;-0.39264908;13.666103
1.2354081;-1.340753;10.67814
3.9935284;-1.1875241;7.201759
0.4213795;0.06703765;9.442732
1.8866309;-0.4309563;12.717999
0.18195933;-0.1340753;7.8912888
-1.1204864;0.095768064;5.2480903
2.3080103;-1.8004397;10.850522
-1.3120226;-0.6703765;10.7356
2.2505496;-1.1683705;7.52737
-2.9113493;-0.7661445;8.408437
-2.4420857;-0.7469909;12.124237
2.6240451;-1.6280571;7.699753
-2.0398598;-0.31603462;8.226477
0.076614454;0.047884032;12.210428
0.1436521;-0.4405331;9.921572
-2.1068976;0.2873042;8.24563
0.7757214;-0.17238252;7.6231384
1.3311762;-0.39264908;11.281479
0.4309563;-0.59376204;12.133814
-3.0454245;-0.16280572;10.28549
0.4405331;-0.41180268;9.3661175
-0.41180268;-0.92895025;11.81778
-1.5897499;-0.39264908;9.56723
3.4859576;0.2873042;10.04607
0.46926352;1.2162545;11.415554
-1.3215994;-0.7182605;8.829816
1.0534488;-0.22984336;9.892841
-0.63206923;-0.16280572;12.076353
-1.1109096;0.33518824;8.7053175
0.4213795;0.4309563;8.389283
2.930503;0.06703765;10.783484
-0.24899697;0.076614454;11.693281
0.63206923;1.1683705;9.892841
2.030283;0.36391866;9.883265
-2.030283;1.4748282;9.720459
1.7429788;0.47884035;9.069236
0.095768064;0.9672575;9.672575
-3.0262709;-0.19153613;10.821792
0.12449849;-0.7182605;8.6574335
-0.4405331;0.7757214;8.513782
1.4460979;0.545878;9.433155
-0.25857377;-0.05746084;8.42759
-1.7238252;0.24899697;11.434708
1.3120226;-0.6607997;11.731588
-1.1492168;0.1436521;8.485051
1.4748282;0.41180268;7.699753
-1.6759412;0.61291564;9.864111
-0.82360536;-0.36391866;12.679692
2.6910827;-0.7086837;10.515334
-3.2848446;0.89064306;8.829816
1.5705963;1.1587936;8.532935
0.36391866;0.842759;10.524911
-1.2162545;-0.11492168;11.57836
0.92895025;-0.641646;10.783484
-1.2162545;-0.5554548;11.856087
1.9440918;-0.61291564;8.887277
3.763685;-0.02873042;10.084377
-0.37349546;0.0;10.0748005
1.2641385;0.16280572;10.505757
0.2873042;0.08619126;8.207323
-1.1875241;0.02873042;7.785944
2.4612393;-0.06703765;9.557653
0.34476504;-0.1436521;10.151415
1.532289;-0.82360536;9.107543
1.5801731;-0.12449849;10.821792
2.1068976;0.02873042;9.854534
2.0494366;-0.02873042;8.303091
2.4995465;-0.10534488;9.9790325
-1.0534488;-0.11492168;11.405977
-1.6663644;-0.19153613;7.422025
-0.9672575;-0.34476504;7.3549876
-0.45010993;-1.2449849;13.101071
-0.641646;-0.8810662;12.038046
0.24899697;0.11492168;9.011775
1.4269443;0.10534488;10.984597
1.292869;-0.24899697;13.579912
0.94810385;-0.30645782;10.658986
1.7142484;-0.7757214;10.113108
-3.5913026;-0.61291564;11.243171
-4.0318356;-0.62249243;8.973468
-2.4516625;0.89064306;5.449203
-3.9264908;0.20111294;9.854534
1.7046716;-1.1013328;12.0093155
1.5227122;0.41180268;11.377247
-0.6895301;0.29688102;9.203311
4.357447;0.16280572;9.136273
1.13964;1.340753;9.203311
-0.51714754;0.25857377;8.379706
2.6240451;-0.36391866;8.954314
-3.4955344;-0.50757074;9.481039
-0.61291564;-0.6512229;7.73806
2.231396;-0.21068975;6.129156
-0.29688102;0.19153613;7.4986396
2.3654714;-1.2545617;12.976573
2.8634653;-0.7565677;10.43872
0.24899697;-1.2545617;9.9790325
2.0207062;0.30645782;12.852075
4.6255975;-1.0630256;8.8777
3.7445314;0.8523358;10.7356
1.6089035;-0.36391866;14.039598
0.12449849;-0.32561144;13.828909
-2.6527755;1.13964;8.274361
-2.5091233;1.7621324;5.9663506
1.484405;0.90021986;9.481039
1.532289;0.1340753;12.880805
-0.91937345;-0.29688102;14.001291
0.45968673;-0.60333884;10.132261
1.340753;0.63206923;7.9966335
-0.038307227;0.7565677;9.921572
1.8674773;0.62249243;11.147403
-0.22026655;-0.047884032;10.821792
-1.0247183;-0.62249243;11.731588
-1.283292;0.0;10.132261
0.076614454;0.90021986;5.1906295
-0.35434186;1.2162545;7.690176
-0.91937345;0.038307227;10.601525
-0.641646;0.06703765;10.103531
0.61291564;0.24899697;8.619126
0.45968673;1.4652514;6.1100025
1.1204864;1.7046716;7.029376
1.3982137;-0.24899697;9.844957
-0.7565677;-0.63206923;12.555194
0.21068975;-0.90979666;9.80665
-2.5570073;0.50757074;7.642292
1.2258313;0.842759;7.0102224
4.462792;0.05746084;10.783484
-1.3503298;-0.2681506;12.181698
2.2505496;-1.2162545;11.597513
0.34476504;0.59376204;9.730036
-0.17238252;0.63206923;8.599973
3.8498764;0.7757214;9.442732
-0.7278373;0.1436521;12.593501
1.8100165;-1.5035586;11.109096
0.5267244;0.23942018;9.241618
2.777274;-1.0342951;10.400413
1.4077905;-0.60333884;11.089942
0.545878;-1.4460979;11.865664
3.41892;-2.384625;13.206416
-1.9919758;-1.2641385;14.681245
0.22984336;-0.20111294;11.147403
2.0494366;1.6567876;3.3135753
-1.7142484;1.091756;9.442732
1.7238252;-1.4269443;13.733141
0.6895301;-1.0630256;10.247183
-3.064578;-0.79487497;7.3071036
4.721366;-1.5801731;10.371682
1.292869;0.842759;9.892841
3.715801;-0.24899697;9.32781
-0.24899697;-0.5267244;11.84651
-7.067683;-0.51714754;7.6614456
-2.8538885;0.20111294;9.050082
-1.3120226;1.2737153;10.28549
-1.6184803;0.61291564;5.1235914
2.5474305;0.8523358;6.751649
2.528277;0.41180268;12.74673
-1.5897499;-1.1492168;11.530476
4.4340615;-1.283292;7.632715
-0.11492168;0.45968673;13.455414
2.9017725;-0.35434186;10.802638
2.3558946;-0.47884035;10.160992
-4.2999864;-0.60333884;12.5743475
-3.667917;-1.7238252;12.334928
-1.8291701;-0.25857377;5.5641246
0.36391866;-0.038307227;9.931149
1.8100165;1.2162545;12.77546
5.544971;1.6663644;7.9104424
2.3463178;2.078167;8.628703
-2.825158;1.532289;13.685257
5.257667;-1.1204864;9.3661175
-3.964798;-0.33518824;9.241618
-3.2082303;0.80445176;10.812215
3.6774938;0.36391866;7.6231384
-2.336741;0.82360536;7.517793
-4.9799395;0.92895025;11.616667
3.1986535;-0.48841715;9.021352
-3.5529952;2.7102363;8.082825
1.3503298;0.6607997;8.475474
5.267244;-0.4405331;11.712435
-2.480393;2.0015526;12.966996
-2.384625;-0.545878;5.085284
-1.6280571;0.1436521;5.353435
0.33518824;-0.4309563;15.887922
-0.23942018;-2.4899697;14.978126
-1.733402;0.6895301;6.5601125
1.3790601;1.8195933;5.506664
-3.217807;0.91937345;11.319786
-5.6215854;-1.5993267;11.147403
-2.2601264;-0.90979666;7.9583263
-2.7102363;1.292869;10.831368
-3.1411927;0.61291564;5.707777
3.5434184;1.091756;9.969456
4.098873;-0.7086837;14.834474
-2.183512;-4.951209;12.488156
-0.90021986;-0.095768064;11.894394
-0.93852705;-2.6527755;6.1770406
-0.19153613;-2.3942018;12.11466
0.7565677;-0.39264908;12.29662
-1.5131354;-1.1587936;8.63828
-2.96881;-1.5897499;6.6654577
-0.45010993;-0.38307226;11.425131
2.1930888;-1.733402;11.894394
0.6895301;-1.6184803;11.386824
1.0247183;-1.2066777;7.9104424
2.5187001;-0.92895025;8.073248
1.484405;-1.0726024;11.310209
-0.5746084;-3.3614593;14.240712
0.37349546;-2.2888567;9.251195
-2.7389667;0.5746084;6.3685765
-0.22026655;-1.4556746;8.561666
-1.9919758;-1.1300632;11.87524
-2.6431987;-2.2218192;9.844957
-1.9919758;-0.89064306;9.155427
-0.15322891;-0.17238252;6.9623384
1.3982137;-0.2681506;8.599973
0.94810385;0.50757074;11.731588
1.5131354;0.076614454;11.808203
-2.231396;-0.22026655;10.218452
-0.63206923;0.08619126;11.358093
-1.091756;0.21068975;8.513782
-4.213795;1.2449849;7.8146744
-0.5650316;0.019153614;12.325351
0.6895301;-0.22984336;10.151415
-0.8714894;0.59376204;12.143391
0.8619126;0.05746084;11.444284
4.2521024;0.29688102;9.80665
2.3175871;0.6512229;11.616667
-0.6512229;-0.29688102;13.532028
0.94810385;0.58418524;8.628703
-1.8291701;0.7278373;8.762778
-4.175488;0.59376204;10.419566
5.0374002;0.7374141;6.0046577
-3.4476504;2.0494366;4.654328
-0.36391866;-0.58418524;17.113754
3.8019924;1.2641385;10.295067
-1.4460979;3.0071173;3.0933087
3.8594532;1.8579005;6.167464
1.1875241;2.0590134;10.97502
-1.0247183;1.6280571;8.963891
0.7374141;1.484405;5.046977
-2.9017725;1.4556746;7.07726
-1.8483237;1.0247183;8.599973
-1.1109096;1.6663644;10.773908
-3.3135753;0.9768343;9.126697
2.1739352;-0.48841715;13.072341
3.7253778;-0.08619126;13.9151
1.5610195;1.2066777;14.60463
5.0661306;-0.34476504;10.515334
-2.9017725;0.45968673;13.397953
-4.5298295;-0.47884035;12.823344
0.48841715;-0.842759;9.203311
-4.3382936;1.3503298;8.523358
-0.02873042;0.641646;9.461885
1.5227122;0.8714894;8.619126
-3.0071173;1.0342951;7.3071036
2.3463178;-0.2681506;10.888829
2.4516625;0.9864111;10.611102
0.78529817;1.436521;8.724471
2.825158;1.5035586;6.3781533
-0.34476504;2.2026656;8.255207
0.11492168;0.20111294;10.91756
0.38307226;-0.48841715;12.354081
-1.0151415;1.3982137;8.925584
0.22026655;1.2737153;4.673482
1.283292;1.3790601;10.553641
-0.5746084;0.02873042;13.043611
-0.7661445;0.009576807;11.501745
-0.22026655;-0.40222588;9.749189
1.2737153;0.4213795;11.195287
1.8962077;1.2258313;8.8777
2.0015526;1.5610195;8.063671
1.0055647;0.49799395;12.162544
-1.2258313;-0.51714754;14.393941
-0.2873042;-1.1587936;10.879252
-0.8810662;1.4652514;7.297527
-1.043872;1.6567876;7.795521
1.9919758;0.90979666;10.70687
0.45010993;-0.35434186;12.650962
-0.38307226;0.0;11.15698
0.12449849;1.2641385;9.260772
1.3503298;2.1452048;7.4507556
2.6048915;1.7429788;8.6574335
-0.6607997;2.96881;10.362105
2.5761611;0.38307226;7.967903
-1.2162545;1.6472107;10.0269165
3.4763808;0.545878;12.593501
4.7022123;2.4516625;8.839393
-0.5650316;2.384625;8.025364
4.55856;0.22984336;11.942278
-2.135628;-0.6512229;12.066776
-0.5554548;0.1436521;9.940725
-0.2777274;1.4748282;4.960786
-2.432509;1.733402;11.60709
4.3287168;1.1013328;10.907983
0.18195933;2.585738;8.063671
1.1492168;2.815581;7.7667904
1.8100165;1.3503298;10.563218
0.4213795;0.91937345;8.599973
-4.0318356;1.6950948;7.97748
-3.4763808;1.8004397;8.743625
-0.4405331;1.3311762;10.228029
-1.7429788;1.1300632;11.942278
1.685518;1.3215994;11.520899
1.982399;2.432509;8.628703
-0.22984336;2.2122424;10.093954
0.89064306;0.39264908;13.024457
-3.1411927;2.2984335;11.712435
1.8195933;0.90979666;7.642292
3.7445314;1.9728222;16.22311
3.4859576;1.6472107;12.162544
3.9264908;2.2122424;8.925584
4.1946416;2.078167;12.4785795
-0.7086837;0.08619126;11.9614315
-3.667917;0.2681506;7.8146744
-1.6663644;0.15322891;6.8569937
-2.5091233;0.6607997;6.4547677
1.6280571;1.4077905;6.646304
3.0358477;1.8674773;9.615114
0.8523358;0.19153613;12.4785795
9.232041;-1.7046716;9.471462
1.685518;0.32561144;9.921572
2.2697031;-0.94810385;11.750742
4.4915223;-0.11492168;9.107543
-4.0797195;0.076614454;8.868123
-1.6567876;-0.48841715;8.494628
-3.0933087;0.1436521;9.212888
-3.3518825;0.5554548;10.764331
-2.078167;0.23942018;10.170568
-4.9703627;2.8443117;5.1235914
-0.7182605;0.89064306;8.925584
2.327164;2.1452048;13.838486
0.8331822;0.9864111;11.377247
0.32561144;1.2162545;9.097966
0.9576807;0.8619126;9.394848
-0.92895025;0.80445176;11.856087
-5.315128;-0.9576807;9.3661175
-2.4133554;-0.4405331;10.113108
-2.6240451;2.5570073;10.821792
0.63206923;2.3654714;8.628703
2.633622;2.825158;9.998186
-2.1164744;1.6759412;11.808203
2.0398598;0.9768343;11.463438
-1.5610195;1.0055647;9.605537
-2.8538885;0.8810662;10.984597
0.7278373;1.4077905;10.888829
-2.0015526;1.2641385;9.002198
-2.078167;1.13964;10.831368
0.9672575;0.91937345;11.195287
-1.0342951;0.62249243;11.36767
-1.3599066;-0.34476504;10.170568
-1.8387469;-0.047884032;5.803545
-1.9249382;1.484405;8.772355
0.17238252;1.5705963;11.118672
1.5131354;1.4173675;8.236053
-0.23942018;1.3982137;3.8977604
5.3821654;1.2162545;11.3964
3.5242648;-0.10534488;12.813767
5.3342814;-1.2162545;11.358093
5.6120086;1.1013328;11.60709
4.3957543;0.41180268;11.070788
6.7229185;-1.0342951;10.218452
-0.39264908;0.82360536;12.248735
0.39264908;-1.3215994;10.333375
1.0630256;1.1683705;9.11712
-5.2289367;1.6089035;6.2632318
0.39264908;0.46926352;6.991069
-0.038307227;0.51714754;10.381259
-2.9975405;2.087744;10.668563
2.27928;1.4652514;7.335834
-1.1013328;2.6431987;7.431602
0.50757074;0.7182605;10.036493
0.8523358;1.1971009;12.689269
-3.7732618;1.2066777;9.337387
0.9672575;1.3694834;9.77792
-0.7374141;2.2601264;10.97502
-3.5338416;0.6799533;10.208876
1.6089035;-0.12449849;12.066776
-3.3997664;0.8619126;13.838486
-6.2823853;1.0726024;9.174581
0.4405331;2.0207062;7.6710224
-3.620033;2.0973208;9.931149
-1.6376339;1.4939818;9.155427
0.842759;1.5131354;6.6271505
-0.2873042;1.0151415;10.362105
-0.11492168;0.33518824;11.674128
2.327164;0.25857377;9.77792
-0.16280572;0.60333884;10.409989
-3.217807;0.1436521;11.549629
-0.095768064;-0.6895301;9.3182335
-1.292869;0.076614454;10.314221
-3.5817258;0.2873042;12.287044
2.777274;-0.40222588;10.314221
0.06703765;1.0630256;8.992621
-1.4269443;0.79487497;9.988609
3.0933087;-0.45010993;9.078813
-0.90021986;1.1109096;7.9870567
-0.2777274;0.4213795;9.768343
1.5897499;-1.2449849;7.07726
0.20111294;1.982399;8.178593
-0.8619126;0.23942018;10.448297
-0.076614454;-1.1204864;10.515334
0.1436521;0.36391866;10.658986
0.8714894;0.25857377;10.362105
1.091756;-1.1013328;11.894394
1.1013328;-1.4939818;12.593501
-0.46926352;-1.0726024;11.741165
-1.5705963;-0.6703765;10.773908
-0.32561144;0.05746084;10.524911
-0.82360536;0.40222588;10.295067
-0.82360536;0.23942018;9.375694
1.2641385;0.9576807;9.739613
-2.0398598;1.2162545;8.7532015
0.63206923;1.5035586;7.824251
-2.3654714;1.934515;8.561666
-0.25857377;1.5035586;10.218452
1.7238252;1.1109096;9.950302
-2.231396;1.685518;10.390836
2.0590134;1.9440918;9.835381
1.8770541;2.1260512;10.0748005
-1.3311762;2.0207062;11.63582
1.6663644;1.9249382;9.77792
-3.2752678;1.9632454;8.341399
-0.6512229;1.4748282;11.147403
-0.58418524;1.6759412;9.078813
-1.5897499;2.1068976;8.0445175
0.7086837;1.7238252;9.883265
-0.5554548;1.9249382;10.314221
-0.076614454;1.3503298;9.289502
-0.7182605;1.8291701;9.902418
0.25857377;1.4939818;10.381259
-1.0151415;1.8004397;9.710882
-0.545878;1.3215994;9.892841
-1.532289;1.2162545;10.065224
-0.047884032;0.92895025;9.299079
-0.92895025;1.4173675;9.500193
0.33518824;0.90021986;9.595961
0.45968673;0.7661445;9.9790325
0.7086837;0.4213795;10.189722
0.92895025;0.22984336;10.658986
0.10534488;0.40222588;9.950302
1.8866309;0.06703765;9.921572
-0.5267244;0.2777274;10.630256
0.63206923;0.16280572;10.505757
0.22026655;0.08619126;10.141838
0.17238252;0.21068975;10.658986
1.4939818;0.24899697;10.907983
0.7086837;0.32561144;10.247183
1.484405;0.11492168;10.43872
0.7565677;0.22984336;10.611102
0.31603462;0.08619126;10.093954
0.019153614;0.05746084;9.720459
-0.7182605;-0.019153614;9.251195
0.8619126;-0.019153614;9.653421
-0.095768064;0.076614454;9.299079
1.0342951;0.009576807;9.720459
-0.10534488;0.17238252;9.672575
0.48841715;0.22984336;9.797073
0.8331822;0.1340753;10.007763
-1.5610195;0.45010993;10.218452
1.3982137;0.19153613;9.950302
-1.2162545;0.93852705;9.844957
0.7278373;0.4405331;10.01734
0.2681506;0.6512229;10.94629
-0.9959879;0.6991069;10.486604
-0.38307226;1.0151415;9.825804
-0.038307227;1.340753;9.615114
-0.16280572;1.3694834;10.304645
-0.24899697;1.436521;9.873688
0.06703765;1.6089035;9.3182335
-0.34476504;1.6376339;9.701305
-0.019153614;1.8195933;9.701305
-0.16280572;1.982399;9.260772
0.63206923;1.9632454;9.768343
0.2873042;2.183512;9.844957
0.90979666;2.2505496;9.299079
0.7374141;2.4133554;9.710882
0.11492168;2.5570073;9.816227
1.5993267;2.5474305;9.136273
0.019153614;3.0933087;9.682152
1.3503298;2.920926;9.672575
1.5801731;3.074155;8.724471
-0.05746084;3.3518825;9.557653
2.6240451;3.064578;10.189722
-0.1340753;3.4284968;8.963891
1.3024458;3.2752678;9.758766
1.1779473;3.1411927;9.768343
-0.22026655;3.2273839;9.088389
0.7757214;2.8634653;9.682152
0.41180268;2.6719291;9.825804
0.1436521;2.4708161;10.266336
0.60333884;2.030283;9.835381
0.8619126;2.0590134;10.170568
-0.23942018;2.1260512;10.524911
0.35434186;1.3120226;10.888829
-0.23942018;1.1204864;9.940725
0.076614454;1.1300632;9.586384
0.18195933;0.9768343;10.218452
0.22984336;1.0151415;10.25676
0.24899697;1.091756;9.662998
0.5746084;0.89064306;10.113108
0.21068975;0.91937345;10.170568
0.47884035;0.6991069;9.816227
0.5554548;0.6799533;10.314221
0.23942018;0.4405331;10.477027
0.58418524;0.29688102;10.1226845
0.32561144;0.2777274;10.093954
0.4405331;0.08619126;10.055647
0.33518824;0.21068975;9.921572
0.45968673;0.10534488;9.825804
0.31603462;0.15322891;9.902418
0.30645782;0.1340753;9.902418
0.35434186;0.19153613;9.854534
0.32561144;0.1340753;9.835381
0.31603462;0.10534488;9.883265
0.38307226;0.16280572;9.77792
0.35434186;0.10534488;9.864111
0.29688102;0.1340753;9.739613
0.33518824;0.095768064;9.787497
0.34476504;0.22984336;9.739613
0.45010993;0.038307227;9.787497
0.45968673;0.11492168;9.998186
0.4309563;0.08619126;9.854534
0.32561144;0.21068975;9.768343
0.36391866;0.10534488;9.864111
0.39264908;0.11492168;9.940725
0.36391866;0.095768064;9.931149
0.33518824;0.1340753;10.007763
0.35434186;0.076614454;9.883265
0.36391866;0.038307227;9.864111
0.33518824;0.08619126;9.883265
0.38307226;0.038307227;9.911995
0.32561144;0.038307227;9.902418
0.36391866;0.047884032;9.864111
0.35434186;0.10534488;9.864111
0.32561144;0.047884032;9.931149
0.31603462;0.047884032;9.911995
0.30645782;0.076614454;9.864111
0.31603462;0.076614454;9.864111
0.36391866;0.047884032;9.883265
0.33518824;0.038307227;9.864111
0.32561144;0.095768064;9.921572
0.36391866;0.095768064;9.931149
0.37349546;0.095768064;9.883265
0.37349546;0.019153614;9.902418
0.32561144;0.076614454;9.864111
0.34476504;0.019153614;9.921572
0.36391866;0.06703765;9.892841
0.36391866;0.08619126;9.825804
0.36391866;0.0;9.959879
0.35434186;0.076614454;9.921572
0.38307226;0.10534488;9.844957
0.32561144;0.047884032;9.911995
0.32561144;0.047884032;9.854534
0.37349546;0.076614454;9.816227
0.32561144;0.047884032;9.835381
0.34476504;-0.009576807;9.902418
0.37349546;0.047884032;9.844957
0.35434186;0.095768064;9.873688
0.38307226;0.009576807;9.911995
0.32561144;0.02873042;9.854534
0.38307226;0.05746084;9.883265
0.33518824;0.05746084;9.873688
0.33518824;0.05746084;9.911995
0.33518824;0.0;9.835381
0.36391866;0.02873042;9.854534
0.38307226;0.06703765;9.902418
0.34476504;0.05746084;9.931149
0.36391866;0.05746084;9.950302
0.38307226;0.0;9.873688
0.35434186;0.10534488;9.959879
0.39264908;0.05746084;9.883265
0.36391866;0.02873042;9.883265
0.37349546;0.0;9.892841
0.36391866;0.019153614;9.873688
0.39264908;0.06703765;9.921572
0.37349546;0.047884032;9.864111
0.34476504;0.10534488;9.950302
0.33518824;0.076614454;9.797073
0.38307226;0.038307227;9.911995
0.33518824;0.076614454;9.873688
0.36391866;0.038307227;9.988609
0.33518824;0.06703765;9.911995
0.33518824;0.02873042;9.911995
0.35434186;0.02873042;9.931149
0.34476504;0.047884032;9.892841
0.36391866;0.047884032;9.892841
0.35434186;0.0;9.950302
0.2777274;0.02873042;9.911995
0.36391866;0.009576807;9.854534
0.34476504;0.02873042;9.883265
0.29688102;0.06703765;9.844957
0.35434186;0.076614454;9.844957
0.35434186;0.12449849;9.825804
0.38307226;0.038307227;9.883265
0.37349546;0.095768064;9.911995
0.39264908;0.047884032;9.864111
0.31603462;0.047884032;9.921572
0.34476504;0.047884032;9.854534
0.32561144;0.095768064;9.892841
0.35434186;0.02873042;9.873688
0.32561144;0.05746084;9.883265
0.32561144;0.05746084;9.902418
0.32561144;0.095768064;9.768343
0.39264908;0.038307227;9.892841
0.33518824;0.047884032;9.854534
0.35434186;0.06703765;9.844957
0.36391866;0.02873042;9.864111
0.35434186;0.047884032;9.854534
0.33518824;0.038307227;9.950302
0.35434186;0.076614454;9.883265
0.31603462;0.05746084;9.816227
0.39264908;0.019153614;9.883265
0.32561144;0.019153614;9.883265
0.34476504;0.06703765;9.80665
0.33518824;0.038307227;9.911995
0.33518824;0.038307227;9.873688
0.35434186;0.11492168;9.864111
0.36391866;0.06703765;9.816227
0.37349546;0.06703765;9.864111
0.40222588;0.038307227;9.873688
0.38307226;0.0;9.883265
0.38307226;0.009576807;9.921572
0.35434186;0.06703765;9.80665
0.36391866;0.05746084;9.931149
0.34476504;0.019153614;9.892841
0.36391866;0.047884032;9.902418
0.37349546;0.05746084;9.911995
0.29688102;0.009576807;9.787497
0.34476504;0.047884032;9.892841
0.29688102;0.0;9.844957
0.34476504;-0.038307227;9.768343
0.39264908;0.1436521;9.911995
0.24899697;0.038307227;9.854534
0.36391866;0.019153614;9.854534
0.34476504;0.095768064;9.825804
0.32561144;0.047884032;9.864111
0.33518824;0.06703765;9.902418
0.34476504;0.076614454;9.825804
0.35434186;0.05746084;9.854534
0.32561144;0.047884032;9.931149
0.33518824;0.05746084;9.864111
0.36391866;0.06703765;9.902418
0.34476504;0.10534488;9.883265
0.38307226;0.009576807;9.988609
0.33518824;0.076614454;9.940725
0.36391866;0.06703765;9.950302
0.40222588;0.038307227;9.959879
0.31603462;0.019153614;9.816227
0.38307226;0.06703765;9.854534
0.37349546;0.038307227;9.844957
0.36391866;0.019153614;9.835381
0.29688102;0.076614454;9.864111
0.38307226;0.038307227;9.931149
0.32561144;0.038307227;9.911995
0.34476504;0.038307227;9.902418
0.35434186;0.038307227;9.883265
0.36391866;0.009576807;9.883265
0.33518824;0.06703765;9.883265
0.36391866;-0.019153614;9.883265
0.35434186;0.038307227;9.931149
0.31603462;0.02873042;9.911995
0.35434186;0.06703765;9.844957
0.31603462;0.05746084;9.825804
0.31603462;0.02873042;9.825804
0.35434186;0.06703765;9.911995
0.33518824;0.06703765;9.864111
0.36391866;0.047884032;9.873688
0.33518824;0.02873042;9.864111
0.36391866;0.02873042;9.873688
0.36391866;0.05746084;9.864111
0.32561144;0.038307227;9.873688
0.34476504;0.02873042;9.931149
0.35434186;0.02873042;9.825804
0.37349546;0.05746084;9.931149
0.31603462;0.047884032;9.883265
0.39264908;0.038307227;9.825804
0.31603462;0.009576807;9.835381
0.36391866;0.05746084;9.911995
0.35434186;0.038307227;9.864111
0.32561144;0.02873042;9.892841
0.32561144;0.05746084;9.883265
0.35434186;0.038307227;9.892841
0.33518824;0.076614454;9.902418
0.35434186;0.05746084;9.825804
0.36391866;0.009576807;9.969456
0.37349546;0.009576807;9.873688
0.36391866;0.047884032;9.902418
0.35434186;0.0;9.902418
0.38307226;0.019153614;9.902418
0.29688102;0.05746084;9.921572
0.37349546;0.038307227;9.864111
0.37349546;0.076614454;9.911995
0.35434186;0.05746084;9.844957
0.35434186;0.047884032;9.854534
0.35434186;0.02873042;9.959879
0.32561144;0.076614454;9.883265
0.38307226;0.047884032;9.844957
0.29688102;0.05746084;9.835381
0.33518824;0.0;9.969456
0.32561144;0.05746084;9.873688
0.35434186;0.02873042;9.921572
0.35434186;0.019153614;9.902418
0.31603462;0.038307227;9.931149
0.35434186;0.019153614;9.873688
0.30645782;0.0;9.892841
0.33518824;0.009576807;9.854534
0.35434186;0.05746084;9.911995
0.35434186;0.02873042;9.873688
0.36391866;0.05746084;9.883265
0.37349546;0.038307227;9.892841
0.39264908;0.009576807;9.835381
0.34476504;0.009576807;9.911995
0.31603462;0.0;9.902418
0.36391866;0.047884032;9.854534
0.37349546;0.05746084;9.864111
0.35434186;0.009576807;9.883265
0.39264908;0.009576807;9.816227
0.35434186;0.019153614;9.844957
0.33518824;0.047884032;9.931149
0.37349546;-0.038307227;9.902418
0.30645782;0.1436521;9.902418
0.35434186;0.06703765;9.787497
0.34476504;0.06703765;9.873688
0.34476504;0.06703765;10.01734
0.37349546;0.0;9.892841
0.35434186;0.08619126;9.77792
0.33518824;0.009576807;9.892841
