;ay;ax;az
0;0.641646;-0.18195933;9.844957
1;0.7757214;-0.18195933;9.643845
2;0.7757214;-0.19153613;9.519346
3;0.7086837;-0.15322891;9.902418
4;0.6991069;-0.08619126;10.103531
5;0.78529817;-0.16280572;9.959879
6;0.7565677;-0.17238252;9.691729
7;0.7182605;-0.20111294;9.691729
8;0.90021986;-0.15322891;9.758766
9;0.6607997;-0.019153614;10.132261
10;0.7374141;-0.20111294;10.04607
11;0.8714894;-0.095768064;9.911995
12;0.45968673;-0.23942018;9.80665
13;0.7565677;-0.2777274;9.605537
14;1.0151415;-0.10534488;9.969456
15;0.4405331;-0.24899697;10.0269165
16;0.8810662;-0.095768064;9.959879
17;0.8523358;-0.10534488;9.835381
18;0.47884035;-0.31603462;9.720459
19;0.8523358;-0.095768064;9.854534
20;0.8331822;-0.22026655;9.921572
21;0.60333884;-0.22026655;10.01734
22;0.7661445;-0.1436521;9.902418
23;0.81402856;-0.17238252;9.749189
24;0.7182605;-0.12449849;9.77792
25;0.7661445;-0.23942018;9.940725
26;0.7565677;-0.1340753;9.969456
27;0.7757214;-0.10534488;9.835381
28;0.78529817;-0.19153613;9.730036
29;0.81402856;-0.22984336;9.835381
30;0.7182605;-0.18195933;9.921572
31;0.6512229;-0.22026655;9.931149
32;0.81402856;-0.15322891;9.911995
33;0.7278373;-0.21068975;9.825804
34;0.7182605;-0.1340753;9.902418
35;0.7278373;-0.17238252;9.883265
36;0.7182605;-0.1436521;9.825804
37;0.79487497;-0.12449849;9.911995
38;0.7565677;-0.15322891;9.835381
39;0.7565677;-0.10534488;9.816227
40;0.80445176;-0.1436521;9.864111
41;0.6703765;-0.18195933;9.816227
42;0.78529817;-0.16280572;9.854534
43;0.7182605;-0.1436521;9.80665
44;0.6799533;-0.16280572;9.825804
45;0.80445176;-0.19153613;9.825804
46;0.7565677;-0.16280572;9.854534
47;0.6512229;-0.18195933;9.816227
48;0.7565677;-0.16280572;9.816227
49;0.7565677;-0.15322891;9.835381
50;0.7278373;-0.095768064;9.892841
51;0.7278373;-0.1340753;9.854534
52;0.7565677;-0.16280572;9.892841
53;0.7469909;-0.16280572;9.835381
54;0.7374141;-0.1340753;9.854534
55;0.7182605;-0.1436521;9.921572
56;0.7182605;-0.1340753;9.864111
57;0.7374141;-0.1340753;9.873688
58;0.7469909;-0.1340753;9.892841
59;0.7469909;-0.15322891;9.816227
60;0.7565677;-0.1436521;9.864111
61;0.7565677;-0.11492168;9.825804
62;0.7565677;-0.20111294;9.883265
63;0.7661445;-0.11492168;9.825804
64;0.7374141;-0.16280572;9.835381
65;0.7278373;-0.16280572;9.902418
66;0.7565677;-0.10534488;9.864111
67;0.7469909;-0.16280572;9.844957
68;0.7469909;-0.17238252;9.787497
69;0.6991069;-0.1340753;9.892841
70;0.7757214;-0.11492168;9.844957
71;0.80445176;-0.15322891;9.797073
72;0.7182605;-0.18195933;9.864111
73;0.7374141;-0.15322891;9.835381
74;0.7374141;-0.16280572;9.902418
75;0.6991069;-0.17238252;9.864111
76;0.7278373;-0.1340753;9.892841
77;0.7469909;-0.15322891;9.854534
78;0.7469909;-0.16280572;9.854534
79;0.79487497;-0.19153613;9.80665
80;0.7661445;-0.18195933;9.844957
81;0.7757214;-0.1436521;9.854534
82;0.7374141;-0.1436521;9.854534
83;0.78529817;-0.19153613;9.854534
84;0.7374141;-0.18195933;9.825804
85;0.7374141;-0.1436521;9.883265
86;0.7469909;-0.16280572;9.80665
87;0.7469909;-0.17238252;9.921572
88;0.7661445;-0.16280572;9.873688
89;0.7374141;-0.15322891;9.854534
90;0.7757214;-0.19153613;9.892841
91;0.7374141;-0.18195933;9.797073
92;0.7661445;-0.22026655;9.844957
93;0.7565677;-0.16280572;9.854534
94;0.79487497;-0.15322891;9.854534
95;0.78529817;-0.1436521;9.825804
96;0.7661445;-0.1340753;9.883265
97;0.7278373;-0.15322891;9.902418
98;0.7469909;-0.17238252;9.797073
99;0.79487497;-0.16280572;9.883265
100;0.7661445;-0.16280572;9.797073
101;0.7757214;-0.11492168;9.844957
102;0.7278373;-0.11492168;9.883265
103;0.7565677;-0.17238252;9.80665
104;0.78529817;-0.16280572;9.883265
105;0.7278373;-0.18195933;9.883265
106;0.7469909;-0.1436521;9.864111
107;0.7469909;-0.12449849;9.80665
108;0.7278373;-0.15322891;9.844957
109;0.7565677;-0.1340753;9.902418
110;0.7565677;-0.15322891;9.854534
111;0.7086837;-0.1340753;9.873688
112;0.78529817;-0.19153613;9.883265
113;0.7661445;-0.12449849;9.816227
114;0.7565677;-0.18195933;9.835381
115;0.7469909;-0.19153613;9.854534
116;0.7278373;-0.1340753;9.797073
117;0.7757214;-0.22984336;9.873688
118;0.80445176;-0.18195933;9.892841
119;0.7469909;-0.15322891;9.854534
120;0.7565677;-0.16280572;9.864111
121;0.78529817;-0.17238252;9.80665
122;0.7469909;-0.19153613;9.892841
123;0.7661445;-0.1340753;9.825804
124;0.7661445;-0.18195933;9.835381
125;0.7278373;-0.16280572;9.825804
126;0.7374141;-0.16280572;9.864111
127;0.7661445;-0.18195933;9.864111
128;0.7469909;-0.16280572;9.873688
129;0.7565677;-0.15322891;9.892841
130;0.7469909;-0.16280572;9.883265
131;0.7565677;-0.1340753;9.816227
132;0.7661445;-0.22026655;9.825804
133;0.7757214;-0.12449849;9.902418
134;0.7278373;-0.22984336;9.77792
135;0.78529817;-0.15322891;9.80665
136;0.7565677;-0.15322891;9.816227
137;0.6991069;-0.21068975;9.854534
138;0.7661445;-0.21068975;9.758766
139;0.7182605;-0.15322891;10.065224
140;0.7182605;-0.11492168;9.921572
141;0.8331822;-0.076614454;9.816227
142;0.7374141;-0.20111294;9.797073
143;0.7278373;-0.18195933;9.825804
144;0.80445176;-0.1436521;9.816227
145;0.7182605;-0.20111294;9.825804
146;0.78529817;-0.19153613;9.835381
147;0.81402856;-0.19153613;9.844957
148;0.7182605;-0.19153613;9.873688
149;0.6895301;-0.16280572;9.835381
150;0.78529817;-0.21068975;9.816227
151;0.7278373;-0.16280572;9.80665
152;0.7374141;-0.21068975;9.864111
153;0.7661445;-0.15322891;9.873688
154;0.7661445;-0.095768064;9.950302
155;0.6895301;-0.15322891;9.902418
156;0.7469909;-0.16280572;9.854534
157;0.7182605;-0.1340753;9.911995
158;0.7086837;-0.1340753;9.940725
159;0.7469909;-0.15322891;9.931149
160;0.7374141;-0.15322891;9.902418
161;0.7278373;-0.16280572;9.892841
162;0.7565677;-0.17238252;9.873688
163;0.7661445;-0.1436521;9.873688
164;0.8331822;-0.22026655;9.835381
165;0.7278373;-0.24899697;9.988609
166;0.6607997;-0.18195933;10.036493
167;0.80445176;-0.10534488;9.356541
168;0.7182605;-0.22026655;9.586384
169;0.6607997;-0.33518824;9.825804
170;0.80445176;-0.19153613;9.758766
171;0.7278373;-0.1436521;9.797073
172;0.6512229;-0.2777274;9.816227
173;0.79487497;-0.12449849;9.883265
174;0.7757214;-0.1436521;9.950302
175;0.7086837;-0.17238252;9.988609
176;0.78529817;-0.095768064;9.911995
177;0.7278373;-0.19153613;10.036493
178;0.7278373;-0.19153613;9.864111
179;0.7565677;-0.17238252;9.80665
180;0.7469909;-0.15322891;9.873688
181;0.7374141;-0.17238252;9.80665
182;0.7757214;-0.16280572;9.80665
183;0.78529817;-0.19153613;9.768343
184;0.7182605;-0.17238252;9.797073
185;0.7565677;-0.1340753;9.844957
186;0.7661445;-0.11492168;9.921572
187;0.6991069;-0.06703765;9.873688
188;0.82360536;-0.11492168;9.892841
189;0.7469909;-0.11492168;9.931149
190;0.7182605;-0.15322891;9.931149
191;0.7661445;-0.1340753;9.864111
192;0.6895301;-0.1436521;9.892841
193;0.7182605;-0.1436521;9.892841
194;0.7278373;-0.16280572;9.854534
195;0.7182605;-0.19153613;9.864111
196;0.6991069;-0.11492168;9.844957
197;0.7661445;-0.15322891;9.844957
198;0.7374141;-0.1340753;9.77792
199;0.80445176;-0.1340753;9.883265
200;0.7374141;-0.15322891;9.825804
201;0.7757214;-0.1436521;9.864111
202;0.7565677;-0.19153613;9.854534
203;0.7661445;-0.15322891;9.864111
204;0.7469909;-0.1436521;9.892841
205;0.7565677;-0.18195933;9.80665
206;0.7278373;-0.18195933;9.892841
207;0.7469909;-0.22026655;9.892841
208;0.7469909;-0.1340753;9.883265
209;0.7661445;-0.17238252;9.854534
210;0.7565677;-0.19153613;9.80665
211;0.7278373;-0.19153613;9.825804
212;0.7661445;-0.17238252;9.844957
213;0.79487497;-0.15322891;9.816227
214;0.7757214;-0.15322891;9.835381
215;0.7278373;-0.15322891;9.844957
216;0.78529817;-0.1340753;9.864111
217;0.7469909;-0.15322891;9.844957
218;0.7469909;-0.15322891;9.864111
219;0.78529817;-0.17238252;9.835381
220;0.7374141;-0.16280572;9.844957
221;0.7661445;-0.1436521;9.835381
222;0.7182605;-0.17238252;9.873688
223;0.7469909;-0.10534488;9.835381
224;0.7469909;-0.18195933;9.835381
225;0.7565677;-0.16280572;9.864111
226;0.79487497;-0.16280572;9.835381
227;0.7086837;-0.18195933;9.854534
228;0.7086837;-0.17238252;9.835381
229;0.78529817;-0.20111294;9.77792
230;0.7565677;-0.17238252;9.816227
231;0.7565677;-0.19153613;9.864111
232;0.7757214;-0.19153613;9.864111
233;0.7661445;-0.18195933;9.844957
234;0.7757214;-0.18195933;9.80665
235;0.7757214;-0.20111294;9.892841
236;0.7374141;-0.19153613;9.844957
237;0.7469909;-0.12449849;9.844957
238;0.7278373;-0.16280572;9.864111
239;0.7374141;-0.11492168;9.864111
240;0.7469909;-0.12449849;9.854534
241;0.7469909;-0.12449849;9.835381
242;0.7278373;-0.20111294;9.854534
243;0.7757214;-0.1340753;9.816227
244;0.7565677;-0.15322891;9.873688
245;0.7757214;-0.18195933;9.950302
246;0.78529817;-0.23942018;9.873688
247;0.7661445;-0.22026655;9.883265
248;0.7278373;-0.23942018;9.950302
249;0.80445176;-0.22984336;9.883265
250;0.7469909;-0.23942018;9.864111
251;0.6799533;-0.19153613;9.931149
252;0.641646;-0.22984336;10.007763
253;0.58418524;-0.21068975;10.04607
254;0.6799533;-0.29688102;10.160992
255;0.6512229;-0.31603462;10.0748005
256;0.49799395;-0.41180268;10.113108
257;0.51714754;-0.49799395;10.160992
258;0.40222588;-0.60333884;10.237606
259;0.32561144;-0.6703765;10.0269165
260;0.46926352;-0.7278373;9.950302
261;0.61291564;-0.91937345;9.9790325
262;0.5650316;-0.8331822;9.883265
263;0.6512229;-0.8331822;9.959879
264;0.5746084;-1.1492168;9.883265
265;0.62249243;-1.1300632;9.892841
266;0.9576807;-1.283292;9.80665
267;0.82360536;-1.292869;9.988609
268;0.7182605;-1.3503298;9.720459
269;0.7661445;-1.541866;9.816227
270;0.80445176;-1.5131354;9.787497
271;0.91937345;-1.7429788;9.950302
272;1.0534488;-1.8674773;10.093954
273;0.8331822;-1.9728222;9.9790325
274;0.9864111;-2.0494366;9.883265
275;1.1109096;-2.0973208;9.892841
276;0.7565677;-2.2026656;9.77792
277;0.7374141;-2.3080103;9.892841
278;0.7469909;-2.3654714;9.720459
279;0.6895301;-2.4037786;9.672575
280;0.6607997;-2.384625;9.787497
281;0.7757214;-2.432509;9.749189
282;0.7086837;-2.384625;9.854534
283;0.6607997;-2.3750482;9.768343
284;0.80445176;-2.3654714;9.682152
285;0.60333884;-2.183512;9.739613
286;0.51714754;-2.2888567;9.730036
287;0.80445176;-2.0685902;9.77792
288;0.36391866;-2.3750482;9.586384
289;0.5267244;-1.5993267;9.002198
290;1.0342951;-1.7908629;9.030929
291;0.5363012;-1.7142484;9.787497
292;0.32561144;-1.9153614;9.672575
293;0.90021986;-1.7621324;9.787497
294;0.7565677;-1.6663644;9.576807
295;0.20111294;-1.8387469;9.346964
296;0.9672575;-1.4269443;9.691729
297;0.9576807;-1.3503298;9.739613
298;0.7278373;-1.4460979;10.007763
299;1.3599066;-1.1013328;9.998186
300;1.2449849;-1.2258313;9.911995
301;0.92895025;-1.1875241;10.189722
302;1.340753;-1.0342951;10.218452
303;1.4652514;-1.0534488;10.505757
304;0.90021986;-1.1109096;10.486604
305;1.3311762;-1.1779473;10.199299
306;1.3599066;-1.1300632;9.921572
307;0.40222588;-1.3599066;9.864111
308;0.5267244;-1.3215994;9.749189
309;0.90021986;-1.1492168;9.5385
310;0.22026655;-1.2449849;9.720459
311;0.35434186;-1.13964;9.56723
312;0.7469909;-0.79487497;9.749189
313;0.05746084;-0.6895301;9.768343
314;0.40222588;-0.63206923;9.940725
315;1.0055647;-0.47884035;9.643845
316;0.2873042;-0.5554548;9.825804
317;0.19153613;-0.5554548;9.80665
318;0.6895301;-0.29688102;9.519346
319;0.30645782;-0.40222588;9.797073
320;0.05746084;-0.25857377;9.902418
321;0.45968673;-0.32561144;10.04607
322;0.4213795;-0.36391866;9.969456
323;0.11492168;-0.40222588;10.46745
324;0.6512229;-0.7182605;10.477027
325;1.292869;-0.6607997;10.496181
326;0.7182605;-1.091756;11.003751
327;1.3982137;-1.292869;10.25676
328;2.1547816;-0.9864111;10.697293
329;0.59376204;-1.6280571;10.093954
330;0.32561144;-0.81402856;9.634268
331;1.0055647;-1.4269443;9.500193
332;1.6759412;-1.0342951;9.011775
333;0.36391866;-0.9768343;10.371682
334;0.45968673;-1.4173675;9.3182335
335;1.8579005;-0.45968673;9.308656
336;0.19153613;-1.043872;9.155427
337;0.7469909;-1.0247183;9.251195
338;1.1013328;-0.32561144;9.519346
339;-0.7661445;-1.3215994;9.107543
340;0.7757214;-1.0247183;9.672575
341;1.7812861;-0.842759;9.394848
342;0.17238252;-1.4652514;10.831368
343;1.1109096;-1.1683705;10.936713
344;1.6759412;-1.340753;10.333375
345;0.47884035;-2.135628;10.237606
346;1.3120226;-1.6759412;9.873688
347;0.79487497;-1.8579005;10.055647
348;-0.80445176;-1.436521;10.1226845
349;0.9768343;-2.0015526;10.0269165
350;2.3080103;-1.1587936;9.356541
351;-0.6991069;-1.5610195;10.764331
352;0.12449849;-2.27928;9.423578
353;2.6144683;-1.091756;9.825804
354;-0.47884035;-1.7525556;10.764331
355;0.9959879;-1.1013328;11.262324
356;1.9536686;-0.6799533;11.224017
357;-0.2777274;-2.3175871;10.6398325
358;0.842759;-1.13964;9.232041
359;0.92895025;-1.4748282;9.414001
360;0.39264908;-1.6759412;9.710882
361;1.1204864;-0.7374141;10.793061
362;0.641646;-1.5035586;9.040505
363;1.043872;-1.2641385;8.676587
364;0.7661445;-1.1779473;8.599973
365;0.5363012;-1.4748282;8.954314
366;0.8714894;-0.6991069;10.0269165
367;0.047884032;-1.2737153;9.835381
368;1.4269443;-1.3120226;9.097966
369;1.9440918;-0.92895025;10.323798
370;-0.22026655;-1.6567876;9.77792
371;0.82360536;-1.3503298;9.672575
372;0.90021986;-1.3694834;9.337387
373;-0.4405331;-1.8387469;10.055647
374;1.2162545;-1.4652514;10.141838
375;1.7717092;-1.2354081;8.561666
376;-0.48841715;-1.8100165;11.118672
377;0.9768343;-1.3694834;9.184157
378;1.8291701;-0.6895301;10.43872
379;-1.2258313;-1.4939818;11.482592
380;1.2449849;-0.842759;10.869676
381;3.0454245;-0.8619126;11.291056
382;-0.92895025;-1.2641385;11.262324
383;-0.34476504;-0.7469909;11.051635
384;2.2601264;-1.3120226;9.662998
385;-0.24899697;-0.545878;8.992621
386;-0.7469909;-1.3694834;9.3182335
387;1.8770541;-0.93852705;8.858546
388;-0.59376204;-0.51714754;8.734048
389;-0.7182605;-1.1587936;8.494628
390;2.2888567;-0.25857377;9.481039
391;0.6512229;-0.89064306;9.720459
392;0.5650316;-1.5514427;11.291056
393;1.6567876;-0.8714894;10.228029
394;0.8331822;-2.0398598;9.078813
395;1.0151415;-1.6376339;8.743625
396;-0.1340753;-0.6512229;9.308656
397;-0.4213795;-1.3024458;8.925584
398;0.2681506;-0.8523358;10.323798
399;-0.7086837;-2.0590134;10.304645
400;3.3518825;-1.0821792;9.155427
401;3.0358477;-0.37349546;12.430696
402;0.8523358;-1.7908629;12.785037
403;5.2289367;-0.92895025;11.492168
404;1.8387469;0.038307227;10.266336
405;-3.5529952;-2.719813;7.9391727
406;3.2752678;-0.22026655;6.8282633
407;-2.2984335;-0.59376204;9.260772
408;-3.9552212;-1.8962077;9.548077
409;4.865018;-0.46926352;10.084377
410;2.3080103;-0.46926352;10.448297
411;-1.340753;-2.0685902;13.254301
412;4.903325;-0.5363012;11.587936
413;1.7908629;0.2681506;8.992621
414;-3.6296098;-1.6950948;9.548077
415;2.6431987;-0.36391866;8.66701
416;-1.13964;-0.0;10.524911
417;-3.6391866;-2.3942018;12.220005
418;4.1659107;-0.36391866;9.844957
419;2.777274;-0.842759;11.15698
420;-1.1109096;-2.3942018;12.315774
421;4.185065;-0.91937345;10.093954
422;1.541866;-0.45968673;10.304645
423;-3.2082303;-2.231396;8.561666
424;2.633622;-0.89064306;8.293514
425;0.58418524;-1.8387469;7.8625584
426;-2.2601264;-2.2888567;9.3661175
427;1.6759412;-0.94810385;9.165004
428;2.231396;-1.292869;9.605537
429;0.37349546;-0.80445176;10.333375
430;1.1587936;-1.0247183;11.310209
431;1.7142484;-1.3311762;9.337387
432;-0.5267244;-0.6895301;9.988609
433;0.49799395;-1.7046716;10.409989
434;2.72939;-0.7469909;10.505757
435;0.10534488;-0.60333884;12.488156
436;-1.4460979;-1.9153614;11.903971
437;3.2082303;-0.6991069;8.293514
438;1.6759412;-1.1587936;8.983045
439;-1.3311762;-1.6472107;9.193734
440;1.2162545;-1.0342951;9.3661175
441;-0.63206923;-1.3790601;9.816227
442;-0.5554548;-3.2273839;10.582372
443;4.185065;-0.16280572;7.9391727
444;0.8619126;-2.0398598;12.401965
445;-0.842759;-2.3942018;10.6877165
446;4.6160207;-0.45010993;6.83784
447;-0.6991069;-2.4037786;10.1226845
448;-3.1794999;-3.1411927;7.642292
449;3.7253778;-0.39264908;8.236053
450;-1.6089035;-2.336741;10.869676
451;0.10534488;-2.5474305;10.113108
452;5.315128;0.076614454;9.902418
453;-0.80445176;-1.6950948;10.218452
454;-2.2026656;-1.6280571;9.80665
455;2.231396;-1.091756;8.149862
456;-0.93852705;-2.0207062;10.1226845
457;-0.46926352;-0.8714894;11.233594
458;2.528277;-0.29688102;12.77546
459;0.038307227;-1.436521;10.793061
460;-0.24899697;-1.0151415;10.409989
461;-0.29688102;-1.7908629;9.097966
462;0.80445176;-0.80445176;9.136273
463;1.0630256;-0.37349546;13.091495
464;1.3790601;-1.292869;12.488156
465;3.8019924;-1.3311762;11.070788
466;0.50757074;-1.7238252;9.471462
467;1.1779473;-2.8443117;7.929596
468;1.5227122;0.17238252;7.843405
469;-3.9264908;-1.5514427;9.80665
470;-1.0151415;-2.3080103;8.0445175
471;4.8841715;-0.6799533;9.595961
472;2.4420857;-1.0534488;9.222465
473;-0.05746084;-1.2162545;11.827356
474;0.842759;-1.1492168;10.28549
475;0.21068975;-1.541866;7.881712
476;1.436521;-0.31603462;11.942278
477;1.3311762;0.12449849;12.938266
478;0.41180268;-0.4309563;12.248735
479;-1.13964;-0.45010993;9.346964
480;-1.4173675;-2.2218192;7.422025
481;1.4556746;-1.6280571;6.8186865
482;0.45010993;0.11492168;11.712435
483;1.1204864;-0.45968673;13.378799
484;4.060566;-0.92895025;10.1226845
485;-0.08619126;-0.7565677;8.39886
486;-1.541866;-2.777274;7.2783732
487;3.6487634;-0.82360536;6.38773
488;1.3120226;-1.1013328;12.29662
489;-1.2641385;-1.2258313;12.919112
490;1.1587936;-0.39264908;10.218452
491;-0.94810385;-1.5705963;7.4507556
492;-0.60333884;-1.484405;7.536947
493;1.9153614;-0.25857377;9.385271
494;0.6512229;-0.94810385;12.708423
495;-0.18195933;-0.89064306;12.583924
496;1.7142484;-0.038307227;9.174581
497;0.47884035;-1.283292;8.130709
498;-0.92895025;-1.5610195;9.452309
499;0.94810385;-1.5227122;8.714894
500;2.2026656;-1.1109096;10.783484
501;-0.5363012;-0.31603462;10.936713
502;1.2449849;-1.7621324;10.362105
503;1.8004397;0.23942018;9.260772
504;-1.8483237;-1.2641385;9.461885
505;1.4748282;-1.9249382;8.628703
506;3.371036;0.7182605;10.611102
507;-1.2066777;-0.9864111;11.444284
508;1.6472107;-1.9249382;9.605537
509;-0.32561144;-1.0247183;5.9663506
510;-3.3327289;-2.0398598;9.040505
511;5.4300494;-0.6512229;12.708423
512;5.707777;1.9057846;15.466543
513;-4.309563;-1.1300632;14.748282
514;-0.009576807;-2.1547816;8.916007
515;6.4739213;-0.545878;2.6048915
516;-3.7828386;-1.2641385;9.385271
517;0.095768064;-1.13964;13.01488
518;7.7572136;-0.095768064;9.375694
519;-2.1164744;-1.3311762;9.940725
520;-5.085284;-4.012682;4.855441
521;5.353435;-1.7525556;4.55856
522;-0.095768064;-0.6607997;9.241618
523;-6.8282633;-2.815581;12.392388
524;4.232949;0.2873042;9.682152
525;1.5801731;-0.0;7.1059904
526;-5.7748146;-2.5187001;10.295067
527;3.964798;-1.6184803;10.697293
528;5.602432;0.6895301;8.714894
529;-3.7349546;-1.292869;14.097059
530;1.1300632;-1.340753;10.0269165
531;3.7541082;-0.29688102;8.532935
532;-4.9799395;-1.8195933;10.093954
533;3.1507695;-1.2545617;10.668563
534;5.7269306;1.3120226;14.039598
535;-2.1930888;-1.4460979;13.579912
536;0.35434186;-0.4213795;11.463438
537;2.777274;-0.009576807;7.881712
538;0.38307226;-2.9592333;9.77792
539;3.2848446;0.23942018;12.0571995
540;2.4229321;0.24899697;11.9614315
541;0.41180268;-1.0726024;10.199299
542;0.23942018;-1.6950948;6.7708025
543;0.009576807;-1.7142484;4.912902
544;1.8866309;-0.9672575;12.08593
545;0.81402856;0.49799395;11.9614315
546;-0.047884032;-0.79487497;10.534488
547;3.2848446;-0.63206923;8.034941
548;1.7812861;0.46926352;7.469909
549;-0.5554548;-1.6184803;12.239159
550;3.8977604;1.1300632;10.6398325
551;-0.90021986;-0.2873042;9.212888
552;-3.2848446;-1.3120226;8.00621
553;5.9759274;0.34476504;6.895301
554;1.6567876;1.1300632;13.445837
555;-6.291962;-0.16280572;12.74673
556;1.9153614;0.4405331;9.490616
557;2.327164;0.22984336;6.3206925
558;-4.2999864;-0.90979666;10.936713
559;2.384625;2.0973208;10.984597
560;3.1794999;1.436521;11.568783
561;-3.3901896;-0.34476504;10.5919485
562;0.48841715;-0.36391866;8.724471
563;4.510676;0.9768343;8.504205
564;-1.388637;0.6607997;12.813767
565;-2.0494366;-0.4213795;13.867216
566;4.1659107;1.6759412;8.916007
567;-0.81402856;0.23942018;8.983045
568;-0.019153614;-0.94810385;9.653421
569;5.995081;1.3215994;11.176133
570;-0.047884032;-0.05746084;12.74673
571;-4.261679;-0.89064306;8.791509
572;0.38307226;-0.076614454;5.257667
573;0.7182605;-1.0630256;6.349423
574;-0.22026655;0.19153613;13.081918
575;4.261679;1.6759412;12.440272
576;1.4269443;0.45010993;12.583924
577;-1.13964;-1.0247183;8.303091
578;3.3614593;0.45010993;4.2521024
579;1.982399;0.8523358;9.32781
580;-0.6703765;-0.37349546;12.469003
581;2.1068976;1.4077905;14.240712
582;-1.685518;-0.47884035;8.475474
583;-0.5267244;0.45010993;6.742072
584;1.2258313;1.4173675;10.237606
585;-0.095768064;-0.02873042;11.999739
586;2.1739352;1.0630256;11.616667
587;0.19153613;0.8619126;9.816227
588;-2.9592333;-1.3694834;8.303091
589;3.9839516;0.62249243;7.1826053
590;3.2273839;0.7374141;13.072341
591;-1.1109096;-0.48841715;14.729129
592;0.37349546;1.5131354;10.515334
593;-1.5705963;0.16280572;6.751649
594;-2.5953147;-1.4173675;7.575254
595;3.7828386;0.60333884;9.643845
596;2.2697031;1.2545617;12.6222315
597;-3.323152;0.16280572;12.334928
598;0.34476504;-0.7469909;6.8186865
599;3.466804;-0.20111294;6.588843
600;0.45010993;-0.7661445;11.080365
601;1.9153614;0.90021986;13.244724
602;0.7086837;0.7469909;10.649409
603;-2.4708161;-1.5705963;8.207323
604;1.8195933;-1.9536686;3.7062242
605;4.7884035;0.06703765;8.686164
606;-0.7086837;0.61291564;13.359646
607;0.58418524;-0.02873042;11.176133
608;2.4708161;-0.21068975;7.1634517
609;-2.815581;-2.1068976;6.196194
610;2.4516625;-1.6567876;7.747637
611;7.383718;1.3024458;10.658986
612;-2.8538885;0.1436521;15.581465
613;-2.777274;-1.5131354;10.103531
614;5.3247046;0.2681506;6.5601125
615;0.05746084;-1.3215994;8.034941
616;-0.24899697;-1.0342951;13.982138
617;5.056554;0.9864111;13.484144
618;-2.030283;0.29688102;9.375694
619;-4.405331;-1.9440918;8.360553
620;5.650316;-2.4612393;4.7022123
621;5.3342814;1.5897499;10.160992
622;-4.4915223;0.23942018;18.05228
623;0.46926352;-0.7278373;11.674128
624;4.4244847;-0.076614454;7.07726
625;-3.323152;-2.873042;7.1155677
626;3.7828386;-0.17238252;11.473015
627;4.960786;2.4420857;14.834474
628;-4.6926355;-1.1971009;15.045163
629;-0.6512229;-1.3024458;6.4260373
630;3.4572272;-2.030283;2.9017725
631;-2.0111294;-1.2066777;6.7803793
632;0.90021986;-0.17238252;12.516887
633;1.9632454;0.5554548;13.005303
634;-5.449203;-3.3423057;8.561666
635;2.384625;-2.327164;3.5625722
636;8.025364;-0.2777274;6.349423
637;-0.25857377;-0.62249243;13.67568
638;-1.934515;0.18195933;16.136919
639;2.2888567;0.047884032;8.6574335
640;-2.3558946;-1.0726024;5.056554
641;-2.3654714;-1.4748282;5.5641246
642;5.3438582;1.484405;12.076353
643;-1.4269443;0.8331822;16.098612
644;-3.3614593;-1.3694834;12.899959
645;3.6870706;0.37349546;5.9184666
646;1.1683705;-0.36391866;8.983045
647;-1.3215994;-0.4213795;12.612655
648;3.7445314;1.7046716;13.464991
649;0.11492168;1.0055647;11.57836
650;-3.3806129;-1.7717092;8.465898
651;3.6008794;0.29688102;6.9623384
652;3.083732;0.63206923;10.448297
653;-1.4748282;0.93852705;16.213533
654;-0.8523358;0.6512229;11.87524
655;0.6991069;-0.1436521;6.588843
656;-0.019153614;-0.17238252;7.929596
657;2.2984335;0.17238252;10.46745
658;3.7349546;1.6950948;13.934254
659;-2.767697;-0.24899697;11.951855
660;0.19153613;-0.5554548;5.48751
661;3.6966474;0.9959879;3.5338416
662;-0.8619126;-0.02873042;11.530476
663;3.4284968;2.030283;14.288596
664;5.0182467;3.323152;14.614207
665;-2.135628;1.0055647;11.722012
666;0.5363012;1.4077905;8.801085
667;3.9935284;4.012682;10.429143
668;-1.6567876;2.4612393;17.30529
669;3.0358477;4.050989;17.592594
670;1.8579005;4.2042184;15.322891
671;-2.0685902;2.135628;14.805743
672;4.548983;4.0318356;13.417107
673;4.7884035;3.916914;15.20797
674;-1.2545617;2.1164744;17.353174
675;1.5993267;3.323152;12.660539
676;-0.45968673;3.5913026;11.070788
677;-3.2082303;2.719813;12.612655
678;1.5801731;4.0222588;16.098612
679;2.9783869;4.1659107;15.629349
680;-0.6607997;2.4133554;15.7825775
681;1.4460979;3.1986535;12.29662
682;1.982399;2.2984335;11.932701
683;-1.3694834;2.4133554;11.827356
684;0.1340753;1.2641385;11.760319
685;0.34476504;0.9576807;11.271901
686;-4.223372;0.23942018;7.422025
687;-2.2122424;-0.32561144;4.9224787
688;1.4460979;-0.4309563;1.8579005
689;-3.6966474;-1.8004397;0.80445176
690;-3.763685;-1.1971009;11.415554
691;8.628703;-0.5650316;2.0111294
692;1.4173675;-1.2545617;6.7612257
693;-8.446744;-5.506664;6.7133417
694;11.683704;-1.8674773;-7.728483
695;5.7269306;0.24899697;7.6614456
696;-14.595054;-4.7884035;13.244724
697;6.4547677;-4.271256;-0.009576807
698;11.319786;1.0247183;1.2066777
699;-14.595054;-7.536947;3.9456444
700;-0.12449849;-2.384625;3.4093432
701;11.473015;1.7621324;12.77546
702;-6.244078;-6.5026517;9.605537
703;2.6623523;0.9576807;12.631808
704;9.519346;-0.40222588;10.04607
705;-1.685518;-2.6144683;15.275007
706;-2.9017725;0.80445176;18.933348
707;2.8443117;-1.8291701;12.392388
708;0.8714894;-1.484405;10.505757
709;-3.667917;-5.00867;7.2113357
710;5.3821654;-5.45878;2.767697
711;-1.091756;-2.4995465;12.612655
712;-4.7788267;-6.6367273;8.255207
713;9.576807;-3.821146;7.8050976
714;4.960786;-4.865018;10.237606
715;-5.650316;-8.485051;4.2521024
716;3.2273839;-3.0358477;5.3438582
717;1.5610195;-4.8458643;6.38773
718;-4.2521024;-6.3589997;4.9703627
719;1.13964;-2.3654714;4.8267107
720;-2.7868507;-7.0485296;3.3806129
721;-2.5953147;-3.9743748;3.083732
722;0.18195933;-2.7102363;3.3039982
723;-2.183512;-4.999093;5.813122
724;0.4213795;-2.8060043;9.80665
725;2.432509;-4.280833;10.113108
726;-0.62249243;0.6895301;7.7572136
727;-3.3614593;-4.4340615;8.255207
728;2.8634653;-2.2409728;3.3614593
729;1.2354081;-1.6663644;10.630256
730;-3.916914;-6.933608;6.7612257
731;-1.388637;-1.3024458;1.9057846
732;0.5554548;-2.9783869;5.554548
733;3.217807;-4.5777135;4.9416323
734;2.585738;-1.4173675;11.865664
735;1.9440918;-5.2863975;3.3901896
736;2.5378537;-4.0701427;0.2681506
737;-6.895301;-4.3382936;1.2354081
738;3.6870706;-6.3589997;3.1986535
739;9.126697;1.2162545;13.972561
740;-8.935161;-5.650316;10.362105
741;-1.6184803;-8.954314;0.842759
742;11.099519;1.1492168;1.7046716
743;-3.6487634;-8.303091;13.876793
744;8.389283;-2.0494366;8.169016
745;7.5465236;-0.2777274;20.465635
746;-1.9536686;-8.236053;7.5561004
747;6.3111157;-0.32561144;12.133814
748;1.292869;-0.15322891;15.552734
749;-2.9017725;-4.548983;12.028469
750;6.339846;-0.11492168;18.55985
751;-1.2737153;-4.050989;3.5913026
752;-6.0621185;-6.033388;6.196194
753;11.061212;-1.4173675;5.6790466
754;3.3901896;-1.4939818;15.20797
755;-3.6583402;-4.510676;17.420212
756;7.479486;-2.1739352;4.003105
757;5.7365074;2.9496565;10.572795
758;-7.5465236;2.087744;19.833567
759;-2.27928;5.142745;22.495918
760;-1.3790601;10.151415;25.407269
761;-10.275913;4.31914;28.060043
762;6.5122285;5.6886234;22.323536
763;8.963891;7.07726;17.152061
764;-6.4547677;2.1068976;18.847157
765;-2.7102363;4.280833;14.5088625
766;4.271256;5.1235914;13.043611
767;-5.1140146;2.0494366;13.876793
768;-5.8226986;1.9536686;12.919112
769;2.6431987;3.2082303;7.3645644
770;-2.4037786;1.7046716;5.765238
771;-4.855441;3.016694;4.10845
772;0.60333884;0.6512229;3.2848446
773;1.6184803;1.7142484;2.719813
774;-2.528277;1.13964;9.5385
775;5.889736;0.19153613;0.11492168
776;4.1946416;2.7964275;5.841852
777;-4.4915223;-1.1683705;6.435614
778;4.462792;2.1739352;1.9057846
779;0.38307226;1.7621324;3.0933087
780;-3.514688;-1.3215994;1.8291701
781;3.217807;2.777274;3.083732
782;-2.3080103;1.5035586;5.506664
783;-2.078167;-0.48841715;1.7812861
784;6.1004257;4.2904096;8.025364
785;1.1109096;0.46926352;11.865664
786;6.0142345;0.11492168;9.557653
787;6.033388;5.765238;15.1696615
788;-3.5913026;-0.23942018;13.397953
789;6.991069;5.085284;10.97502
790;7.144298;6.751649;13.302185
791;-3.5529952;5.056554;17.171215
792;0.81402856;8.2169;19.10573
793;1.6280571;8.0924015;13.867216
794;-1.6089035;7.067683;17.00841
795;7.3549876;7.785944;16.16565
796;4.960786;9.404425;17.879898
797;-4.644751;5.6982;17.99482
798;22.562958;27.56205;11.712435
799;13.503298;15.667656;13.924677
800;2.2026656;6.38773;19.996372
801;-1.340753;7.833828;9.452309
802;-3.6583402;1.484405;9.452309
803;0.009576807;1.3311762;-5.6790466
804;-2.9113493;3.3327289;3.1603463
805;-2.873042;3.620033;10.228029
806;-1.1013328;4.098873;7.1826053
807;-0.095768064;3.1411927;5.7748146
808;-0.31603462;2.3463178;6.5122285
809;0.40222588;4.453215;6.6079965
810;-0.82360536;4.644751;10.783484
811;0.8714894;3.8498764;11.722012
812;6.4260373;3.8115692;11.262324
813;3.1507695;3.5913026;10.295067
814;1.0342951;1.733402;12.421119
815;-0.6512229;2.384625;11.530476
816;1.6089035;1.8962077;14.84405
817;0.9672575;2.4037786;11.032481
818;2.1164744;1.484405;12.5264635
819;4.6926355;1.1204864;11.84651
820;4.1276035;1.0821792;15.638926
821;7.326257;0.9864111;14.882358
822;5.8801594;1.0534488;14.087482
823;4.501099;-0.2777274;14.958972
824;-1.1683705;-1.9057846;8.954314
825;-0.6512229;-3.763685;5.2768207
826;-4.175488;-5.0182467;2.135628
827;-4.596867;-7.5848308;8.561666
828;-0.10534488;-5.6886234;7.144298
829;0.63206923;-5.650316;5.554548
830;3.1316159;-6.6175733;15.246277
831;6.2823853;-5.592855;13.455414
832;4.8362875;-3.0550013;11.951855
833;-1.9919758;-3.5913026;10.28549
834;-2.825158;-1.7238252;8.820239
835;-1.9919758;-0.46926352;7.5561004
836;-2.4420857;-0.6607997;7.536947
837;-3.466804;-0.08619126;5.7843914
838;-1.5610195;2.1068976;7.967903
839;-1.4077905;1.541866;13.244724
840;-0.7086837;2.2505496;12.976573
841;0.2777274;1.4939818;10.831368
842;2.231396;-0.047884032;9.797073
843;2.5187001;0.6895301;8.178593
844;3.016694;0.23942018;12.430696
845;0.11492168;0.1340753;11.051635
846;-4.405331;0.1436521;12.363658
847;4.2425256;-3.5242648;6.655881
848;5.841852;-2.3750482;5.056554
849;-5.947197;-2.566584;7.565677
850;-1.685518;-5.0182467;2.8060043
851;8.590396;-2.8443117;11.511322
852;-0.2873042;-5.66947;10.879252
853;0.25857377;-8.6574335;5.8322754
854;5.3342814;-4.060566;7.7189064
855;-3.8115692;-6.196194;8.063671
856;0.15322891;-3.2273839;14.288596
857;4.213795;-1.0726024;11.932701
858;1.2545617;-5.583278;10.457873
859;-1.1587936;-2.930503;12.334928
860;-1.8579005;-3.323152;8.781932
861;3.1316159;-3.0550013;9.787497
862;-1.3694834;-0.6607997;16.050728
863;-1.0151415;-3.7732618;12.076353
864;8.599973;0.6895301;9.289502
865;-0.1436521;0.48841715;11.779472
866;-4.654328;-1.484405;9.710882
867;4.414908;2.3558946;10.697293
868;-1.5705963;1.934515;9.969456
869;-6.694188;-1.9919758;7.192182
870;4.003105;2.4516625;6.0238113
871;-1.4269443;-0.19153613;8.858546
872;-2.432509;0.10534488;11.645397
873;4.855441;2.6623523;6.339846
874;0.94810385;-0.009576807;6.8282633
875;-1.9919758;0.2873042;10.0748005
876;3.2752678;1.685518;9.768343
877;1.1587936;0.7374141;10.936713
878;-3.4284968;-0.29688102;9.749189
879;1.8483237;-0.019153614;5.554548
880;-0.4405331;-0.009576807;6.789956
881;-1.934515;0.15322891;9.56723
882;4.280833;0.21068975;11.722012
883;2.834735;0.6799533;12.842498
884;-2.078167;-0.48841715;9.442732
885;2.030283;0.2777274;8.00621
886;1.6280571;1.3982137;11.865664
887;0.58418524;1.9728222;13.579912
888;4.7500963;2.7485435;14.585477
889;2.566584;2.1164744;10.793061
890;-1.4939818;2.384625;9.624691
891;0.7374141;4.663905;8.6095495
892;3.2752678;3.9935284;12.0571995
893;-1.6567876;4.2425256;15.945383
894;-1.7238252;4.6351743;10.295067
895;5.4779334;5.2863975;6.2728086
896;-2.8921957;4.3861775;9.720459
897;-2.4516625;3.5434184;10.716447
898;6.655881;6.4643445;12.469003
899;-0.81402856;5.1810527;14.135366
900;-6.090849;3.265691;9.825804
901;3.6391866;4.9224787;4.003105
902;3.916914;4.999093;6.933608
903;-4.0222588;4.453215;12.670115
904;3.265691;4.9224787;11.702858
905;2.9496565;3.4572272;8.532935
906;-2.7868507;2.5570073;6.83784
907;3.0933087;2.6431987;5.2959743
908;5.3247046;3.5434184;9.959879
909;-1.8674773;3.4572272;14.288596
910;0.5267244;2.528277;13.330915
911;4.4723687;3.466804;9.394848
912;-3.217807;1.1971009;7.441179
913;1.6950948;1.6567876;7.690176
914;4.3861775;3.3806129;11.808203
915;-1.8770541;2.2409728;13.484144
916;-0.35434186;2.4516625;13.244724
917;1.5610195;2.7102363;10.036493
918;-1.7621324;1.4269443;9.509769
919;0.46926352;2.3654714;12.181698
920;2.9975405;2.566584;12.871228
921;-0.7565677;1.9440918;12.641385
922;0.7469909;0.7565677;9.088389
923;2.0494366;0.5746084;6.991069
924;-0.545878;0.37349546;8.283937
925;-0.82360536;0.6607997;10.802638
926;0.4405331;1.0151415;11.176133
927;0.23942018;0.33518824;8.973468
928;0.7565677;-0.06703765;8.0924015
929;2.384625;-0.0;7.2687964
930;1.091756;-0.1340753;8.916007
931;-0.48841715;-0.81402856;9.595961
932;0.5746084;-0.92895025;6.8091097
933;0.45010993;-0.22984336;6.5984197
934;-1.091756;-0.35434186;8.054094
935;0.37349546;0.32561144;9.835381
936;2.2409728;0.79487497;10.745177
937;1.1683705;-0.10534488;10.927136
938;1.4077905;-0.31603462;9.174581
939;2.0207062;-0.08619126;7.5561004
940;-0.4213795;-0.21068975;9.414001
941;0.6703765;-0.10534488;9.260772
942;0.90021986;0.8619126;10.160992
943;-2.7102363;0.06703765;12.124237
944;0.90021986;0.40222588;10.055647
945;4.510676;2.2218192;11.482592
946;0.32561144;0.51714754;13.321339
947;2.6910827;0.39264908;10.840945
948;3.0454245;0.79487497;9.375694
949;-1.3982137;-0.8810662;8.762778
950;-0.038307227;0.11492168;9.136273
951;-0.1436521;1.0247183;9.701305
952;-2.815581;0.095768064;9.653421
953;0.90021986;0.7278373;8.810662
954;2.719813;0.47884035;9.653421
955;1.7238252;0.36391866;10.716447
956;2.528277;1.1492168;11.712435
957;0.45968673;0.22026655;9.835381
958;-0.6991069;0.39264908;7.0964136
959;-0.37349546;0.05746084;5.305551
960;-0.6512229;0.5554548;8.992621
961;-0.5363012;1.9057846;10.726024
962;0.36391866;1.7812861;11.291056
963;1.1971009;2.1930888;11.942278
964;2.528277;2.1930888;11.386824
965;3.715801;2.6623523;12.0093155
966;1.2162545;2.4516625;12.603078
967;-0.6991069;1.8962077;11.042058
968;1.3694834;1.733402;7.872135
969;0.47884035;2.3558946;7.843405
970;-2.5761611;1.9249382;9.452309
971;-0.90021986;2.7102363;9.404425
972;0.34476504;2.3750482;9.854534
973;-0.20111294;1.9536686;10.170568
974;3.6296098;2.528277;10.726024
975;4.55856;2.566584;12.018892
976;1.0534488;2.4708161;12.0571995
977;0.5363012;1.8962077;10.793061
978;2.1643584;2.3080103;7.28795
979;-0.61291564;2.2984335;8.791509
980;-1.6376339;1.8195933;9.14585
981;0.7182605;2.7006595;9.289502
982;-2.078167;2.0111294;10.668563
983;0.2681506;2.2984335;9.088389
984;2.930503;3.1794999;10.879252
985;0.22026655;2.1643584;12.603078
986;1.283292;2.633622;12.98615
987;2.72939;2.9113493;12.555194
988;0.009576807;1.5897499;10.323798
989;0.19153613;1.9728222;9.414001
990;0.7757214;1.8483237;8.8777
991;-2.0494366;1.2449849;8.916007
992;-0.8619126;1.3694834;8.839393
993;0.9576807;0.78529817;7.479486
994;0.51714754;0.9576807;8.437167
995;0.06703765;0.90979666;9.222465
996;1.6184803;0.8619126;9.136273
997;1.3120226;1.0630256;10.007763
998;-0.7086837;0.22984336;9.844957
999;1.5131354;1.5514427;8.552089
1000;0.32561144;0.8714894;10.802638
1001;-0.38307226;0.7469909;10.850522
1002;1.685518;1.6567876;11.109096
1003;1.0055647;1.1875241;10.955867
1004;0.46926352;0.81402856;10.5440645
1005;1.9728222;1.541866;10.6398325
1006;1.292869;0.8714894;10.936713
1007;1.388637;0.90021986;10.7356
1008;1.7525556;1.0055647;9.940725
1009;0.7086837;0.40222588;9.662998
1010;1.4556746;0.41180268;9.490616
1011;1.5705963;0.91937345;8.868123
1012;0.32561144;0.22984336;10.132261
1013;1.3694834;0.62249243;8.820239
1014;1.484405;0.80445176;9.3182335
1015;0.19153613;0.39264908;9.184157
1016;0.7278373;0.7661445;9.011775
1017;0.4405331;0.91937345;9.32781
1018;-0.33518824;0.5363012;9.519346
1019;0.7565677;1.1109096;9.615114
1020;0.41180268;0.91937345;9.825804
1021;-0.23942018;0.81402856;10.448297
1022;0.7374141;1.2641385;10.333375
1023;0.61291564;1.0821792;10.28549
1024;0.18195933;1.1013328;10.812215
1025;0.6799533;1.1971009;10.716447
1026;0.5363012;1.0534488;10.266336
1027;0.06703765;1.1492168;10.323798
1028;0.1436521;1.1204864;10.275913
1029;0.90021986;1.2545617;9.998186
1030;0.41180268;1.3311762;10.773908
1031;0.0;1.0630256;10.04607
1032;1.043872;1.2545617;9.500193
1033;0.35434186;1.1204864;9.423578
1034;0.545878;1.0821792;9.404425
1035;1.3790601;1.5801731;9.701305
1036;0.48841715;1.2066777;9.739613
1037;0.63206923;1.3599066;9.375694
1038;1.2354081;1.8004397;9.394848
1039;0.80445176;1.4748282;9.414001
1040;0.8810662;1.7717092;10.036493
1041;0.9959879;1.9919758;10.04607
1042;1.2258313;2.0015526;9.998186
1043;1.3120226;2.1930888;10.400413
1044;0.8714894;1.9440918;10.208876
1045;1.1492168;2.1164744;10.582372
1046;1.0821792;2.087744;10.43872
1047;0.7374141;1.8674773;10.1226845
1048;0.7374141;1.934515;10.237606
1049;0.6512229;1.8674773;9.921572
1050;0.6512229;1.8195933;10.333375
1051;0.4213795;1.7429788;10.036493
1052;0.46926352;1.6376339;9.844957
1053;0.61291564;1.8004397;9.730036
1054;0.35434186;1.5035586;9.931149
1055;0.45968673;1.6376339;9.950302
1056;0.4309563;1.6759412;9.988609
1057;0.25857377;1.5897499;9.883265
1058;0.39264908;1.6089035;9.921572
1059;0.46926352;1.5801731;9.883265
1060;0.50757074;1.5131354;10.247183
1061;0.59376204;1.541866;10.371682
1062;0.51714754;1.3024458;10.70687
1063;0.5650316;1.2737153;10.5440645
1064;0.4213795;1.0534488;10.43872
1065;0.37349546;0.50757074;10.362105
1066;0.5554548;0.45010993;10.208876
1067;0.545878;0.40222588;10.01734
1068;0.58418524;-0.0;10.419566
1069;1.4173675;0.095768064;10.007763
1070;1.3311762;-0.19153613;10.170568
1071;0.9576807;-0.39264908;9.892841
1072;1.436521;-0.4405331;9.586384
1073;1.2354081;-0.6799533;9.500193
1074;0.7565677;-0.61291564;9.289502
1075;1.043872;-0.79487497;8.963891
1076;0.4309563;-0.8810662;9.088389
1077;0.41180268;-0.6799533;8.628703
1078;0.8714894;-0.6607997;9.193734
1079;0.6607997;-0.32561144;9.011775
1080;0.49799395;-0.23942018;9.797073
1081;0.7086837;-0.16280572;9.921572
1082;0.47884035;-0.17238252;9.864111
1083;0.48841715;-0.047884032;9.787497
1084;0.47884035;0.009576807;10.04607
1085;0.10534488;0.11492168;10.275913
1086;0.36391866;0.02873042;10.371682
1087;0.63206923;0.08619126;10.01734
1088;0.19153613;-0.12449849;10.448297
1089;0.45968673;-0.076614454;9.844957
1090;0.79487497;-0.05746084;10.304645
1091;0.30645782;-0.23942018;10.25676
1092;0.5267244;-0.2681506;10.01734
1093;0.7757214;-0.25857377;9.768343
1094;0.37349546;-0.47884035;9.662998
1095;0.81402856;-0.2777274;9.749189
1096;0.89064306;-0.22984336;9.797073
1097;0.51714754;-0.34476504;9.797073
1098;1.0247183;-0.22026655;9.80665
1099;1.0534488;-0.17238252;9.80665
1100;0.6703765;-0.25857377;9.892841
1101;0.842759;-0.22026655;9.9790325
1102;0.92895025;-0.25857377;9.854534
1103;0.63206923;-0.38307226;10.036493
1104;0.842759;-0.41180268;9.892841
1105;0.93852705;-0.38307226;9.931149
1106;0.61291564;-0.51714754;9.998186
1107;0.7374141;-0.5267244;9.921572
1108;0.8810662;-0.5746084;9.844957
1109;0.48841715;-0.60333884;9.835381
1110;0.61291564;-0.545878;9.816227
1111;0.6607997;-0.50757074;9.816227
1112;0.39264908;-0.61291564;9.844957
1113;0.641646;-0.48841715;9.902418
1114;0.6703765;-0.4309563;9.835381
1115;0.45010993;-0.545878;9.873688
1116;0.58418524;-0.4309563;9.844957
1117;0.62249243;-0.4405331;9.873688
1118;0.50757074;-0.46926352;9.902418
1119;0.5650316;-0.5267244;9.911995
1120;0.63206923;-0.5363012;9.854534
1121;0.63206923;-0.5363012;9.873688
1122;0.6512229;-0.47884035;9.80665
1123;0.6991069;-0.47884035;9.844957
1124;0.7469909;-0.45010993;9.921572
1125;0.6991069;-0.38307226;9.844957
1126;0.7086837;-0.37349546;9.902418
1127;0.7661445;-0.2873042;9.825804
1128;0.7374141;-0.24899697;9.825804
1129;0.7469909;-0.2777274;9.873688
1130;0.7661445;-0.19153613;9.864111
1131;0.7469909;-0.22026655;9.864111
1132;0.7278373;-0.22026655;9.864111
1133;0.7757214;-0.17238252;9.825804
1134;0.6895301;-0.10534488;9.921572
1135;0.7086837;-0.20111294;9.854534
1136;0.7182605;-0.05746084;9.873688
1137;0.6512229;-0.18195933;9.864111
1138;0.6607997;-0.15322891;9.911995
1139;0.7278373;-0.02873042;9.854534
1140;0.60333884;-0.095768064;9.950302
1141;0.59376204;-0.05746084;9.854534
1142;0.6799533;-0.047884032;9.902418
1143;0.545878;-0.095768064;9.835381
1144;0.62249243;-0.095768064;9.892841
1145;0.6703765;-0.038307227;9.940725
1146;0.60333884;-0.10534488;9.873688
1147;0.641646;-0.095768064;9.873688
1148;0.63206923;-0.095768064;9.864111
1149;0.5746084;-0.095768064;9.892841
1150;0.6607997;-0.05746084;9.844957
1151;0.7182605;-0.08619126;9.844957
1152;0.6607997;-0.076614454;9.854534
1153;0.7278373;-0.038307227;9.892841
1154;0.7086837;-0.08619126;9.873688
1155;0.7086837;-0.10534488;9.921572
1156;0.6991069;-0.038307227;9.883265
1157;0.7565677;-0.02873042;9.864111
1158;0.7374141;-0.076614454;9.864111
1159;0.7182605;-0.05746084;9.892841
1160;0.7182605;-0.047884032;9.873688
1161;0.7182605;-0.019153614;9.854534
1162;0.7086837;-0.02873042;9.940725
1163;0.6991069;-0.009576807;9.844957
1164;0.6703765;-0.038307227;9.873688
1165;0.6895301;-0.047884032;9.892841
1166;0.6895301;-0.0;9.816227
1167;0.6512229;-0.038307227;9.940725
1168;0.5746084;-0.06703765;9.844957
1169;0.7278373;-0.02873042;9.911995
1170;0.58418524;-0.05746084;9.921572
1171;0.63206923;-0.047884032;9.892841
1172;0.6703765;-0.047884032;9.911995
1173;0.63206923;-0.038307227;9.835381
1174;0.63206923;-0.047884032;9.931149
1175;0.7182605;-0.0;9.902418
1176;0.6512229;-0.06703765;9.883265
1177;0.6799533;-0.019153614;9.911995
1178;0.7278373;-0.038307227;9.825804
1179;0.6607997;-0.0;9.950302
1180;0.7086837;-0.009576807;9.844957
1181;0.6991069;-0.038307227;9.864111
1182;0.6799533;-0.0;9.835381
1183;0.7086837;-0.05746084;9.864111
1184;0.7182605;-0.0;9.816227
1185;0.6799533;-0.0;9.883265
1186;0.7374141;-0.009576807;9.931149
1187;0.7278373;-0.02873042;9.864111
1188;0.6799533;-0.02873042;9.940725
1189;0.7278373;-0.02873042;9.835381
1190;0.7086837;-0.05746084;9.883265
1191;0.6703765;-0.019153614;9.844957
1192;0.6799533;0.02873042;9.911995
1193;0.641646;-0.0;9.892841
1194;0.6799533;-0.0;9.873688
1195;0.63206923;-0.0;9.883265
1196;0.6703765;-0.019153614;9.864111
1197;0.6799533;-0.0;9.854534
1198;0.6512229;-0.076614454;9.864111
1199;0.62249243;-0.009576807;9.883265
1200;0.63206923;-0.06703765;9.873688
1201;0.6895301;-0.009576807;9.797073
1202;0.6703765;-0.038307227;9.883265
1203;0.7182605;-0.0;9.883265
1204;0.63206923;-0.047884032;9.864111
1205;0.6607997;-0.06703765;9.844957
1206;0.7086837;-0.047884032;9.883265
1207;0.6991069;-0.02873042;9.854534
1208;0.6991069;-0.047884032;9.854534
1209;0.6703765;-0.047884032;9.883265
1210;0.6607997;-0.10534488;9.883265
1211;0.7469909;-0.02873042;9.902418
1212;0.6607997;-0.076614454;9.883265
1213;0.7086837;-0.02873042;9.854534
1214;0.6991069;-0.02873042;9.873688
1215;0.7182605;-0.06703765;9.892841
1216;0.7661445;-0.0;9.931149
1217;0.6703765;-0.02873042;9.921572
1218;0.6703765;-0.047884032;9.892841
1219;0.6895301;-0.0;9.864111
1220;0.6512229;-0.038307227;9.902418
1221;0.6607997;-0.02873042;9.854534
1222;0.6895301;-0.0;9.873688
1223;0.6991069;-0.02873042;9.940725
1224;0.6512229;-0.019153614;9.892841
1225;0.6512229;-0.08619126;9.892841
1226;0.6991069;-0.009576807;9.844957
1227;0.6512229;-0.08619126;9.911995
1228;0.641646;-0.038307227;9.883265
1229;0.6703765;-0.076614454;9.931149
1230;0.6799533;-0.047884032;9.873688
1231;0.6991069;-0.047884032;9.902418
1232;0.6799533;-0.08619126;9.902418
1233;0.7086837;-0.0;9.902418
1234;0.7278373;-0.08619126;9.892841
1235;0.6607997;-0.047884032;9.883265
1236;0.7278373;-0.047884032;9.854534
1237;0.6799533;-0.02873042;9.911995
1238;0.7182605;-0.06703765;9.864111
1239;0.7565677;-0.019153614;9.844957
1240;0.63206923;-0.047884032;9.940725
1241;0.6703765;-0.05746084;9.835381
1242;0.7086837;-0.12449849;9.844957
1243;0.6799533;-0.08619126;9.80665
1244;0.6512229;-0.038307227;9.864111
1245;0.6607997;-0.076614454;9.864111
1246;0.641646;-0.095768064;9.825804
1247;0.6799533;-0.047884032;9.902418
1248;0.7086837;-0.08619126;9.825804
1249;0.6607997;-0.047884032;9.873688
1250;0.6799533;-0.11492168;9.883265
1251;0.6799533;-0.047884032;9.864111
1252;0.6512229;-0.06703765;9.864111
1253;0.6895301;-0.095768064;9.816227
1254;0.6799533;-0.095768064;9.864111
1255;0.7086837;-0.10534488;9.835381
1256;0.6512229;-0.08619126;9.825804
1257;0.6703765;-0.095768064;9.892841
1258;0.7278373;-0.12449849;9.844957
1259;0.7182605;-0.06703765;9.864111
1260;0.62249243;-0.12449849;9.844957
1261;0.7086837;-0.08619126;9.835381
1262;0.6895301;-0.095768064;9.873688
1263;0.6607997;-0.10534488;9.873688
1264;0.7182605;-0.08619126;9.873688
1265;0.6607997;-0.1436521;9.854534
1266;0.7086837;-0.11492168;9.835381
1267;0.6991069;-0.038307227;9.873688
1268;0.641646;-0.095768064;9.864111
1269;0.6991069;-0.10534488;9.911995
1270;0.6895301;-0.10534488;9.844957
1271;0.6512229;-0.05746084;9.816227
1272;0.6799533;-0.12449849;9.825804
1273;0.6512229;-0.18195933;9.816227
1274;0.7182605;-0.1436521;9.911995
1275;0.5746084;-0.2873042;10.0269165
1276;0.35434186;-0.6895301;9.969456
1277;-0.019153614;-1.2737153;9.969456
1278;0.4405331;-0.39264908;9.433155
1279;1.4269443;-0.0;9.739613
1280;0.51714754;0.009576807;10.94629
1281;0.5363012;-0.24899697;9.950302
1282;1.5131354;-0.10534488;9.500193
1283;0.60333884;-0.45010993;9.452309
1284;0.35434186;-0.60333884;9.433155
1285;1.532289;-0.009576807;9.911995
1286;0.8331822;-0.30645782;10.323798
1287;0.5267244;-0.2681506;9.9790325
1288;1.3503298;-0.0;9.634268
1289;0.39264908;-0.37349546;9.797073
1290;0.4213795;-0.02873042;10.180145
1291;0.7565677;0.1340753;10.04607
1292;0.4405331;-0.076614454;10.132261
1293;0.6607997;0.06703765;9.892841
1294;0.7374141;0.06703765;9.77792
1295;0.31603462;-0.038307227;9.988609
1296;0.2777274;-0.076614454;9.787497
1297;0.48841715;0.038307227;9.77792
1298;0.2873042;-0.08619126;9.854534
1299;0.41180268;-0.076614454;9.758766
1300;0.641646;0.009576807;9.940725
1301;0.33518824;-0.08619126;10.007763
1302;0.60333884;-0.076614454;9.864111
1303;0.89064306;-0.0;9.940725
1304;0.49799395;-0.11492168;9.883265
1305;0.8523358;-0.0;10.0269165
1306;0.842759;-0.0;9.940725
1307;0.62249243;-0.15322891;9.825804
1308;1.0342951;-0.038307227;9.816227
1309;1.0630256;-0.08619126;9.835381
1310;0.7374141;-0.10534488;9.998186
1311;0.90021986;-0.095768064;9.816227
1312;0.91937345;-0.17238252;9.758766
1313;0.58418524;-0.18195933;9.77792
1314;0.8619126;-0.12449849;9.768343
1315;0.7565677;-0.05746084;9.864111
1316;0.5650316;-0.1436521;9.9790325
1317;0.7278373;-0.047884032;9.883265
1318;0.7469909;-0.019153614;9.892841
1319;0.45968673;-0.076614454;9.959879
1320;0.62249243;-0.009576807;9.969456
1321;0.58418524;0.06703765;9.950302
1322;0.4309563;-0.05746084;9.902418
1323;0.59376204;0.019153614;9.892841
1324;0.5363012;-0.076614454;10.400413
1325;0.21068975;0.038307227;9.471462
1326;1.0247183;0.05746084;9.701305
1327;0.7757214;0.05746084;10.093954
1328;0.35434186;0.08619126;10.275913
1329;0.90021986;0.10534488;9.576807
1330;0.7278373;-0.009576807;9.730036
1331;0.49799395;0.019153614;9.835381
1332;0.8714894;0.009576807;9.749189
1333;1.1300632;0.22026655;10.228029
1334;0.40222588;-0.038307227;10.0748005
1335;0.7565677;-0.019153614;9.662998
1336;1.0630256;0.18195933;9.730036
1337;0.5746084;-0.019153614;9.892841
1338;0.6895301;0.1436521;10.132261
1339;0.90021986;0.11492168;10.103531
1340;0.39264908;-0.16280572;9.768343
1341;0.78529817;0.095768064;9.80665
1342;0.6895301;-0.009576807;9.758766
1343;0.51714754;-0.0;10.103531
1344;0.58418524;0.06703765;10.0748005
1345;0.61291564;-0.009576807;9.758766
1346;0.6895301;0.05746084;9.835381
1347;0.36391866;-0.08619126;9.787497
1348;1.1204864;0.24899697;10.304645
1349;0.36391866;-0.17238252;9.969456
1350;0.41180268;-0.2873042;9.653421
1351;1.1587936;0.05746084;9.624691
1352;0.46926352;-0.20111294;9.77792
1353;0.48841715;-0.02873042;10.25676
1354;0.94810385;0.019153614;10.036493
1355;0.7086837;-0.22984336;9.691729
1356;0.62249243;-0.1436521;9.787497
1357;0.81402856;-0.22026655;9.787497
1358;0.7182605;-0.076614454;10.036493
1359;0.6512229;-0.11492168;10.0748005
1360;0.79487497;-0.24899697;9.80665
1361;0.7469909;-0.16280572;9.749189
1362;0.58418524;-0.21068975;9.844957
1363;0.7086837;-0.20111294;9.864111
1364;0.7565677;-0.10534488;10.007763
1365;0.58418524;-0.25857377;9.873688
1366;0.7182605;-0.22984336;9.825804
1367;0.7086837;-0.17238252;9.835381
1368;0.545878;-0.25857377;9.825804
1369;0.6799533;-0.22026655;9.825804
1370;0.6895301;-0.21068975;9.854534
1371;0.641646;-0.17238252;9.902418
1372;0.6607997;-0.22984336;9.864111
1373;0.6607997;-0.22026655;9.80665
1374;0.62249243;-0.29688102;9.825804
1375;0.6703765;-0.22026655;9.835381
1376;0.6703765;-0.1436521;9.854534
1377;0.6895301;-0.22026655;9.797073
1378;0.6895301;-0.12449849;9.816227
1379;0.7278373;-0.21068975;9.825804
1380;0.6703765;-0.18195933;9.816227
1381;0.7374141;-0.06703765;9.825804
1382;0.7469909;-0.1436521;9.873688
1383;0.6991069;-0.1436521;9.864111
1384;0.7278373;-0.11492168;9.797073
1385;0.7278373;-0.1340753;9.797073
1386;0.6703765;-0.08619126;9.797073
1387;0.6512229;-0.12449849;9.911995
1388;0.6991069;-0.1340753;9.873688
1389;0.6607997;-0.12449849;9.80665
1390;0.63206923;-0.095768064;9.864111
1391;0.6607997;-0.076614454;9.864111
1392;0.6991069;-0.076614454;9.825804
1393;0.61291564;-0.095768064;9.835381
1394;0.6607997;-0.047884032;9.921572
1395;0.6512229;-0.10534488;9.950302
1396;0.6703765;-0.02873042;9.844957
1397;0.6895301;-0.038307227;9.921572
1398;0.6895301;-0.095768064;9.902418
1399;0.6607997;-0.047884032;9.931149
1400;0.6799533;-0.06703765;9.844957
1401;0.7182605;-0.009576807;9.854534
1402;0.7469909;-0.047884032;9.844957
1403;0.7182605;-0.0;9.892841
1404;0.7182605;-0.02873042;9.892841
1405;0.7278373;-0.047884032;9.883265
1406;0.7278373;-0.009576807;9.911995
1407;0.641646;-0.009576807;9.835381
1408;0.6991069;0.009576807;9.931149
1409;0.7374141;0.06703765;9.911995
1410;0.6991069;-0.0;9.940725
1411;0.7086837;0.05746084;9.902418
1412;0.7182605;-0.02873042;9.864111
1413;0.641646;-0.0;9.892841
1414;0.6991069;0.019153614;9.902418
1415;0.6895301;-0.02873042;9.911995
1416;0.6799533;-0.019153614;9.835381
1417;0.7278373;-0.0;9.950302
1418;0.6512229;-0.02873042;9.883265
1419;0.6607997;-0.02873042;9.921572
1420;0.6703765;-0.08619126;9.864111
1421;0.7086837;-0.02873042;9.883265
1422;0.6799533;-0.05746084;9.892841
1423;0.7182605;-0.019153614;9.921572
1424;0.7086837;-0.0;9.950302
1425;0.6512229;-0.047884032;9.854534
1426;0.6991069;-0.1340753;9.854534
1427;0.6895301;-0.08619126;9.787497
1428;0.6895301;-0.095768064;9.854534
1429;0.63206923;-0.095768064;9.902418
1430;0.6895301;-0.076614454;9.921572
1431;0.6607997;-0.076614454;9.873688
1432;0.641646;-0.095768064;9.883265
1433;0.7086837;-0.08619126;9.844957
1434;0.7374141;-0.095768064;9.864111
1435;0.641646;-0.10534488;9.883265
1436;0.7086837;-0.12449849;9.816227
1437;0.076614454;-0.7565677;4.865018
1438;1.0055647;-0.60333884;7.73806
1439;2.183512;2.183512;17.927782
1440;-1.0630256;0.49799395;13.359646
1441;0.22984336;-1.934515;4.4244847
1442;2.2026656;0.12449849;7.795521
1443;-1.6567876;-0.46926352;11.022904
1444;1.3503298;0.59376204;12.871228
1445;2.4037786;0.9864111;12.181698
1446;-0.9768343;-0.94810385;9.174581
1447;0.8810662;-0.31603462;8.37013
1448;1.6472107;0.076614454;9.002198
1449;-0.20111294;-0.22984336;10.793061
1450;0.8714894;0.4213795;11.520899
1451;0.92895025;-0.23942018;9.710882
1452;0.2777274;-0.45968673;9.3182335
1453;0.60333884;-0.24899697;9.059659
1454;0.8523358;-0.18195933;9.270349
1455;0.5650316;-0.22026655;10.141838
1456;0.45010993;-0.20111294;9.691729
1457;0.93852705;-0.10534488;9.56723
1458;0.641646;-0.038307227;9.950302
1459;0.51714754;-0.08619126;9.902418
1460;1.0342951;0.08619126;10.007763
