;ay;ax;az
0;0.47884035;0.11492168;11.166556
1;0.79487497;0.25857377;9.988609
2;-0.5554548;-0.32561144;10.04607
3;0.18195933;-0.48841715;9.548077
4;0.545878;-0.009576807;9.490616
5;-0.31603462;-0.23942018;10.371682
6;0.36391866;-0.1340753;10.275913
7;0.45010993;-0.16280572;9.950302
8;-0.20111294;-0.33518824;9.710882
9;0.18195933;-0.2777274;9.653421
10;0.39264908;-0.22026655;9.825804
11;0.047884032;-0.12449849;10.247183
12;0.076614454;-0.22984336;10.065224
13;0.24899697;-0.24899697;9.672575
14;0.11492168;-0.29688102;9.691729
15;0.24899697;-0.2681506;9.883265
16;0.2873042;-0.06703765;10.25676
17;-0.05746084;-0.32561144;10.160992
18;-0.05746084;-0.39264908;9.749189
19;0.4309563;-0.1436521;9.615114
20;-0.019153614;-0.2777274;9.404425
21;0.076614454;-0.19153613;10.103531
22;0.16280572;-0.29688102;9.931149
23;0.2777274;-0.32561144;9.921572
24;0.05746084;-0.22026655;9.730036
25;0.22984336;-0.37349546;10.160992
26;0.37349546;-0.095768064;10.01734
27;-0.08619126;-0.20111294;9.739613
28;0.15322891;-0.23942018;9.883265
29;0.37349546;-0.21068975;9.835381
30;0.009576807;-0.24899697;9.835381
31;0.2681506;-0.17238252;10.0269165
32;0.22026655;-0.22026655;9.940725
33;0.076614454;-0.21068975;10.007763
34;0.23942018;-0.2681506;9.931149
35;0.22026655;-0.2873042;9.730036
36;0.1340753;-0.22984336;9.921572
37;0.1436521;-0.19153613;9.835381
38;0.21068975;-0.23942018;9.854534
39;0.16280572;-0.24899697;9.854534
40;0.1436521;-0.22026655;9.749189
41;0.24899697;-0.24899697;9.844957
42;0.20111294;-0.21068975;9.959879
43;0.12449849;-0.20111294;9.902418
44;0.24899697;-0.21068975;9.902418
45;0.20111294;-0.25857377;9.892841
46;0.10534488;-0.22026655;9.854534
47;0.25857377;-0.20111294;9.911995
48;0.15322891;-0.22984336;9.883265
49;0.17238252;-0.22026655;9.883265
50;0.18195933;-0.21068975;9.864111
51;0.1436521;-0.21068975;9.816227
52;0.20111294;-0.22026655;9.892841
53;0.19153613;-0.22026655;9.892841
54;0.15322891;-0.21068975;9.940725
55;0.1340753;-0.18195933;9.835381
56;0.22984336;-0.22984336;9.854534
57;0.21068975;-0.22984336;9.892841
58;0.17238252;-0.17238252;9.835381
59;0.19153613;-0.24899697;9.921572
60;0.22026655;-0.20111294;9.864111
61;0.1340753;-0.2681506;9.892841
62;0.22026655;-0.23942018;9.921572
63;0.17238252;-0.23942018;9.844957
64;0.12449849;-0.18195933;9.873688
65;0.20111294;-0.22026655;9.902418
66;0.16280572;-0.23942018;9.864111
67;0.1436521;-0.16280572;9.883265
68;0.24899697;-0.22984336;9.873688
69;0.19153613;-0.30645782;9.883265
70;0.16280572;-0.23942018;9.816227
71;0.18195933;-0.22984336;9.835381
72;0.12449849;-0.25857377;9.921572
73;0.1436521;-0.18195933;9.911995
74;0.19153613;-0.2873042;9.892841
75;0.15322891;-0.25857377;9.844957
76;0.19153613;-0.19153613;9.854534
77;0.11492168;-0.2681506;9.883265
78;0.19153613;-0.23942018;9.902418
79;0.20111294;-0.23942018;9.921572
80;0.15322891;-0.25857377;9.854534
81;0.17238252;-0.20111294;9.873688
82;0.18195933;-0.22984336;9.835381
83;0.17238252;-0.20111294;9.825804
84;0.15322891;-0.2873042;9.902418
85;0.19153613;-0.24899697;9.892841
86;0.15322891;-0.22026655;9.825804
87;0.18195933;-0.24899697;9.825804
88;0.21068975;-0.2777274;9.883265
89;0.16280572;-0.24899697;9.844957
90;0.18195933;-0.2681506;9.911995
91;0.1436521;-0.20111294;9.825804
92;0.17238252;-0.18195933;9.892841
93;0.21068975;-0.23942018;9.892841
94;0.15322891;-0.22026655;9.921572
95;0.19153613;-0.20111294;9.844957
96;0.22984336;-0.22984336;9.864111
97;0.19153613;-0.30645782;9.892841
98;0.21068975;-0.24899697;9.825804
99;0.17238252;-0.23942018;9.911995
100;0.16280572;-0.23942018;9.825804
101;0.20111294;-0.17238252;9.854534
102;0.18195933;-0.15322891;9.883265
103;0.17238252;-0.20111294;9.873688
104;0.21068975;-0.19153613;9.892841
105;0.18195933;-0.22984336;9.873688
106;0.17238252;-0.22026655;9.902418
107;0.17238252;-0.23942018;9.883265
108;0.17238252;-0.21068975;9.854534
109;0.24899697;-0.2681506;9.873688
110;0.17238252;-0.21068975;9.835381
111;0.18195933;-0.2681506;9.873688
112;0.19153613;-0.24899697;9.797073
113;0.17238252;-0.19153613;9.892841
114;0.1436521;-0.19153613;9.883265
115;0.16280572;-0.19153613;9.940725
116;0.1436521;-0.22026655;9.844957
117;0.15322891;-0.22984336;9.835381
118;0.20111294;-0.22984336;9.864111
119;0.17238252;-0.24899697;9.911995
120;0.16280572;-0.21068975;9.883265
121;0.21068975;-0.21068975;9.864111
122;0.15322891;-0.23942018;9.835381
123;0.22026655;-0.25857377;9.80665
124;0.20111294;-0.22984336;9.883265
125;0.17238252;-0.22026655;9.940725
126;0.15322891;-0.23942018;9.873688
127;0.19153613;-0.25857377;9.921572
128;0.18195933;-0.19153613;9.854534
129;0.15322891;-0.22984336;9.873688
130;0.18195933;-0.20111294;9.873688
131;0.19153613;-0.21068975;9.873688
132;0.21068975;-0.20111294;9.883265
133;0.17238252;-0.22026655;9.873688
134;0.22984336;-0.24899697;9.854534
135;0.23942018;-0.25857377;9.835381
136;0.16280572;-0.24899697;9.892841
137;0.17238252;-0.23942018;9.873688
138;0.19153613;-0.25857377;9.883265
139;0.1436521;-0.31603462;9.873688
140;0.20111294;-0.2777274;9.873688
141;0.21068975;-0.2777274;9.80665
142;0.15322891;-0.2681506;9.883265
143;0.24899697;-0.29688102;9.892841
144;0.19153613;-0.25857377;9.854534
145;0.21068975;-0.19153613;9.844957
146;0.22984336;-0.25857377;9.844957
147;0.12449849;-0.22984336;9.892841
148;0.22026655;-0.24899697;9.873688
149;0.21068975;-0.23942018;9.892841
150;0.21068975;-0.25857377;9.854534
151;0.19153613;-0.22026655;9.873688
152;0.19153613;-0.24899697;9.873688
153;0.19153613;-0.2681506;9.825804
154;0.21068975;-0.24899697;9.835381
155;0.19153613;-0.23942018;9.844957
156;0.17238252;-0.17238252;9.864111
157;0.22984336;-0.30645782;9.892841
158;0.20111294;-0.23942018;9.873688
159;0.19153613;-0.20111294;9.835381
160;0.20111294;-0.22984336;9.844957
161;0.1436521;-0.20111294;9.873688
162;0.20111294;-0.21068975;9.854534
163;0.19153613;-0.22026655;9.873688
164;0.18195933;-0.19153613;9.873688
165;0.20111294;-0.22984336;9.883265
166;0.19153613;-0.22026655;9.883265
167;0.18195933;-0.22984336;9.911995
168;0.19153613;-0.23942018;9.864111
169;0.1436521;-0.19153613;9.854534
170;0.15322891;-0.24899697;9.758766
171;0.18195933;-0.15322891;9.825804
172;0.1436521;-0.23942018;9.873688
173;0.20111294;-0.22026655;9.825804
174;0.21068975;-0.25857377;9.940725
175;0.1436521;-0.21068975;9.835381
176;0.22026655;-0.25857377;9.873688
177;0.19153613;-0.22026655;9.902418
178;0.18195933;-0.24899697;9.873688
179;0.20111294;-0.2681506;9.892841
180;0.15322891;-0.25857377;9.873688
181;0.18195933;-0.25857377;9.911995
182;0.18195933;-0.19153613;9.844957
183;0.17238252;-0.22026655;9.873688
184;0.20111294;-0.24899697;9.835381
185;0.22984336;-0.2681506;9.854534
186;0.17238252;-0.19153613;9.835381
187;0.16280572;-0.29688102;9.854534
188;0.20111294;-0.24899697;9.854534
189;0.1340753;-0.23942018;9.883265
190;0.21068975;-0.22026655;9.883265
191;0.15322891;-0.16280572;9.854534
192;0.16280572;-0.20111294;9.864111
193;0.22026655;-0.23942018;9.844957
194;0.19153613;-0.21068975;9.883265
195;0.19153613;-0.22026655;9.892841
196;0.19153613;-0.22026655;9.854534
197;0.18195933;-0.2681506;9.873688
198;0.19153613;-0.24899697;9.844957
199;0.15322891;-0.22026655;9.844957
200;0.1436521;-0.19153613;9.787497
201;0.21068975;-0.22984336;9.892841
202;0.1436521;-0.2681506;9.950302
203;0.17238252;-0.22984336;9.825804
204;0.21068975;-0.2777274;9.825804
205;0.16280572;-0.22026655;9.902418
206;0.17238252;-0.2681506;9.835381
207;0.18195933;-0.20111294;9.931149
208;0.17238252;-0.24899697;9.844957
209;0.20111294;-0.2777274;9.844957
210;0.22984336;-0.24899697;9.864111
211;0.16280572;-0.22026655;9.825804
212;0.21068975;-0.23942018;9.844957
213;0.20111294;-0.20111294;9.854534
214;0.21068975;-0.24899697;9.883265
215;0.22984336;-0.2681506;9.892841
216;0.21068975;-0.22026655;9.883265
217;0.1340753;-0.22026655;9.921572
218;0.20111294;-0.20111294;9.816227
219;0.18195933;-0.25857377;9.864111
220;0.18195933;-0.22026655;9.873688
221;0.18195933;-0.22984336;9.854534
222;0.20111294;-0.2681506;9.883265
223;0.19153613;-0.19153613;9.80665
224;0.16280572;-0.21068975;9.902418
225;0.18195933;-0.22984336;9.854534
226;0.21068975;-0.25857377;9.892841
227;0.19153613;-0.2681506;9.873688
228;0.15322891;-0.22026655;9.873688
229;0.21068975;-0.22984336;9.873688
230;0.18195933;-0.22026655;9.835381
231;0.16280572;-0.18195933;9.854534
232;0.21068975;-0.29688102;9.902418
233;0.16280572;-0.24899697;9.911995
234;0.17238252;-0.2777274;9.921572
235;0.22984336;-0.29688102;9.835381
236;0.16280572;-0.21068975;9.892841
237;0.17238252;-0.23942018;9.883265
238;0.18195933;-0.17238252;9.864111
239;0.17238252;-0.21068975;9.892841
240;0.17238252;-0.21068975;9.902418
241;0.17238252;-0.22984336;9.883265
242;0.17238252;-0.22984336;9.902418
243;0.22984336;-0.21068975;9.873688
244;0.1340753;-0.25857377;9.854534
245;0.1436521;-0.19153613;9.873688
246;0.19153613;-0.23942018;9.844957
247;0.16280572;-0.22984336;9.892841
248;0.21068975;-0.31603462;9.835381
249;0.1340753;-0.19153613;9.892841
250;0.15322891;-0.18195933;9.902418
251;0.17238252;-0.23942018;9.854534
252;0.16280572;-0.22026655;9.873688
253;0.16280572;-0.23942018;9.844957
254;0.21068975;-0.22026655;9.902418
255;0.18195933;-0.25857377;9.864111
256;0.20111294;-0.19153613;9.892841
257;0.20111294;-0.19153613;9.921572
258;0.19153613;-0.23942018;9.844957
259;0.19153613;-0.22984336;9.883265
260;0.18195933;-0.23942018;9.883265
261;0.17238252;-0.22984336;9.844957
262;0.21068975;-0.25857377;9.902418
263;0.16280572;-0.22984336;9.80665
264;0.19153613;-0.25857377;9.825804
265;0.21068975;-0.22026655;9.921572
266;0.15322891;-0.18195933;9.921572
267;0.16280572;-0.22984336;9.959879
268;0.22984336;-0.24899697;9.873688
269;0.17238252;-0.22026655;9.844957
270;0.16280572;-0.22026655;9.892841
271;0.17238252;-0.25857377;9.816227
272;0.17238252;-0.25857377;9.883265
273;0.18195933;-0.22984336;9.835381
274;0.22026655;-0.22026655;9.883265
275;0.1340753;-0.23942018;9.864111
276;0.21068975;-0.18195933;9.883265
277;0.1436521;-0.21068975;9.854534
278;0.18195933;-0.19153613;9.835381
279;0.22026655;-0.24899697;9.892841
280;0.15322891;-0.22984336;9.864111
281;0.21068975;-0.23942018;9.864111
282;0.21068975;-0.25857377;9.864111
283;0.19153613;-0.22984336;9.864111
284;0.22026655;-0.24899697;9.797073
285;0.21068975;-0.22984336;9.902418
286;0.15322891;-0.18195933;9.835381
287;0.22026655;-0.23942018;9.864111
288;0.17238252;-0.22026655;9.835381
289;0.18195933;-0.25857377;9.854534
290;0.19153613;-0.22984336;9.892841
291;0.20111294;-0.21068975;9.80665
292;0.19153613;-0.20111294;9.844957
293;0.21068975;-0.22026655;9.873688
294;0.15322891;-0.20111294;9.825804
295;0.18195933;-0.23942018;9.883265
296;0.19153613;-0.2777274;9.892841
297;0.16280572;-0.22026655;9.902418
298;0.20111294;-0.21068975;9.854534
299;0.20111294;-0.20111294;9.969456
300;0.1436521;-0.21068975;9.864111
301;0.18195933;-0.24899697;9.902418
302;0.15322891;-0.18195933;9.883265
303;0.18195933;-0.17238252;9.844957
304;0.16280572;-0.18195933;9.883265
305;0.1436521;-0.21068975;9.864111
306;0.19153613;-0.2681506;9.854534
307;0.19153613;-0.24899697;9.931149
308;0.18195933;-0.20111294;9.835381
309;0.21068975;-0.21068975;9.825804
310;0.17238252;-0.22984336;9.873688
311;0.17238252;-0.18195933;9.854534
312;0.19153613;-0.23942018;9.873688
313;0.17238252;-0.2873042;9.80665
314;0.15322891;-0.22026655;9.854534
315;0.15322891;-0.22026655;9.854534
316;0.17238252;-0.24899697;9.825804
317;0.20111294;-0.19153613;9.873688
318;0.19153613;-0.24899697;9.825804
319;0.18195933;-0.24899697;9.902418
320;0.16280572;-0.20111294;9.864111
321;0.19153613;-0.18195933;9.864111
322;0.1340753;-0.19153613;9.911995
323;0.17238252;-0.22026655;9.77792
324;0.18195933;-0.19153613;9.883265
325;0.1436521;-0.2681506;9.873688
326;0.20111294;-0.22026655;9.854534
327;0.15322891;-0.19153613;9.902418
328;0.17238252;-0.24899697;9.950302
329;0.21068975;-0.22026655;9.892841
330;0.17238252;-0.22026655;9.854534
331;0.24899697;-0.21068975;9.797073
332;0.21068975;-0.23942018;9.921572
333;0.17238252;-0.22984336;9.80665
334;0.21068975;-0.25857377;9.902418
335;0.15322891;-0.22026655;9.864111
336;0.18195933;-0.2873042;9.883265
337;0.19153613;-0.22984336;9.864111
338;0.17238252;-0.19153613;9.835381
339;0.19153613;-0.21068975;9.911995
340;0.21068975;-0.22984336;9.825804
341;0.22026655;-0.24899697;9.844957
342;0.18195933;-0.21068975;9.911995
343;0.21068975;-0.23942018;9.921572
344;0.17238252;-0.22984336;9.873688
345;0.18195933;-0.2873042;9.854534
346;0.18195933;-0.25857377;9.911995
347;0.19153613;-0.25857377;9.854534
348;0.20111294;-0.2777274;9.883265
349;0.19153613;-0.24899697;9.883265
350;0.17238252;-0.21068975;9.931149
351;0.20111294;-0.22026655;9.864111
352;0.19153613;-0.23942018;9.864111
353;0.21068975;-0.22026655;9.844957
354;0.21068975;-0.25857377;9.825804
355;0.16280572;-0.24899697;9.892841
356;0.1436521;-0.22026655;9.835381
357;0.18195933;-0.22026655;9.902418
358;0.15322891;-0.21068975;9.854534
359;0.20111294;-0.22026655;9.873688
360;0.18195933;-0.24899697;9.825804
361;0.1340753;-0.22984336;9.864111
362;0.22026655;-0.2681506;9.854534
363;0.21068975;-0.2777274;9.883265
364;0.17238252;-0.20111294;9.844957
365;0.15322891;-0.23942018;9.883265
366;0.20111294;-0.22984336;9.844957
367;0.15322891;-0.19153613;9.921572
368;0.17238252;-0.25857377;9.825804
369;0.15322891;-0.1340753;9.892841
370;0.19153613;-0.25857377;9.892841
371;0.21068975;-0.24899697;9.844957
372;0.16280572;-0.19153613;9.854534
373;0.18195933;-0.20111294;9.854534
374;0.19153613;-0.22026655;9.873688
375;0.15322891;-0.19153613;9.844957
376;0.24899697;-0.23942018;9.864111
377;0.17238252;-0.23942018;9.864111
378;0.18195933;-0.22026655;9.844957
379;0.20111294;-0.23942018;9.873688
380;0.11492168;-0.22026655;9.902418
381;0.20111294;-0.23942018;9.854534
382;0.18195933;-0.22984336;9.854534
383;0.19153613;-0.19153613;9.854534
384;0.22984336;-0.24899697;9.921572
385;0.16280572;-0.22026655;9.902418
386;0.20111294;-0.24899697;9.892841
387;0.21068975;-0.23942018;9.950302
388;0.12449849;-0.2873042;9.950302
389;0.1340753;-0.29688102;9.959879
390;0.16280572;-0.29688102;9.969456
391;0.16280572;-0.32561144;10.04607
392;0.19153613;-0.5554548;10.036493
393;0.17238252;-0.58418524;9.921572
394;0.10534488;-0.6607997;9.883265
395;0.15322891;-0.6991069;9.77792
396;0.2681506;-0.80445176;9.797073
397;0.24899697;-0.92895025;9.883265
398;0.22984336;-0.91937345;9.835381
399;0.29688102;-0.8523358;9.873688
400;0.2873042;-0.90979666;9.873688
401;0.20111294;-0.7565677;9.825804
402;0.21068975;-0.90021986;9.854534
403;0.2777274;-0.80445176;9.844957
404;0.1436521;-0.7565677;9.911995
405;0.038307227;-0.6607997;10.065224
406;0.1436521;-0.63206923;9.9790325
407;-0.02873042;-0.78529817;10.247183
408;-0.02873042;-0.842759;10.170568
409;-0.1340753;-0.80445176;10.314221
410;-0.29688102;-1.2066777;10.304645
411;0.19153613;-1.13964;10.151415
412;0.0;-1.292869;10.247183
413;-0.29688102;-1.5801731;10.103531
414;0.25857377;-1.7238252;9.911995
415;0.19153613;-1.8579005;9.825804
416;-0.1436521;-2.1164744;9.797073
417;0.4405331;-2.27928;9.77792
418;0.37349546;-2.3750482;9.739613
419;-0.08619126;-2.528277;9.548077
420;0.641646;-2.5091233;9.356541
421;0.545878;-2.5378537;9.557653
422;0.095768064;-2.6431987;9.730036
423;0.45010993;-2.7581203;9.624691
424;0.62249243;-2.5187001;9.528923
425;0.19153613;-2.7485435;9.835381
426;0.58418524;-2.882619;9.892841
427;0.59376204;-2.7102363;9.701305
428;-0.076614454;-2.767697;9.739613
429;0.30645782;-2.8634653;9.816227
430;0.31603462;-2.6527755;9.634268
431;-0.24899697;-2.5091233;10.141838
432;0.08619126;-2.480393;9.959879
433;0.23942018;-2.3080103;9.797073
434;-0.48841715;-2.2122424;9.892841
435;-0.37349546;-2.1260512;9.9790325
436;-0.18195933;-1.8962077;9.758766
437;-0.6895301;-2.0015526;9.56723
438;-0.38307226;-1.8387469;9.615114
439;0.076614454;-1.5801731;9.615114
440;0.02873042;-1.484405;9.710882
441;-0.019153614;-1.2258313;10.036493
442;-0.17238252;-1.292869;9.902418
443;0.047884032;-1.1779473;9.825804
444;0.1436521;-1.1971009;9.739613
445;0.45968673;-1.2641385;9.691729
446;0.7565677;-1.0534488;9.481039
447;0.019153614;-1.1587936;9.691729
448;0.0;-0.45010993;9.404425
449;0.61291564;-1.6089035;10.764331
450;1.0726024;-1.1109096;9.385271
451;0.36391866;-0.59376204;9.662998
452;0.32561144;-0.82360536;10.371682
453;1.283292;-0.8810662;10.486604
454;1.1013328;-0.34476504;10.199299
455;0.78529817;-0.7086837;10.745177
456;1.2545617;-0.41180268;10.764331
457;0.46926352;-0.22026655;10.429143
458;-0.33518824;-0.36391866;10.208876
459;-0.095768064;-0.38307226;10.01734
460;-0.22026655;0.08619126;9.586384
461;-0.59376204;-0.019153614;10.5440645
462;-0.076614454;-0.047884032;10.907983
463;0.30645782;-0.06703765;9.940725
464;0.37349546;-0.35434186;9.911995
465;-0.019153614;-0.39264908;9.423578
466;-0.18195933;-0.6512229;9.299079
467;0.4405331;-0.9576807;9.481039
468;0.11492168;-0.6607997;9.481039
469;-0.7086837;-1.0151415;9.433155
470;0.59376204;-0.80445176;9.212888
471;0.24899697;-0.7278373;9.835381
472;-1.0534488;-0.842759;10.448297
473;-0.8523358;-0.81402856;10.582372
474;-0.30645782;-0.9959879;10.247183
475;0.06703765;-1.0247183;9.921572
476;0.2873042;-0.6703765;10.94629
477;-0.06703765;-0.8331822;11.501745
478;0.4405331;-1.0247183;11.243171
479;0.60333884;-0.9768343;10.295067
480;-0.45968673;-1.3024458;9.720459
481;0.17238252;-1.4652514;9.337387
482;0.9672575;-1.3120226;9.308656
483;0.36391866;-1.8195933;9.605537
484;0.93852705;-1.7142484;9.289502
485;1.3694834;-1.6663644;9.107543
486;0.009576807;-1.9919758;8.772355
487;-0.6895301;-2.0207062;8.647857
488;-0.22984336;-2.1643584;8.0924015
489;-0.25857377;-1.9057846;9.174581
490;-0.16280572;-1.5705963;9.844957
491;0.076614454;-1.4077905;10.927136
492;0.8523358;-1.484405;11.176133
493;1.0342951;-1.0630256;10.850522
494;0.19153613;-1.2258313;11.18571
495;0.2873042;-1.1492168;10.036493
496;0.32561144;-1.1013328;9.816227
497;-0.019153614;-1.292869;9.107543
498;0.2873042;-0.9959879;9.56723
499;-0.10534488;-0.90979666;10.409989
500;0.8523358;-1.6089035;11.300632
501;1.5514427;-0.5650316;10.409989
502;-1.292869;-1.3599066;10.620679
503;-1.3599066;-2.327164;9.56723
504;0.79487497;-1.2354081;8.772355
505;-1.4269443;-1.4556746;9.394848
506;-0.93852705;-1.388637;11.204864
507;1.5993267;-0.30645782;9.643845
508;-0.545878;-1.5227122;10.936713
509;1.0342951;-1.1779473;9.519346
510;3.7924154;-0.91937345;9.586384
511;0.2873042;-1.043872;10.352529
512;-1.4077905;-1.340753;9.921572
513;1.6567876;-1.3120226;9.097966
514;-0.095768064;-1.0821792;8.963891
515;-2.327164;-1.934515;9.586384
516;0.9672575;-0.82360536;9.184157
517;-0.6799533;-1.1204864;9.528923
518;-1.8674773;-1.1683705;9.289502
519;1.0534488;-0.7374141;9.3182335
520;0.842759;-0.8331822;9.605537
521;-0.32561144;-1.1492168;10.812215
522;2.3080103;-1.2354081;10.113108
523;0.92895025;-0.8619126;10.151415
524;-1.484405;-1.1779473;10.25676
525;0.24899697;-0.6799533;9.835381
526;-1.0726024;-0.0;10.5440645
527;-3.6008794;-1.1013328;10.534488
528;-0.095768064;-0.18195933;9.931149
529;1.0630256;-0.10534488;10.620679
530;-0.7757214;-0.7661445;11.63582
531;2.231396;-0.62249243;11.63582
532;4.2999864;-0.7086837;11.061212
533;1.0247183;-1.4556746;11.243171
534;1.283292;-1.3790601;9.749189
535;0.7469909;-1.0726024;9.222465
536;-2.432509;-1.3503298;9.136273
537;-1.6376339;-1.1779473;8.858546
538;0.24899697;-0.6703765;9.595961
539;-0.80445176;-0.49799395;9.56723
540;0.038307227;-0.6703765;9.586384
541;2.2888567;-1.2737153;9.500193
542;1.7717092;-1.091756;10.160992
543;2.0685902;-0.79487497;10.28549
544;1.1492168;-0.6991069;11.559206
545;-1.1204864;-0.78529817;9.988609
546;-2.528277;-1.0342951;9.701305
547;-2.2984335;-1.4652514;6.4068837
548;-1.685518;-0.9864111;8.820239
549;-1.0055647;-1.043872;10.036493
550;1.7046716;-0.8523358;11.597513
551;2.7581203;-1.1971009;10.247183
552;0.6895301;-1.7238252;10.180145
553;-0.16280572;-2.231396;9.77792
554;1.3215994;-1.9632454;9.490616
555;-0.12449849;-1.2066777;9.442732
556;-3.5529952;-1.2737153;11.204864
557;-1.5514427;-0.92895025;8.820239
558;0.7757214;-0.38307226;9.11712
559;-1.3311762;-1.5897499;10.007763
560;2.7581203;-2.4708161;11.233594
561;4.9703627;0.23942018;8.801085
562;-2.5378537;-1.2258313;12.124237
563;-2.0685902;-2.5187001;11.166556
564;2.9975405;0.31603462;6.8569937
565;-3.4093432;-1.4173675;10.1226845
566;-3.763685;-2.432509;9.940725
567;5.3725886;0.36391866;9.643845
568;0.35434186;-2.834735;10.5440645
569;-0.5650316;-2.8538885;9.701305
570;3.6296098;-1.1300632;8.992621
571;-0.009576807;-3.4093432;9.155427
572;-2.2409728;-1.0726024;8.848969
573;-0.7086837;-1.292869;10.333375
574;-0.25857377;-1.1300632;8.0445175
575;-0.9959879;-1.4173675;10.28549
576;2.7581203;-2.7581203;9.193734
577;4.367024;-0.16280572;9.414001
578;-1.5514427;-0.58418524;13.704411
579;-0.90979666;-1.685518;11.224017
580;1.9728222;1.1492168;10.563218
581;-4.223372;-1.9057846;9.126697
582;-1.484405;-1.9440918;9.385271
583;4.865018;1.091756;9.643845
584;-0.019153614;-2.4133554;11.951855
585;0.9672575;-2.0111294;10.907983
586;1.4748282;-0.2873042;8.2169
587;-3.6966474;-3.5242648;7.7667904
588;-1.4269443;-0.25857377;9.32781
589;0.2777274;-0.62249243;9.720459
590;-0.7278373;-2.9017725;10.658986
591;4.3957543;0.06703765;8.590396
592;4.2425256;-0.9576807;11.166556
593;-3.2752678;-2.087744;14.250289
594;-2.1260512;1.0055647;8.887277
595;-1.043872;-1.9728222;8.159439
596;-0.24899697;-0.63206923;8.619126
597;1.8291701;0.047884032;9.634268
598;0.33518824;-0.9959879;12.5264635
599;-1.5035586;-2.2218192;9.356541
600;1.6472107;-2.2026656;6.5218053
601;-0.9768343;-0.4213795;7.0964136
602;-2.231396;-0.9959879;10.055647
603;3.074155;0.02873042;12.660539
604;2.0494366;-1.0821792;11.616667
605;2.5091233;-1.283292;8.379706
606;1.436521;0.7182605;11.166556
607;-4.10845;-2.3175871;11.84651
608;-2.135628;-0.038307227;6.8282633
609;0.49799395;-0.6895301;9.385271
610;-0.5746084;-2.6719291;8.963891
611;3.1316159;0.33518824;12.191275
612;1.388637;-2.0494366;12.287044
613;0.38307226;-1.532289;9.643845
614;1.4269443;-0.8331822;8.197746
615;-1.9057846;-2.4995465;6.3111157
616;-2.030283;-0.9672575;7.8529816
617;0.08619126;-0.82360536;11.3964
618;1.2449849;-0.4405331;10.773908
619;1.8770541;-1.3215994;9.404425
620;-1.1013328;-0.36391866;9.576807
621;-3.1794999;-0.7565677;9.241618
622;0.18195933;-1.8100165;11.587936
623;1.7525556;-0.1436521;8.6574335
624;-0.009576807;-1.8291701;11.003751
625;1.3982137;-1.9632454;11.999739
626;0.51714754;-1.1013328;9.021352
627;-4.31914;-0.8331822;10.141838
628;-2.4037786;-1.3790601;7.680599
629;3.8786068;-0.6895301;11.827356
630;2.834735;-0.9959879;11.951855
631;0.4405331;-1.6184803;11.971008
632;0.24899697;-0.1436521;11.176133
633;-2.566584;-0.51714754;7.9583263
634;-2.6240451;-1.1013328;10.534488
635;4.4340615;-1.13964;12.689269
636;1.8674773;-0.17238252;11.9135475
637;-2.8634653;-1.2449849;11.741165
638;0.58418524;-2.3654714;6.7612257
639;0.9768343;-0.40222588;7.3549876
640;-4.3287168;-1.2449849;8.130709
641;0.59376204;-1.8195933;12.152967
642;4.4819455;-0.23942018;12.813767
643;-2.5474305;-4.3861775;7.2687964
644;-0.7086837;-0.4405331;6.703765
645;1.1971009;-0.89064306;8.39886
646;0.7278373;-2.4420857;12.77546
647;0.16280572;0.59376204;11.348516
648;0.009576807;-2.6527755;8.992621
649;1.2737153;-2.3080103;8.2169
650;-3.41892;-1.0630256;6.4739213
651;-3.6296098;-2.7006595;7.019799
652;3.8881836;-0.076614454;10.160992
653;-1.1587936;-1.6472107;11.118672
654;0.08619126;-2.327164;9.595961
655;2.6240451;-0.8810662;9.32781
656;-2.4133554;-2.3463178;7.489063
657;-1.4077905;-1.340753;10.783484
658;3.3327289;-0.48841715;13.101071
659;1.541866;-1.1013328;11.358093
660;-1.2162545;-0.6895301;13.091495
661;0.30645782;-1.0821792;8.418014
662;-2.0015526;-0.5267244;10.831368
663;-2.2601264;-2.5953147;10.649409
664;4.367024;-0.0;9.136273
665;3.7828386;-0.6703765;12.852075
666;-2.2984335;-0.545878;11.358093
667;-1.2737153;-1.1587936;11.070788
668;1.9153614;-2.078167;10.400413
669;2.0015526;-1.6472107;7.651869
670;-0.2681506;-1.3120226;10.563218
671;-0.82360536;-2.1930888;9.931149
672;0.5363012;-0.9672575;8.274361
673;1.0151415;-1.6280571;9.299079
674;-0.16280572;0.11492168;9.950302
675;-1.7621324;2.3080103;13.752295
676;-1.532289;1.5610195;11.702858
677;0.23942018;2.528277;19.153614
678;1.1779473;4.673482;16.500837
679;1.1013328;5.315128;21.71062
680;0.8523358;8.169016;24.248474
681;-1.4460979;5.717354;24.83266
682;-0.63206923;5.3821654;21.068975
683;1.2737153;6.2728086;18.914194
684;0.45010993;5.506664;16.998833
685;1.4939818;4.1276035;20.082563
686;2.1452048;6.2728086;15.696386
687;-2.2984335;2.873042;15.552734
688;-1.436521;0.11492168;8.916007
689;1.2354081;1.3982137;4.4915223
690;-2.0207062;0.019153614;6.694188
691;-0.7374141;-0.40222588;5.085284
692;0.58418524;-2.5187001;4.31914
693;-4.6255975;-5.48751;-3.122039
694;10.342952;-4.10845;-1.4748282
695;-5.133168;1.8004397;12.488156
696;-10.429143;-10.43872;-7.8529816
697;15.610195;-1.8195933;-6.9527617
698;1.9632454;0.34476504;9.548077
699;-13.924677;-7.192182;2.432509
700;8.111555;-1.9632454;-1.9632454
701;7.201759;-0.90021986;-2.7102363
702;-9.9790325;-4.4340615;7.0006456
703;3.5338416;-0.58418524;9.289502
704;7.4124484;0.24899697;-1.6759412
705;-7.431602;-2.432509;8.935161
706;-4.0414124;-1.0534488;8.465898
707;7.1251445;0.6895301;6.5026517
708;-0.7278373;2.0685902;13.9917145
709;-4.9320555;-2.432509;16.108189
710;8.504205;2.9879637;15.02601
711;0.24899697;0.80445176;16.663643
712;-7.3166804;-2.4229321;16.031574
713;2.3750482;1.5897499;11.243171
714;2.27928;-2.1164744;11.3964
715;-2.9592333;-2.2218192;14.240712
716;1.043872;-0.02873042;12.095507
717;0.50757074;-2.0207062;13.22557
718;-2.8443117;-2.8921957;10.927136
719;-0.39264908;-3.466804;4.6160207
720;-0.9672575;-3.6487634;9.289502
721;-1.1779473;-4.0414124;7.728483
722;1.8674773;-4.6160207;6.5601125
723;-2.3080103;-6.2345014;2.3654714
724;-3.763685;-8.178593;-4.5202527
725;6.8665705;-4.7022123;3.964798
726;-2.9496565;-0.10534488;16.931795
727;-6.1100025;-9.174581;-6.090849
728;13.426683;-1.4939818;-1.0630256
729;-4.2425256;-4.7022123;7.345411
730;-6.2249246;-8.446744;4.855441
731;9.969456;1.0055647;5.554548
732;-3.4093432;-5.2768207;7.2783732
733;-7.07726;-7.029376;4.6160207
734;5.995081;-0.79487497;5.755661
735;1.7238252;-7.326257;4.261679
736;-0.842759;-3.667917;10.850522
737;1.9919758;-3.514688;8.714894
738;2.1739352;-3.0071173;8.322245
739;0.06703765;-4.960786;13.206416
740;0.7469909;-5.209783;5.48751
741;4.405331;-4.999093;7.029376
742;-2.0590134;-2.9975405;7.747637
743;-7.383718;-7.1155677;5.363012
744;-0.36391866;-4.2042184;8.695741
745;-2.7581203;-6.081272;5.9759274
746;-2.1739352;-4.7788267;0.38307226
747;0.4405331;-5.2289367;4.1276035
748;3.1028855;-7.1634517;3.371036
749;4.2904096;-3.8019924;5.813122
750;-5.4683566;-5.9280434;8.686164
751;0.36391866;-10.28549;-2.719813
752;5.803545;-0.90021986;3.7062242
753;-7.920019;-9.097966;7.785944
754;1.5227122;-7.297527;7.1634517
755;4.367024;-0.4405331;5.48751
756;-9.548077;-6.4739213;10.007763
757;2.1164744;-2.3942018;12.4785795
758;12.813767;3.86903;21.241358
759;0.6512229;1.5131354;27.638664
760;-0.60333884;6.1387334;33.41348
761;3.1316159;7.6231384;25.01462
762;-8.274361;6.38773;29.57318
763;-4.2999864;5.1523223;27.475859
764;10.5440645;6.244078;22.170307
765;3.7732618;7.9104424;30.511707
766;-4.807557;2.231396;24.478317
767;6.2632318;3.6966474;14.192827
768;0.7757214;4.606444;11.894394
769;-9.011775;-2.3654714;6.4260373
770;8.37013;3.8402996;12.74673
771;3.7541082;3.7924154;14.049175
772;-4.5681367;-0.22026655;9.490616
773;2.834735;1.0630256;5.7748146
774;-0.7661445;0.22984336;1.3024458
775;-7.1059904;1.4748282;-5.6407394
776;-7.4986396;0.81402856;12.660539
777;8.226477;2.5378537;5.7748146
778;3.6774938;3.916914;11.664551
779;-7.680599;-2.1260512;-10.314221
780;1.4652514;1.4077905;0.0
781;9.002198;1.8291701;2.0111294
782;2.777274;3.7732618;13.22557
783;-5.2480903;7.192182;18.47366
784;-0.11492168;1.8100165;4.3287168
785;3.41892;4.9895163;2.585738
786;-4.4340615;3.7828386;5.2959743
787;4.4244847;6.0621185;9.126697
788;2.528277;7.4603324;19.40261
789;-7.776367;2.2984335;11.051635
790;2.4420857;3.7062242;8.418014
791;5.1140146;9.404425;4.3861775
792;-10.783484;5.5641246;11.013328
793;-2.1164744;8.868123;12.095507
794;7.690176;6.9240313;14.84405
795;0.51714754;2.327164;12.785037
796;-4.912902;2.6240451;9.892841
797;6.9240313;10.304645;11.453861
798;0.095768064;10.515334;13.67568
799;-2.8060043;8.628703;18.579004
800;-2.5953147;9.710882;14.039598
801;2.2026656;9.433155;9.557653
802;-2.2026656;8.973468;10.25676
803;3.6296098;6.5122285;14.4130945
804;-1.1683705;7.067683;12.258312
805;-1.8866309;6.5218053;8.743625
806;-0.25857377;4.7309427;6.4739213
807;0.6703765;5.650316;5.544971
808;3.0071173;6.6750345;10.524911
809;3.6296098;5.209783;9.662998
810;-6.895301;5.4779334;3.6008794
811;4.367024;4.4915223;5.851429
812;-0.2777274;6.3302693;2.825158
813;-3.1603463;3.6104562;13.110648
814;7.038953;5.506664;7.9008656
815;1.0151415;6.205771;8.523358
816;-6.789956;4.060566;7.642292
817;-1.6280571;3.0550013;3.8786068
818;-0.90979666;2.3558946;9.299079
819;0.81402856;-0.1340753;12.229582
820;2.384625;-0.82360536;10.553641
821;4.146757;-0.90979666;5.7365074
822;0.79487497;-4.9416323;9.653421
823;-1.9919758;-2.96881;8.197746
824;-1.9632454;-4.185065;9.672575
825;-1.13964;-3.620033;4.8362875
826;-3.6008794;-3.1794999;11.750742
827;-1.2737153;-6.445191;10.1226845
828;3.9456444;-3.8402996;11.674128
829;-4.673482;-3.7828386;14.614207
830;3.3901896;-4.6351743;12.785037
831;5.0374002;1.1587936;14.317327
832;-8.628703;-3.7924154;15.370775
833;2.0685902;-3.016694;11.415554
834;10.745177;2.7006595;12.133814
835;-2.7485435;-1.8770541;13.924677
836;-0.59376204;1.9153614;12.354081
837;3.667917;5.3821654;11.434708
838;-7.0485296;0.29688102;10.429143
839;0.35434186;2.327164;6.1100025
840;2.7485435;2.4612393;5.7843914
841;-3.371036;0.46926352;8.408437
842;3.8498764;2.9783869;12.966996
843;5.209783;1.685518;10.553641
844;-3.41892;1.1683705;8.494628
845;-1.1587936;-1.2162545;6.3589997
846;4.817134;0.32561144;1.4748282
847;-4.280833;0.1340753;10.620679
848;-0.095768064;-3.9743748;3.8786068
849;6.8569937;-0.90979666;4.855441
850;-9.586384;-2.5570073;9.356541
851;-3.074155;-7.833828;-1.4556746
852;8.322245;1.3694834;7.383718
853;-8.686164;-4.367024;12.727576
854;-4.759673;-6.3781533;6.2632318
855;10.515334;2.3750482;8.082825
856;-8.820239;-5.8801594;10.534488
857;-0.5363012;-2.2026656;14.30775
858;9.5385;2.9496565;13.828909
859;-6.703765;-2.4708161;16.069881
860;-5.841852;-0.36391866;15.887922
861;5.6407394;2.4229321;9.653421
862;-0.12449849;-0.63206923;13.081918
863;-1.7717092;1.1204864;16.299725
864;3.715801;3.466804;14.662091
865;-2.815581;1.7142484;15.964537
866;-4.098873;1.541866;11.128249
867;2.1068976;1.5227122;7.833828
868;0.7374141;2.1643584;11.099519
869;-1.1779473;1.5610195;12.5743475
870;2.6623523;2.3750482;12.823344
871;0.641646;2.1164744;9.088389
872;-2.5953147;0.02873042;6.531382
873;2.1452048;0.8523358;7.1634517
874;-0.12449849;-0.641646;7.699753
875;-0.30645782;-0.80445176;6.6271505
876;2.4708161;-0.076614454;5.659893
877;-0.58418524;-0.34476504;5.5737014
878;-2.0494366;-2.27928;6.7324953
879;1.2641385;0.23942018;3.9264908
880;-1.8962077;-0.6895301;6.129156
881;0.0;-2.0207062;8.676587
882;5.1906295;0.39264908;5.3342814
883;2.087744;1.5131354;10.199299
884;0.78529817;0.6512229;10.812215
885;2.030283;4.0701427;12.229582
886;-3.0550013;2.7964275;14.106636
887;-1.2258313;2.4229321;12.124237
888;1.1683705;5.755661;12.191275
889;-4.7022123;2.7868507;12.899959
890;5.00867;4.644751;11.798626
891;4.55856;7.28795;16.242264
892;-5.094861;3.265691;16.673222
893;0.9864111;5.4204726;13.034034
894;1.6184803;5.765238;10.362105
895;-5.851429;1.8291701;8.360553
896;-0.24899697;4.357447;7.038953
897;2.432509;4.414908;8.896853
898;-2.6719291;2.585738;9.9790325
899;1.5035586;4.6255975;10.228029
900;1.8387469;3.0550013;7.9487495
901;0.25857377;2.2409728;8.791509
902;0.24899697;3.667917;8.858546
903;-1.3790601;2.6910827;8.8777
904;-1.6950948;2.8921957;10.170568
905;-1.5514427;3.0454245;9.241618
906;-0.7278373;2.327164;9.356541
907;1.484405;2.566584;9.940725
908;1.5227122;3.0454245;11.013328
909;0.5267244;2.4037786;14.192827
910;2.4516625;2.3942018;11.971008
911;1.5610195;2.384625;11.693281
912;-1.4939818;0.93852705;10.04607
913;-0.25857377;1.3215994;7.747637
914;-1.6567876;1.6567876;9.586384
915;-2.9496565;0.41180268;9.710882
916;0.019153614;0.9959879;10.170568
917;0.5554548;0.82360536;9.346964
918;0.30645782;0.17238252;9.643845
919;2.1930888;1.2737153;10.036493
920;0.9864111;0.7182605;11.348516
921;1.1204864;0.5267244;11.042058
922;2.432509;1.3790601;10.6877165
923;-2.078167;-0.06703765;10.228029
924;-1.1492168;0.11492168;8.082825
925;-0.47884035;1.0534488;8.42759
926;-4.223372;-0.22026655;9.864111
927;-1.7525556;0.33518824;9.289502
928;1.4748282;1.1971009;10.01734
929;-1.2066777;-0.06703765;11.099519
930;0.45010993;0.23942018;10.429143
931;1.6759412;1.1300632;10.477027
932;-1.0534488;-0.23942018;10.237606
933;1.4939818;0.6991069;10.01734
934;0.91937345;1.0534488;9.605537
935;-2.3942018;-0.009576807;9.80665
936;0.21068975;0.38307226;8.743625
937;0.545878;0.58418524;8.101978
938;-2.1739352;-0.82360536;9.490616
939;1.283292;0.31603462;8.379706
940;0.06703765;0.20111294;9.605537
941;-1.1204864;-0.49799395;9.758766
942;1.8195933;0.8619126;10.170568
943;0.48841715;0.4213795;10.170568
944;-1.4748282;0.2681506;9.490616
945;0.23942018;0.79487497;10.093954
946;0.30645782;0.6895301;8.858546
947;-1.0055647;1.1492168;10.515334
948;0.16280572;1.2545617;10.534488
949;1.6089035;1.9632454;10.342952
950;0.076614454;1.9249382;12.354081
951;-1.0342951;1.4269443;11.18571
952;0.8523358;1.733402;10.43872
953;0.08619126;1.5131354;10.199299
954;-2.0590134;0.9864111;9.165004
955;-0.20111294;1.340753;9.337387
956;-0.06703765;1.3790601;9.289502
957;-1.5705963;1.5514427;10.429143
958;-0.17238252;1.8387469;10.103531
959;0.34476504;2.078167;9.672575
960;-0.8523358;1.8387469;9.9790325
961;0.038307227;2.231396;9.56723
962;0.48841715;2.3942018;9.873688
963;-0.9576807;2.231396;10.400413
964;-0.20111294;2.2218192;9.471462
965;0.92895025;2.6910827;9.691729
966;-0.90021986;2.2697031;10.180145
967;0.0;2.4037786;10.103531
968;1.0630256;2.4612393;10.342952
969;-0.22984336;2.1547816;9.873688
970;-0.1340753;2.1068976;10.409989
971;0.9864111;2.1547816;9.816227
972;0.18195933;1.8483237;10.371682
973;-0.21068975;1.6950948;10.275913
974;0.80445176;1.5801731;9.797073
975;-0.24899697;1.3503298;10.007763
976;-0.7086837;1.0630256;9.643845
977;0.30645782;1.2258313;9.730036
978;-0.38307226;1.2641385;9.787497
979;-0.9864111;1.2354081;10.199299
980;0.095768064;1.6759412;9.969456
981;-0.29688102;1.685518;10.381259
982;-0.8810662;1.4939818;10.333375
983;0.06703765;1.8291701;10.323798
984;-0.39264908;1.6759412;10.141838
985;-0.93852705;1.5993267;10.189722
986;-0.33518824;1.4748282;10.0748005
987;-0.095768064;1.2162545;9.56723
988;-0.7086837;1.1300632;9.864111
989;-0.48841715;0.78529817;9.471462
990;0.22984336;0.8714894;9.471462
991;-0.6991069;0.58418524;9.672575
992;-0.30645782;0.45968673;9.3182335
993;0.62249243;0.8810662;9.433155
994;-0.38307226;0.59376204;9.797073
995;-0.17238252;0.50757074;9.787497
996;0.8523358;0.91937345;9.921572
997;-0.02873042;0.7757214;9.9790325
998;-0.16280572;0.7661445;10.304645
999;0.7374141;1.0151415;10.01734
1000;0.019153614;0.8810662;10.275913
1001;0.02873042;0.91937345;10.237606
1002;0.47884035;0.9864111;9.940725
1003;0.08619126;0.89064306;10.036493
1004;-0.15322891;0.93852705;10.04607
1005;0.2873042;0.93852705;9.682152
1006;-0.08619126;0.92895025;9.825804
1007;-0.32561144;0.8714894;9.77792
1008;0.11492168;1.091756;9.940725
1009;-0.36391866;1.0726024;10.323798
1010;-0.6895301;0.9576807;10.400413
1011;-0.22026655;0.9576807;10.25676
1012;-0.6607997;0.8331822;10.180145
1013;-1.1109096;0.60333884;9.9790325
1014;-0.41180268;0.58418524;9.940725
1015;-0.25857377;0.5554548;9.988609
1016;-0.32561144;0.11492168;10.0269165
1017;0.15322891;0.038307227;9.787497
1018;-0.019153614;0.06703765;9.548077
1019;-0.22026655;-0.23942018;9.710882
1020;0.2873042;-0.22026655;9.414001
1021;0.23942018;-0.17238252;9.586384
1022;0.038307227;-0.39264908;9.825804
1023;0.40222588;-0.23942018;9.758766
1024;0.16280572;-0.1436521;9.691729
1025;0.08619126;-0.20111294;10.218452
1026;0.61291564;0.038307227;10.007763
1027;0.1340753;0.06703765;10.409989
1028;-0.24899697;-0.12449849;10.304645
1029;0.21068975;0.1436521;9.998186
1030;-0.076614454;0.1340753;10.084377
1031;-0.45010993;-0.0;9.969456
1032;0.038307227;0.17238252;9.950302
1033;-0.1436521;-0.047884032;9.873688
1034;-0.32561144;-0.1340753;9.931149
1035;-0.047884032;-0.0;9.77792
1036;-0.23942018;-0.1340753;9.825804
1037;-0.49799395;-0.1436521;9.854534
1038;-0.32561144;-0.17238252;9.662998
1039;-0.40222588;-0.24899697;9.615114
1040;-0.59376204;-0.18195933;9.634268
1041;-0.39264908;-0.16280572;9.557653
1042;-0.19153613;-0.17238252;9.701305
1043;-0.2681506;-0.16280572;9.931149
1044;-0.15322891;-0.12449849;9.911995
1045;0.06703765;-0.0;10.007763
1046;-0.05746084;-0.095768064;9.950302
1047;-0.10534488;-0.038307227;9.988609
1048;0.06703765;-0.047884032;10.01734
1049;-0.12449849;-0.038307227;9.998186
1050;0.0;-0.019153614;9.911995
1051;0.15322891;-0.08619126;9.921572
1052;0.047884032;-0.095768064;9.940725
1053;0.08619126;-0.1340753;9.9790325
1054;0.12449849;-0.22984336;9.844957
1055;0.06703765;-0.22984336;9.854534
1056;0.02873042;-0.19153613;9.787497
1057;-0.095768064;-0.22026655;9.768343
1058;-0.10534488;-0.2681506;9.768343
1059;-0.076614454;-0.17238252;9.797073
1060;-0.038307227;-0.21068975;9.825804
1061;-0.076614454;-0.11492168;9.844957
1062;-0.1436521;-0.11492168;9.873688
1063;-0.16280572;-0.15322891;9.883265
1064;-0.22026655;-0.22026655;9.911995
1065;-0.15322891;-0.11492168;9.921572
1066;-0.25857377;-0.24899697;9.959879
1067;-0.22984336;-0.16280572;9.911995
1068;-0.25857377;-0.15322891;9.883265
1069;-0.19153613;-0.21068975;9.816227
1070;-0.17238252;-0.1436521;9.835381
1071;-0.21068975;-0.21068975;9.864111
1072;-0.18195933;-0.18195933;9.835381
1073;-0.20111294;-0.16280572;9.854534
1074;-0.18195933;-0.20111294;9.835381
1075;-0.11492168;-0.19153613;9.825804
1076;-0.1436521;-0.17238252;9.902418
1077;-0.16280572;-0.18195933;9.844957
1078;-0.05746084;-0.1340753;9.854534
1079;-0.08619126;-0.1436521;9.902418
1080;-0.076614454;-0.095768064;9.873688
1081;-0.019153614;-0.11492168;9.864111
1082;-0.019153614;-0.10534488;9.873688
1083;-0.047884032;-0.1436521;9.911995
1084;-0.019153614;-0.15322891;9.902418
1085;-0.06703765;-0.1436521;9.844957
1086;-0.05746084;-0.17238252;9.844957
1087;0.009576807;-0.20111294;9.844957
1088;-0.047884032;-0.16280572;9.80665
1089;-0.05746084;-0.17238252;9.844957
1090;-0.06703765;-0.22984336;9.835381
1091;-0.1436521;-0.21068975;9.80665
1092;-0.17238252;-0.19153613;9.892841
1093;-0.16280572;-0.21068975;9.80665
1094;-0.17238252;-0.19153613;9.864111
1095;-0.10534488;-0.1436521;9.864111
1096;-0.15322891;-0.21068975;9.931149
1097;-0.16280572;-0.22026655;9.892841
1098;-0.1436521;-0.1436521;9.892841
1099;-0.20111294;-0.21068975;9.892841
1100;-0.16280572;-0.15322891;9.835381
1101;-0.19153613;-0.21068975;9.873688
1102;-0.16280572;-0.20111294;9.844957
1103;-0.1436521;-0.18195933;9.816227
1104;-0.12449849;-0.21068975;9.854534
1105;-0.1436521;-0.16280572;9.854534
1106;-0.05746084;-0.19153613;9.892841
1107;-0.10534488;-0.11492168;9.883265
1108;-0.12449849;-0.1436521;9.80665
1109;-0.11492168;-0.1340753;9.931149
1110;-0.11492168;-0.11492168;9.911995
1111;-0.10534488;-0.17238252;9.892841
1112;-0.06703765;-0.16280572;9.854534
1113;-0.038307227;-0.10534488;9.825804
1114;-0.02873042;-0.10534488;9.921572
1115;-0.038307227;-0.12449849;9.864111
1116;-0.095768064;-0.16280572;9.892841
1117;-0.10534488;-0.1340753;9.835381
1118;-0.11492168;-0.1436521;9.892841
1119;-0.15322891;-0.1436521;9.864111
1120;-0.10534488;-0.15322891;9.873688
1121;-0.1340753;-0.12449849;9.911995
1122;-0.1340753;-0.15322891;9.787497
1123;-0.1340753;-0.1436521;9.873688
1124;-0.1436521;-0.12449849;9.825804
1125;-0.12449849;-0.19153613;9.864111
1126;-0.1340753;-0.18195933;9.825804
1127;-0.17238252;-0.1436521;9.873688
1128;-0.08619126;-0.12449849;9.816227
1129;-0.1340753;-0.1436521;9.844957
1130;-0.095768064;-0.12449849;9.864111
1131;-0.08619126;-0.10534488;9.873688
1132;-0.095768064;-0.095768064;9.864111
1133;-0.10534488;-0.1340753;9.825804
1134;-0.047884032;-0.1340753;9.931149
1135;-0.095768064;-0.06703765;9.902418
1136;-0.095768064;-0.1340753;9.864111
1137;0.009576807;-0.095768064;9.892841
1138;-0.12449849;-0.16280572;9.883265
1139;-0.06703765;-0.10534488;9.854534
1140;-0.08619126;-0.05746084;9.854534
1141;-0.11492168;-0.15322891;9.911995
1142;-0.05746084;-0.1340753;9.854534
1143;-0.08619126;-0.076614454;9.931149
1144;-0.10534488;-0.10534488;9.883265
1145;-0.019153614;-0.05746084;9.902418
1146;-0.076614454;-0.095768064;9.931149
1147;-0.16280572;-0.12449849;9.864111
1148;-0.10534488;-0.12449849;9.816227
1149;-0.15322891;-0.1436521;9.921572
1150;-0.10534488;-0.11492168;9.892841
1151;-0.095768064;-0.11492168;9.864111
1152;-0.1436521;-0.11492168;9.835381
1153;-0.12449849;-0.095768064;9.902418
1154;-0.1436521;-0.095768064;9.892841
1155;-0.15322891;-0.1340753;9.835381
1156;-0.11492168;-0.12449849;9.854534
1157;-0.1436521;-0.15322891;9.864111
1158;-0.1436521;-0.12449849;9.854534
1159;-0.076614454;-0.02873042;9.931149
1160;-0.11492168;-0.06703765;9.854534
1161;-0.10534488;-0.10534488;9.883265
1162;-0.08619126;-0.08619126;9.892841
1163;-0.12449849;-0.047884032;9.902418
1164;-0.095768064;-0.11492168;9.854534
1165;-0.06703765;-0.11492168;9.864111
1166;-0.1436521;-0.12449849;9.854534
1167;-0.02873042;-0.10534488;9.864111
1168;-0.095768064;-0.047884032;9.959879
1169;-0.11492168;-0.1340753;9.873688
1170;-0.06703765;-0.076614454;9.873688
1171;-0.12449849;-0.10534488;9.883265
1172;-0.16280572;-0.06703765;9.816227
1173;-0.02873042;-0.009576807;9.950302
1174;-0.06703765;-0.076614454;9.892841
1175;-0.17238252;-0.06703765;9.864111
1176;-0.12449849;-0.095768064;9.902418
1177;-0.17238252;-0.11492168;9.835381
1178;-0.12449849;-0.047884032;9.873688
1179;-0.08619126;-0.05746084;9.892841
1180;-0.12449849;-0.08619126;9.844957
1181;-0.10534488;-0.08619126;9.9790325
1182;-0.16280572;-0.02873042;9.873688
1183;-0.1340753;-0.12449849;9.883265
1184;-0.08619126;-0.08619126;9.959879
1185;-0.1340753;-0.1340753;9.825804
1186;-0.06703765;-0.11492168;9.911995
1187;-0.076614454;-0.095768064;9.873688
1188;-0.08619126;-0.11492168;9.911995
1189;-0.12449849;-0.05746084;9.864111
1190;-0.08619126;-0.05746084;9.854534
1191;-0.076614454;-0.12449849;9.873688
1192;-0.10534488;-0.009576807;9.873688
1193;-0.05746084;-0.08619126;9.854534
1194;-0.11492168;-0.10534488;9.844957
1195;-0.05746084;-0.05746084;9.854534
1196;-0.1340753;-0.1340753;9.931149
1197;-0.12449849;-0.10534488;9.816227
1198;-0.10534488;-0.076614454;9.940725
1199;-0.12449849;-0.08619126;9.892841
1200;-0.12449849;-0.05746084;9.892841
1201;-0.11492168;-0.08619126;9.892841
1202;-0.17238252;-0.11492168;9.883265
1203;-0.12449849;-0.12449849;9.844957
1204;-0.10534488;-0.038307227;9.892841
1205;-0.1340753;-0.1436521;9.883265
1206;-0.12449849;-0.08619126;9.921572
1207;-0.11492168;-0.10534488;9.883265
1208;-0.10534488;-0.10534488;9.873688
1209;-0.11492168;-0.076614454;9.931149
1210;-0.06703765;-0.05746084;9.931149
1211;-0.11492168;-0.10534488;9.892841
1212;-0.095768064;-0.11492168;9.873688
1213;-0.18195933;-0.11492168;9.873688
1214;-0.10534488;-0.095768064;9.892841
1215;-0.1340753;-0.076614454;9.873688
1216;-0.095768064;-0.12449849;9.873688
1217;-0.08619126;-0.11492168;9.864111
1218;-0.06703765;-0.095768064;9.892841
1219;-0.10534488;-0.11492168;9.873688
1220;-0.095768064;-0.076614454;9.844957
1221;-0.10534488;-0.076614454;9.902418
1222;-0.1340753;-0.1340753;9.873688
1223;-0.11492168;-0.05746084;9.892841
1224;-0.095768064;-0.10534488;9.892841
1225;-0.05746084;-0.095768064;9.873688
1226;-0.12449849;-0.08619126;9.883265
1227;-0.10534488;-0.1340753;9.921572
1228;-0.05746084;-0.05746084;9.902418
1229;-0.1340753;-0.047884032;9.873688
1230;-0.12449849;-0.095768064;9.844957
1231;-0.12449849;-0.10534488;9.873688
1232;-0.10534488;-0.19153613;9.873688
1233;-0.095768064;-0.10534488;9.816227
1234;-0.076614454;-0.08619126;9.854534
1235;-0.10534488;-0.06703765;9.844957
1236;-0.15322891;-0.11492168;9.911995
1237;-0.10534488;-0.095768064;9.873688
1238;-0.15322891;-0.12449849;9.873688
1239;-0.08619126;-0.1436521;9.864111
1240;-0.095768064;-0.1340753;9.864111
1241;-0.10534488;-0.10534488;9.854534
1242;-0.12449849;-0.11492168;9.835381
1243;-0.095768064;-0.08619126;9.80665
1244;-0.1340753;-0.15322891;9.864111
1245;-0.10534488;-0.095768064;9.835381
1246;-0.06703765;-0.11492168;9.931149
1247;-0.10534488;-0.095768064;9.835381
1248;-0.06703765;-0.05746084;9.864111
1249;-0.16280572;-0.15322891;9.873688
1250;-0.08619126;-0.1340753;9.835381
1251;-0.076614454;-0.12449849;9.940725
1252;-0.076614454;-0.08619126;9.864111
1253;-0.08619126;-0.076614454;9.835381
1254;-0.11492168;-0.06703765;9.883265
1255;-0.1340753;-0.1436521;9.80665
1256;-0.11492168;-0.18195933;9.854534
1257;-0.12449849;-0.15322891;9.921572
1258;-0.10534488;-0.095768064;9.873688
1259;-0.10534488;-0.11492168;9.921572
1260;-0.16280572;-0.08619126;9.873688
1261;-0.1340753;-0.17238252;9.892841
1262;-0.11492168;-0.095768064;9.854534
1263;-0.15322891;-0.1340753;9.835381
1264;-0.095768064;-0.1340753;9.873688
1265;-0.1340753;-0.12449849;9.864111
1266;-0.1340753;-0.12449849;9.883265
1267;-0.076614454;-0.12449849;9.844957
1268;-0.06703765;-0.08619126;9.873688
1269;-0.12449849;-0.08619126;9.883265
1270;-0.08619126;-0.095768064;9.844957
1271;-0.1436521;-0.08619126;9.873688
1272;-0.1340753;-0.08619126;9.864111
1273;-0.06703765;-0.08619126;9.892841
1274;-0.11492168;-0.12449849;9.892841
1275;-0.06703765;-0.10534488;9.883265
1276;-0.06703765;-0.17238252;9.864111
1277;-0.19153613;-0.1340753;9.911995
1278;-0.10534488;-0.1340753;9.844957
1279;-0.11492168;-0.095768064;9.940725
1280;-0.15322891;-0.095768064;9.854534
1281;-0.095768064;-0.12449849;9.892841
1282;-0.1340753;-0.11492168;9.873688
1283;-0.12449849;-0.11492168;9.835381
1284;-0.11492168;-0.05746084;9.911995
1285;-0.17238252;-0.11492168;9.864111
1286;-0.1436521;-0.15322891;9.902418
1287;-0.095768064;-0.12449849;9.835381
1288;-0.16280572;-0.076614454;9.892841
1289;-0.1340753;-0.15322891;9.892841
1290;-0.095768064;-0.11492168;9.921572
1291;-0.15322891;-0.095768064;9.892841
1292;-0.1340753;-0.10534488;9.864111
1293;-0.047884032;-0.08619126;9.873688
1294;-0.12449849;-0.11492168;9.854534
1295;-0.10534488;-0.08619126;9.931149
1296;-0.10534488;-0.20111294;9.825804
1297;-0.11492168;-0.08619126;9.825804
1298;-0.08619126;-0.06703765;9.873688
1299;-0.08619126;-0.1340753;9.921572
1300;-0.11492168;-0.038307227;10.103531
1301;0.06703765;0.11492168;10.965444
1302;-0.019153614;-0.10534488;10.304645
1303;-0.08619126;-0.08619126;9.921572
1304;-0.15322891;-0.019153614;9.9790325
1305;-0.17238252;-0.0;9.864111
1306;0.019153614;-0.08619126;9.883265
1307;-0.1436521;-0.10534488;9.844957
1308;-0.05746084;-0.08619126;9.950302
1309;-0.019153614;-0.019153614;9.950302
1310;-0.19153613;-0.16280572;9.825804
1311;-0.10534488;-0.10534488;9.931149
1312;-0.038307227;-0.08619126;9.835381
1313;-0.20111294;-0.18195933;9.749189
1314;-0.095768064;-0.10534488;9.892841
1315;-0.15322891;-0.05746084;9.883265
1316;-0.05746084;-0.12449849;9.998186
1317;-0.095768064;-0.11492168;9.825804
1318;-0.05746084;-0.076614454;9.883265
1319;-0.10534488;-0.08619126;9.902418
1320;-0.15322891;-0.047884032;9.902418
1321;-0.076614454;-0.076614454;10.0269165
1322;-0.08619126;-0.08619126;9.864111
1323;-0.15322891;-0.15322891;9.835381
1324;-0.11492168;-0.06703765;9.892841
1325;-0.095768064;-0.10534488;9.911995
1326;-0.10534488;-0.16280572;9.931149
1327;-0.08619126;-0.095768064;9.921572
1328;-0.076614454;-0.12449849;9.883265
1329;-0.21068975;-0.12449849;10.141838
1330;-0.095768064;-0.05746084;9.624691
1331;0.009576807;-0.06703765;9.825804
1332;-0.19153613;-0.16280572;10.007763
1333;-0.1340753;-0.16280572;9.768343
1334;-1.2449849;-0.7661445;9.643845
1335;0.6991069;0.15322891;9.557653
1336;1.2162545;0.7469909;10.716447
1337;-1.3694834;-0.46926352;11.712435
1338;-0.6607997;-0.25857377;9.940725
1339;0.8810662;-0.20111294;7.843405
1340;-0.7374141;-0.5746084;9.433155
1341;-0.1340753;0.08619126;10.936713
1342;0.94810385;0.36391866;11.070788
1343;-0.58418524;-0.095768064;10.67814
1344;-0.6703765;-0.46926352;9.165004
1345;0.58418524;-0.29688102;8.542512
1346;-0.1436521;-0.1340753;9.835381
1347;-0.60333884;-0.038307227;10.955867
1348;0.45010993;0.10534488;10.67814
1349;-0.2681506;-0.2873042;9.682152
1350;-0.49799395;-0.38307226;9.155427
1351;0.30645782;-0.08619126;9.519346
1352;-0.076614454;-0.076614454;10.323798
1353;-0.31603462;-0.05746084;10.572795
1354;0.15322891;-0.02873042;9.940725
1355;-0.038307227;-0.22026655;9.404425
1356;-0.35434186;-0.23942018;9.56723
1357;0.06703765;-0.08619126;10.084377
1358;-0.11492168;0.02873042;10.314221
1359;-0.30645782;-0.19153613;10.093954
1360;-0.02873042;-0.1436521;9.595961
1361;0.0;-0.08619126;9.595961
1362;-0.29688102;-0.19153613;9.835381
1363;-0.038307227;-0.076614454;10.0269165
1364;0.009576807;-0.038307227;10.0748005
1365;-0.22984336;-0.18195933;9.797073
1366;-0.02873042;-0.12449849;9.672575
1367;-0.05746084;-0.08619126;9.77792
1368;-0.18195933;-0.076614454;10.055647
1369;-0.047884032;-0.076614454;10.103531
1370;-0.06703765;-0.05746084;9.883265
1371;-0.15322891;-0.15322891;9.883265
1372;-0.06703765;-0.10534488;9.854534
1373;0.0;-0.10534488;10.036493
1374;-0.18195933;-0.095768064;9.931149
1375;-0.16280572;-0.095768064;9.959879
1376;0.0;-0.076614454;9.969456
1377;-0.11492168;-0.1436521;9.854534
1378;-0.5650316;-0.25857377;9.126697
1379;0.17238252;-0.18195933;9.615114
1380;0.2777274;0.076614454;10.477027
1381;-0.641646;-0.019153614;10.965444
1382;0.0;-0.009576807;9.758766
1383;0.047884032;-0.32561144;9.078813
1384;-0.45010993;-0.33518824;9.461885
1385;0.08619126;-0.009576807;10.065224
1386;0.1436521;0.047884032;10.5919485
1387;-0.31603462;-0.06703765;10.362105
1388;-0.15322891;-0.17238252;9.682152
1389;0.095768064;-0.23942018;9.394848
1390;-0.21068975;-0.1436521;9.825804
1391;-0.095768064;-0.06703765;10.093954
1392;0.1340753;-0.05746084;9.931149
1393;-0.15322891;-0.10534488;9.787497
1394;-0.22984336;-0.19153613;9.710882
1395;0.18195933;-0.019153614;10.0748005
1396;-0.19153613;-0.12449849;10.141838
1397;-0.2777274;-0.2777274;9.56723
1398;0.17238252;-0.10534488;9.500193
1399;-0.08619126;-0.095768064;10.170568
1400;-0.2777274;-0.047884032;10.658986
1401;-0.047884032;-0.11492168;9.911995
1402;0.05746084;-0.16280572;9.452309
1403;-0.18195933;-0.18195933;9.730036
1404;-0.22026655;-0.1340753;10.01734
1405;0.076614454;-0.019153614;10.199299
1406;-0.1340753;-0.08619126;9.998186
1407;-0.24899697;-0.22984336;9.739613
1408;0.009576807;-0.076614454;9.758766
1409;-0.17238252;-0.16280572;9.902418
1410;-0.21068975;-0.095768064;9.998186
1411;-0.009576807;-0.08619126;9.940725
1412;-0.11492168;-0.1340753;9.797073
1413;-0.1340753;-0.12449849;9.682152
1414;-0.05746084;-0.08619126;9.835381
1415;-0.047884032;-0.08619126;9.835381
1416;-0.10534488;-0.06703765;9.902418
1417;-0.16280572;-0.11492168;9.825804
1418;-0.02873042;-0.11492168;9.758766
1419;-0.1340753;-0.08619126;9.835381
1420;-0.12449849;-0.11492168;9.940725
1421;-0.06703765;-0.08619126;10.007763
1422;-0.11492168;-0.10534488;9.921572
1423;-0.12449849;-0.10534488;9.835381
1424;-0.076614454;-0.11492168;9.844957
1425;-0.06703765;-0.06703765;9.873688
1426;-0.08619126;-0.038307227;9.998186
1427;-0.11492168;-0.11492168;9.902418
1428;0.019153614;-0.11492168;9.835381
1429;-0.1340753;-0.1340753;9.911995
1430;-0.15322891;-0.1340753;9.77792
1431;-0.02873042;-0.05746084;9.844957
1432;-0.1340753;-0.10534488;9.864111
1433;-0.076614454;-0.095768064;9.921572
1434;-0.038307227;-0.06703765;9.950302
1435;-0.12449849;-0.12449849;9.902418
1436;-0.095768064;-0.11492168;9.844957
1437;-0.076614454;-0.047884032;9.911995
1438;-0.08619126;-0.11492168;9.950302
1439;-0.19153613;-0.1436521;9.988609
1440;-0.076614454;-0.1436521;9.902418
1441;-0.10534488;-0.076614454;9.844957
1442;-0.18195933;-0.08619126;9.844957
1443;-0.076614454;-0.095768064;9.892841
1444;-0.12449849;-0.095768064;9.892841
1445;-0.1340753;-0.11492168;9.816227
1446;-0.095768064;-0.076614454;9.80665
1447;-0.095768064;-0.1436521;9.797073
1448;-0.12449849;-0.095768064;9.816227
1449;-0.05746084;-0.15322891;9.816227
1450;-0.12449849;-0.095768064;9.873688
1451;-0.095768064;-0.16280572;9.844957
1452;-0.10534488;-0.1436521;9.787497
1453;-0.06703765;-0.05746084;9.883265
1454;-0.095768064;-0.10534488;9.864111
1455;-0.076614454;-0.12449849;9.854534
1456;-0.076614454;-0.047884032;9.892841
1457;-0.11492168;-0.10534488;9.911995
1458;-0.095768064;-0.11492168;9.825804
1459;-0.076614454;-0.076614454;9.844957
1460;-0.15322891;-0.12449849;9.816227
1461;-0.08619126;-0.12449849;9.825804
1462;-0.095768064;-0.10534488;9.892841
1463;-0.15322891;-0.1436521;9.844957
1464;-0.11492168;-0.11492168;9.931149
1465;-0.11492168;-0.095768064;9.873688
1466;-0.10534488;-0.076614454;9.873688
1467;-0.12449849;-0.095768064;9.902418
1468;-0.21068975;-0.15322891;9.844957
1469;-0.05746084;-0.12449849;9.854534
1470;-0.076614454;-0.076614454;9.854534
1471;-0.047884032;-0.08619126;9.940725
1472;-0.06703765;-0.08619126;9.940725
1473;-0.18195933;-0.10534488;9.844957
1474;-0.1340753;-0.15322891;9.835381
1475;-0.10534488;-0.12449849;9.816227
1476;-0.076614454;-0.11492168;9.873688
1477;-0.095768064;-0.1340753;9.931149
1478;-0.08619126;-0.05746084;9.854534
1479;-0.05746084;-0.12449849;9.902418
1480;-0.11492168;-0.10534488;9.864111
1481;-0.12449849;-0.076614454;9.969456
1482;-0.1436521;-0.10534488;9.940725
1483;-0.08619126;-0.076614454;9.825804
1484;-0.1340753;-0.1340753;9.911995
1485;-0.1340753;-0.12449849;9.854534
1486;-0.08619126;-0.11492168;9.883265
1487;-0.08619126;-0.038307227;9.902418
1488;-0.12449849;-0.12449849;9.825804
1489;-0.076614454;-0.1340753;9.892841
1490;-0.10534488;-0.10534488;9.902418
1491;-0.12449849;-0.095768064;9.959879
1492;-0.095768064;-0.08619126;9.940725
1493;-0.08619126;-0.11492168;9.892841
1494;-0.16280572;-0.08619126;9.864111
1495;-0.095768064;-0.047884032;9.902418
1496;-0.1436521;-0.11492168;9.825804
1497;-0.038307227;-0.076614454;9.835381
1498;-0.06703765;-0.047884032;10.007763
1499;-0.21068975;-0.18195933;9.816227
1500;-0.009576807;-0.019153614;9.835381
1501;-0.038307227;-0.095768064;9.940725
1502;-0.25857377;-0.21068975;9.921572
1503;0.05746084;-0.0;9.911995
1504;-0.12449849;-0.08619126;9.864111
1505;-0.20111294;-0.20111294;9.864111
1506;-0.009576807;-0.019153614;9.892841
1507;-0.095768064;-0.10534488;9.911995
1508;-0.1436521;-0.1436521;9.959879
1509;-0.16280572;-0.12449849;9.911995
1510;-0.16280572;-0.12449849;9.787497
1511;-0.17238252;-0.06703765;9.873688
1512;-0.11492168;-0.038307227;9.873688
1513;-0.12449849;-0.06703765;9.959879
1514;-0.1436521;-0.10534488;9.825804
1515;-0.06703765;-0.095768064;9.80665
1516;-0.1340753;-0.08619126;9.883265
1517;-0.11492168;-0.08619126;9.892841
1518;0.0;-0.0;10.036493
1519;-0.15322891;-0.1436521;9.892841
1520;-0.1340753;-0.05746084;9.816227
1521;-0.1340753;-0.1436521;9.797073
1522;-0.08619126;-0.076614454;9.864111
1523;-0.11492168;-0.076614454;9.921572
1524;-0.095768064;-0.11492168;9.902418
1525;-0.095768064;-0.06703765;9.854534
1526;-0.16280572;-0.095768064;9.816227
1527;-0.15322891;-0.11492168;9.80665
1528;-0.10534488;-0.05746084;9.892841
1529;-0.08619126;-0.06703765;9.883265
1530;-0.16280572;-0.10534488;9.864111
1531;-0.1436521;-0.12449849;9.883265
1532;-0.08619126;-0.1340753;9.816227
1533;-0.095768064;-0.095768064;9.873688
1534;-0.02873042;-0.12449849;9.940725
1535;-0.1436521;-0.047884032;9.921572
1536;-0.02873042;-0.1340753;9.873688
1537;-0.095768064;-0.12449849;9.902418
1538;-0.12449849;-0.05746084;9.883265
1539;-0.076614454;-0.038307227;9.931149
1540;-0.076614454;-0.12449849;9.902418
1541;-0.12449849;-0.1340753;9.902418
1542;-0.12449849;-0.11492168;9.825804
1543;-0.05746084;-0.0;10.01734
1544;-0.16280572;-0.12449849;9.883265
1545;-0.095768064;-0.06703765;9.77792
1546;-0.06703765;-0.0;9.911995
1547;-0.1436521;-0.095768064;9.892841
1548;-0.15322891;-0.11492168;9.911995
1549;-0.05746084;-0.076614454;9.883265
1550;-0.05746084;-0.12449849;9.835381
1551;-0.1436521;-0.10534488;9.892841
1552;-0.08619126;-0.06703765;9.902418
1553;-0.05746084;-0.05746084;9.883265
1554;-0.1436521;-0.06703765;9.931149
1555;0.095768064;0.17238252;10.400413
1556;-0.22026655;0.038307227;9.701305
1557;-0.21068975;-0.40222588;9.883265
1558;0.19153613;-0.047884032;9.768343
1559;-0.22026655;-0.08619126;9.940725
1560;-0.32561144;-0.21068975;9.950302
1561;0.1340753;0.047884032;9.864111
1562;-0.1340753;-0.21068975;9.720459
1563;-0.15322891;-0.076614454;9.988609
1564;-0.02873042;-0.095768064;9.931149
1565;-0.22026655;-0.15322891;9.749189
1566;-0.047884032;-0.05746084;9.9790325
1567;-0.047884032;-0.16280572;9.80665
1568;-0.076614454;-0.076614454;9.883265
1569;-0.15322891;-0.12449849;9.911995
1570;-0.047884032;-0.11492168;9.825804
1571;-0.038307227;-0.06703765;9.940725
1572;-0.06703765;-0.1436521;9.768343
1573;-0.08619126;-0.047884032;9.883265
1574;-0.18195933;-0.12449849;9.902418
1575;-0.10534488;-0.10534488;9.835381
1576;-0.047884032;-0.10534488;9.854534
1577;-0.18195933;-0.1340753;9.921572
1578;-0.1436521;-0.12449849;9.825804
1579;-0.05746084;-0.076614454;9.883265
1580;-0.15322891;-0.1436521;9.844957
1581;-0.16280572;-0.10534488;9.921572
1582;-0.08619126;-0.095768064;9.80665
1583;-0.16280572;-0.12449849;9.844957
1584;-0.15322891;-0.1436521;9.892841
1585;-0.076614454;-0.06703765;9.816227
1586;-0.047884032;-0.019153614;9.940725
1587;-0.076614454;-0.08619126;9.883265
1588;-0.06703765;-0.095768064;9.864111
1589;-0.06703765;-0.076614454;9.911995
1590;-0.06703765;-0.12449849;9.864111
1591;-0.047884032;-0.12449849;9.844957
1592;-0.076614454;-0.038307227;9.921572
1593;-0.08619126;-0.15322891;9.959879
1594;-0.10534488;-0.11492168;9.797073
1595;-0.038307227;-0.08619126;9.873688
1596;-0.11492168;-0.10534488;9.854534
1597;-0.08619126;-0.095768064;9.902418
1598;-0.08619126;-0.047884032;9.902418
1599;-0.10534488;-0.10534488;9.854534
1600;-0.06703765;-0.11492168;9.844957
1601;-0.095768064;-0.05746084;9.902418
1602;-0.16280572;-0.16280572;9.835381
1603;-0.11492168;-0.05746084;9.873688
1604;-0.11492168;-0.11492168;9.873688
1605;-0.16280572;-0.1436521;9.816227
1606;-0.047884032;-0.10534488;9.883265
1607;-0.1340753;-0.11492168;9.940725
1608;-0.076614454;-0.076614454;9.816227
1609;-0.076614454;-0.08619126;9.959879
1610;-0.11492168;-0.076614454;9.911995
1611;-0.12449849;-0.095768064;9.864111
1612;-0.076614454;-0.12449849;9.892841
1613;-0.11492168;-0.1436521;9.873688
1614;-0.10534488;-0.06703765;9.892841
1615;-0.12449849;-0.095768064;9.950302
1616;-0.16280572;-0.08619126;9.873688
1617;-0.047884032;-0.06703765;9.835381
1618;-0.06703765;-0.047884032;9.921572
1619;-0.12449849;-0.095768064;9.902418
1620;-0.05746084;-0.08619126;9.883265
1621;-0.12449849;-0.11492168;9.902418
1622;-0.06703765;-0.08619126;9.873688
1623;-0.10534488;-0.1340753;9.80665
1624;-0.076614454;-0.047884032;9.864111
1625;-0.11492168;-0.12449849;9.864111
1626;-0.2681506;-0.22026655;9.56723
1627;0.0;-0.0;9.911995
1628;-0.11492168;-0.22984336;9.768343
1629;-0.19153613;0.009576807;10.28549
1630;-0.10534488;-0.11492168;9.835381
1631;-0.1340753;-0.15322891;9.749189
1632;-0.21068975;-0.02873042;10.01734
1633;-0.17238252;-0.19153613;9.768343
1634;0.009576807;0.019153614;9.998186
1635;-0.2777274;-0.17238252;9.825804
1636;-0.12449849;-0.1436521;9.797073
1637;-0.009576807;-0.076614454;9.911995
1638;-0.23942018;-0.12449849;9.892841
1639;-0.08619126;-0.076614454;9.969456
1640;-0.038307227;-0.047884032;9.931149
1641;-0.1436521;-0.11492168;9.825804
1642;-0.05746084;-0.08619126;9.892841
1643;-0.15322891;-0.11492168;9.931149
1644;-0.11492168;-0.08619126;9.911995
1645;-0.08619126;-0.095768064;9.969456
1646;-0.076614454;-0.08619126;9.80665
1647;-0.17238252;-0.1340753;9.80665
1648;-0.08619126;-0.08619126;9.864111
1649;-0.1436521;-0.2873042;9.921572
1650;0.17238252;-0.08619126;9.787497
1651;0.038307227;-0.009576807;9.864111
1652;-0.35434186;-0.1436521;9.969456
1653;0.08619126;-0.10534488;9.835381
1654;0.019153614;-0.08619126;9.749189
1655;-0.22026655;-0.11492168;9.844957
1656;-0.095768064;-0.047884032;9.835381
1657;0.019153614;-0.06703765;9.931149
1658;-0.21068975;-0.15322891;9.873688
1659;-0.047884032;-0.019153614;9.902418
1660;-0.05746084;-0.08619126;9.873688
1661;-0.1340753;-0.076614454;9.873688
1662;-0.095768064;-0.08619126;9.892841
1663;-0.08619126;-0.06703765;9.835381
1664;-0.10534488;-0.1340753;9.816227
1665;-0.076614454;-0.11492168;9.864111
1666;-0.10534488;-0.06703765;9.854534
1667;-0.10534488;-0.11492168;9.883265
1668;-0.11492168;-0.12449849;9.902418
1669;-0.095768064;-0.095768064;9.873688
1670;-0.11492168;-0.16280572;9.883265
1671;-0.11492168;-0.02873042;9.883265
1672;-0.095768064;-0.076614454;9.921572
1673;-0.06703765;-0.05746084;9.864111
1674;-0.1436521;-0.10534488;9.902418
1675;-0.06703765;-0.05746084;9.835381
1676;-0.06703765;-0.05746084;9.902418
1677;-0.10534488;-0.11492168;9.911995
1678;-0.10534488;-0.095768064;9.854534
1679;-0.11492168;-0.11492168;9.864111
1680;-0.095768064;-0.06703765;9.835381
1681;-0.076614454;-0.10534488;9.902418
1682;-0.11492168;-0.08619126;9.940725
1683;-0.076614454;-0.12449849;9.873688
1684;-0.05746084;-0.08619126;9.873688
1685;-0.15322891;-0.08619126;9.854534
1686;-0.12449849;-0.095768064;9.825804
1687;-0.08619126;-0.10534488;9.844957
1688;-0.076614454;-0.076614454;9.844957
1689;-0.10534488;-0.047884032;9.911995
1690;-0.1340753;-0.08619126;9.911995
1691;-0.076614454;-0.095768064;9.873688
1692;-0.06703765;-0.10534488;9.911995
1693;-0.12449849;-0.06703765;9.950302
1694;-0.10534488;-0.08619126;9.911995
1695;-0.10534488;-0.05746084;9.864111
1696;-0.10534488;-0.076614454;9.883265
1697;-0.076614454;-0.06703765;9.902418
1698;-0.08619126;-0.076614454;9.825804
1699;-0.11492168;-0.10534488;9.892841
1700;-0.11492168;-0.10534488;9.911995
1701;-0.06703765;-0.095768064;9.844957
1702;-0.12449849;-0.06703765;9.902418
1703;-0.10534488;-0.08619126;9.864111
1704;-0.08619126;-0.08619126;9.883265
1705;-0.06703765;-0.076614454;9.835381
1706;-0.1436521;-0.095768064;9.825804
1707;-0.076614454;-0.08619126;9.902418
1708;-0.095768064;-0.11492168;9.854534
1709;-0.05746084;-0.076614454;9.816227
1710;-0.11492168;-0.10534488;9.873688
1711;-0.076614454;-0.12449849;9.825804
1712;-0.06703765;-0.08619126;9.835381
1713;-0.15322891;-0.10534488;9.864111
1714;-0.08619126;-0.08619126;9.854534
1715;-0.076614454;-0.1436521;9.864111
1716;-0.076614454;-0.076614454;9.854534
1717;-0.11492168;-0.08619126;9.911995
1718;-0.11492168;-0.11492168;9.835381
1719;-0.12449849;-0.02873042;9.854534
1720;-0.12449849;-0.076614454;9.873688
1721;-0.11492168;-0.076614454;9.854534
1722;-0.076614454;-0.1436521;9.883265
1723;-0.10534488;-0.076614454;9.873688
1724;-0.08619126;-0.11492168;9.902418
1725;-0.076614454;-0.019153614;9.892841
1726;-0.05746084;-0.10534488;9.835381
1727;-0.076614454;-0.11492168;9.864111
1728;-0.06703765;-0.05746084;9.864111
1729;-0.076614454;-0.11492168;9.892841
1730;-0.08619126;-0.095768064;9.883265
1731;-0.076614454;-0.08619126;9.998186
1732;-0.1436521;-0.15322891;9.854534
1733;-0.10534488;-0.12449849;9.80665
1734;-0.12449849;-0.11492168;9.844957
1735;-0.12449849;-0.095768064;9.835381
1736;-0.038307227;-0.076614454;9.864111
1737;-0.10534488;-0.12449849;9.902418
1738;-0.10534488;-0.08619126;9.892841
1739;-0.10534488;-0.10534488;9.911995
1740;-0.11492168;-0.08619126;9.825804
1741;-0.05746084;-0.12449849;9.835381
1742;-0.10534488;-0.05746084;9.959879
1743;-0.10534488;-0.08619126;10.0269165
1744;-0.08619126;-0.038307227;9.835381
1745;-0.047884032;-0.10534488;9.873688
1746;-0.16280572;-0.12449849;9.80665
1747;-0.16280572;-0.18195933;9.921572
1748;-0.12449849;-0.076614454;9.77792
1749;-0.095768064;-0.11492168;9.844957
1750;-0.10534488;-0.1340753;9.873688
1751;-0.06703765;-0.019153614;9.873688
1752;-0.06703765;-0.095768064;9.835381
1753;-0.076614454;-0.06703765;9.883265
1754;-0.095768064;-0.08619126;9.883265
1755;-0.047884032;-0.06703765;9.816227
1756;-0.08619126;-0.06703765;9.883265
1757;-0.05746084;-0.08619126;9.873688
1758;-0.076614454;-0.1340753;9.911995
1759;-0.1436521;-0.047884032;9.921572
1760;-0.11492168;-0.06703765;9.892841
1761;-0.05746084;-0.10534488;9.902418
1762;-0.15322891;-0.076614454;9.959879
1763;-0.11492168;-0.076614454;9.873688
1764;-0.095768064;-0.06703765;9.844957
1765;-0.12449849;-0.10534488;9.854534
1766;-0.05746084;-0.12449849;9.825804
1767;-0.10534488;-0.08619126;9.892841
1768;-0.1340753;-0.12449849;9.797073
1769;-0.095768064;-0.06703765;9.883265
1770;-0.095768064;-0.10534488;9.873688
1771;-0.08619126;-0.10534488;9.816227
1772;-0.1436521;-0.05746084;9.672575
1773;-0.06703765;-0.1340753;9.902418
1774;-0.047884032;-0.15322891;9.902418
1775;-0.10534488;-0.1436521;9.844957
1776;-0.10534488;-0.12449849;9.864111
1777;-0.10534488;-0.076614454;9.873688
1778;-0.11492168;-0.1340753;9.902418
1779;-0.095768064;-0.16280572;9.854534
1780;-0.1436521;-0.12449849;9.844957
1781;-0.038307227;-0.15322891;9.749189
1782;-0.08619126;-0.10534488;9.864111
1783;-0.095768064;-0.10534488;9.873688
1784;-0.02873042;-0.08619126;9.864111
1785;-0.10534488;-0.15322891;9.902418
1786;-0.05746084;-0.16280572;9.797073
1787;-0.009576807;-0.05746084;9.883265
1788;-0.095768064;-0.12449849;9.921572
1789;-0.095768064;-0.038307227;9.902418
1790;-0.038307227;-0.12449849;9.892841
1791;-0.08619126;-0.095768064;9.844957
1792;-0.08619126;-0.1340753;9.883265
1793;-0.076614454;-0.10534488;9.864111
1794;-0.06703765;-0.10534488;9.969456
1795;-0.1436521;-0.12449849;9.9790325
1796;-0.15322891;-0.08619126;9.825804
1797;-0.009576807;-0.10534488;9.835381
1798;-0.08619126;-0.047884032;9.758766
1799;-0.1436521;-0.6895301;8.676587
1800;0.05746084;-0.22026655;8.178593
1801;-0.8523358;-0.20111294;10.965444
1802;0.2681506;0.05746084;11.15698
1803;0.31603462;-0.019153614;10.103531
1804;-0.48841715;-0.24899697;9.605537
1805;0.1340753;-0.08619126;9.758766
1806;0.22984336;0.15322891;10.46745
1807;-0.25857377;-0.019153614;10.6398325
1808;0.009576807;-0.02873042;10.160992
1809;0.18195933;-0.019153614;9.998186
1810;-0.16280572;-0.08619126;10.199299
1811;0.038307227;-0.02873042;10.362105
1812;0.12449849;-0.019153614;10.25676
1813;-0.02873042;-0.02873042;9.797073
1814;-0.12449849;-0.12449849;9.615114
1815;-0.08619126;-0.08619126;9.797073
1816;-0.10534488;-0.047884032;10.036493
1817;-0.05746084;-0.05746084;10.055647
1818;-0.22026655;-0.095768064;9.816227
1819;-0.17238252;-0.34476504;9.56723
1820;-0.06703765;-0.33518824;8.714894
1821;-0.58418524;-0.30645782;9.768343
1822;0.20111294;0.12449849;10.486604
1823;0.25857377;0.06703765;10.429143
1824;-0.45010993;-0.22984336;10.333375
