;ay;ax;az
1;-0.02873042;-0.20111294;9.816227
2;0.095768064;-0.24899697;10.036493
3;-0.19153613;-0.2873042;10.0748005
4;-0.12449849;-0.2777274;9.873688
5;0.17238252;-0.32561144;9.682152
6;-0.31603462;-0.4309563;9.56723
7;-0.17238252;-0.24899697;9.720459
8;0.18195933;-0.36391866;9.797073
9;-0.009576807;-0.22026655;9.77792
10;0.038307227;-0.2777274;9.787497
11;0.12449849;-0.19153613;9.959879
12;-0.11492168;-0.22026655;10.304645
13;-0.047884032;-0.15322891;10.745177
14;0.2777274;-0.076614454;10.553641
15;-0.33518824;-0.46926352;9.80665
16;-0.36391866;-0.545878;9.069236
17;0.5363012;-0.1436521;9.481039
18;0.06703765;-0.16280572;11.84651
19;-0.9576807;-0.12449849;12.105083
20;0.1340753;-0.22026655;9.11712
21;-0.02873042;-1.0821792;8.37013
22;-0.1436521;-0.2681506;9.442732
23;-0.038307227;-0.2873042;9.844957
24;-0.019153614;-0.2681506;9.835381
25;-0.095768064;-0.2777274;9.902418
26;-0.047884032;-0.2777274;9.844957
27;-0.08619126;-0.31603462;9.902418
28;-0.02873042;-0.31603462;9.825804
29;0.009576807;-0.31603462;9.892841
30;-0.095768064;-0.2681506;9.931149
31;-0.019153614;-0.30645782;9.883265
32;-0.019153614;-0.29688102;9.835381
33;-0.1340753;-0.2873042;9.892841
34;-0.019153614;-0.2681506;9.844957
35;0.076614454;-0.25857377;9.959879
36;-0.1340753;-0.25857377;9.902418
37;-0.08619126;-0.29688102;9.892841
38;0.08619126;-0.22984336;9.80665
39;-0.08619126;-0.30645782;9.797073
40;0.019153614;-0.22984336;9.950302
41;0.0;-0.22026655;9.864111
42;-0.1436521;-0.24899697;9.950302
43;0.0;-0.21068975;9.902418
44;-0.05746084;-0.32561144;9.797073
45;-0.1340753;-0.2873042;9.911995
46;-0.06703765;-0.20111294;9.873688
47;-0.076614454;-0.30645782;9.854534
48;-0.06703765;-0.2777274;9.835381
49;0.02873042;-0.22026655;9.80665
50;-0.15322891;-0.30645782;9.816227
51;-0.06703765;-0.22984336;9.816227
52;-0.038307227;-0.21068975;9.911995
53;0.02873042;-0.21068975;9.969456
54;-0.18195933;-0.31603462;9.988609
55;0.038307227;-0.22984336;9.816227
56;-0.02873042;-0.23942018;9.787497
57;-0.12449849;-0.31603462;9.9790325
58;0.16280572;-0.18195933;10.103531
59;-0.10534488;-0.30645782;9.768343
60;0.0;-0.24899697;9.854534
61;0.0;-0.35434186;9.902418
62;-0.11492168;-0.2681506;9.864111
63;-0.10534488;-0.34476504;10.0269165
64;0.009576807;-0.2777274;9.911995
65;-0.11492168;-0.4213795;9.787497
66;-0.038307227;-0.20111294;9.816227
67;-0.009576807;-0.34476504;9.911995
68;-0.17238252;-0.29688102;9.969456
69;-0.06703765;-0.24899697;9.911995
70;0.0;-0.33518824;9.787497
71;-0.02873042;-0.31603462;9.80665
72;0.0;-0.2777274;9.950302
73;0.047884032;-0.21068975;10.036493
74;0.019153614;-0.34476504;9.902418
75;-0.019153614;-0.21068975;9.844957
76;-0.11492168;-0.38307226;9.787497
77;-0.019153614;-0.38307226;9.911995
78;-0.12449849;-0.2777274;9.911995
79;-0.11492168;-0.32561144;9.864111
80;0.08619126;-0.23942018;9.854534
81;-0.22026655;-0.4309563;9.739613
82;-0.095768064;-0.2873042;9.940725
83;0.11492168;-0.18195933;10.237606
84;-0.2777274;-0.36391866;10.0748005
85;0.12449849;-0.22026655;9.825804
86;0.047884032;-0.35434186;9.346964
87;-0.19153613;-0.38307226;9.720459
88;-0.038307227;-0.18195933;10.477027
89;-0.17238252;-0.32561144;9.883265
90;0.17238252;-0.16280572;9.959879
91;-0.076614454;-0.22984336;9.921572
92;-0.32561144;-0.2873042;9.873688
93;0.15322891;-0.23942018;9.77792
94;0.047884032;-0.21068975;9.739613
95;-0.29688102;-0.29688102;10.084377
96;0.047884032;-0.15322891;9.931149
97;-0.02873042;-0.2681506;9.768343
98;-0.17238252;-0.30645782;9.768343
99;0.05746084;-0.1436521;9.921572
100;-0.06703765;-0.21068975;9.758766
101;-0.21068975;-0.29688102;9.950302
102;0.095768064;-0.24899697;9.691729
103;0.08619126;-0.21068975;9.710882
104;-0.22984336;-0.2777274;10.04607
105;0.23942018;-0.24899697;9.959879
106;0.038307227;-0.15322891;9.691729
107;-0.29688102;-0.38307226;9.787497
108;0.19153613;-0.2681506;9.787497
109;0.076614454;-0.19153613;9.921572
110;-0.4405331;-0.30645782;10.084377
111;0.11492168;-0.38307226;9.710882
112;0.047884032;-0.22026655;9.739613
113;-0.82360536;-0.51714754;9.797073
114;0.38307226;-0.18195933;10.218452
115;0.29688102;-0.047884032;10.304645
116;-0.6991069;-0.6703765;9.77792
117;0.16280572;-0.25857377;9.911995
118;0.25857377;-0.37349546;9.921572
119;-0.45968673;-0.51714754;9.586384
120;0.009576807;-0.2681506;9.864111
121;0.009576807;-0.41180268;10.151415
122;-0.05746084;-0.38307226;10.295067
123;-0.019153614;-0.40222588;9.921572
124;-0.16280572;-0.48841715;9.500193
125;-0.038307227;-0.33518824;10.065224
126;-0.19153613;-0.4309563;9.911995
127;0.047884032;-0.45010993;9.998186
128;-0.076614454;-0.45010993;9.730036
129;-0.2681506;-0.4309563;9.471462
130;0.02873042;-0.22984336;9.9790325
131;0.019153614;-0.38307226;10.371682
132;-0.02873042;-0.23942018;10.333375
133;0.16280572;-0.31603462;9.998186
134;-0.18195933;-0.48841715;9.634268
135;-0.08619126;-0.22984336;9.682152
136;0.29688102;-0.49799395;10.007763
137;-0.18195933;-0.5554548;9.80665
138;0.019153614;-0.24899697;9.241618
139;-0.047884032;-0.2873042;9.902418
140;-0.22984336;-0.36391866;9.787497
141;0.12449849;-0.2681506;9.940725
142;0.23942018;-0.31603462;10.141838
143;-0.37349546;-0.21068975;9.682152
144;0.076614454;-0.23942018;10.323798
145;-0.2777274;-0.18195933;9.461885
146;0.02873042;-0.21068975;10.055647
147;-0.02873042;-0.19153613;10.0748005
148;-0.20111294;-0.2681506;9.710882
149;-0.038307227;-0.21068975;9.797073
150;-0.076614454;-0.20111294;9.911995
151;-0.06703765;-0.24899697;9.892841
152;-0.038307227;-0.24899697;9.892841
153;-0.08619126;-0.25857377;9.835381
154;-0.038307227;-0.2681506;9.883265
155;0.019153614;-0.23942018;9.844957
156;-0.05746084;-0.25857377;9.854534
157;-0.02873042;-0.23942018;9.931149
158;-0.009576807;-0.20111294;9.883265
159;-0.02873042;-0.23942018;9.864111
160;-0.076614454;-0.31603462;9.854534
161;0.05746084;-0.31603462;9.940725
162;0.08619126;-0.24899697;9.931149
163;-0.36391866;-0.24899697;9.414001
164;-0.20111294;-0.35434186;9.509769
165;0.1436521;-0.40222588;9.911995
166;-0.18195933;-0.4405331;9.931149
167;-0.076614454;-0.34476504;9.835381
168;0.05746084;-0.36391866;9.816227
169;-0.15322891;-0.32561144;9.902418
170;0.009576807;-0.40222588;9.873688
171;-0.076614454;-0.46926352;9.787497
172;-0.30645782;-0.37349546;9.634268
173;0.0;-0.30645782;9.998186
174;0.2873042;-0.47884035;10.869676
175;0.019153614;-0.6607997;9.749189
176;-0.641646;-0.34476504;8.37013
177;-0.05746084;-0.4213795;9.768343
178;-0.076614454;-0.41180268;9.902418
179;-0.019153614;-0.33518824;9.816227
180;-0.009576807;-0.4309563;9.873688
181;0.019153614;-0.40222588;9.931149
182;-0.05746084;-0.36391866;9.892841
183;-0.009576807;-0.39264908;9.864111
184;-0.047884032;-0.33518824;9.883265
185;-0.05746084;-0.32561144;9.931149
186;-0.06703765;-0.39264908;9.873688
187;-0.038307227;-0.25857377;9.825804
188;-0.038307227;-0.29688102;9.892841
189;-0.05746084;-0.2873042;9.911995
190;-0.06703765;-0.23942018;9.940725
191;-0.06703765;-0.19153613;9.892841
192;-0.11492168;-0.24899697;9.835381
193;-0.047884032;-0.15322891;9.921572
194;-0.06703765;-0.18195933;9.854534
195;-0.08619126;-0.19153613;9.902418
196;-0.076614454;-0.16280572;9.883265
197;-0.11492168;-0.16280572;9.864111
198;-0.047884032;-0.095768064;9.892841
199;-0.038307227;-0.12449849;9.854534
200;-0.06703765;-0.23942018;9.931149
201;-0.05746084;-0.17238252;9.902418
202;-0.009576807;-0.1340753;9.873688
203;-0.06703765;-0.16280572;9.911995
204;0.009576807;-0.12449849;9.892841
205;-0.08619126;-0.18195933;9.911995
206;-0.06703765;-0.1436521;9.902418
207;-0.019153614;-0.1436521;9.854534
208;-0.08619126;-0.22026655;9.844957
209;-0.076614454;-0.15322891;9.864111
210;-0.047884032;-0.17238252;9.873688
211;-0.076614454;-0.19153613;9.902418
212;-0.009576807;-0.12449849;9.902418
213;-0.095768064;-0.22984336;9.931149
214;-0.076614454;-0.20111294;9.873688
215;-0.019153614;-0.24899697;9.921572
216;-0.047884032;-0.2777274;9.902418
217;-0.05746084;-0.2777274;9.883265
218;-0.076614454;-0.33518824;9.892841
219;-0.047884032;-0.34476504;9.864111
220;-0.06703765;-0.45968673;9.9790325
221;-0.047884032;-0.4405331;9.854534
222;-0.05746084;-0.36391866;9.873688
223;-0.019153614;-0.4405331;9.844957
224;-0.05746084;-0.4309563;9.864111
225;-0.06703765;-0.5363012;9.911995
226;-0.038307227;-0.41180268;9.844957
227;-0.038307227;-0.45010993;9.892841
228;-0.047884032;-0.5746084;9.9790325
229;-0.038307227;-0.48841715;9.864111
230;0.038307227;-0.5363012;9.835381
231;-0.11492168;-0.5267244;9.873688
232;0.0;-0.5363012;9.892841
233;-0.047884032;-0.5363012;9.873688
234;-0.038307227;-0.49799395;9.940725
235;0.0;-0.4213795;9.902418
236;-0.02873042;-0.46926352;9.864111
237;-0.009576807;-0.35434186;9.854534
238;-0.038307227;-0.40222588;9.902418
239;-0.08619126;-0.34476504;9.864111
240;-0.02873042;-0.34476504;9.873688
241;-0.08619126;-0.2873042;9.864111
242;-0.08619126;-0.33518824;9.892841
243;0.009576807;-0.24899697;9.854534
244;-0.047884032;-0.29688102;9.940725
245;-0.06703765;-0.22984336;9.873688
246;-0.038307227;-0.21068975;9.835381
247;-0.12449849;-0.20111294;9.835381
248;-0.038307227;-0.17238252;9.902418
249;-0.02873042;-0.1436521;9.816227
250;-0.076614454;-0.19153613;9.844957
251;-0.076614454;-0.19153613;9.902418
252;-0.047884032;-0.10534488;9.854534
253;-0.095768064;-0.12449849;9.921572
254;-0.076614454;-0.10534488;9.873688
255;-0.019153614;-0.1340753;9.835381
256;-0.05746084;-0.076614454;9.950302
257;-0.08619126;0.009576807;9.950302
258;-0.02873042;-0.02873042;9.931149
259;-0.095768064;-0.06703765;9.873688
260;-0.02873042;-0.02873042;9.864111
261;-0.076614454;-0.06703765;9.873688
262;0.05746084;-0.10534488;9.854534
263;0.019153614;-0.06703765;9.883265
264;-0.009576807;-0.1436521;9.883265
265;0.02873042;-0.12449849;9.825804
266;0.009576807;-0.06703765;9.969456
267;-0.019153614;-0.1340753;9.902418
268;-0.009576807;-0.11492168;9.892841
269;-0.038307227;-0.17238252;9.892841
270;-0.047884032;-0.1436521;9.825804
271;-0.047884032;-0.1340753;9.911995
272;-0.10534488;-0.22026655;9.892841
273;-0.038307227;-0.20111294;9.959879
274;-0.009576807;-0.22984336;9.80665
275;-0.076614454;-0.34476504;9.911995
276;-0.05746084;-0.2777274;9.854534
277;0.0;-0.32561144;9.873688
278;-0.16280572;-0.4405331;9.959879
279;-0.11492168;-0.45968673;9.854534
280;-0.10534488;-0.5363012;9.931149
281;-0.15322891;-0.5267244;9.883265
282;-0.038307227;-0.59376204;9.892841
283;-0.16280572;-0.63206923;9.835381
284;-0.10534488;-0.63206923;9.950302
285;-0.06703765;-0.6703765;9.911995
286;-0.08619126;-0.6799533;9.816227
287;-0.038307227;-0.7278373;9.873688
288;0.009576807;-0.7278373;9.902418
289;-0.009576807;-0.6895301;9.80665
290;0.019153614;-0.7469909;9.825804
291;0.038307227;-0.7278373;9.835381
292;0.076614454;-0.7278373;9.816227
293;0.038307227;-0.6703765;9.835381
294;0.05746084;-0.62249243;9.864111
295;0.076614454;-0.62249243;9.921572
296;0.009576807;-0.51714754;9.921572
297;-0.038307227;-0.47884035;9.940725
298;0.047884032;-0.4405331;9.892841
299;0.0;-0.33518824;9.854534
300;-0.06703765;-0.35434186;9.969456
301;-0.05746084;-0.22984336;9.959879
302;-0.12449849;-0.22984336;9.921572
303;-0.15322891;-0.22984336;9.921572
304;-0.08619126;-0.18195933;9.854534
305;-0.17238252;-0.22984336;9.940725
306;-0.19153613;-0.17238252;9.892841
307;-0.1436521;-0.12449849;9.931149
308;-0.21068975;-0.1436521;9.864111
309;-0.22984336;-0.1436521;9.883265
310;-0.1340753;-0.095768064;9.892841
311;-0.20111294;-0.095768064;9.825804
312;-0.18195933;-0.1436521;9.873688
313;-0.05746084;-0.038307227;9.892841
314;-0.11492168;-0.10534488;9.931149
315;-0.02873042;-0.076614454;9.864111
316;0.08619126;-0.047884032;9.892841
317;0.009576807;-0.16280572;9.844957
318;0.06703765;-0.06703765;9.892841
319;0.16280572;-0.076614454;9.892841
320;0.076614454;-0.095768064;9.883265
321;0.15322891;-0.02873042;9.902418
322;0.18195933;-0.06703765;9.931149
323;0.08619126;-0.10534488;9.931149
324;0.11492168;-0.05746084;9.892841
325;0.1436521;-0.06703765;9.902418
326;0.05746084;-0.009576807;9.911995
327;-0.019153614;-0.019153614;9.902418
328;0.02873042;-0.05746084;9.911995
329;-0.047884032;-0.038307227;9.883265
330;-0.12449849;-0.047884032;9.902418
331;-0.1340753;-0.05746084;9.883265
332;-0.23942018;-0.05746084;9.921572
333;-0.23942018;0.019153614;9.892841
334;-0.21068975;-0.076614454;9.931149
335;-0.25857377;0.009576807;9.988609
336;-0.32561144;-0.076614454;9.959879
337;-0.1436521;-0.095768064;9.969456
338;-0.23942018;-0.05746084;9.911995
339;-0.33518824;-0.1340753;9.931149
340;-0.038307227;-0.18195933;9.911995
341;-0.19153613;-0.12449849;9.787497
342;-0.24899697;-0.25857377;9.959879
343;0.16280572;-0.33518824;9.902418
344;0.02873042;-0.22026655;9.80665
345;-0.076614454;-0.45968673;9.950302
346;0.32561144;-0.50757074;9.911995
347;0.20111294;-0.49799395;9.911995
348;0.11492168;-0.62249243;10.0269165
349;0.29688102;-0.6607997;9.864111
350;0.18195933;-0.7469909;9.835381
351;0.05746084;-0.82360536;10.01734
352;0.23942018;-0.8331822;9.80665
353;0.047884032;-0.80445176;9.921572
354;-0.047884032;-0.9768343;9.959879
355;0.18195933;-1.0055647;9.758766
356;-0.21068975;-1.0630256;9.77792
357;-0.2777274;-1.1779473;9.873688
358;-0.06703765;-0.91937345;9.80665
359;-0.35434186;-1.1779473;9.787497
360;-0.38307226;-1.1875241;9.816227
361;-0.11492168;-0.91937345;9.701305
362;-0.48841715;-1.13964;9.883265
363;-0.33518824;-1.1300632;10.160992
364;-0.076614454;-0.81402856;9.797073
365;-0.49799395;-1.0726024;9.892841
366;-0.19153613;-1.1300632;9.940725
367;0.19153613;-0.7469909;9.797073
368;-0.076614454;-0.9768343;10.093954
369;-0.047884032;-0.842759;9.892841
370;0.18195933;-0.9959879;9.816227
371;0.18195933;-0.93852705;9.902418
372;0.12449849;-0.78529817;9.892841
373;0.10534488;-0.8523358;9.892841
374;0.22026655;-0.7278373;9.911995
375;0.2681506;-0.8523358;9.921572
376;0.25857377;-0.63206923;9.864111
377;0.10534488;-0.545878;9.921572
378;0.06703765;-0.50757074;9.931149
379;0.095768064;-0.30645782;10.007763
380;-0.19153613;-0.35434186;9.969456
381;-0.22026655;-0.30645782;10.007763
382;-0.038307227;-0.047884032;10.007763
383;-0.47884035;-0.15322891;9.921572
384;-0.2873042;-0.1340753;9.950302
385;-0.038307227;-0.009576807;9.950302
386;-0.37349546;-0.11492168;9.883265
387;-0.20111294;-0.076614454;9.998186
388;-0.05746084;-0.11492168;9.844957
389;-0.2777274;-0.16280572;9.911995
390;-0.095768064;-0.019153614;9.873688
391;-0.24899697;-0.11492168;9.682152
392;-0.36391866;-0.05746084;10.141838
393;-0.23942018;-0.06703765;9.864111
394;-0.047884032;-0.047884032;9.749189
395;-0.21068975;-0.0;9.931149
396;-0.08619126;-0.2873042;9.902418
397;0.2873042;-0.08619126;10.237606
398;-0.30645782;-0.17238252;10.055647
399;0.047884032;-0.16280572;9.883265
400;0.49799395;0.009576807;9.864111
401;-0.4213795;-0.41180268;9.911995
402;0.1340753;-0.19153613;9.844957
403;0.59376204;-0.1436521;9.825804
404;-0.37349546;-0.59376204;9.643845
405;0.5267244;-0.08619126;9.883265
406;0.34476504;-0.51714754;9.356541
407;-0.34476504;-0.31603462;10.132261
408;0.24899697;-0.15322891;9.739613
409;0.22984336;-0.30645782;9.490616
410;-0.1340753;-0.12449849;9.931149
411;-0.20111294;-0.1436521;9.653421
412;-0.15322891;-0.076614454;9.931149
413;-0.047884032;0.076614454;9.844957
414;-0.2777274;0.08619126;9.998186
415;-0.19153613;0.05746084;9.911995
416;-0.11492168;0.23942018;9.931149
417;-0.41180268;0.35434186;9.950302
418;-0.33518824;0.36391866;9.931149
419;-0.23942018;0.5554548;10.055647
420;-0.25857377;0.641646;10.218452
421;-0.1340753;0.8523358;10.381259
422;-0.11492168;0.90021986;10.457873
423;0.038307227;0.9672575;10.304645
424;0.20111294;0.92895025;10.141838
425;0.16280572;0.8619126;10.113108
426;0.29688102;0.842759;10.036493
427;0.40222588;0.80445176;9.892841
428;0.30645782;0.6895301;9.892841
429;0.38307226;0.8810662;9.931149
430;0.32561144;0.7469909;9.835381
431;0.22026655;0.81402856;9.797073
432;0.15322891;0.89064306;9.701305
433;0.18195933;0.8714894;9.710882
434;0.1340753;0.8810662;9.825804
435;0.038307227;0.9576807;9.931149
436;0.10534488;1.0821792;9.873688
437;-0.076614454;1.0534488;10.036493
438;-0.25857377;0.9959879;10.055647
439;-0.009576807;1.1971009;10.199299
440;-0.30645782;1.091756;10.151415
441;-0.7469909;1.091756;10.323798
442;-0.45968673;1.2066777;9.921572
443;-0.34476504;1.1300632;9.730036
444;-0.6991069;1.1300632;10.036493
445;-0.46926352;1.1587936;10.04607
446;-0.2873042;1.1779473;9.969456
447;-0.63206923;1.0821792;9.720459
448;-0.34476504;1.1587936;9.299079
449;-0.39264908;1.2258313;9.557653
450;-0.7661445;1.2258313;9.730036
451;-0.18195933;1.5131354;9.873688
452;-0.18195933;1.4269443;9.787497
453;-0.25857377;1.283292;9.701305
454;0.35434186;1.6376339;9.988609
455;-0.019153614;1.532289;10.534488
456;0.5363012;1.7621324;11.003751
457;1.283292;1.8770541;10.840945
458;0.39264908;1.292869;10.6877165
459;0.34476504;1.5035586;10.6398325
460;0.842759;1.2162545;9.988609
461;0.2873042;1.043872;9.797073
462;0.22026655;0.9864111;9.768343
463;0.6895301;0.8331822;9.069236
464;0.24899697;0.9576807;9.500193
465;-0.019153614;0.6703765;9.3182335
466;0.91937345;1.0247183;9.394848
467;0.37349546;1.0821792;9.931149
468;-0.60333884;0.81402856;9.931149
469;0.7086837;1.6472107;9.797073
470;-0.40222588;1.4269443;10.160992
471;-1.3982137;0.9959879;9.950302
472;1.2162545;2.0015526;10.448297
473;-1.1587936;1.0726024;10.25676
474;-1.3503298;1.541866;10.821792
475;0.45010993;1.934515;10.218452
476;-1.3503298;0.82360536;9.385271
477;-0.89064306;1.541866;10.132261
478;0.2777274;1.3024458;9.385271
479;-1.3215994;0.5267244;9.787497
480;-0.34476504;1.388637;10.208876
481;-0.19153613;0.7565677;9.136273
482;-0.78529817;0.81402856;11.36767
483;-0.21068975;0.92895025;10.582372
484;0.6799533;0.6799533;10.97502
485;1.3599066;1.13964;10.601525
486;-0.17238252;0.7086837;9.787497
487;-0.59376204;0.545878;10.084377
488;0.34476504;0.7374141;10.103531
489;-0.5554548;0.6991069;10.228029
490;0.20111294;1.2737153;10.1226845
491;1.1492168;1.0055647;9.337387
492;0.7086837;0.6799533;9.797073
493;0.5650316;0.5650316;9.969456
494;0.92895025;0.22026655;9.260772
495;0.45010993;0.51714754;8.810662
496;-0.93852705;0.21068975;8.542512
497;-1.13964;0.11492168;7.8050976
498;-0.37349546;0.36391866;8.0445175
499;-0.82360536;-0.05746084;8.963891
500;0.7661445;0.7661445;10.697293
501;1.5610195;0.842759;11.15698
502;0.45010993;0.8714894;11.36767
503;0.79487497;1.541866;10.850522
504;0.18195933;1.0821792;10.429143
505;-1.4939818;1.5610195;10.793061
506;-0.9768343;1.9153614;10.409989
507;-1.388637;1.7621324;10.879252
508;-2.2888567;1.5035586;10.218452
509;-1.3694834;1.5035586;8.66701
510;-1.0342951;0.9576807;8.916007
511;-0.6895301;0.93852705;9.854534
512;1.8866309;0.8619126;11.425131
513;3.620033;1.3982137;11.482592
514;0.5363012;0.90021986;11.128249
515;0.30645782;1.5801731;9.586384
516;-0.32561144;1.6663644;8.676587
517;-2.4420857;1.1204864;8.39886
518;-2.1930888;1.3215994;8.992621
519;-0.6703765;1.5705963;8.015787
520;-0.5267244;1.8100165;9.548077
521;0.545878;1.6663644;11.147403
522;2.5474305;1.6663644;11.137826
523;2.5474305;1.685518;10.94629
524;0.49799395;1.436521;10.362105
525;0.02873042;2.0494366;9.950302
526;-1.3024458;2.5091233;9.174581
527;-3.8498764;1.3120226;11.358093
528;-1.2737153;2.3750482;9.222465
529;0.545878;3.1124623;9.040505
530;-1.685518;1.1683705;10.381259
531;2.3175871;2.6048915;11.147403
532;3.169923;1.9440918;11.051635
533;0.37349546;0.545878;10.515334
534;2.135628;2.078167;10.5440645
535;-1.0151415;1.6280571;9.548077
536;-4.462792;0.80445176;10.582372
537;0.40222588;2.633622;9.643845
538;0.7374141;1.5131354;7.297527
539;-1.9728222;0.8810662;10.505757
540;2.7581203;0.842759;10.0748005
541;2.815581;1.3024458;9.911995
542;-2.1547816;1.2449849;10.91756
543;-1.1204864;0.6703765;11.118672
544;-0.2681506;1.4173675;8.236053
545;-2.8538885;0.37349546;8.264784
546;-1.0534488;0.32561144;10.170568
547;2.566584;1.5801731;11.60709
548;-0.2777274;-0.11492168;10.965444
549;2.1547816;0.02873042;11.501745
550;0.8523358;-0.34476504;9.5385
551;-3.2465374;-0.45010993;9.864111
552;-1.1587936;0.91937345;9.011775
553;1.292869;0.63206923;8.121132
554;-1.733402;-0.019153614;11.358093
555;1.0630256;0.90979666;10.007763
556;4.6351743;0.7182605;10.323798
557;-0.31603462;0.08619126;13.091495
558;-1.3694834;-0.11492168;12.440272
559;0.61291564;1.3790601;9.050082
560;-3.821146;0.31603462;7.5082164
561;-2.7485435;-0.24899697;9.481039
562;3.620033;1.4748282;10.323798
563;0.21068975;-0.29688102;12.105083
564;-0.02873042;-0.5554548;11.386824
565;5.592855;1.2066777;8.781932
566;-4.3287168;-1.3982137;7.383718
567;-4.357447;-0.11492168;9.107543
568;3.6774938;1.4173675;8.408437
569;-2.231396;-0.1436521;9.825804
570;-2.7389667;-0.6512229;12.765883
571;6.6175733;2.030283;9.279925
572;0.4213795;-0.1340753;8.465898
573;-6.6079965;-0.10534488;12.26789
574;1.9249382;1.388637;7.9104424
575;-0.91937345;0.4309563;9.050082
576;-4.9895163;0.02873042;11.204864
577;3.2465374;2.2218192;9.394848
578;3.3423057;0.35434186;11.310209
579;-3.1986535;-0.34476504;10.0748005
580;1.7812861;2.7581203;11.60709
581;2.9496565;1.6759412;10.151415
582;-3.4380736;1.292869;11.080365
583;-0.8619126;2.1643584;7.728483
584;1.9057846;1.8195933;5.305551
585;-0.10534488;2.0398598;10.793061
586;-0.48841715;2.0685902;14.365211
587;1.982399;3.3327289;13.034034
588;-0.545878;2.873042;8.868123
589;-3.4859576;1.3311762;2.2409728
590;-0.02873042;1.6472107;5.861006
591;1.5993267;2.6910827;13.800179
592;-0.58418524;4.9416323;17.0946
593;1.8866309;4.1180267;14.231135
594;1.5610195;3.2752678;0.90979666
595;-2.3175871;1.7812861;6.9527617
596;-3.217807;5.257667;12.363658
597;-2.2697031;4.0892963;15.322891
598;2.8060043;4.855441;15.859192
599;-0.22026655;3.3997664;7.9966335
600;-3.667917;2.8060043;6.799533
601;0.1340753;3.7828386;12.411542
602;-0.38307226;2.834735;12.785037
603;0.91937345;3.715801;14.60463
604;4.185065;3.5434184;11.63582
605;-0.7278373;2.0111294;7.383718
606;-3.8498764;2.3175871;9.203311
607;0.0;2.3080103;8.686164
608;0.51714754;1.2066777;10.840945
609;-0.2777274;2.1739352;9.56723
610;-2.633622;1.2449849;8.523358
611;0.7374141;1.9728222;8.944737
612;1.7142484;2.585738;10.409989
613;-2.9496565;0.5363012;11.549629
614;1.484405;2.2505496;9.662998
615;2.5474305;1.934515;9.021352
616;-5.410896;-1.0247183;10.448297
617;0.05746084;2.681506;8.149862
618;3.2752678;1.7525556;6.531382
619;-2.7485435;-1.1109096;8.360553
620;0.19153613;1.8195933;9.11712
621;1.541866;0.94810385;8.542512
622;-3.083732;-0.46926352;10.1226845
623;0.7278373;0.94810385;9.414001
624;3.3901896;0.038307227;7.8912888
625;-0.78529817;0.17238252;11.262324
626;-1.8866309;2.1930888;11.271901
627;-0.79487497;0.038307227;10.266336
628;0.8810662;0.7565677;9.136273
629;-0.4213795;0.24899697;10.496181
630;-0.51714754;-0.48841715;11.932701
631;2.882619;2.815581;14.920665
632;-2.8921957;0.1436521;14.010868
633;0.58418524;0.35434186;10.716447
634;6.0525417;0.7565677;9.002198
635;-3.122039;-1.0821792;8.944737
636;-6.1100025;0.2873042;16.270994
637;2.27928;1.4556746;10.314221
638;2.5474305;-1.4556746;8.130709
639;-1.2641385;-0.8714894;9.346964
640;0.08619126;0.06703765;7.642292
641;2.2122424;0.16280572;12.593501
642;-0.32561144;-0.06703765;13.819332
643;-2.0685902;-1.1683705;7.335834
644;3.6391866;0.24899697;7.038953
645;1.292869;0.7374141;6.4547677
646;-4.855441;-1.2545617;10.94629
647;0.8619126;1.1875241;12.871228
648;4.367024;-0.019153614;6.5026517
649;0.59376204;-0.047884032;5.8705826
650;0.7374141;-1.7429788;8.983045
651;-0.16280572;-1.484405;10.716447
652;0.4309563;0.1436521;13.196839
653;-0.30645782;-1.0342951;10.218452
654;-1.436521;-0.9672575;7.4986396
655;-1.5801731;-2.078167;9.251195
656;-2.2409728;-2.9592333;9.385271
657;1.0247183;-2.6144683;13.350069
658;0.46926352;-2.7868507;11.664551
659;-0.39264908;-2.9783869;12.363658
660;0.35434186;-3.7445314;13.273455
661;-0.59376204;-4.0797195;8.178593
662;-1.1300632;-4.951209;13.321339
663;1.6280571;-5.4300494;9.394848
664;1.6472107;-5.391742;10.5440645
665;-4.759673;-4.9703627;10.649409
666;-3.371036;-4.76925;5.6790466
667;2.7964275;-5.1906295;7.28795
668;-0.82360536;-5.793968;4.6160207
669;-5.104438;-5.1906295;6.579266
670;2.1068976;-3.763685;6.981492
671;2.920926;-2.4899697;5.841852
672;-2.7389667;-2.7868507;6.8282633
673;4.1276035;-1.6089035;10.6877165
674;3.083732;-0.19153613;9.682152
675;-1.733402;0.51714754;12.4785795
676;3.1316159;0.39264908;6.7229185
677;1.3120226;1.3790601;11.482592
678;-5.889736;1.2449849;10.620679
679;-2.0494366;2.3942018;10.888829
680;2.5187001;3.5338416;8.8777
681;-5.439626;-1.5131354;9.356541
682;1.9249382;1.8387469;12.50731
683;3.1507695;-1.1779473;10.7356
684;-4.0318356;-2.528277;11.856087
685;3.5051112;0.21068975;10.754754
686;5.6982;-4.5872903;10.850522
687;-0.39264908;-3.8307228;16.146496
688;-2.0590134;-3.2465374;11.559206
689;1.091756;-5.650316;9.32781
690;-2.9113493;-7.1347213;6.991069
691;-5.90889;-6.646304;1.2066777
692;-5.401319;-4.5202527;6.1100025
693;-1.2354081;-4.654328;13.321339
694;0.35434186;-1.6567876;13.742718
695;5.410896;-4.156334;13.340492
696;4.654328;-1.1013328;12.545617
697;-0.4405331;-0.842759;13.034034
698;1.5227122;-0.05746084;10.955867
699;0.33518824;0.89064306;9.883265
700;-2.834735;1.0151415;9.844957
701;-2.030283;1.5514427;5.851429
702;1.0151415;1.436521;6.445191
703;-2.3750482;2.6048915;6.2345014
704;0.6895301;3.2848446;8.724471
705;2.2409728;4.711789;8.331821
706;-0.18195933;3.7349546;9.710882
707;2.920926;4.5777135;5.602432
708;1.0630256;4.654328;7.642292
709;-0.80445176;6.033388;8.925584
710;-1.8004397;6.244078;13.589489
711;-0.21068975;7.07726;10.0269165
712;3.620033;5.2002063;7.192182
713;-1.0055647;5.995081;3.4284968
714;1.733402;7.249643;7.6710224
715;-3.715801;8.695741;15.935806
716;0.82360536;11.81778;16.510414
717;10.25676;11.549629;19.000385
718;3.122039;28.184542;-1.3503298
719;4.3861775;10.266336;8.820239
720;-0.2873042;6.2249246;11.233594
721;-6.0525417;7.4124484;13.876793
722;4.5872903;10.563218;13.445837
723;-2.9879637;7.3549876;8.379706
724;-7.297527;6.1100025;9.80665
725;1.8579005;3.8402996;7.881712
726;4.5202527;2.6431987;8.734048
727;0.05746084;1.7525556;19.412188
728;2.0111294;6.9623384;12.181698
729;4.2425256;8.542512;10.754754
730;-3.8019924;6.1866174;11.089942
731;-3.3135753;5.363012;12.98615
732;7.4124484;6.2728086;8.121132
733;-2.7006595;2.6048915;8.322245
734;-6.9719152;2.633622;9.050082
735;6.8665705;6.3111157;7.6710224
736;5.305551;2.9783869;11.616667
737;-5.449203;2.7868507;8.552089
738;3.3614593;5.257667;3.4859576
739;3.4763808;1.934515;0.50757074
740;-6.7803793;1.3982137;7.824251
741;0.4213795;1.2737153;5.046977
742;6.6079965;4.414908;2.3463178
743;-5.305551;0.6607997;8.0924015
744;-7.5465236;-0.92895025;4.0892963
745;7.9870567;3.323152;-0.45010993
746;0.6703765;-0.06703765;4.6351743
747;-7.5561004;0.019153614;9.739613
748;6.83784;7.4986396;10.103531
749;-0.22026655;-1.4460979;9.011775
750;-6.7133417;1.0247183;11.204864
751;6.646304;4.060566;11.84651
752;3.7924154;1.7238252;18.65562
753;-2.6719291;4.4723687;28.519732
754;5.90889;8.820239;23.166296
755;0.17238252;5.4779334;24.938005
756;-5.0661306;7.1251445;25.73288
757;1.0534488;5.5641246;29.132647
758;-1.1204864;5.4779334;27.131094
759;-2.9783869;3.763685;30.329746
760;2.777274;3.083732;19.10573
761;2.8060043;2.4037786;15.696386
762;-5.2480903;-2.9017725;13.005303
763;2.777274;-4.31914;10.888829
764;5.2002063;-3.964798;7.6614456
765;-4.8841715;-6.4739213;6.655881
766;-1.4269443;-5.094861;9.279925
767;4.1946416;-5.0182467;1.9153614
768;0.7182605;-6.5122285;2.8060043
769;0.5554548;-4.6351743;9.050082
770;-0.7661445;-5.315128;6.1100025
771;-1.9249382;-3.6296098;8.015787
772;-2.1164744;-6.847417;-1.5035586
773;-2.0685902;-5.5258174;4.596867
774;-0.1436521;-3.5625722;6.933608
775;-2.2888567;-4.5298295;6.703765
776;1.4556746;-2.9879637;7.4986396
777;3.3518825;-4.8458643;5.142745
778;-3.5625722;-5.8322754;5.995081
779;-0.7374141;-3.1794999;7.153875
780;2.8060043;-3.3806129;10.409989
781;0.076614454;-4.8841715;10.218452
782;4.6830587;-2.8634653;9.787497
783;3.3518825;-4.3861775;4.6351743
784;-2.6431987;-5.0182467;5.9567738
785;0.94810385;-4.3287168;4.3957543
786;1.7717092;-3.9743748;2.6144683
787;-2.5570073;-6.157887;4.213795
788;-0.5363012;-4.6830587;3.3135753
789;-0.6991069;-3.9839516;3.4093432
790;-3.8977604;-5.171476;5.650316
791;1.8004397;-4.5202527;4.6160207
792;2.7964275;-3.9360676;0.9864111
793;-2.72939;-5.544971;7.0581064
794;0.49799395;-3.5913026;9.959879
795;3.1986535;-1.9153614;8.580819
796;-1.3120226;-4.596867;10.0269165
797;0.51714754;-3.2944214;6.694188
798;0.40222588;-3.8115692;5.9184666
799;-4.0797195;-5.056554;8.322245
800;-3.8307228;-3.0262709;7.6231384
801;-0.46926352;-2.9783869;6.8091097
802;-0.79487497;-2.815581;10.754754
803;-1.13964;-3.0071173;11.176133
804;1.2449849;-2.327164;13.512875
805;0.641646;-1.9440918;12.852075
806;-1.5897499;-3.6774938;11.856087
807;0.78529817;-0.9959879;10.304645
808;2.3080103;-1.5993267;11.683704
809;-0.02873042;-0.1436521;13.522451
810;-2.327164;-1.1683705;12.11466
811;1.6567876;-2.5474305;4.8458643
812;4.4436383;0.8523358;4.0318356
813;-4.280833;-2.6240451;8.111555
814;2.0494366;-0.46926352;10.70687
815;7.153875;2.5761611;7.776367
816;-7.029376;-4.548983;3.4380736
817;-0.62249243;-2.27928;-0.05746084
818;10.448297;2.5474305;2.0494366
819;-6.991069;-5.315128;6.8569937
820;-4.4723687;-1.9153614;13.656527
821;12.670115;1.1779473;-6.895301
822;-6.081272;-7.536947;-4.6351743
823;-3.7732618;-2.4229321;12.890382
824;6.7324953;0.35434186;1.6567876
825;0.22984336;-0.4309563;3.169923
826;-3.5529952;-2.7581203;-3.2273839
827;-5.449203;-1.8483237;4.7022123
828;-0.30645782;1.0821792;8.073248
829;3.3614593;1.7142484;9.021352
830;-0.47884035;0.9768343;14.192827
831;1.5227122;1.8483237;11.36767
832;4.8841715;2.777274;11.789049
833;-0.92895025;2.1930888;16.874334
834;-4.8745947;4.5777135;18.828003
835;0.8810662;6.2345014;16.749836
836;2.1164744;2.920926;19.507956
837;-1.934515;4.2521024;17.228676
838;-1.0247183;4.865018;20.523096
839;2.9879637;6.033388;22.55338
840;-0.24899697;4.3478703;23.587675
841;1.0151415;4.759673;20.810402
842;3.4955344;1.8387469;12.804191
843;0.02873042;-0.22026655;10.113108
844;-3.016694;-0.23942018;10.879252
845;-1.8291701;0.37349546;14.317327
846;0.22026655;0.24899697;11.81778
847;-0.36391866;-0.7086837;10.821792
848;0.1340753;-1.7238252;7.441179
849;0.49799395;-2.1739352;8.983045
850;-0.89064306;-0.93852705;12.804191
851;0.2873042;-0.9672575;12.459426
852;5.1810527;-0.32561144;12.0571995
853;2.27928;-3.514688;7.2209125
854;-1.6280571;-2.825158;7.2687964
855;0.25857377;-0.9576807;9.021352
856;-2.1164744;-1.4748282;10.553641
857;-0.45968673;-1.484405;13.139379
858;2.2601264;-0.50757074;7.4986396
859;-0.8523358;-2.3558946;10.745177
860;-0.49799395;-1.3694834;12.401965
861;1.1587936;0.20111294;9.337387
862;-0.9959879;-1.3599066;11.21444
863;0.22026655;-2.1547816;9.931149
864;1.8195933;-0.6512229;6.9527617
865;-0.5554548;-1.7525556;9.624691
866;0.12449849;-1.685518;9.097966
867;0.29688102;-0.89064306;9.165004
868;-1.1683705;-1.0630256;10.783484
869;-0.076614454;-2.3942018;8.90643
870;2.72939;-0.5554548;7.4986396
871;-1.7429788;-2.1452048;7.9583263
872;-0.6703765;-1.733402;12.210428
873;2.9017725;1.2641385;9.184157
874;-2.72939;-1.091756;7.795521
875;0.7182605;-2.432509;8.772355
876;3.0933087;-1.1204864;7.1059904
877;-2.9879637;-1.1971009;10.840945
878;-0.8714894;-0.25857377;11.348516
879;4.0701427;0.641646;11.204864
880;-1.7621324;-1.5897499;10.371682
881;-2.6144683;-1.9440918;10.419566
882;3.9743748;-0.61291564;8.465898
883;-2.9400797;-1.1971009;9.643845
884;-3.8498764;-0.6703765;12.29662
885;4.644751;0.009576807;10.199299
886;2.7102363;-0.82360536;11.999739
887;-2.7581203;-2.1739352;10.984597
888;1.541866;-1.0055647;9.998186
889;1.1779473;-0.641646;8.571242
890;-3.5338416;-2.566584;9.212888
891;2.087744;0.16280572;10.314221
892;0.35434186;-0.23942018;10.457873
893;-2.528277;-1.9249382;12.497733
894;2.2409728;0.34476504;9.14585
895;0.4309563;-1.5801731;8.599973
896;-2.920926;-2.3942018;9.854534
897;1.4460979;1.043872;8.580819
898;0.59376204;-0.9672575;10.955867
899;-1.7621324;-0.46926352;12.354081
900;3.8594532;0.22984336;7.9391727
901;0.35434186;-2.566584;10.515334
902;-3.916914;-2.566584;8.322245
903;2.2409728;-0.2681506;7.1251445
904;2.2888567;-0.79487497;9.844957
905;-3.5625722;-1.6472107;12.105083
906;1.1204864;0.10534488;11.204864
907;2.327164;-0.7565677;9.864111
908;-4.271256;-2.0207062;10.160992
909;1.8674773;0.02873042;9.500193
910;1.5131354;-0.842759;9.892841
911;-2.72939;-0.51714754;12.29662
912;1.541866;-0.4309563;12.813767
913;1.9153614;-0.94810385;8.24563
914;-2.030283;-2.920926;9.11712
915;-0.37349546;-1.7238252;9.56723
916;1.5131354;-1.982399;6.7803793
917;1.4939818;-1.2066777;11.003751
918;0.1436521;-1.3215994;9.595961
919;0.21068975;-1.3311762;10.295067
920;1.4077905;-0.6799533;10.630256
921;-2.566584;-1.5514427;9.509769
922;-2.4612393;-1.0055647;9.586384
923;1.4077905;-0.08619126;9.615114
924;-0.7278373;-0.46926352;9.14585
925;0.7374141;0.076614454;12.248735
926;2.7868507;-0.2873042;10.793061
927;-0.4405331;-1.3503298;11.444284
928;-0.2681506;-1.5514427;10.601525
929;1.532289;-1.6184803;7.565677
930;-0.8331822;-1.982399;9.662998
931;-1.5897499;-1.7525556;9.835381
932;1.3311762;-1.1204864;9.5385
933;0.59376204;-1.1013328;9.107543
934;-0.37349546;-2.4133554;10.093954
935;3.064578;-1.091756;9.097966
936;-0.2777274;-1.3311762;9.883265
937;-3.6774938;-2.3942018;9.653421
938;1.8579005;-0.19153613;8.90643
939;0.038307227;-0.62249243;9.720459
940;-4.146757;-1.9153614;10.879252
941;5.171476;0.29688102;10.0269165
942;0.7469909;-1.1971009;10.524911
943;-3.5817258;-2.2218192;12.239159
944;4.501099;-0.0;11.166556
945;0.79487497;-1.8100165;9.059659
946;-5.056554;-3.0933087;9.77792
947;2.7102363;0.19153613;7.431602
948;0.40222588;-1.388637;7.7667904
949;-3.964798;-2.6431987;10.879252
950;4.951209;0.4309563;9.576807
951;1.1587936;-2.4420857;9.902418
952;-1.8483237;-1.7046716;11.865664
953;3.8881836;0.80445176;10.783484
954;-0.90979666;-1.5897499;11.243171
955;-4.654328;-1.1971009;11.281479
956;0.6607997;0.11492168;7.345411
957;-0.5363012;-1.2162545;6.847417
958;-2.9496565;-1.0151415;12.258312
959;3.4763808;-1.3120226;10.965444
960;5.257667;-0.9959879;10.601525
961;0.05746084;-2.1739352;10.275913
962;0.40222588;-2.2505496;9.3182335
963;2.4708161;-0.62249243;9.442732
964;-2.9113493;-1.3503298;9.586384
965;-2.6910827;-0.842759;9.232041
966;2.6623523;0.34476504;8.379706
967;-2.4037786;-1.6950948;8.887277
968;-0.08619126;-0.61291564;10.821792
969;4.0318356;-0.5267244;9.969456
970;-0.641646;-1.5610195;10.716447
971;-0.18195933;-1.1587936;11.482592
972;3.5338416;-0.15322891;9.548077
973;-1.292869;-1.1013328;10.208876
974;-3.122039;-0.62249243;11.18571
975;1.292869;-0.06703765;10.218452
976;-0.7374141;-0.78529817;10.553641
977;-1.484405;-0.7469909;11.980585
978;1.8579005;-0.7278373;10.295067
979;0.7469909;-1.6089035;10.496181
980;-1.0055647;-2.0494366;9.385271
981;0.79487497;-1.2258313;9.107543
982;0.24899697;-1.6950948;9.864111
983;-0.45968673;-1.340753;10.67814
984;1.2737153;-0.23942018;11.042058
985;-0.21068975;-1.4748282;8.724471
986;0.2873042;-1.2545617;8.992621
987;0.59376204;-1.0534488;8.331821
988;-1.5610195;-1.484405;9.481039
989;-0.23942018;-0.80445176;11.137826
990;0.58418524;-0.90979666;10.036493
991;-0.7661445;-1.8866309;9.825804
992;1.6184803;-1.7429788;8.8777
993;0.48841715;-1.6663644;9.069236
994;-1.3694834;-1.4652514;9.710882
995;1.388637;-0.4213795;9.662998
996;-0.22026655;-0.91937345;9.490616
997;-2.2218192;-1.7717092;9.404425
998;1.3503298;-0.47884035;9.710882
999;-0.10534488;-1.1109096;9.844957
1000;-2.2601264;-1.7908629;11.405977
1001;2.2122424;-0.6512229;10.67814
1002;0.37349546;-2.2888567;9.586384
1003;0.095768064;-1.7429788;10.46745
1004;1.4460979;-1.3120226;9.940725
1005;-0.6607997;-2.1164744;9.653421
1006;0.10534488;-1.13964;11.204864
1007;1.3503298;-1.0630256;9.433155
1008;-0.29688102;-1.5227122;10.726024
1009;0.24899697;-1.043872;10.869676
1010;1.1013328;-1.2258313;9.356541
1011;-0.4213795;-1.8483237;10.955867
1012;-0.22026655;-1.8866309;8.389283
1013;0.25857377;-1.9057846;8.868123
1014;-1.0630256;-2.2888567;8.714894
1015;-1.0055647;-2.3654714;8.781932
1016;1.13964;-1.2449849;8.6095495
1017;-0.38307226;-1.6472107;10.084377
1018;0.10534488;-1.4460979;10.716447
1019;2.087744;-0.2873042;9.854534
1020;-0.36391866;-1.541866;9.816227
1021;-0.61291564;-0.8810662;10.151415
1022;0.35434186;-0.641646;9.615114
1023;-1.0247183;-1.0821792;9.595961
1024;0.12449849;-0.50757074;10.515334
1025;0.4309563;-0.63206923;9.835381
1026;-0.79487497;-1.13964;10.333375
1027;0.46926352;-0.6703765;10.97502
1028;0.5746084;-0.94810385;10.093954
1029;0.18195933;-0.82360536;11.836933
1030;0.45010993;-1.1300632;11.070788
1031;0.6607997;-1.1587936;11.204864
1032;1.0055647;-1.2737153;10.141838
1033;0.18195933;-1.388637;9.682152
1034;-0.641646;-1.2258313;9.730036
1035;0.29688102;-0.9576807;9.461885
1036;0.2681506;-1.0055647;9.682152
1037;0.17238252;-0.89064306;9.682152
1038;0.78529817;-0.45968673;9.643845
1039;0.37349546;-0.59376204;9.9790325
1040;0.2777274;-0.5554548;9.634268
1041;0.31603462;-0.20111294;9.768343
1042;-0.6607997;-0.45968673;9.442732
1043;0.17238252;-0.1340753;9.787497
1044;0.36391866;-0.22026655;10.28549
1045;-0.37349546;-0.641646;10.25676
1046;0.7469909;-0.12449849;10.793061
1047;0.5746084;-0.5746084;10.093954
1048;-0.60333884;-0.7757214;10.199299
1049;0.29688102;-0.5363012;9.998186
1050;-0.16280572;-0.62249243;9.662998
1051;-1.0055647;-0.5554548;10.208876
1052;0.1436521;-0.37349546;9.739613
1053;0.076614454;-0.51714754;9.864111
1054;-0.19153613;-0.48841715;10.371682
1055;0.6607997;-0.45968673;9.988609
1056;0.61291564;-0.48841715;10.247183
1057;-0.1340753;-0.5554548;9.739613
1058;0.21068975;-0.48841715;9.662998
1059;0.32561144;-0.5746084;9.662998
1060;-0.22026655;-0.82360536;9.643845
1061;0.1436521;-0.6991069;9.557653
1062;0.08619126;-0.7661445;9.279925
1063;-0.47884035;-1.0247183;9.710882
1064;0.24899697;-0.8810662;9.902418
1065;0.6991069;-0.9959879;10.208876
1066;0.4309563;-1.1013328;10.793061
1067;0.78529817;-1.0151415;10.850522
1068;0.80445176;-1.1683705;10.764331
1069;0.30645782;-1.2737153;10.649409
1070;-0.06703765;-1.3599066;10.534488
1071;0.17238252;-1.4939818;10.208876
1072;0.019153614;-1.6280571;9.988609
1073;-0.24899697;-2.0207062;9.739613
1074;0.17238252;-2.0590134;9.32781
1075;0.02873042;-2.2888567;9.672575
1076;-0.11492168;-2.4037786;9.643845
1077;0.50757074;-2.2697031;9.500193
1078;0.10534488;-2.384625;9.481039
1079;-0.6799533;-2.4899697;9.528923
1080;0.0;-2.2984335;9.576807
1081;0.11492168;-2.3750482;9.586384
1082;-0.5267244;-2.4229321;9.749189
1083;0.0;-2.231396;9.691729
1084;-0.02873042;-2.4229321;9.643845
1085;-0.40222588;-2.3942018;9.80665
1086;0.12449849;-2.3175871;9.720459
1087;0.31603462;-2.5378537;9.634268
1088;-0.047884032;-2.3750482;9.825804
1089;0.076614454;-2.4420857;9.816227
1090;0.58418524;-2.3558946;9.749189
1091;0.37349546;-2.4229321;9.77792
1092;0.2681506;-2.4420857;9.969456
1093;0.92895025;-2.1164744;10.055647
1094;0.59376204;-2.0973208;10.141838
1095;0.41180268;-2.1547816;10.036493
1096;1.0821792;-1.8004397;9.902418
1097;0.7565677;-1.982399;9.921572
1098;0.16280572;-1.7142484;10.007763
1099;0.38307226;-1.6376339;9.9790325
1100;0.34476504;-1.6184803;9.634268
1101;0.05746084;-1.2545617;9.595961
1102;0.02873042;-1.3024458;9.969456
1103;-0.009576807;-1.0726024;9.883265
1104;-0.16280572;-0.9959879;9.873688
1105;-0.22984336;-0.9672575;10.04607
1106;-0.17238252;-0.6895301;9.969456
1107;-0.17238252;-0.6703765;10.01734
1108;-0.21068975;-0.6512229;10.247183
1109;-0.1340753;-0.50757074;10.295067
1110;-0.11492168;-0.36391866;10.180145
1111;0.009576807;-0.31603462;10.199299
1112;-0.038307227;-0.2777274;10.189722
1113;-0.06703765;-0.22026655;10.160992
1114;-0.02873042;-0.20111294;10.113108
1115;0.06703765;-0.17238252;9.998186
1116;0.08619126;-0.15322891;9.940725
1117;0.11492168;-0.19153613;9.892841
1118;0.1340753;-0.17238252;9.902418
1119;0.15322891;-0.17238252;9.873688
1120;0.19153613;-0.24899697;9.854534
1121;0.12449849;-0.12449849;9.902418
1122;0.18195933;-0.15322891;9.892841
1123;0.18195933;-0.1340753;9.854534
1124;0.16280572;-0.12449849;9.911995
1125;0.1340753;-0.18195933;9.921572
1126;0.20111294;-0.10534488;9.854534
1127;0.1436521;-0.1436521;9.844957
1128;0.21068975;-0.19153613;9.835381
1129;0.1340753;-0.1436521;9.883265
1130;0.18195933;-0.12449849;9.931149
1131;0.17238252;-0.18195933;9.931149
1132;0.12449849;-0.17238252;9.844957
1133;0.1340753;-0.1436521;9.864111
1134;0.17238252;-0.1340753;9.883265
1135;0.15322891;-0.20111294;9.902418
1136;0.18195933;-0.16280572;9.892841
1137;0.16280572;-0.17238252;9.844957
1138;0.18195933;-0.20111294;9.873688
1139;0.18195933;-0.1340753;9.892841
1140;0.15322891;-0.15322891;9.883265
1141;0.15322891;-0.1340753;9.844957
1142;0.17238252;-0.21068975;9.959879
1143;0.16280572;-0.17238252;9.835381
1144;0.17238252;-0.16280572;9.873688
1145;0.18195933;-0.16280572;9.892841
1146;0.16280572;-0.1340753;9.873688
1147;0.21068975;-0.1436521;9.883265
1148;0.16280572;-0.15322891;9.835381
1149;0.1340753;-0.19153613;9.844957
1150;0.18195933;-0.1436521;9.873688
1151;0.16280572;-0.10534488;9.892841
1152;0.17238252;-0.22026655;9.864111
1153;0.22984336;-0.1436521;9.873688
1154;0.15322891;-0.17238252;9.854534
1155;0.16280572;-0.19153613;9.902418
1156;0.17238252;-0.17238252;9.825804
1157;0.17238252;-0.18195933;9.864111
1158;0.19153613;-0.16280572;9.902418
1159;0.16280572;-0.15322891;9.854534
1160;0.16280572;-0.19153613;9.940725
1161;0.15322891;-0.16280572;9.854534
1162;0.19153613;-0.20111294;9.854534
1163;0.16280572;-0.18195933;9.892841
1164;0.18195933;-0.19153613;9.854534
1165;0.15322891;-0.17238252;9.825804
1166;0.1340753;-0.11492168;9.854534
1167;0.18195933;-0.19153613;9.892841
1168;0.11492168;-0.1340753;9.902418
1169;0.1436521;-0.15322891;9.883265
1170;0.1436521;-0.18195933;9.883265
1171;0.18195933;-0.1436521;9.911995
1172;0.18195933;-0.1436521;9.921572
1173;0.1436521;-0.1436521;9.911995
1174;0.16280572;-0.19153613;9.892841
1175;0.21068975;-0.18195933;9.892841
1176;0.15322891;-0.1436521;9.873688
1177;0.17238252;-0.19153613;9.902418
1178;0.20111294;-0.1436521;9.854534
1179;0.18195933;-0.19153613;9.892841
1180;0.22984336;-0.22026655;9.873688
1181;0.16280572;-0.1340753;9.873688
1182;0.16280572;-0.18195933;9.892841
1183;0.17238252;-0.19153613;9.892841
1184;0.15322891;-0.17238252;9.902418
1185;0.17238252;-0.15322891;9.883265
1186;0.16280572;-0.15322891;9.864111
1187;0.19153613;-0.15322891;9.816227
1188;0.15322891;-0.12449849;9.864111
1189;0.18195933;-0.1436521;9.892841
1190;0.12449849;-0.15322891;9.873688
1191;0.15322891;-0.11492168;9.854534
1192;0.15322891;-0.16280572;9.864111
1193;0.1340753;-0.11492168;9.873688
1194;0.18195933;-0.18195933;9.911995
1195;0.15322891;-0.1340753;9.921572
1196;0.15322891;-0.11492168;9.864111
1197;0.15322891;-0.1340753;9.892841
1198;0.15322891;-0.16280572;9.864111
1199;0.16280572;-0.1436521;9.902418
1200;0.15322891;-0.1436521;9.873688
1201;0.16280572;-0.19153613;9.854534
1202;0.15322891;-0.17238252;9.854534
1203;0.19153613;-0.12449849;9.902418
1204;0.15322891;-0.16280572;9.825804
1205;0.18195933;-0.17238252;9.844957
1206;0.17238252;-0.1436521;9.80665
1207;0.17238252;-0.21068975;9.883265
1208;0.16280572;-0.1340753;9.931149
1209;0.19153613;-0.18195933;9.835381
1210;0.15322891;-0.16280572;9.883265
1211;0.21068975;-0.20111294;9.864111
1212;0.15322891;-0.15322891;9.883265
1213;0.21068975;-0.23942018;9.911995
1214;0.20111294;-0.16280572;9.864111
1215;0.16280572;-0.17238252;9.950302
1216;0.11492168;-0.18195933;9.931149
1217;0.16280572;-0.16280572;9.864111
1218;0.11492168;-0.12449849;9.825804
1219;0.1436521;-0.16280572;9.883265
1220;0.1340753;-0.18195933;9.864111
1221;0.1436521;-0.10534488;9.844957
1222;0.1436521;-0.16280572;9.883265
1223;0.1340753;-0.17238252;9.911995
1224;0.15322891;-0.10534488;9.892841
1225;0.1436521;-0.15322891;9.902418
1226;0.11492168;-0.12449849;9.959879
1227;0.15322891;-0.21068975;9.854534
1228;0.18195933;-0.16280572;9.864111
1229;0.1340753;-0.10534488;9.864111
1230;0.24899697;-0.24899697;9.835381
1231;0.24899697;-0.23942018;9.883265
1232;0.15322891;-0.19153613;9.844957
1233;0.24899697;-0.22026655;9.892841
1234;0.20111294;-0.16280572;9.825804
1235;0.17238252;-0.21068975;9.883265
1236;0.25857377;-0.15322891;9.844957
1237;0.22984336;-0.1436521;9.883265
1238;0.095768064;-0.1340753;9.892841
1239;0.22026655;-0.15322891;9.873688
1240;0.1340753;-0.16280572;9.825804
1241;0.15322891;-0.12449849;9.911995
1242;0.22026655;-0.17238252;9.883265
1243;0.1436521;-0.12449849;9.892841
1244;0.038307227;-0.047884032;9.940725
1245;0.18195933;-0.16280572;9.883265
1246;0.19153613;-0.17238252;9.797073
1247;0.038307227;-0.1340753;9.921572
1248;0.1340753;-0.10534488;9.921572
1249;0.17238252;-0.11492168;9.854534
1250;0.02873042;-0.16280572;9.883265
1251;0.21068975;-0.11492168;9.758766
1252;0.18195933;-0.16280572;9.816227
1253;0.019153614;-0.19153613;9.864111
1254;0.21068975;-0.18195933;9.902418
1255;0.20111294;-0.19153613;9.940725
1256;-0.019153614;-0.11492168;9.864111
1257;0.2777274;-0.15322891;9.892841
1258;0.2777274;-0.22026655;9.902418
1259;0.038307227;-0.12449849;10.036493
1260;0.24899697;-0.15322891;9.9790325
1261;0.30645782;-0.21068975;9.787497
1262;0.11492168;-0.1436521;9.892841
1263;0.076614454;-0.1436521;9.844957
1264;0.37349546;-0.095768064;9.902418
1265;-0.047884032;-0.16280572;9.998186
1266;0.076614454;-0.20111294;9.797073
1267;0.50757074;-0.019153614;9.739613
1268;-0.1340753;-0.2873042;9.787497
1269;0.0;-0.19153613;9.950302
1270;0.58418524;-0.0;10.103531
1271;-0.20111294;-0.25857377;9.797073
1272;0.15322891;-0.076614454;9.797073
1273;0.40222588;-0.1436521;9.710882
1274;-0.31603462;-0.24899697;10.055647
1275;0.05746084;0.076614454;10.457873
1276;0.4213795;-0.16280572;9.701305
1277;-0.047884032;-0.20111294;9.816227
1278;-0.21068975;-0.23942018;9.730036
1279;0.47884035;-0.21068975;9.624691
1280;0.31603462;0.019153614;10.620679
1281;-0.36391866;-0.34476504;9.854534
1282;1.1300632;0.038307227;9.375694
1283;-0.095768064;-0.62249243;9.423578
1284;-0.7469909;-0.61291564;9.825804
1285;1.0534488;0.2873042;10.7356
1286;0.31603462;-0.22026655;10.400413
1287;0.076614454;-0.1340753;9.998186
1288;0.33518824;-0.22026655;9.931149
1289;0.16280572;-0.39264908;9.672575
1290;0.18195933;-0.19153613;9.844957
1291;0.15322891;-0.19153613;9.902418
1292;0.11492168;-0.10534488;9.873688
1293;0.16280572;-0.18195933;9.864111
1294;0.15322891;-0.15322891;9.883265
1295;0.17238252;-0.16280572;9.873688
1296;0.11492168;-0.1340753;9.864111
1297;0.1436521;-0.16280572;9.825804
1298;0.1436521;-0.18195933;9.892841
1299;0.1340753;-0.15322891;9.873688
1300;0.1340753;-0.1340753;9.931149
1301;0.12449849;-0.1436521;9.854534
1302;0.095768064;-0.12449849;9.844957
1303;0.22026655;-0.15322891;9.864111
1304;0.12449849;-0.10534488;9.950302
1305;0.16280572;-0.1340753;9.854534
1306;0.15322891;-0.1436521;9.844957
1307;0.16280572;-0.1340753;9.864111
1308;0.16280572;-0.19153613;9.873688
1309;0.19153613;-0.17238252;9.902418
1310;0.17238252;-0.2777274;9.77792
1311;0.1340753;-0.08619126;9.797073
1312;0.18195933;-0.11492168;9.892841
1313;0.22026655;-0.20111294;10.0269165
1314;0.19153613;-0.10534488;9.902418
1315;0.20111294;-0.19153613;9.959879
1316;0.18195933;-0.19153613;9.864111
1317;0.22984336;-0.18195933;9.911995
1318;0.1436521;-0.1340753;9.80665
1319;0.17238252;-0.15322891;9.825804
1320;0.21068975;-0.18195933;9.902418
1321;0.16280572;-0.20111294;9.835381
1322;0.1436521;-0.11492168;9.854534
1323;0.1436521;-0.18195933;9.921572
1324;0.15322891;-0.1436521;9.902418
1325;0.21068975;-0.18195933;9.892841
1326;0.1436521;-0.12449849;9.911995
1327;0.11492168;-0.12449849;9.911995
1328;0.15322891;-0.19153613;9.883265
1329;0.16280572;-0.17238252;9.864111
1330;0.15322891;-0.15322891;9.864111
1331;0.18195933;-0.17238252;9.931149
1332;0.15322891;-0.18195933;9.844957
1333;0.1436521;-0.16280572;9.911995
1334;0.21068975;-0.16280572;9.844957
1335;0.1340753;-0.19153613;9.892841
1336;0.20111294;-0.16280572;9.844957
1337;0.17238252;-0.15322891;9.883265
1338;0.19153613;-0.19153613;9.892841
1339;0.17238252;-0.095768064;9.835381
1340;0.15322891;-0.21068975;9.940725
1341;0.16280572;-0.17238252;9.835381
1342;0.18195933;-0.25857377;9.854534
1343;0.1340753;-0.19153613;9.816227
1344;0.18195933;-0.20111294;9.873688
1345;0.20111294;-0.16280572;9.854534
1346;0.18195933;-0.16280572;9.873688
1347;0.18195933;-0.15322891;9.911995
1348;0.18195933;-0.15322891;9.844957
1349;0.16280572;-0.18195933;9.854534
1350;0.12449849;-0.18195933;9.873688
1351;0.17238252;-0.16280572;9.854534
1352;0.1340753;-0.12449849;9.911995
1353;0.15322891;-0.16280572;9.883265
1354;0.16280572;-0.20111294;9.873688
1355;0.19153613;-0.19153613;9.921572
1356;0.20111294;-0.15322891;9.940725
1357;0.15322891;-0.1340753;9.883265
1358;0.19153613;-0.20111294;9.959879
1359;0.20111294;-0.08619126;9.844957
1360;0.1436521;-0.18195933;9.911995
1361;0.17238252;-0.1340753;9.844957
1362;0.22026655;-0.17238252;9.911995
1363;0.16280572;-0.18195933;9.921572
1364;0.1436521;-0.17238252;9.864111
1365;0.18195933;-0.18195933;9.902418
1366;0.21068975;-0.16280572;9.835381
1367;0.16280572;-0.1436521;9.844957
1368;0.19153613;-0.16280572;9.902418
1369;0.21068975;-0.19153613;9.854534
1370;0.20111294;-0.17238252;9.864111
1371;0.18195933;-0.16280572;9.892841
1372;0.15322891;-0.18195933;9.844957
1373;0.19153613;-0.17238252;9.844957
1374;0.11492168;-0.18195933;9.940725
1375;0.16280572;-0.17238252;9.80665
1376;0.22026655;-0.1436521;9.864111
1377;0.1340753;-0.19153613;9.950302
1378;0.18195933;-0.1436521;9.825804
1379;0.19153613;-0.11492168;9.835381
1380;0.12449849;-0.11492168;9.921572
1381;0.20111294;-0.20111294;9.844957
1382;0.15322891;-0.15322891;9.854534
1383;0.17238252;-0.15322891;9.873688
1384;0.12449849;-0.1436521;9.835381
1385;0.1436521;-0.16280572;9.873688
1386;0.17238252;-0.1436521;9.854534
1387;0.20111294;-0.22026655;9.864111
1388;0.1340753;-0.18195933;9.931149
1389;0.18195933;-0.1340753;9.902418
1390;0.18195933;-0.18195933;9.883265
1391;0.21068975;-0.15322891;9.883265
1392;0.23942018;-0.16280572;9.911995
1393;0.17238252;-0.20111294;9.883265
1394;0.19153613;-0.1436521;9.825804
1395;0.24899697;-0.24899697;9.883265
1396;0.18195933;-0.1436521;9.854534
1397;0.15322891;-0.18195933;9.911995
1398;0.24899697;-0.18195933;9.969456
1399;0.10534488;-0.18195933;9.940725
1400;0.15322891;-0.23942018;9.864111
1401;0.20111294;-0.1436521;9.797073
1402;0.15322891;-0.19153613;9.883265
1403;0.11492168;-0.1340753;9.911995
1404;0.18195933;-0.15322891;9.854534
1405;0.08619126;-0.12449849;9.768343
1406;0.1340753;-0.23942018;9.768343
1407;0.047884032;-0.21068975;9.921572
1408;0.17238252;-0.15322891;9.921572
1409;0.17238252;-0.1436521;9.892841
1410;0.1340753;-0.22026655;9.816227
1411;0.15322891;-0.19153613;9.77792
1412;0.16280572;-0.1436521;9.816227
1413;0.1436521;-0.1436521;9.940725
1414;0.21068975;-0.21068975;9.854534
1415;0.21068975;-0.20111294;9.902418
1416;0.25857377;-0.19153613;9.959879
1417;0.18195933;-0.15322891;10.01734
1418;0.21068975;-0.16280572;9.940725
1419;0.24899697;-0.20111294;9.873688
1420;0.19153613;-0.15322891;9.854534
1421;0.21068975;-0.17238252;9.864111
1422;0.1436521;-0.15322891;9.940725
1423;0.17238252;-0.17238252;9.835381
1424;0.16280572;-0.21068975;9.787497
1425;0.22984336;-0.21068975;9.816227
1426;0.08619126;-0.17238252;9.854534
1427;0.1436521;-0.17238252;9.844957
1428;0.22026655;-0.20111294;9.835381
1429;0.18195933;-0.18195933;9.787497
1430;0.05746084;-0.1340753;9.80665
1431;0.22984336;-0.22026655;9.940725
1432;0.20111294;-0.095768064;10.04607
1433;0.16280572;-0.1340753;10.036493
1434;0.21068975;-0.16280572;9.864111
1435;0.17238252;-0.1340753;9.931149
1436;0.18195933;-0.1340753;9.950302
1437;0.22026655;-0.11492168;9.844957
1438;0.1436521;-0.1340753;9.816227
1439;0.06703765;-0.18195933;9.749189
1440;0.10534488;-0.17238252;9.911995
1441;0.038307227;-0.17238252;9.768343
1442;0.22026655;-0.15322891;9.873688
1443;0.19153613;-0.15322891;9.959879
1444;0.095768064;-0.08619126;10.0269165
1445;0.16280572;-0.1436521;9.892841
1446;0.24899697;-0.20111294;9.701305
1447;0.06703765;-0.16280572;9.873688
