;ay;ax;az
0;0.35434186;-0.047884032;9.749189
1;0.30645782;-0.047884032;10.0748005
2;0.2777274;-0.08619126;10.0269165
3;0.2681506;-0.019153614;9.682152
4;0.24899697;0.009576807;9.375694
5;0.30645782;-0.06703765;9.787497
6;0.36391866;-0.10534488;9.911995
7;0.39264908;-0.1340753;9.787497
8;0.34476504;-0.15322891;10.189722
9;0.37349546;-0.19153613;10.295067
10;0.32561144;-0.18195933;9.9790325
11;0.35434186;-0.1436521;10.084377
12;0.2681506;-0.05746084;9.892841
13;0.4405331;-0.1436521;9.691729
14;0.41180268;-0.18195933;10.5440645
15;-0.047884032;-0.2681506;10.745177
16;0.6607997;-0.10534488;9.193734
17;0.5267244;0.02873042;8.935161
18;-0.038307227;-0.22984336;10.563218
19;0.90021986;-0.49799395;11.291056
20;0.10534488;-0.15322891;10.572795
21;0.24899697;0.1436521;9.097966
22;1.043872;0.22026655;7.5848308
23;-0.38307226;-0.40222588;10.563218
24;0.81402856;-1.4556746;13.723564
25;0.25857377;0.92895025;9.078813
26;0.21068975;0.19153613;7.153875
27;0.31603462;-0.038307227;9.931149
28;0.30645782;0.0;9.873688
29;0.32561144;0.019153614;9.825804
30;0.32561144;-0.076614454;9.931149
31;0.2681506;0.02873042;9.854534
32;0.31603462;-0.019153614;9.864111
33;0.31603462;0.009576807;9.911995
34;0.30645782;-0.05746084;9.892841
35;0.2873042;-0.019153614;9.864111
36;0.34476504;0.019153614;9.844957
37;0.29688102;-0.009576807;9.883265
38;0.30645782;0.009576807;9.873688
39;0.36391866;-0.038307227;9.892841
40;0.29688102;0.0;9.911995
41;0.35434186;-0.019153614;9.921572
42;0.36391866;-0.02873042;9.931149
43;0.35434186;0.019153614;9.825804
44;0.33518824;-0.019153614;9.911995
45;0.31603462;-0.009576807;9.883265
46;0.36391866;0.009576807;9.825804
47;0.30645782;-0.038307227;9.883265
48;0.34476504;-0.019153614;9.921572
49;0.34476504;0.009576807;9.864111
50;0.32561144;-0.02873042;9.797073
51;0.33518824;-0.06703765;9.931149
52;0.31603462;-0.076614454;9.9790325
53;0.29688102;-0.019153614;9.921572
54;0.37349546;-0.009576807;9.911995
55;0.35434186;-0.10534488;9.911995
56;0.25857377;-0.08619126;9.940725
57;0.32561144;-0.095768064;9.998186
58;0.31603462;-0.076614454;9.835381
59;0.29688102;-0.10534488;9.969456
60;0.36391866;-0.11492168;9.998186
61;0.30645782;-0.05746084;9.892841
62;0.29688102;-0.047884032;10.065224
63;0.35434186;-0.06703765;10.25676
64;0.5267244;-0.1436521;9.988609
65;0.34476504;-0.10534488;10.1226845
66;0.37349546;-0.16280572;10.180145
67;0.35434186;-0.038307227;9.662998
68;0.2681506;-0.08619126;9.950302
69;0.38307226;-0.15322891;10.151415
70;0.33518824;-0.02873042;10.429143
71;0.32561144;-0.05746084;9.768343
72;0.33518824;-0.076614454;9.557653
73;0.23942018;-0.05746084;9.509769
74;0.30645782;-0.095768064;9.902418
75;0.41180268;-0.10534488;10.199299
76;0.1340753;-0.1436521;9.404425
77;0.4405331;-0.11492168;9.605537
78;0.30645782;-0.11492168;9.490616
79;0.24899697;-0.08619126;9.816227
80;0.2777274;-0.019153614;9.825804
81;0.2681506;-0.10534488;9.911995
82;0.24899697;-0.06703765;9.911995
83;0.33518824;-0.019153614;9.864111
84;0.31603462;-0.02873042;9.902418
85;0.31603462;-0.009576807;9.883265
86;0.34476504;-0.009576807;9.9790325
87;0.33518824;-0.047884032;9.844957
88;0.32561144;0.009576807;9.825804
89;0.32561144;-0.009576807;9.816227
90;0.32561144;0.0;9.9790325
91;0.37349546;0.0;9.844957
92;0.36391866;-0.019153614;9.940725
93;0.33518824;0.0;9.883265
94;0.31603462;0.02873042;9.940725
95;0.34476504;-0.009576807;9.844957
96;0.31603462;0.009576807;9.911995
97;0.2777274;0.05746084;9.883265
98;0.25857377;-0.047884032;9.854534
99;0.2681506;-0.009576807;9.864111
100;0.29688102;0.0;9.844957
101;0.2777274;0.076614454;9.873688
102;0.24899697;0.009576807;9.844957
103;0.2681506;-0.02873042;9.864111
104;0.21068975;-0.02873042;9.921572
105;0.24899697;0.0;9.844957
106;0.2873042;0.0;9.959879
107;0.24899697;-0.02873042;9.921572
108;0.31603462;-0.02873042;9.883265
109;0.29688102;0.0;9.864111
110;0.2681506;0.0;9.959879
111;0.33518824;0.0;9.931149
112;0.32561144;0.0;9.844957
113;0.4309563;0.0;9.892841
114;0.39264908;-0.05746084;9.883265
115;0.34476504;-0.038307227;9.892841
116;0.39264908;-0.02873042;9.883265
117;0.34476504;-0.076614454;9.844957
118;0.34476504;-0.076614454;9.911995
119;0.32561144;-0.038307227;9.911995
120;0.31603462;-0.08619126;9.931149
121;0.33518824;-0.06703765;9.902418
122;0.32561144;-0.05746084;9.940725
123;0.29688102;-0.1436521;9.931149
124;0.2873042;-0.10534488;9.902418
125;0.29688102;-0.17238252;9.969456
126;0.24899697;-0.16280572;9.950302
127;0.24899697;-0.1436521;9.9790325
128;0.2681506;-0.16280572;9.921572
129;0.22026655;-0.11492168;9.959879
130;0.20111294;-0.17238252;9.902418
131;0.25857377;-0.1340753;9.940725
132;0.24899697;-0.20111294;9.873688
133;0.34476504;-0.17238252;9.911995
134;0.32561144;-0.22026655;9.959879
135;0.32561144;-0.1436521;9.940725
136;0.37349546;-0.19153613;9.940725
137;0.35434186;-0.20111294;9.835381
138;0.41180268;-0.1436521;9.931149
139;0.4213795;-0.15322891;9.921572
140;0.40222588;-0.18195933;9.921572
141;0.4309563;-0.1340753;9.969456
142;0.39264908;-0.10534488;10.007763
143;0.41180268;-0.12449849;9.931149
144;0.38307226;-0.16280572;9.873688
145;0.35434186;-0.10534488;9.911995
146;0.34476504;-0.11492168;9.931149
147;0.31603462;-0.05746084;9.892841
148;0.2873042;-0.05746084;9.988609
149;0.2681506;-0.076614454;9.844957
150;0.24899697;-0.05746084;9.902418
151;0.24899697;-0.05746084;9.873688
152;0.15322891;-0.06703765;9.931149
153;0.25857377;-0.08619126;9.959879
154;0.17238252;-0.076614454;9.931149
155;0.22984336;-0.05746084;9.892841
156;0.20111294;-0.06703765;10.007763
157;0.20111294;-0.05746084;9.940725
158;0.2681506;-0.009576807;9.921572
159;0.2873042;0.038307227;9.921572
160;0.29688102;0.0;9.940725
161;0.35434186;0.047884032;9.873688
162;0.32561144;0.076614454;9.864111
163;0.39264908;0.06703765;9.883265
164;0.45010993;0.06703765;9.854534
165;0.36391866;0.08619126;9.816227
166;0.41180268;0.076614454;9.825804
167;0.40222588;0.11492168;9.902418
168;0.45968673;0.05746084;9.892841
169;0.4309563;0.019153614;9.864111
170;0.37349546;0.06703765;9.864111
171;0.35434186;0.06703765;9.883265
172;0.37349546;0.038307227;9.844957
173;0.2777274;0.009576807;9.959879
174;0.2681506;0.05746084;9.950302
175;0.25857377;0.02873042;9.892841
176;0.21068975;0.0;9.940725
177;0.17238252;0.0;9.883265
178;0.22984336;0.009576807;9.873688
179;0.15322891;0.02873042;9.873688
180;0.19153613;0.0;9.873688
181;0.16280572;0.0;9.911995
182;0.16280572;-0.019153614;9.816227
183;0.19153613;0.0;9.825804
184;0.21068975;-0.019153614;9.844957
185;0.29688102;0.047884032;9.921572
186;0.31603462;0.05746084;9.816227
187;0.34476504;0.076614454;9.844957
188;0.37349546;0.047884032;9.921572
189;0.40222588;0.038307227;9.883265
190;0.4309563;0.009576807;9.854534
191;0.5363012;-0.02873042;9.969456
192;0.5267244;-0.08619126;9.931149
193;0.5650316;-0.08619126;9.950302
194;0.5650316;-0.16280572;9.911995
195;0.48841715;-0.12449849;9.9790325
196;0.49799395;-0.18195933;9.940725
197;0.45010993;-0.17238252;9.873688
198;0.45968673;-0.2681506;9.940725
199;0.32561144;-0.21068975;9.931149
200;0.30645782;-0.32561144;9.864111
201;0.20111294;-0.2873042;9.950302
202;0.20111294;-0.38307226;9.911995
203;0.21068975;-0.40222588;9.931149
204;0.1436521;-0.4309563;9.969456
205;0.10534488;-0.45968673;9.940725
206;0.16280572;-0.47884035;10.036493
207;0.06703765;-0.47884035;10.0269165
208;0.12449849;-0.4309563;9.9790325
209;0.18195933;-0.4213795;9.892841
210;0.21068975;-0.36391866;9.902418
211;0.25857377;-0.2873042;9.911995
212;0.33518824;-0.2777274;9.892841
213;0.39264908;-0.21068975;9.959879
214;0.4309563;-0.22984336;9.797073
215;0.46926352;-0.25857377;9.873688
216;0.46926352;-0.24899697;9.902418
217;0.46926352;-0.2777274;9.825804
218;0.5650316;-0.2873042;9.873688
219;0.5363012;-0.2681506;9.844957
220;0.49799395;-0.24899697;9.969456
221;0.58418524;-0.29688102;9.950302
222;0.5267244;-0.24899697;10.036493
223;0.47884035;-0.17238252;9.9790325
224;0.45010993;-0.17238252;9.959879
225;0.38307226;-0.1340753;9.873688
226;0.30645782;-0.16280572;9.988609
227;0.2681506;-0.1340753;9.921572
228;0.23942018;-0.21068975;9.950302
229;0.22984336;-0.15322891;9.950302
230;0.19153613;-0.10534488;9.844957
231;0.23942018;-0.02873042;9.844957
232;0.038307227;-0.06703765;9.940725
233;0.10534488;-0.009576807;9.921572
234;0.1340753;0.019153614;9.80665
235;0.08619126;0.009576807;9.768343
236;0.038307227;0.10534488;9.825804
237;0.047884032;0.06703765;9.864111
238;0.08619126;0.17238252;9.816227
239;0.22984336;0.20111294;9.768343
240;0.24899697;0.22984336;9.749189
241;0.22984336;0.20111294;9.77792
242;0.24899697;0.20111294;9.844957
243;0.39264908;0.23942018;9.739613
244;0.36391866;0.16280572;9.825804
245;0.4213795;0.16280572;9.959879
246;0.58418524;0.02873042;9.883265
247;0.5650316;0.02873042;9.911995
248;0.62249243;0.06703765;9.969456
249;0.8714894;0.0;10.1226845
250;0.641646;-0.02873042;10.113108
251;0.641646;-0.02873042;10.04607
252;0.5554548;0.076614454;9.854534
253;0.45010993;0.038307227;9.873688
254;0.38307226;0.076614454;9.9790325
255;0.23942018;0.08619126;9.768343
256;0.32561144;0.16280572;9.720459
257;0.23942018;0.17238252;9.873688
258;0.16280572;0.21068975;9.825804
259;0.31603462;0.17238252;9.797073
260;-0.15322891;0.06703765;9.80665
261;0.23942018;0.12449849;9.816227
262;-0.076614454;0.0;9.691729
263;-0.30645782;0.009576807;9.710882
264;0.0;-0.19153613;9.816227
265;-0.40222588;0.0;9.969456
266;0.10534488;-0.24899697;10.04607
267;-0.038307227;-0.21068975;10.055647
268;0.21068975;-0.047884032;10.228029
269;0.37349546;-0.08619126;10.323798
270;0.25857377;0.08619126;9.998186
271;0.5554548;0.17238252;9.940725
272;0.4213795;0.29688102;9.911995
273;0.7469909;0.40222588;9.825804
274;0.6799533;0.641646;9.739613
275;0.60333884;0.60333884;9.423578
276;0.5554548;0.9672575;9.203311
277;0.50757074;0.89064306;9.155427
278;0.6991069;0.58418524;9.337387
279;0.79487497;0.6512229;9.548077
280;0.5267244;0.6991069;9.32781
281;0.40222588;0.48841715;9.193734
282;0.46926352;0.34476504;9.586384
283;0.2873042;0.019153614;9.931149
284;0.2681506;-0.2873042;10.199299
285;0.15322891;-0.39264908;10.25676
286;-0.06703765;-0.7469909;10.25676
287;-0.16280572;-1.0726024;10.352529
288;-0.047884032;-1.2162545;10.429143
289;0.0;-1.3982137;10.563218
290;0.095768064;-1.4460979;10.496181
291;0.33518824;-1.388637;10.25676
292;0.29688102;-1.3982137;10.0748005
293;0.37349546;-1.3790601;10.0748005
294;0.37349546;-1.4556746;9.959879
295;0.33518824;-1.4556746;10.007763
296;0.45010993;-1.5035586;10.25676
297;0.41180268;-1.4748282;10.151415
298;0.4405331;-1.5131354;10.036493
299;0.4309563;-1.4077905;10.247183
300;0.4309563;-1.5035586;10.084377
301;0.45968673;-1.436521;9.998186
302;0.34476504;-1.388637;9.892841
303;0.45968673;-1.3790601;9.825804
304;0.34476504;-1.340753;9.739613
305;0.31603462;-1.3024458;9.787497
306;0.32561144;-1.3599066;9.758766
307;0.30645782;-1.3982137;9.710882
308;0.31603462;-1.436521;9.797073
309;0.24899697;-1.5514427;9.864111
310;0.34476504;-1.541866;9.864111
311;0.25857377;-1.5993267;10.103531
312;0.15322891;-1.7429788;10.065224
313;0.24899697;-1.7238252;10.036493
314;0.24899697;-1.7238252;10.065224
315;0.17238252;-1.7525556;10.1226845
316;0.37349546;-1.6376339;10.132261
317;0.31603462;-1.5227122;9.959879
318;0.47884035;-1.4939818;9.816227
319;0.32561144;-1.4269443;9.739613
320;0.37349546;-1.2162545;9.56723
321;0.37349546;-1.340753;9.634268
322;0.05746084;-1.292869;9.682152
323;0.59376204;-1.4173675;9.710882
324;0.24899697;-1.4460979;9.672575
325;0.0;-1.5514427;9.720459
326;0.5554548;-1.8100165;10.093954
327;-0.2873042;-1.9153614;10.314221
328;0.39264908;-2.087744;10.6398325
329;-0.15322891;-2.0973208;10.860099
330;0.08619126;-2.2888567;10.5440645
331;0.33518824;-2.0111294;10.726024
332;-0.047884032;-1.9057846;10.7356
333;0.31603462;-1.6950948;10.333375
334;0.19153613;-1.3982137;9.844957
335;0.37349546;-1.2449849;9.691729
336;-0.15322891;-1.1300632;9.270349
337;0.047884032;-0.9959879;8.485051
338;0.12449849;-1.1587936;8.762778
339;-0.11492168;-1.388637;8.954314
340;0.5650316;-1.484405;8.963891
341;0.92895025;-1.8100165;9.615114
342;0.41180268;-1.9632454;10.113108
343;0.92895025;-2.2697031;10.352529
344;0.7565677;-2.4037786;10.888829
345;0.4405331;-2.4420857;11.147403
346;0.15322891;-2.5091233;10.984597
347;0.90979666;-2.2888567;10.668563
348;0.21068975;-1.8674773;10.754754
349;1.1683705;-1.7812861;10.840945
350;1.2066777;-1.541866;10.46745
351;0.2681506;-1.1587936;9.634268
352;1.3503298;-1.0247183;9.682152
353;0.5363012;-0.82360536;9.77792
354;-0.32561144;-0.89064306;9.088389
355;0.12449849;-0.89064306;8.628703
356;-0.29688102;-0.82360536;8.676587
357;0.2873042;-1.0630256;9.270349
358;0.1340753;-1.3982137;9.730036
359;0.10534488;-1.4077905;10.28549
360;0.7565677;-1.8291701;10.486604
361;-0.4309563;-1.7812861;10.409989
362;0.15322891;-1.9919758;10.477027
363;0.0;-2.1930888;10.802638
364;-1.7621324;-1.9057846;9.385271
365;-0.545878;-1.7525556;9.165004
366;-0.39264908;-1.484405;9.576807
367;-0.60333884;-1.5897499;9.519346
368;0.8331822;-1.1779473;9.222465
369;0.9576807;-1.0726024;9.710882
370;1.4748282;-0.94810385;10.572795
371;2.8538885;-1.3790601;10.601525
372;1.0151415;-1.2545617;10.6398325
373;1.1683705;-1.7142484;10.218452
374;0.6512229;-1.8579005;10.448297
375;-0.92895025;-1.7812861;9.720459
376;-1.6950948;-1.733402;9.662998
377;-0.92895025;-1.7142484;8.66701
378;-1.3790601;-1.0821792;10.103531
379;0.90979666;-1.2162545;9.490616
380;2.6527755;-1.0055647;9.883265
381;2.2409728;-1.1300632;11.482592
382;3.3423057;-1.5610195;11.63582
383;0.6703765;-1.13964;8.264784
384;0.12449849;-1.4077905;9.557653
385;-0.19153613;-2.1930888;10.831368
386;-2.7389667;-2.3942018;11.089942
387;-1.5227122;-2.4420857;10.812215
388;-1.8866309;-2.3463178;10.965444
389;-0.23942018;-2.231396;9.682152
390;1.934515;-1.6567876;9.241618
391;1.0534488;-1.8195933;10.793061
392;2.7868507;-2.1739352;12.229582
393;2.7485435;-1.3599066;9.155427
394;0.10534488;-1.0247183;8.542512
395;0.16280572;-1.2737153;8.8777
396;-0.40222588;-1.3503298;11.137826
397;-2.1452048;-1.6184803;10.70687
398;-0.8714894;-1.8674773;9.030929
399;1.2449849;-1.982399;10.180145
400;1.1492168;-1.9440918;11.980585
401;1.1492168;-1.484405;10.620679
402;3.6391866;-1.1204864;9.873688
403;1.7046716;-1.1587936;9.3182335
404;-1.5897499;-1.4077905;10.266336
405;-0.30645782;-1.982399;12.545617
406;-1.8579005;-1.8387469;8.791509
407;-0.6703765;-2.4708161;11.003751
408;0.92895025;-2.078167;12.0093155
409;0.22026655;-0.9959879;8.523358
410;2.9400797;-0.78529817;9.433155
411;2.8921957;-0.89064306;9.911995
412;-0.5267244;-0.8331822;9.385271
413;-1.292869;-0.5746084;11.224017
414;-0.48841715;-1.091756;8.465898
415;-1.5705963;-1.2641385;7.1826053
416;-0.842759;-1.4748282;9.969456
417;2.0590134;-1.685518;10.821792
418;0.5363012;-0.6512229;10.390836
419;3.0071173;-0.6799533;9.710882
420;1.8387469;-0.63206923;12.229582
421;-2.2984335;-0.90979666;9.634268
422;-0.095768064;-1.2737153;9.107543
423;-2.528277;-1.2545617;9.461885
424;-1.1587936;-1.9057846;11.511322
425;0.5746084;-1.7908629;10.228029
426;0.23942018;-1.0247183;9.11712
427;2.8538885;-0.9959879;10.850522
428;1.2449849;-1.6567876;10.869676
429;0.5746084;-1.4173675;10.486604
430;-1.0726024;-1.292869;7.7667904
431;-1.6184803;-1.3982137;10.25676
432;-0.93852705;-1.9632454;9.481039
433;0.6607997;-1.5035586;9.586384
434;1.5514427;-1.7812861;10.429143
435;1.7238252;-1.8483237;11.501745
436;0.78529817;-1.340753;9.452309
437;0.38307226;-0.93852705;6.9623384
438;-0.79487497;-1.8195933;10.601525
439;-1.2641385;-3.1507695;11.559206
440;-0.10534488;-3.3423057;10.036493
441;1.685518;-2.5091233;11.664551
442;-0.10534488;-1.8291701;8.90643
443;0.35434186;-1.2258313;6.8282633
444;1.733402;-2.1547816;9.375694
445;-1.5131354;-2.8443117;12.354081
446;-2.0494366;-4.050989;12.909535
447;2.2218192;-3.4380736;12.08593
448;-0.19153613;-2.3463178;11.520899
449;0.90021986;-2.2601264;9.720459
450;2.327164;-2.4899697;9.193734
451;-1.8100165;-2.3750482;13.809755
452;-1.6280571;-3.667917;13.445837
453;-0.12449849;-2.5187001;9.80665
454;-0.12449849;-1.3215994;7.967903
455;1.3599066;-1.4939818;7.843405
456;2.6048915;-1.5993267;6.981492
457;1.3120226;-1.7812861;10.400413
458;-1.436521;-2.3175871;13.196839
459;0.48841715;-2.6431987;6.7803793
460;2.2601264;-1.9536686;6.167464
461;0.5267244;-1.1492168;9.816227
462;0.8331822;-2.1739352;9.423578
463;-0.30645782;-2.6910827;9.959879
464;-0.41180268;-2.8060043;12.306197
465;-0.7469909;-1.982399;10.189722
466;1.5227122;-1.4173675;7.680599
467;2.2984335;-1.1971009;7.9104424
468;2.1643584;-1.9249382;13.101071
469;0.32561144;-2.2888567;13.627796
470;-1.5610195;-1.3120226;9.404425
471;-1.2354081;-1.292869;6.895301
472;0.62249243;-0.9959879;7.9391727
473;0.11492168;-0.6991069;10.783484
474;0.5746084;-2.3654714;11.942278
475;-2.1643584;-2.6240451;12.124237
476;-1.4460979;-1.8291701;9.548077
477;1.8674773;-1.2162545;8.762778
478;0.7086837;-1.1013328;9.902418
479;1.7046716;-1.2641385;12.11466
480;0.78529817;-1.0534488;11.84651
481;-0.8714894;-1.0630256;9.212888
482;-1.2449849;-0.81402856;9.988609
483;-0.7278373;-0.82360536;8.801085
484;1.6280571;-0.9576807;8.916007
485;0.7182605;-0.35434186;11.63582
486;0.6991069;-0.842759;11.147403
487;0.5746084;-0.25857377;9.299079
488;0.6607997;-0.20111294;7.326257
489;2.2697031;0.17238252;9.040505
490;1.1300632;0.6607997;11.808203
491;-1.0726024;-0.02873042;9.643845
492;-1.6663644;0.35434186;5.5641246
493;0.90021986;1.0151415;5.7843914
494;1.8866309;0.20111294;10.151415
495;0.59376204;-0.5554548;11.444284
496;0.6799533;-0.02873042;9.672575
497;0.18195933;-0.60333884;9.452309
498;-1.5993267;-0.5746084;11.233594
499;2.873042;-0.50757074;7.6135616
500;1.3120226;0.91937345;8.695741
501;-0.9864111;0.0;13.512875
502;-1.388637;-1.091756;12.191275
503;-1.1492168;0.11492168;7.728483
504;1.0342951;-0.019153614;9.634268
505;1.2354081;-0.8331822;13.790602
506;2.0398598;-0.90021986;12.756307
507;-0.24899697;-0.34476504;10.1226845
508;-1.1971009;-1.0342951;10.764331
509;1.0630256;-0.9672575;11.233594
510;1.13964;0.21068975;8.465898
511;-1.0726024;0.40222588;10.314221
512;0.41180268;-0.25857377;11.281479
513;-0.7374141;0.39264908;8.446744
514;0.545878;0.8714894;4.999093
515;2.087744;0.842759;9.911995
516;0.90979666;-0.2873042;12.53604
517;-0.22984336;0.11492168;7.086837
518;0.62249243;0.18195933;6.7324953
519;-1.1300632;-0.05746084;10.783484
520;0.9672575;-0.16280572;9.414001
521;1.091756;0.41180268;7.335834
522;-0.12449849;0.038307227;11.587936
523;1.0534488;-0.6703765;12.076353
524;-0.1340753;0.05746084;6.655881
525;0.16280572;0.17238252;6.9623384
526;4.003105;-1.6472107;16.242264
527;-0.81402856;-0.9959879;13.88637
528;-0.9672575;-0.90021986;7.489063
529;-1.1204864;0.60333884;9.011775
530;0.641646;-0.7469909;12.785037
531;-0.06703765;0.08619126;10.888829
532;-0.18195933;0.6895301;8.762778
533;0.41180268;0.4309563;10.304645
534;-0.8810662;0.36391866;10.371682
535;0.30645782;0.6512229;7.52737
536;3.6391866;0.11492168;9.3661175
537;0.5363012;-0.78529817;14.671668
538;-1.2258313;-1.0726024;13.043611
539;-0.94810385;-0.6703765;7.153875
540;-1.1971009;0.6703765;8.810662
541;1.5035586;-0.50757074;10.793061
542;3.074155;-0.5363012;11.453861
543;-2.4612393;0.7374141;10.793061
544;-0.41180268;-0.17238252;8.628703
545;0.41180268;0.58418524;7.5944076
546;0.1436521;0.2777274;7.335834
547;2.8443117;0.5554548;10.831368
548;-2.231396;0.80445176;10.572795
549;-0.9672575;0.0;8.331821
550;0.545878;0.5554548;8.504205
551;0.61291564;0.5363012;8.360553
552;3.2752678;0.23942018;8.887277
553;-0.2777274;0.6512229;12.0093155
554;-0.047884032;0.17238252;11.329363
555;1.5035586;0.62249243;6.7133417
556;-1.0342951;0.81402856;9.059659
557;0.40222588;-0.48841715;12.50731
558;2.96881;-0.7374141;11.415554
559;-1.091756;-0.7182605;10.46745
560;-4.060566;-0.6799533;10.936713
561;2.087744;-0.6799533;10.333375
562;5.1906295;0.4405331;9.672575
563;-1.0726024;0.29688102;13.129802
564;1.5897499;-1.1300632;12.717999
565;0.4405331;0.6991069;7.489063
566;-0.641646;0.45010993;7.795521
567;0.5363012;-0.5650316;12.679692
568;1.1683705;-0.2873042;7.9870567
569;-0.9672575;0.11492168;8.935161
570;-2.327164;-0.9864111;10.726024
571;-0.48841715;-0.4405331;9.337387
572;1.5514427;0.11492168;6.215348
573;1.0630256;1.043872;9.892841
574;1.9536686;-0.49799395;11.425131
575;-0.22984336;0.095768064;9.797073
576;1.8387469;-0.35434186;8.590396
577;0.7757214;-0.9864111;11.405977
578;-1.484405;-1.6184803;12.29662
579;-0.93852705;-1.3120226;10.70687
580;-0.20111294;-0.6607997;10.390836
581;-2.7006595;-0.48841715;11.358093
582;1.2354081;-0.8810662;11.645397
583;3.5529952;-0.12449849;10.141838
584;0.095768064;-0.22984336;11.109096
585;-0.24899697;-0.15322891;13.283031
586;0.92895025;0.047884032;7.345411
587;-0.39264908;0.8523358;6.3302693
588;0.17238252;0.05746084;10.524911
589;-0.48841715;-0.19153613;10.697293
590;-1.2162545;0.12449849;8.130709
591;-0.92895025;-0.38307226;8.255207
592;-1.1109096;-0.19153613;8.542512
593;3.3135753;-0.25857377;8.781932
594;1.1875241;0.36391866;10.400413
595;-0.90979666;-0.29688102;10.486604
596;0.38307226;0.009576807;8.111555
597;0.842759;-0.34476504;10.189722
598;2.2409728;-0.6512229;9.969456
599;3.0262709;-0.91937345;12.239159
600;-2.3080103;-0.78529817;9.710882
601;-3.083732;0.038307227;9.672575
602;1.5801731;0.15322891;11.84651
603;1.2449849;0.16280572;11.166556
604;-0.93852705;0.48841715;10.524911
605;1.3215994;0.5554548;9.375694
606;2.3654714;0.37349546;12.98615
607;0.7278373;0.11492168;10.371682
608;0.47884035;1.1587936;7.9008656
609;1.292869;0.63206923;7.6231384
610;-1.1013328;0.6703765;10.869676
611;-3.169923;0.16280572;10.247183
612;-2.777274;0.38307226;7.7189064
613;0.92895025;0.5554548;8.24563
614;0.9768343;1.2545617;9.548077
615;1.484405;1.1779473;7.4507556
616;1.0630256;1.6376339;8.868123
617;1.2258313;0.33518824;10.065224
618;1.0726024;-0.1340753;10.668563
619;1.6376339;-0.45010993;8.034941
620;2.3175871;0.7757214;9.299079
621;-1.1683705;0.5363012;9.586384
622;-2.1739352;0.18195933;9.385271
623;0.5650316;-0.7086837;6.8186865
624;-0.5267244;0.21068975;9.414001
625;-3.964798;-0.49799395;9.500193
626;-3.2465374;-0.48841715;7.7667904
627;0.49799395;0.20111294;8.00621
628;-0.5650316;0.32561144;12.181698
629;3.6870706;-0.24899697;15.275007
630;8.293514;0.076614454;10.840945
631;2.1739352;2.0973208;14.269443
632;1.1204864;1.7621324;12.344504
633;4.9895163;-0.4405331;9.481039
634;-3.1986535;2.1547816;10.160992
635;-4.855441;1.4077905;9.308656
636;-2.2026656;1.6280571;6.742072
637;-5.803545;2.4229321;2.2409728
638;-0.4405331;1.4748282;3.4763808
639;2.6431987;1.1492168;9.825804
640;1.5035586;1.2449849;13.062764
641;3.5434184;1.2737153;10.869676
642;3.763685;1.8004397;9.528923
643;0.9864111;1.3503298;10.783484
644;2.6144683;0.78529817;11.712435
645;-0.06703765;0.17238252;12.392388
646;-2.3558946;-0.47884035;13.666103
647;-4.10845;0.4405331;8.465898
648;-0.5267244;0.7182605;8.552089
649;1.8674773;-0.1436521;11.951855
650;0.24899697;0.1436521;14.633361
651;-0.009576807;0.5267244;11.128249
652;0.1436521;0.49799395;8.236053
653;-1.1492168;0.60333884;9.605537
654;2.078167;-0.7374141;12.26789
655;0.81402856;0.02873042;10.572795
656;0.17238252;0.02873042;10.342952
657;0.78529817;-0.095768064;8.714894
658;-1.8004397;0.63206923;7.7572136
659;0.39264908;-0.076614454;6.6175733
660;2.27928;0.20111294;8.973468
661;0.9672575;0.08619126;10.371682
662;0.9768343;-0.02873042;9.758766
663;-0.7278373;0.47884035;6.8569937
664;-0.48841715;0.8619126;7.824251
665;1.1875241;0.82360536;7.4986396
666;-0.2873042;1.13964;5.813122
667;1.5801731;1.0821792;10.429143
668;2.2026656;0.6512229;13.532028
669;-0.7565677;1.1587936;7.5848308
670;0.1436521;1.283292;5.659893
671;4.501099;0.51714754;13.369223
672;-0.23942018;0.15322891;14.269443
673;-0.45010993;-0.18195933;10.266336
674;-1.1492168;0.47884035;6.885724
675;-0.23942018;0.51714754;10.898406
676;1.3503298;0.0;12.631808
677;0.7757214;0.22984336;13.359646
678;-0.009576807;0.23942018;11.760319
679;1.5035586;-0.4309563;12.363658
680;1.1779473;-0.5554548;13.321339
681;1.6376339;-0.50757074;13.656527
682;1.3790601;0.24899697;10.860099
683;0.94810385;-0.08619126;9.643845
684;-0.45010993;-0.34476504;10.888829
685;1.340753;-1.091756;11.836933
686;1.0630256;-0.80445176;9.471462
687;-1.4269443;-0.17238252;10.199299
688;0.5554548;-0.30645782;6.981492
689;1.9919758;0.4405331;6.0142345
690;1.0726024;-0.2873042;7.4028716
691;-2.4037786;0.16280572;7.2304893
692;0.9959879;0.20111294;2.4037786
693;-0.12449849;0.038307227;5.7269306
694;-2.882619;0.0;9.040505
695;3.2944214;0.009576807;4.9895163
696;-0.2873042;1.13964;2.777274
697;-3.6487634;0.5650316;7.0581064
698;0.038307227;-0.2873042;7.776367
699;-3.3614593;-0.19153613;6.042965
700;-3.3423057;-0.5363012;9.3661175
701;2.5378537;-2.2122424;10.457873
702;-1.0151415;-1.3215994;9.701305
703;1.982399;-1.4269443;14.901511
704;5.267244;-2.2888567;16.385916
705;1.1779473;-2.4995465;15.9262295
706;-2.9400797;-2.767697;15.993267
707;-2.4420857;-3.265691;14.135366
708;-0.32561144;-2.8634653;12.957419
709;-2.1068976;-1.9153614;13.034034
710;1.5035586;-3.0358477;14.058752
711;4.156334;-1.685518;13.493721
712;2.231396;-1.4556746;16.25184
713;4.4340615;-1.1300632;14.930242
714;2.27928;-1.283292;10.304645
715;1.0534488;-0.89064306;11.951855
716;-2.719813;-0.8523358;12.555194
717;-0.9959879;-0.019153614;8.925584
718;1.9440918;0.79487497;6.081272
719;-1.9057846;0.8331822;8.236053
720;-0.11492168;0.50757074;9.998186
721;4.759673;1.0726024;5.889736
722;0.9672575;1.2737153;7.4124484
723;0.45010993;0.22026655;12.066776
724;-0.37349546;0.40222588;8.1881695
725;-1.6280571;0.4213795;5.841852
726;-1.7621324;-0.12449849;9.864111
727;-1.4748282;-0.35434186;10.457873
728;1.2162545;0.009576807;7.1347213
729;0.37349546;0.78529817;9.77792
730;-0.47884035;0.038307227;11.377247
731;4.2042184;-0.5650316;9.816227
732;0.17238252;0.641646;7.345411
733;2.8921957;-1.292869;13.110648
734;1.5227122;-0.9959879;13.321339
735;-3.4093432;0.095768064;7.833828
736;-2.2505496;-0.19153613;7.469909
737;-0.8331822;-0.11492168;11.9614315
738;-1.283292;-0.19153613;9.3182335
739;0.6799533;0.4405331;9.902418
740;1.9153614;0.18195933;12.028469
741;0.36391866;0.32561144;11.233594
742;1.6663644;0.59376204;7.8050976
743;2.8634653;0.4213795;10.055647
744;2.0494366;-0.009576807;12.823344
745;-0.10534488;-0.2873042;10.381259
746;-2.4708161;-0.19153613;8.628703
747;-1.1779473;-0.34476504;8.063671
748;-0.89064306;0.038307227;9.634268
749;1.4652514;-0.17238252;9.624691
750;0.5746084;0.59376204;9.854534
751;1.6472107;0.48841715;9.097966
752;2.231396;0.545878;8.772355
753;0.18195933;0.21068975;7.5082164
754;2.1260512;-0.05746084;9.126697
755;0.47884035;-0.18195933;10.697293
756;-2.4420857;-0.93852705;10.342952
757;-0.9768343;-0.93852705;8.197746
758;-0.80445176;-0.095768064;7.929596
759;2.0111294;-0.15322891;8.983045
760;2.1068976;-0.20111294;11.87524
761;0.81402856;0.19153613;11.731588
762;0.79487497;0.9672575;9.643845
763;-1.7238252;0.37349546;9.155427
764;0.2873042;0.24899697;10.572795
765;0.7757214;0.16280572;9.500193
766;0.20111294;0.10534488;10.783484
767;-1.0534488;-0.6703765;9.844957
768;-2.9496565;0.095768064;7.824251
769;1.3694834;-0.18195933;8.494628
770;3.5242648;-0.34476504;11.63582
771;-0.7661445;-0.33518824;12.899959
772;1.2449849;-0.45968673;10.802638
773;-0.15322891;0.79487497;7.575254
774;-0.9864111;0.15322891;9.624691
775;3.323152;-0.61291564;10.745177
776;1.8579005;-0.047884032;10.218452
777;-1.6567876;-0.4309563;10.582372
778;-0.81402856;-0.9768343;9.921572
779;0.10534488;0.019153614;7.872135
780;1.6376339;0.545878;6.991069
781;2.5474305;0.59376204;12.401965
782;1.3694834;0.0;11.348516
783;0.8331822;0.89064306;6.1195793
784;2.078167;0.37349546;8.916007
785;-0.63206923;-0.22026655;11.702858
786;0.24899697;-0.8714894;10.783484
787;1.733402;-0.5746084;10.448297
788;-2.5953147;-0.7086837;10.869676
789;-1.8674773;-0.4213795;10.170568
790;3.4572272;-1.1013328;8.456321
791;-0.9768343;0.22026655;13.01488
792;1.4556746;-1.6567876;14.355634
793;0.5363012;-0.095768064;10.994174
794;-0.5267244;0.45968673;7.4028716
795;3.083732;0.047884032;12.066776
796;0.45968673;-0.5650316;12.105083
797;-1.1587936;0.0;10.5919485
798;0.45010993;-0.79487497;9.634268
799;-2.882619;-0.33518824;10.103531
800;-0.78529817;-0.40222588;10.400413
801;1.4269443;0.38307226;8.37013
802;1.7525556;0.23942018;9.730036
803;-0.076614454;-0.50757074;10.208876
804;-0.7086837;0.21068975;7.1826053
805;2.7102363;0.15322891;6.4643445
806;1.7812861;-0.24899697;11.233594
807;-0.2873042;-0.78529817;11.856087
808;1.7429788;-0.34476504;7.565677
809;-1.4556746;0.17238252;7.201759
810;-3.2752678;-0.22984336;9.548077
811;1.8579005;-0.48841715;7.7667904
812;-1.1109096;0.22026655;8.465898
813;-1.7908629;-0.16280572;11.386824
814;4.912902;-0.7661445;8.992621
815;-0.038307227;0.5746084;7.469909
816;0.59376204;-0.61291564;10.093954
817;4.357447;-1.1971009;13.43626
818;0.7469909;-0.80445176;13.034034
819;-3.667917;-0.41180268;9.442732
820;0.58418524;0.038307227;8.00621
821;0.4309563;-0.047884032;10.275913
822;-3.8402996;0.15322891;10.333375
823;3.6966474;-0.60333884;10.486604
824;1.1300632;0.61291564;12.0093155
825;-2.2122424;-0.095768064;10.97502
826;3.6008794;0.24899697;9.193734
827;2.4133554;0.40222588;9.921572
828;1.3982137;-0.90021986;12.583924
829;0.7469909;-0.08619126;12.26789
830;-2.5091233;0.047884032;7.690176
831;-0.5554548;0.35434186;8.571242
832;1.532289;0.10534488;9.998186
833;-0.4309563;0.1436521;9.672575
834;0.38307226;0.047884032;9.816227
835;2.0973208;0.641646;8.169016
836;-1.292869;0.5363012;7.776367
837;1.6950948;0.5650316;9.356541
838;2.681506;0.641646;9.940725
839;0.49799395;0.8714894;9.299079
840;-1.0342951;-0.20111294;10.141838
841;0.019153614;-0.095768064;10.151415
842;0.30645782;1.1109096;7.0006456
843;-0.6895301;0.6703765;8.0445175
844;0.19153613;0.45010993;11.233594
845;1.9536686;0.842759;10.984597
846;0.2873042;1.1779473;8.073248
847;-2.1260512;0.8619126;7.029376
848;3.4380736;0.095768064;10.927136
849;2.2026656;0.10534488;11.511322
850;-1.7238252;-0.5363012;11.262324
851;-2.681506;0.82360536;9.701305
852;2.384625;-0.2681506;7.5944076
853;-0.94810385;1.1587936;10.984597
854;0.9576807;-0.4213795;11.81778
855;0.51714754;0.4309563;10.649409
856;-1.1875241;0.11492168;8.063671
857;2.8060043;0.48841715;10.055647
858;1.5131354;0.11492168;12.583924
859;0.12449849;-0.20111294;12.162544
860;1.8962077;-0.076614454;11.262324
861;-1.7621324;-0.33518824;10.745177
862;-2.0398598;-0.41180268;9.892841
863;3.4763808;0.08619126;9.059659
864;-0.29688102;0.7182605;10.352529
865;-1.484405;0.0;10.237606
866;2.135628;0.49799395;8.686164
867;0.4213795;0.92895025;6.38773
868;-0.6895301;0.38307226;8.101978
869;1.8674773;-0.60333884;10.649409
870;0.7374141;-0.60333884;11.348516
871;-1.043872;0.095768064;9.356541
872;0.842759;0.25857377;7.192182
873;0.24899697;1.0630256;8.580819
874;2.777274;0.1340753;10.362105
875;0.31603462;-0.02873042;11.549629
876;-2.1164744;-0.60333884;10.1226845
877;0.60333884;-0.45010993;8.178593
878;-1.7142484;0.46926352;7.8529816
879;1.5035586;-0.29688102;9.222465
880;0.30645782;-0.40222588;12.995727
881;-0.34476504;-0.94810385;11.789049
882;0.21068975;-0.076614454;7.7667904
883;0.10534488;-0.21068975;9.461885
884;0.9864111;-0.37349546;11.195287
885;3.620033;-0.79487497;11.712435
886;-0.8523358;0.0;11.33894
887;-0.90979666;-0.48841715;10.649409
888;-0.22984336;0.545878;8.408437
889;1.3311762;0.019153614;7.603985
890;-0.30645782;0.25857377;11.769896
891;0.80445176;-1.13964;12.459426
892;-3.371036;0.1340753;7.335834
893;-0.4213795;0.4309563;6.1387334
894;2.4995465;-0.31603462;11.463438
895;-0.06703765;0.047884032;11.760319
896;3.7253778;-0.23942018;8.714894
897;0.02873042;0.49799395;7.690176
898;-2.5953147;-0.047884032;10.007763
899;1.532289;0.12449849;8.676587
900;0.48841715;0.11492168;7.8625584
901;-0.61291564;-0.62249243;11.587936
902;-0.23942018;-0.82360536;10.496181
903;-0.34476504;-0.34476504;8.341399
904;1.9632454;0.19153613;9.548077
905;0.9672575;0.06703765;11.300632
906;1.8195933;0.23942018;9.222465
907;-0.6607997;1.3982137;9.375694
908;-1.5227122;-0.20111294;9.050082
909;-0.5363012;0.38307226;9.299079
910;1.9153614;0.4213795;10.151415
911;2.1930888;-0.37349546;11.262324
912;-2.2888567;1.1971009;10.093954
913;-1.1683705;0.40222588;6.7133417
914;0.92895025;0.4405331;11.377247
915;1.7812861;0.1340753;13.88637
916;0.9768343;0.1436521;11.492168
917;-2.231396;0.25857377;5.5162406
918;0.37349546;0.23942018;9.011775
919;0.0;0.009576807;12.334928
920;2.0111294;0.06703765;11.300632
921;2.4995465;0.7182605;10.860099
922;-1.2066777;1.292869;10.323798
923;0.4309563;1.0342951;9.3661175
924;-0.37349546;0.7757214;8.599973
925;0.30645782;0.60333884;10.390836
926;0.92895025;1.541866;12.277467
927;0.45968673;2.2026656;8.0924015
928;-0.7278373;3.083732;4.9224787
929;1.1109096;2.633622;4.654328
930;1.532289;0.9864111;10.409989
931;0.63206923;0.6895301;13.464991
932;0.5554548;1.5705963;10.620679
933;0.49799395;1.3215994;6.4164605
934;-1.1300632;2.327164;8.6095495
935;-0.6799533;1.9153614;8.504205
936;3.064578;0.4405331;12.545617
937;0.38307226;1.043872;15.303738
938;-1.1587936;0.4213795;8.801085
939;3.7924154;0.9768343;6.5984197
940;1.292869;2.6240451;12.919112
941;0.22984336;1.283292;12.899959
942;3.083732;0.9864111;11.779472
943;-2.3175871;1.7908629;11.33894
944;-2.6144683;0.40222588;9.500193
945;0.63206923;2.1260512;8.66701
946;-2.480393;2.719813;6.8569937
947;-0.37349546;0.92895025;10.448297
948;1.484405;1.3024458;12.555194
949;-0.21068975;1.0151415;8.743625
950;-0.9576807;1.6759412;8.24563
951;1.0630256;2.3942018;8.159439
952;1.7717092;2.2026656;10.0748005
953;-0.19153613;1.1779473;9.873688
954;-0.5267244;1.5514427;10.381259
955;0.7661445;0.15322891;7.824251
956;-0.5746084;1.436521;9.615114
957;-1.934515;2.2409728;7.920019
958;2.5378537;0.46926352;7.9104424
959;2.7102363;0.91937345;12.689269
960;0.93852705;0.22984336;13.254301
961;0.48841715;1.3024458;9.32781
962;1.388637;1.8483237;7.201759
963;1.733402;2.2122424;8.628703
964;1.5801731;1.283292;9.883265
965;1.3694834;0.12449849;10.70687
966;-1.1683705;0.61291564;11.15698
967;-2.0398598;0.91937345;9.998186
968;1.3982137;1.934515;7.5465236
969;-0.8714894;2.0973208;9.356541
970;2.7485435;0.7757214;13.024457
971;2.231396;0.6703765;12.650962
972;-1.4556746;0.8810662;9.3661175
973;0.7757214;0.9672575;9.854534
974;1.091756;1.5035586;9.653421
975;-0.45010993;2.0015526;7.4986396
976;2.3942018;1.043872;10.716447
977;-0.8331822;1.2066777;13.330915
978;-2.681506;0.78529817;9.030929
979;-1.5227122;0.58418524;8.801085
980;-1.5705963;1.388637;10.563218
981;2.1930888;1.2449849;10.141838
982;2.231396;1.2449849;11.559206
983;-0.33518824;1.4939818;11.425131
984;2.0207062;0.9672575;8.992621
985;-0.047884032;1.5227122;9.375694
986;1.8387469;0.9672575;11.36767
987;0.80445176;1.6759412;10.582372
988;-1.9728222;1.5993267;7.2783732
989;-1.1109096;1.6280571;8.207323
990;-0.4309563;0.94810385;9.088389
991;0.45010993;0.7182605;10.429143
992;0.34476504;0.19153613;10.141838
993;-0.21068975;1.0821792;9.385271
994;2.920926;1.484405;7.5465236
995;1.9632454;1.9919758;9.021352
996;-0.08619126;1.5993267;11.377247
997;0.047884032;0.7278373;8.829816
998;-2.4229321;1.2737153;9.490616
999;0.038307227;0.78529817;10.409989
1000;3.3806129;1.3790601;9.203311
1001;-0.25857377;1.2066777;8.322245
1002;-0.23942018;1.2641385;9.346964
1003;1.9919758;0.8810662;9.921572
1004;-1.4652514;0.22984336;11.808203
1005;-1.0247183;-0.10534488;13.426683
1006;0.35434186;1.0534488;10.0269165
1007;0.62249243;1.2545617;8.599973
1008;1.091756;2.078167;11.702858
1009;1.3599066;1.4556746;11.836933
1010;0.7278373;0.8523358;10.04607
1011;-3.083732;0.94810385;10.04607
1012;1.4939818;0.58418524;8.762778
1013;1.0055647;1.7238252;8.963891
1014;0.08619126;1.9536686;10.352529
1015;0.545878;1.7429788;9.605537
1016;-0.7086837;1.8387469;7.9008656
1017;0.019153614;0.90979666;10.496181
1018;0.16280572;0.4309563;11.597513
1019;-1.5610195;0.6703765;10.94629
1020;1.3215994;0.48841715;10.505757
1021;1.8100165;1.2066777;11.109096
1022;-1.2258313;2.4037786;8.781932
1023;4.548983;1.4939818;9.816227
1024;-1.7908629;2.384625;10.28549
1025;-1.7429788;1.388637;9.059659
1026;1.1779473;0.7182605;9.433155
1027;-2.5091233;1.3120226;9.892841
1028;3.2465374;1.1971009;8.379706
1029;0.6991069;2.3750482;8.90643
1030;-1.3120226;1.8483237;10.524911
1031;2.930503;1.4939818;10.132261
1032;-1.0342951;1.8483237;9.615114
1033;-0.81402856;1.3503298;9.959879
1034;1.1013328;0.50757074;10.7356
1035;-2.3080103;0.79487497;9.605537
1036;3.0071173;0.7757214;11.520899
1037;-0.1340753;1.6376339;11.693281
1038;-0.047884032;2.078167;8.743625
1039;1.9536686;2.3558946;7.929596
1040;-1.7621324;1.7812861;9.548077
1041;-1.1971009;1.3790601;9.375694
1042;1.6184803;0.9672575;9.682152
1043;-2.1643584;0.81402856;10.170568
1044;-0.05746084;1.8291701;8.264784
1045;3.7732618;2.4420857;8.456321
1046;-0.2681506;2.4612393;9.634268
1047;2.3463178;1.4652514;10.208876
1048;0.6703765;1.9536686;10.697293
1049;-1.2737153;0.79487497;8.858546
1050;-0.7278373;1.0055647;9.030929
1051;-1.0534488;0.33518824;8.37013
1052;-2.0590134;0.095768064;11.281479
1053;-0.33518824;-0.21068975;11.81778
1054;-0.1340753;0.7469909;10.553641
1055;1.6472107;1.1204864;10.5919485
1056;3.9360676;1.0342951;11.587936
1057;2.873042;1.3694834;11.262324
1058;0.2681506;2.4516625;10.151415
1059;0.6895301;1.043872;8.676587
1060;-3.3518825;0.91937345;9.931149
1061;-0.79487497;0.21068975;10.180145
1062;-2.1260512;0.94810385;8.781932
1063;-2.5570073;1.5131354;9.136273
1064;2.0398598;1.4939818;9.768343
1065;1.0630256;2.1260512;9.040505
1066;2.5091233;1.2641385;9.940725
1067;3.5242648;0.7374141;12.813767
1068;0.009576807;0.9768343;10.304645
1069;0.38307226;0.50757074;9.691729
1070;-0.7565677;0.29688102;9.548077
1071;-2.5474305;0.19153613;10.649409
1072;-1.541866;0.047884032;9.165004
1073;-1.091756;0.30645782;10.199299
1074;-1.7717092;0.8810662;10.802638
1075;2.5761611;0.46926352;10.28549
1076;0.095768064;1.733402;9.404425
1077;2.8443117;1.7046716;10.0269165
1078;2.3463178;1.2449849;10.534488
1079;-0.22026655;0.7182605;10.247183
1080;0.45968673;0.2681506;11.597513
1081;-1.2354081;0.5363012;10.457873
1082;-0.93852705;1.1587936;9.375694
1083;0.36391866;1.4077905;9.260772
1084;-0.62249243;1.4269443;9.940725
1085;-0.23942018;2.0685902;9.481039
1086;1.091756;1.9728222;9.212888
1087;-0.009576807;2.030283;8.954314
1088;1.7238252;2.087744;9.605537
1089;1.3503298;1.9249382;9.404425
1090;0.8714894;1.436521;9.586384
1091;1.0821792;0.81402856;10.505757
1092;1.0630256;0.21068975;11.262324
1093;-0.24899697;0.7661445;10.371682
1094;0.0;0.8714894;10.180145
1095;-0.7374141;1.340753;9.653421
1096;0.076614454;1.4173675;9.299079
1097;-0.61291564;1.6472107;10.113108
1098;0.48841715;1.8387469;9.797073
1099;0.90021986;2.566584;8.0924015
1100;1.2066777;2.4995465;7.9870567
1101;0.92895025;2.1643584;10.266336
1102;0.9768343;1.7621324;10.984597
1103;-0.22984336;1.4077905;10.342952
1104;-0.91937345;1.4173675;10.180145
1105;1.0534488;1.1587936;10.400413
1106;-0.7757214;1.5227122;10.505757
1107;0.50757074;1.3120226;10.984597
1108;0.45968673;1.8100165;11.769896
1109;0.4309563;1.9440918;10.409989
1110;0.7661445;2.528277;9.184157
1111;1.5993267;2.7389667;8.101978
1112;0.81402856;2.6431987;9.3182335
1113;0.29688102;2.4229321;9.279925
1114;-0.41180268;2.1547816;8.00621
1115;-0.58418524;1.5705963;8.274361
1116;-0.50757074;1.2162545;9.519346
1117;-0.02873042;1.1683705;9.873688
1118;0.19153613;0.90021986;10.342952
1119;0.5650316;0.6895301;10.91756
1120;1.3024458;0.31603462;11.118672
1121;0.842759;0.23942018;11.942278
1122;0.22026655;0.39264908;11.405977
1123;0.39264908;0.5363012;10.620679
1124;-0.29688102;0.7086837;10.630256
1125;-0.038307227;0.9576807;10.151415
1126;0.1436521;1.1971009;9.050082
1127;-0.23942018;1.2641385;9.11712
1128;0.9959879;1.091756;9.825804
1129;0.2681506;1.1875241;9.500193
1130;-0.02873042;1.292869;8.686164
1131;0.6799533;1.2066777;8.848969
1132;-0.89064306;1.0342951;8.628703
1133;0.4405331;0.6895301;9.11712
1134;0.08619126;0.46926352;9.940725
1135;-0.15322891;0.33518824;9.80665
1136;0.33518824;0.32561144;9.653421
1137;0.22984336;0.33518824;9.883265
1138;1.043872;0.02873042;11.022904
1139;0.6895301;-0.038307227;11.204864
1140;0.18195933;0.02873042;10.6877165
1141;0.06703765;-0.019153614;10.43872
1142;-0.60333884;0.19153613;10.304645
1143;0.20111294;0.2777274;10.141838
1144;0.019153614;0.4213795;10.314221
1145;0.2777274;0.7469909;10.180145
1146;1.388637;0.90021986;9.634268
1147;-0.2681506;1.283292;9.279925
1148;1.2737153;0.91937345;9.672575
1149;0.2777274;1.1587936;9.873688
1150;0.12449849;0.89064306;9.672575
1151;0.29688102;0.93852705;9.615114
1152;-0.16280572;0.90979666;9.32781
1153;0.29688102;0.9864111;9.80665
1154;0.02873042;0.7565677;10.218452
1155;0.08619126;0.81402856;10.132261
1156;0.38307226;1.1109096;10.515334
1157;0.17238252;1.13964;10.342952
1158;0.7374141;1.2737153;10.132261
1159;0.41180268;1.5131354;10.093954
1160;0.2873042;1.8004397;9.998186
1161;0.35434186;2.0494366;9.452309
1162;0.11492168;2.1930888;9.346964
1163;0.22026655;2.2218192;9.739613
1164;0.29688102;2.27928;9.452309
1165;0.2777274;2.3463178;9.643845
1166;0.33518824;2.327164;9.9790325
1167;0.2681506;2.4420857;9.500193
1168;0.6895301;2.336741;9.691729
1169;0.16280572;2.327164;10.524911
1170;0.46926352;2.3942018;9.758766
1171;0.9576807;2.3750482;9.653421
1172;-0.17238252;2.327164;10.716447
1173;0.5267244;2.327164;9.931149
1174;0.2777274;2.5091233;9.203311
1175;-0.038307227;2.2601264;10.658986
1176;0.2777274;2.2697031;9.892841
1177;0.25857377;2.432509;9.279925
1178;0.25857377;2.3654714;10.208876
1179;0.19153613;2.3080103;9.921572
1180;0.545878;2.327164;9.3661175
1181;0.22984336;2.3175871;9.940725
1182;0.095768064;2.2122424;9.835381
1183;0.45010993;2.2409728;9.481039
1184;0.24899697;2.3080103;9.739613
1185;0.18195933;2.135628;9.701305
1186;0.60333884;1.934515;9.595961
1187;0.08619126;2.0111294;10.04607
1188;0.047884032;1.7525556;9.911995
1189;0.4213795;1.7238252;9.720459
1190;-0.15322891;1.7525556;9.873688
1191;0.12449849;1.3215994;10.141838
1192;0.41180268;1.2545617;9.911995
1193;-0.24899697;1.2449849;9.825804
1194;0.6703765;0.9672575;9.921572
1195;0.40222588;0.5554548;9.959879
1196;-0.61291564;1.13964;9.816227
1197;0.59376204;0.7278373;9.80665
1198;0.24899697;0.6991069;10.247183
1199;0.019153614;0.641646;10.065224
1200;0.24899697;0.59376204;9.950302
1201;0.32561144;0.6895301;10.01734
1202;0.34476504;0.7086837;9.864111
1203;0.40222588;0.6799533;9.873688
1204;0.32561144;0.641646;9.988609
1205;0.37349546;0.59376204;9.921572
1206;0.38307226;0.6703765;9.816227
1207;0.41180268;0.47884035;9.921572
1208;0.33518824;0.45968673;10.0269165
1209;0.35434186;0.4405331;9.9790325
1210;0.33518824;0.36391866;9.892841
1211;0.33518824;0.37349546;9.998186
1212;0.34476504;0.37349546;9.892841
1213;0.30645782;0.34476504;9.902418
1214;0.2681506;0.33518824;9.825804
1215;0.2873042;0.2777274;9.835381
1216;0.2873042;0.2873042;9.921572
1217;0.22984336;0.2777274;9.883265
1218;0.2873042;0.25857377;9.854534
1219;0.25857377;0.2777274;9.911995
1220;0.25857377;0.2681506;9.835381
1221;0.2681506;0.23942018;9.873688
1222;0.24899697;0.30645782;9.902418
1223;0.2777274;0.2873042;9.864111
1224;0.24899697;0.31603462;9.864111
1225;0.2681506;0.24899697;9.80665
1226;0.24899697;0.2873042;9.911995
1227;0.25857377;0.33518824;9.854534
1228;0.29688102;0.29688102;9.873688
1229;0.23942018;0.2873042;9.883265
1230;0.2777274;0.2681506;9.873688
1231;0.31603462;0.33518824;9.825804
1232;0.24899697;0.2681506;9.864111
1233;0.25857377;0.33518824;9.883265
1234;0.2681506;0.25857377;9.873688
1235;0.23942018;0.32561144;9.873688
1236;0.2777274;0.32561144;9.940725
1237;0.24899697;0.32561144;9.864111
1238;0.2681506;0.31603462;9.864111
1239;0.2873042;0.30645782;9.80665
1240;0.24899697;0.37349546;9.931149
1241;0.25857377;0.2681506;9.892841
1242;0.2873042;0.30645782;9.892841
1243;0.2681506;0.2873042;9.835381
1244;0.24899697;0.2777274;9.816227
1245;0.2777274;0.24899697;9.77792
1246;0.2873042;0.2777274;9.911995
1247;0.22984336;0.25857377;9.80665
1248;0.32561144;0.2873042;9.892841
1249;0.22026655;0.24899697;9.911995
1250;0.2873042;0.2873042;9.873688
1251;0.2873042;0.33518824;9.921572
1252;0.24899697;0.25857377;9.825804
1253;0.2777274;0.35434186;9.892841
1254;0.2681506;0.2777274;9.921572
1255;0.2777274;0.29688102;9.854534
1256;0.25857377;0.25857377;9.80665
1257;0.25857377;0.2873042;9.892841
1258;0.25857377;0.2777274;9.873688
1259;0.30645782;0.2777274;9.825804
1260;0.22984336;0.2681506;9.864111
1261;0.24899697;0.25857377;9.854534
1262;0.2681506;0.29688102;9.844957
1263;0.25857377;0.32561144;9.816227
1264;0.23942018;0.29688102;9.854534
1265;0.25857377;0.30645782;9.902418
1266;0.2681506;0.2873042;9.911995
1267;0.23942018;0.30645782;9.864111
1268;0.2681506;0.21068975;9.844957
1269;0.24899697;0.2873042;9.835381
1270;0.2681506;0.2681506;9.883265
1271;0.2777274;0.25857377;9.892841
1272;0.2681506;0.2777274;9.758766
1273;0.2777274;0.2681506;9.797073
1274;0.22026655;0.2681506;9.873688
1275;0.29688102;0.24899697;9.797073
1276;0.25857377;0.34476504;9.825804
1277;0.24899697;0.2873042;9.883265
1278;0.2681506;0.2681506;9.873688
1279;0.29688102;0.32561144;9.902418
1280;0.24899697;0.23942018;9.902418
1281;0.25857377;0.25857377;9.9790325
1282;0.2873042;0.2681506;9.911995
1283;0.2681506;0.2681506;9.921572
1284;0.24899697;0.2777274;9.902418
1285;0.2681506;0.2873042;9.835381
1286;0.2681506;0.2873042;9.80665
1287;0.24899697;0.34476504;9.787497
1288;0.24899697;0.2777274;9.902418
1289;0.2681506;0.2681506;9.77792
1290;0.24899697;0.33518824;9.864111
1291;0.24899697;0.2873042;9.902418
1292;0.24899697;0.2873042;9.864111
1293;0.2681506;0.32561144;9.854534
1294;0.29688102;0.31603462;9.931149
1295;0.23942018;0.25857377;9.959879
1296;0.25857377;0.32561144;9.9790325
1297;0.35434186;0.30645782;9.931149
1298;0.24899697;0.22984336;9.931149
1299;0.29688102;0.29688102;9.864111
1300;0.35434186;0.24899697;9.77792
1301;0.21068975;0.2777274;9.80665
1302;0.22984336;0.24899697;9.768343
1303;0.34476504;0.2777274;9.691729
1304;0.36391866;0.34476504;9.605537
1305;0.1340753;0.32561144;9.873688
1306;0.2873042;0.30645782;9.969456
1307;0.30645782;0.2777274;9.825804
1308;0.24899697;0.23942018;9.873688
1309;0.2777274;0.2777274;9.921572
1310;0.23942018;0.25857377;9.883265
1311;0.2777274;0.22984336;9.950302
1312;0.22026655;0.24899697;9.864111
1313;0.23942018;0.24899697;9.883265
1314;0.25857377;0.29688102;9.959879
1315;0.23942018;0.23942018;9.873688
1316;0.24899697;0.22984336;9.902418
1317;0.25857377;0.2777274;9.873688
1318;0.23942018;0.23942018;9.797073
1319;0.2873042;0.29688102;10.007763
1320;0.2873042;0.29688102;9.892841
1321;0.25857377;0.24899697;9.902418
1322;0.32561144;0.2777274;9.940725
1323;0.25857377;0.2681506;9.844957
1324;0.24899697;0.23942018;9.892841
1325;0.25857377;0.29688102;9.844957
1326;0.25857377;0.32561144;9.825804
1327;0.19153613;0.20111294;9.883265
1328;0.2777274;0.2681506;9.892841
1329;0.24899697;0.30645782;9.921572
1330;0.21068975;0.23942018;9.835381
1331;0.2681506;0.2777274;9.864111
1332;0.29688102;0.22026655;9.758766
1333;0.22026655;0.20111294;9.758766
1334;0.23942018;0.30645782;10.055647
1335;0.24899697;0.31603462;9.9790325
1336;0.23942018;0.24899697;9.787497
1337;0.2873042;0.2873042;9.892841
1338;0.22026655;0.31603462;9.883265
1339;0.31603462;0.2681506;9.844957
1340;0.24899697;0.31603462;9.902418
1341;0.30645782;0.2873042;9.854534
1342;0.25857377;0.30645782;9.825804
1343;0.30645782;0.29688102;9.883265
1344;0.24899697;0.24899697;9.902418
1345;0.25857377;0.25857377;9.825804
1346;0.24899697;0.31603462;9.873688
1347;0.24899697;0.2873042;9.873688
1348;0.2777274;0.25857377;9.835381
1349;0.24899697;0.2873042;9.835381
1350;0.31603462;0.2873042;9.825804
1351;0.2777274;0.29688102;9.854534
1352;0.2681506;0.2681506;9.825804
1353;0.2681506;0.2681506;9.931149
1354;0.25857377;0.30645782;9.902418
1355;0.2873042;0.23942018;9.864111
1356;0.25857377;0.22026655;9.835381
1357;0.25857377;0.2873042;9.816227
1358;0.2681506;0.29688102;9.911995
1359;0.24899697;0.30645782;9.864111
1360;0.2681506;0.29688102;9.940725
1361;0.2873042;0.2777274;9.835381
1362;0.2873042;0.33518824;9.835381
1363;0.24899697;0.25857377;9.873688
1364;0.2681506;0.23942018;9.883265
1365;0.23942018;0.22984336;9.911995
1366;0.2873042;0.2873042;9.883265
1367;0.29688102;0.2777274;9.816227
1368;0.24899697;0.20111294;9.864111
1369;0.25857377;0.2873042;9.902418
1370;0.25857377;0.2681506;9.816227
1371;0.2777274;0.25857377;9.911995
1372;0.25857377;0.25857377;9.864111
1373;0.31603462;0.23942018;9.854534
1374;0.24899697;0.29688102;9.873688
1375;0.2777274;0.24899697;9.864111
1376;0.2777274;0.2777274;9.969456
1377;0.22026655;0.22026655;9.816227
1378;0.2777274;0.24899697;9.825804
1379;0.25857377;0.29688102;9.921572
1380;0.25857377;0.30645782;9.816227
1381;0.2777274;0.30645782;9.825804
1382;0.2777274;0.2873042;9.883265
1383;0.24899697;0.33518824;9.902418
1384;0.25857377;0.36391866;9.892841
1385;0.24899697;0.29688102;9.883265
1386;0.2681506;0.25857377;9.921572
1387;0.25857377;0.29688102;9.854534
1388;0.25857377;0.31603462;9.844957
1389;0.2681506;0.2681506;9.873688
1390;0.25857377;0.25857377;9.892841
1391;0.25857377;0.25857377;9.825804
1392;0.23942018;0.2873042;9.873688
1393;0.2777274;0.21068975;9.864111
1394;0.2681506;0.30645782;9.911995
1395;0.25857377;0.25857377;9.825804
1396;0.24899697;0.30645782;9.931149
1397;0.22984336;0.2777274;9.835381
1398;0.2777274;0.2777274;9.864111
1399;0.23942018;0.2681506;9.873688
1400;0.24899697;0.2681506;9.80665
1401;0.24899697;0.2873042;9.844957
1402;0.2777274;0.29688102;9.902418
1403;0.25857377;0.31603462;9.873688
1404;0.2873042;0.25857377;9.873688
1405;0.24899697;0.24899697;9.854534
1406;0.2873042;0.30645782;9.892841
1407;0.2777274;0.31603462;9.825804
1408;0.2777274;0.29688102;9.950302
1409;0.2777274;0.30645782;9.902418
1410;0.24899697;0.30645782;9.864111
1411;0.30645782;0.37349546;9.835381
1412;0.2681506;0.29688102;9.835381
1413;0.2681506;0.2777274;9.825804
1414;0.30645782;0.32561144;9.911995
1415;0.24899697;0.2681506;9.873688
1416;0.2777274;0.25857377;9.854534
1417;0.24899697;0.30645782;9.883265
1418;0.24899697;0.30645782;9.854534
1419;0.2681506;0.31603462;9.883265
1420;0.29688102;0.2873042;9.864111
1421;0.24899697;0.2873042;9.950302
1422;0.25857377;0.30645782;9.902418
1423;0.2777274;0.2873042;9.873688
1424;0.2777274;0.34476504;9.921572
1425;0.24899697;0.22984336;9.80665
1426;0.2681506;0.32561144;9.844957
1427;0.23942018;0.33518824;9.835381
1428;0.30645782;0.2681506;9.825804
1429;0.2681506;0.2873042;9.873688
1430;0.2777274;0.22026655;9.854534
1431;0.30645782;0.2777274;9.940725
1432;0.23942018;0.25857377;9.892841
1433;0.2681506;0.2777274;9.854534
1434;0.32561144;0.2873042;9.844957
1435;0.23942018;0.31603462;9.892841
1436;0.24899697;0.2777274;9.80665
1437;0.30645782;0.30645782;9.873688
1438;0.2681506;0.33518824;9.911995
1439;0.2777274;0.2777274;9.844957
1440;0.24899697;0.29688102;9.864111
1441;0.2777274;0.32561144;9.921572
1442;0.22984336;0.31603462;9.911995
1443;0.2681506;0.30645782;9.816227
1444;0.23942018;0.24899697;9.892841
1445;0.2681506;0.30645782;9.825804
1446;0.24899697;0.29688102;9.911995
1447;0.23942018;0.2777274;9.864111
1448;0.2681506;0.2873042;9.825804
1449;0.23942018;0.2681506;9.921572
1450;0.25857377;0.2681506;9.864111
1451;0.2873042;0.30645782;9.844957
1452;0.23942018;0.30645782;9.844957
1453;0.2873042;0.35434186;9.892841
1454;0.2777274;0.2873042;9.931149
1455;0.25857377;0.2873042;9.873688
1456;0.33518824;0.31603462;9.902418
1457;0.2681506;0.2873042;9.816227
1458;0.25857377;0.31603462;9.873688
1459;0.2777274;0.2681506;9.940725
1460;0.25857377;0.31603462;9.873688
1461;0.2873042;0.2873042;9.835381
1462;0.2681506;0.30645782;9.883265
1463;0.23942018;0.2681506;9.911995
1464;0.2777274;0.29688102;9.864111
1465;0.2681506;0.29688102;9.854534
1466;0.23942018;0.2777274;9.921572
1467;0.22984336;0.23942018;9.825804
1468;0.24899697;0.29688102;9.873688
1469;0.19153613;0.2777274;9.950302
1470;0.24899697;0.24899697;9.940725
1471;0.23942018;0.31603462;9.787497
1472;0.21068975;0.30645782;10.036493
1473;0.2873042;0.2681506;9.9790325
1474;0.22026655;0.2873042;9.854534
1475;0.2777274;0.20111294;9.768343
