;ay;ax;az
0;0.02873042;-0.1436521;10.0269165
1;0.076614454;-0.038307227;9.816227
2;0.076614454;-0.038307227;9.816227
3;0.047884032;-0.047884032;10.007763
4;-0.019153614;-0.047884032;10.0748005
5;0.12449849;-0.076614454;9.864111
6;0.019153614;-0.02873042;9.653421
7;-0.009576807;0.0;9.854534
8;0.047884032;-0.047884032;9.998186
9;-0.047884032;-0.047884032;9.988609
10;0.1340753;0.0;9.720459
11;0.06703765;-0.038307227;9.854534
12;-0.047884032;-0.047884032;10.036493
13;0.047884032;-0.095768064;9.988609
14;0.06703765;-0.05746084;9.844957
15;0.019153614;-0.076614454;9.998186
16;-0.02873042;-0.095768064;10.084377
17;0.08619126;-0.06703765;9.921572
18;-0.02873042;-0.12449849;9.864111
19;-0.02873042;-0.047884032;9.911995
20;0.095768064;-0.047884032;10.247183
21;-0.15322891;-0.076614454;10.314221
22;-0.08619126;-0.009576807;9.643845
23;0.32561144;0.05746084;9.500193
24;-0.2681506;-0.1436521;10.563218
25;-0.21068975;-0.038307227;10.611102
26;0.36391866;0.095768064;9.471462
27;-0.11492168;0.0;9.289502
28;0.038307227;-0.076614454;9.854534
29;-0.009576807;-0.1340753;9.892841
30;0.06703765;-0.019153614;9.883265
31;0.038307227;-0.11492168;9.940725
32;0.009576807;-0.047884032;9.873688
33;0.0;-0.05746084;9.9790325
34;0.038307227;0.009576807;9.892841
35;0.038307227;0.0;9.931149
36;0.047884032;-0.047884032;9.883265
37;0.02873042;-0.019153614;9.902418
38;0.047884032;-0.019153614;9.902418
39;0.076614454;0.0;9.892841
40;0.038307227;-0.08619126;9.921572
41;0.038307227;-0.05746084;9.883265
42;0.047884032;-0.02873042;9.959879
43;0.0;-0.047884032;9.873688
44;0.047884032;-0.02873042;9.854534
45;0.05746084;0.0;9.959879
46;-0.02873042;-0.009576807;9.825804
47;0.06703765;-0.047884032;9.892841
48;0.0;-0.076614454;10.007763
49;0.0;-0.038307227;9.911995
50;0.06703765;0.009576807;9.883265
51;-0.009576807;-0.076614454;9.854534
52;-0.009576807;-0.019153614;9.988609
53;0.047884032;-0.12449849;9.911995
54;0.019153614;0.019153614;9.911995
55;0.06703765;0.009576807;9.911995
56;0.05746084;-0.08619126;9.892841
57;0.009576807;-0.05746084;9.950302
58;0.019153614;-0.047884032;9.873688
59;0.06703765;-0.038307227;9.902418
60;-0.009576807;-0.08619126;9.969456
61;0.038307227;-0.076614454;9.911995
62;0.02873042;-0.095768064;9.969456
63;0.009576807;-0.009576807;9.883265
64;-0.019153614;-0.047884032;9.825804
65;-0.019153614;-0.076614454;9.998186
66;0.009576807;-0.05746084;9.950302
67;0.06703765;-0.08619126;9.883265
68;0.038307227;-0.06703765;9.911995
69;0.038307227;-0.076614454;9.950302
70;0.038307227;0.0;9.950302
71;0.019153614;-0.1340753;9.892841
72;0.05746084;-0.047884032;9.931149
73;0.038307227;-0.019153614;9.940725
74;0.02873042;-0.10534488;9.911995
75;0.0;0.0;9.864111
76;-0.009576807;-0.02873042;9.921572
77;0.05746084;-0.076614454;9.921572
78;0.06703765;-0.009576807;9.902418
79;0.047884032;-0.095768064;9.940725
80;0.038307227;-0.047884032;9.902418
81;0.05746084;-0.02873042;9.902418
82;0.019153614;-0.06703765;9.931149
83;0.038307227;-0.019153614;9.883265
84;0.02873042;-0.076614454;9.911995
85;0.06703765;-0.08619126;9.902418
86;0.06703765;-0.047884032;9.873688
87;0.047884032;-0.05746084;9.940725
88;-0.019153614;-0.047884032;9.902418
89;0.047884032;-0.05746084;9.864111
90;0.02873042;-0.009576807;9.931149
91;0.047884032;-0.076614454;9.902418
92;0.047884032;-0.02873042;9.854534
93;0.009576807;-0.009576807;9.959879
94;0.047884032;0.0;9.883265
95;0.047884032;0.0;9.921572
96;0.02873042;-0.047884032;9.835381
97;0.019153614;-0.038307227;9.950302
98;0.009576807;-0.019153614;9.892841
99;0.019153614;-0.02873042;9.921572
100;0.038307227;-0.009576807;9.902418
101;0.009576807;-0.095768064;9.854534
102;0.047884032;-0.047884032;9.969456
103;0.0;-0.02873042;9.998186
104;-0.02873042;-0.009576807;9.911995
105;0.047884032;-0.08619126;9.931149
106;0.05746084;0.0;9.873688
107;-0.02873042;-0.05746084;9.940725
108;-0.009576807;-0.06703765;9.950302
109;0.05746084;-0.038307227;9.816227
110;0.05746084;-0.06703765;9.883265
111;0.02873042;-0.038307227;9.883265
112;0.019153614;-0.06703765;9.864111
113;0.0;0.0;9.902418
114;0.0;-0.047884032;9.883265
115;0.009576807;-0.019153614;9.9790325
116;0.019153614;-0.047884032;9.883265
117;0.076614454;-0.038307227;9.940725
118;0.0;-0.038307227;9.911995
119;0.038307227;-0.019153614;9.892841
120;0.08619126;-0.02873042;9.902418
121;-0.038307227;-0.11492168;9.931149
122;0.076614454;-0.02873042;9.873688
123;0.076614454;-0.047884032;9.892841
124;0.0;-0.05746084;9.921572
125;0.038307227;-0.12449849;9.921572
126;0.02873042;-0.038307227;9.911995
127;0.05746084;-0.1436521;9.873688
128;0.076614454;-0.02873042;9.883265
129;0.019153614;-0.009576807;9.883265
130;0.047884032;-0.076614454;9.902418
131;0.08619126;-0.11492168;9.911995
132;0.0;-0.076614454;9.969456
133;0.10534488;-0.02873042;9.892841
134;0.038307227;-0.076614454;9.873688
135;0.05746084;-0.08619126;9.950302
136;0.0;-0.06703765;9.921572
137;0.038307227;-0.038307227;9.883265
138;0.019153614;-0.038307227;9.902418
139;-0.019153614;-0.047884032;9.864111
140;0.047884032;-0.08619126;9.883265
141;-0.009576807;-0.05746084;9.864111
142;0.047884032;-0.095768064;9.931149
143;0.02873042;-0.038307227;9.931149
144;0.009576807;-0.047884032;9.883265
145;0.038307227;-0.047884032;9.940725
146;0.038307227;-0.038307227;9.9790325
147;0.009576807;-0.009576807;9.892841
148;0.02873042;-0.038307227;9.950302
149;-0.02873042;-0.08619126;9.931149
150;0.05746084;-0.08619126;9.902418
151;-0.009576807;-0.047884032;9.921572
152;0.047884032;-0.019153614;9.959879
153;0.05746084;-0.05746084;9.940725
154;0.0;0.009576807;9.931149
155;0.05746084;0.0;9.902418
156;0.019153614;-0.05746084;9.931149
157;0.019153614;-0.05746084;9.911995
158;0.047884032;-0.009576807;9.921572
159;0.0;-0.076614454;9.911995
160;0.05746084;-0.047884032;9.931149
161;0.06703765;-0.009576807;9.873688
162;0.047884032;-0.009576807;9.921572
163;0.038307227;-0.02873042;9.969456
164;0.0;-0.009576807;9.902418
165;0.038307227;-0.019153614;9.940725
166;0.02873042;-0.047884032;9.902418
167;0.047884032;-0.009576807;9.921572
168;0.02873042;-0.047884032;9.911995
169;0.047884032;0.009576807;9.873688
170;0.047884032;-0.009576807;9.873688
171;-0.009576807;0.02873042;9.902418
172;0.05746084;0.0;9.902418
173;0.02873042;0.009576807;9.902418
174;-0.009576807;-0.038307227;9.902418
175;0.11492168;-0.019153614;9.864111
176;0.038307227;0.009576807;9.931149
177;0.047884032;-0.02873042;9.864111
178;0.02873042;-0.076614454;9.902418
179;0.038307227;-0.038307227;9.873688
180;-0.009576807;-0.019153614;9.892841
181;0.047884032;0.019153614;9.931149
182;0.009576807;-0.019153614;9.883265
183;0.076614454;0.0;9.902418
184;0.02873042;-0.02873042;9.931149
185;0.019153614;0.0;9.931149
186;0.009576807;-0.076614454;9.854534
187;0.02873042;-0.02873042;9.864111
188;0.038307227;-0.038307227;9.921572
189;0.009576807;-0.05746084;9.864111
190;0.05746084;-0.047884032;9.902418
191;0.019153614;-0.12449849;9.940725
192;0.06703765;-0.038307227;9.921572
193;0.06703765;-0.009576807;9.931149
194;0.05746084;-0.08619126;9.892841
195;0.05746084;-0.095768064;9.911995
196;0.019153614;-0.05746084;9.883265
197;0.047884032;-0.038307227;9.902418
198;0.047884032;-0.095768064;9.950302
199;0.047884032;-0.1340753;9.911995
200;0.076614454;-0.038307227;9.892841
201;0.038307227;-0.15322891;10.007763
202;0.047884032;-0.11492168;9.902418
203;0.08619126;-0.10534488;9.902418
204;-0.009576807;-0.095768064;9.931149
205;0.047884032;-0.12449849;9.931149
206;0.08619126;-0.12449849;9.873688
207;0.009576807;-0.12449849;9.892841
208;0.05746084;-0.095768064;9.864111
209;0.047884032;-0.1436521;9.940725
210;0.02873042;-0.11492168;9.902418
211;0.095768064;-0.11492168;9.921572
212;-0.009576807;-0.11492168;9.931149
213;-0.019153614;-0.047884032;9.902418
214;0.05746084;-0.15322891;9.864111
215;-0.02873042;-0.076614454;9.931149
216;0.076614454;-0.06703765;9.969456
217;0.047884032;-0.076614454;9.921572
218;0.05746084;-0.1340753;9.883265
219;0.019153614;-0.02873042;9.902418
220;0.05746084;-0.12449849;9.931149
221;0.038307227;-0.095768064;9.892841
222;0.06703765;-0.06703765;9.883265
223;0.10534488;-0.076614454;9.902418
224;0.02873042;-0.047884032;9.854534
225;0.076614454;0.0;9.864111
226;0.009576807;-0.047884032;10.036493
227;0.047884032;-0.06703765;9.835381
228;0.08619126;-0.038307227;9.883265
229;0.0;-0.05746084;9.988609
230;0.02873042;-0.019153614;9.873688
231;-0.009576807;0.0;9.854534
232;0.06703765;-0.047884032;9.854534
233;0.0;-0.05746084;9.950302
234;0.02873042;-0.009576807;9.921572
235;0.047884032;-0.019153614;9.892841
236;0.08619126;0.0;9.902418
237;-0.009576807;0.02873042;9.931149
238;0.009576807;-0.019153614;9.902418
239;0.047884032;0.0;9.854534
240;0.038307227;0.0;9.873688
241;0.009576807;0.08619126;9.959879
242;0.047884032;0.009576807;9.854534
243;0.06703765;0.06703765;9.854534
244;0.038307227;0.076614454;9.835381
245;0.0;0.0;9.902418
246;0.047884032;0.019153614;9.911995
247;0.047884032;0.0;9.873688
248;0.076614454;0.038307227;9.940725
249;0.047884032;0.019153614;9.911995
250;0.06703765;0.009576807;9.969456
251;0.05746084;0.095768064;9.921572
252;0.05746084;0.06703765;9.873688
253;0.06703765;0.05746084;9.892841
254;0.009576807;0.06703765;9.844957
255;0.019153614;-0.009576807;9.902418
256;0.05746084;0.05746084;9.825804
257;0.0;0.06703765;9.854534
258;0.06703765;0.06703765;9.892841
259;0.06703765;0.0;9.892841
260;0.019153614;-0.009576807;9.844957
261;0.047884032;-0.038307227;9.950302
262;-0.02873042;0.0;9.959879
263;0.0;-0.019153614;9.816227
264;0.0;-0.047884032;9.873688
265;0.0;-0.009576807;9.931149
266;0.05746084;0.0;9.892841
267;0.0;-0.038307227;9.873688
268;0.038307227;-0.076614454;9.921572
269;0.038307227;-0.05746084;9.835381
270;0.047884032;-0.08619126;9.931149
271;0.05746084;-0.047884032;9.931149
272;0.06703765;-0.11492168;9.873688
273;0.05746084;-0.12449849;9.902418
274;0.02873042;-0.11492168;9.883265
275;0.11492168;-0.19153613;9.911995
276;0.02873042;-0.10534488;9.911995
277;0.009576807;-0.20111294;9.892841
278;0.038307227;-0.16280572;9.959879
279;0.019153614;-0.24899697;9.931149
280;0.047884032;-0.25857377;9.902418
281;0.009576807;-0.22026655;9.921572
282;0.0;-0.21068975;9.959879
283;0.047884032;-0.23942018;9.940725
284;-0.019153614;-0.2777274;9.892841
285;0.047884032;-0.23942018;9.911995
286;0.047884032;-0.24899697;9.969456
287;-0.05746084;-0.18195933;9.911995
288;0.02873042;-0.2873042;9.844957
289;0.0;-0.24899697;9.902418
290;0.02873042;-0.22984336;9.931149
291;0.076614454;-0.18195933;9.940725
292;0.009576807;-0.22984336;9.931149
293;0.095768064;-0.1436521;9.864111
294;0.038307227;-0.18195933;9.931149
295;0.047884032;-0.22984336;9.902418
296;0.038307227;-0.10534488;9.950302
297;0.038307227;-0.1340753;9.883265
298;0.076614454;-0.12449849;9.969456
299;0.02873042;-0.20111294;9.969456
300;0.08619126;-0.20111294;9.902418
301;0.05746084;-0.08619126;9.931149
302;0.009576807;-0.17238252;9.902418
303;0.0;-0.15322891;9.950302
304;0.0;-0.10534488;9.864111
305;0.047884032;-0.038307227;9.883265
306;0.05746084;-0.10534488;9.931149
307;-0.02873042;-0.02873042;10.007763
308;0.038307227;-0.06703765;9.883265
309;0.019153614;-0.047884032;9.9790325
310;-0.019153614;-0.047884032;9.921572
311;0.05746084;0.038307227;9.864111
312;0.047884032;0.0;9.940725
313;0.08619126;-0.009576807;9.902418
314;0.019153614;-0.009576807;9.959879
315;0.06703765;-0.009576807;9.892841
316;0.076614454;0.047884032;9.825804
317;0.038307227;0.019153614;9.873688
318;0.08619126;-0.02873042;9.883265
319;0.05746084;0.06703765;9.883265
320;-0.038307227;-0.009576807;9.911995
321;0.02873042;-0.009576807;9.931149
322;0.06703765;0.02873042;9.825804
323;0.047884032;0.02873042;9.864111
324;0.009576807;0.009576807;9.902418
325;0.06703765;0.076614454;9.844957
326;0.076614454;0.06703765;9.902418
327;-0.009576807;0.038307227;9.9790325
328;0.06703765;0.047884032;9.883265
329;0.02873042;0.02873042;9.892841
330;0.019153614;0.10534488;9.911995
331;0.038307227;0.02873042;9.940725
332;-0.019153614;0.076614454;9.873688
333;0.02873042;0.009576807;9.892841
334;-0.02873042;0.019153614;9.883265
335;0.0;0.038307227;9.911995
336;0.076614454;0.076614454;9.950302
337;-0.038307227;0.11492168;9.825804
338;0.076614454;0.06703765;9.902418
339;0.02873042;0.076614454;9.959879
340;-0.02873042;0.10534488;9.902418
341;0.095768064;0.08619126;9.892841
342;0.02873042;0.08619126;9.844957
343;0.009576807;0.15322891;9.854534
344;0.047884032;0.076614454;9.911995
345;0.038307227;0.076614454;9.902418
346;0.08619126;0.08619126;9.873688
347;0.047884032;0.12449849;9.835381
348;0.009576807;0.02873042;9.911995
349;0.047884032;0.05746084;9.911995
350;0.009576807;0.05746084;9.816227
351;0.06703765;0.047884032;9.931149
352;-0.02873042;0.009576807;9.931149
353;0.038307227;0.08619126;9.959879
354;0.009576807;0.02873042;9.892841
355;-0.009576807;0.038307227;9.883265
356;0.02873042;0.06703765;9.931149
357;0.0;0.0;9.873688
358;0.019153614;0.05746084;9.825804
359;0.047884032;0.019153614;9.969456
360;0.0;0.06703765;9.787497
361;0.06703765;0.05746084;9.844957
362;-0.009576807;0.019153614;9.883265
363;0.009576807;-0.009576807;9.864111
364;0.009576807;0.019153614;9.950302
365;0.0;-0.047884032;10.007763
366;0.047884032;-0.06703765;9.902418
367;-0.019153614;-0.10534488;9.921572
368;0.02873042;-0.1436521;9.940725
369;0.047884032;-0.12449849;9.969456
370;-0.05746084;-0.15322891;9.959879
371;0.009576807;-0.16280572;9.864111
372;0.0;-0.25857377;9.873688
373;-0.009576807;-0.2777274;9.959879
374;0.06703765;-0.2681506;9.921572
375;0.038307227;-0.25857377;9.921572
376;-0.019153614;-0.4309563;9.959879
377;0.019153614;-0.40222588;9.931149
378;0.06703765;-0.41180268;9.950302
379;0.06703765;-0.49799395;9.998186
380;0.095768064;-0.4309563;9.988609
381;0.06703765;-0.50757074;9.950302
382;0.0;-0.5267244;9.902418
383;0.10534488;-0.48841715;9.940725
384;0.076614454;-0.4405331;9.988609
385;0.047884032;-0.545878;9.959879
386;0.076614454;-0.5650316;9.969456
387;0.009576807;-0.545878;9.940725
388;0.047884032;-0.5267244;9.988609
389;0.095768064;-0.5267244;9.959879
390;0.05746084;-0.48841715;9.921572
391;0.038307227;-0.45010993;9.892841
392;0.0;-0.4405331;9.940725
393;0.047884032;-0.39264908;9.883265
394;-0.019153614;-0.33518824;9.883265
395;-0.009576807;-0.2777274;9.883265
396;0.019153614;-0.2873042;9.787497
397;-0.038307227;-0.15322891;9.911995
398;0.0;-0.22984336;9.940725
399;0.038307227;-0.12449849;9.883265
400;-0.02873042;-0.12449849;9.864111
401;-0.038307227;-0.095768064;9.883265
402;-0.06703765;-0.11492168;9.854534
403;-0.10534488;-0.076614454;9.950302
404;-0.047884032;-0.12449849;9.969456
405;-0.038307227;-0.076614454;9.825804
406;-0.019153614;-0.10534488;9.883265
407;-0.08619126;-0.02873042;9.854534
408;0.06703765;-0.047884032;9.921572
409;0.0;0.038307227;9.854534
410;0.009576807;-0.047884032;9.864111
411;0.095768064;-0.009576807;9.883265
412;0.047884032;-0.009576807;9.892841
413;0.10534488;0.0;9.969456
414;0.11492168;-0.019153614;9.959879
415;0.095768064;0.038307227;9.873688
416;0.15322891;0.009576807;9.902418
417;0.076614454;-0.02873042;9.940725
418;0.095768064;0.019153614;9.892841
419;0.12449849;-0.019153614;9.921572
420;0.047884032;0.038307227;9.931149
421;0.047884032;-0.019153614;9.969456
422;0.009576807;0.047884032;9.959879
423;0.02873042;0.06703765;9.864111
424;-0.038307227;0.06703765;9.873688
425;-0.05746084;0.038307227;9.883265
426;-0.009576807;0.0;9.873688
427;-0.047884032;0.038307227;9.969456
428;-0.08619126;0.019153614;9.873688
429;-0.06703765;0.019153614;9.883265
430;-0.1340753;0.019153614;9.902418
431;-0.019153614;0.0;9.864111
432;-0.095768064;0.038307227;9.931149
433;0.0;0.019153614;9.9790325
434;0.009576807;0.06703765;9.911995
435;0.0;0.05746084;9.921572
436;0.05746084;0.047884032;9.931149
437;0.047884032;0.08619126;9.892841
438;0.076614454;0.11492168;9.892841
439;0.17238252;0.11492168;9.931149
440;0.12449849;0.1340753;9.758766
441;0.22026655;0.19153613;9.902418
442;0.16280572;0.12449849;9.883265
443;0.16280572;0.16280572;9.873688
444;0.15322891;0.08619126;9.921572
445;0.05746084;0.1436521;9.959879
446;0.08619126;0.095768064;9.921572
447;0.095768064;0.1340753;9.854534
448;0.009576807;0.1436521;9.844957
449;0.038307227;0.19153613;9.892841
450;-0.06703765;0.18195933;9.883265
451;-0.047884032;0.17238252;9.844957
452;-0.05746084;0.21068975;9.797073
453;-0.038307227;0.18195933;9.873688
454;-0.019153614;0.21068975;9.864111
455;-0.047884032;0.21068975;9.77792
456;-0.06703765;0.22984336;9.873688
457;-0.05746084;0.2777274;9.730036
458;-0.1340753;0.29688102;9.768343
459;-0.038307227;0.31603462;9.835381
460;-0.047884032;0.29688102;9.816227
461;0.009576807;0.31603462;9.80665
462;0.095768064;0.2681506;9.844957
463;0.038307227;0.32561144;9.902418
464;0.1436521;0.29688102;9.911995
465;0.05746084;0.25857377;9.892841
466;0.12449849;0.19153613;9.9790325
467;0.22026655;0.23942018;10.0269165
468;0.095768064;0.17238252;9.959879
469;0.22026655;0.18195933;10.0269165
470;0.18195933;0.18195933;9.940725
471;0.17238252;0.12449849;9.921572
472;0.1436521;0.1340753;9.873688
473;0.11492168;0.22984336;9.720459
474;0.11492168;0.21068975;9.787497
475;-0.038307227;0.20111294;9.739613
476;0.009576807;0.30645782;9.653421
477;0.009576807;0.29688102;9.797073
478;-0.20111294;0.24899697;9.749189
479;0.10534488;0.22984336;9.854534
480;-0.12449849;0.12449849;10.0269165
481;-0.23942018;0.15322891;9.892841
482;-0.038307227;0.038307227;10.170568
483;-0.2873042;0.019153614;10.419566
484;-0.24899697;0.0;10.208876
485;0.076614454;-0.02873042;10.0748005
486;-0.16280572;-0.02873042;10.477027
487;-0.02873042;-0.009576807;9.988609
488;0.019153614;0.12449849;9.720459
489;-0.12449849;0.22026655;9.787497
490;0.1340753;0.33518824;9.557653
491;-0.1436521;0.62249243;9.193734
492;0.11492168;0.49799395;9.289502
493;-0.019153614;0.49799395;9.165004
494;0.2873042;0.5746084;8.954314
495;0.2873042;0.60333884;9.385271
496;0.20111294;0.48841715;9.557653
497;0.40222588;0.4309563;9.490616
498;0.23942018;0.25857377;9.758766
499;0.06703765;0.06703765;10.007763
500;0.2777274;-0.05746084;9.835381
501;-0.076614454;-0.02873042;10.218452
502;0.047884032;-0.21068975;10.237606
503;0.21068975;-0.38307226;10.0748005
504;0.22026655;-0.39264908;10.381259
505;0.18195933;-0.62249243;10.486604
506;-0.02873042;-0.78529817;10.113108
507;0.0;-0.7661445;10.007763
508;0.19153613;-0.81402856;10.103531
509;-0.08619126;-0.93852705;10.323798
510;-0.02873042;-1.0726024;10.237606
511;-0.17238252;-1.1204864;10.170568
512;-0.21068975;-1.2162545;10.160992
513;-0.24899697;-1.2258313;10.01734
514;-0.21068975;-1.283292;9.959879
515;-0.35434186;-1.3120226;9.988609
516;-0.2681506;-1.3790601;9.969456
517;-0.30645782;-1.3790601;9.921572
518;-0.24899697;-1.3120226;9.816227
519;-0.21068975;-1.388637;9.80665
520;-0.15322891;-1.4269443;9.883265
521;-0.16280572;-1.532289;10.007763
522;-0.1340753;-1.4269443;9.9790325
523;-0.06703765;-1.4939818;9.80665
524;0.038307227;-1.4748282;10.0269165
525;0.1340753;-1.5514427;10.1226845
526;0.22984336;-1.5035586;10.199299
527;0.2681506;-1.5514427;10.314221
528;0.24899697;-1.532289;10.007763
529;0.31603462;-1.5035586;9.988609
530;0.12449849;-1.5610195;10.1226845
531;0.24899697;-1.5993267;9.825804
532;0.22026655;-1.6376339;9.864111
533;0.076614454;-1.6376339;9.864111
534;0.24899697;-1.6280571;9.56723
535;0.11492168;-1.7429788;9.519346
536;0.18195933;-1.7429788;9.931149
537;0.038307227;-1.8962077;9.911995
538;0.047884032;-1.9536686;9.787497
539;-0.32561144;-1.8483237;9.835381
540;-0.17238252;-1.8674773;9.787497
541;-0.33518824;-1.8866309;9.931149
542;-0.61291564;-1.9536686;10.381259
543;-0.16280572;-1.7142484;10.25676
544;-0.22984336;-1.484405;9.854534
545;-0.24899697;-1.3790601;9.931149
546;-0.17238252;-1.3120226;9.998186
547;-0.45010993;-1.3215994;10.0748005
548;-0.46926352;-1.3599066;10.28549
549;-0.25857377;-1.2449849;9.9790325
550;-0.05746084;-1.2066777;9.749189
551;-0.17238252;-1.3215994;10.208876
552;0.095768064;-1.541866;10.371682
553;0.25857377;-1.5801731;10.352529
554;-0.047884032;-1.685518;10.658986
555;0.08619126;-1.7525556;10.448297
556;0.25857377;-1.5610195;9.998186
557;-0.05746084;-1.7525556;10.5440645
558;0.30645782;-1.7142484;10.7356
559;0.6703765;-1.4939818;9.80665
560;0.2777274;-1.2545617;9.471462
561;0.35434186;-1.0630256;9.011775
562;0.37349546;-0.90021986;8.676587
563;-0.22984336;-0.90021986;8.743625
564;-0.4405331;-0.9672575;8.963891
565;0.038307227;-0.6607997;8.628703
566;-0.22026655;-0.48841715;8.408437
567;0.038307227;-0.7469909;9.394848
568;0.31603462;-0.8714894;9.998186
569;0.25857377;-1.1492168;10.965444
570;-0.095768064;-1.388637;10.898406
571;0.25857377;-1.4077905;10.275913
572;0.5554548;-1.7046716;11.224017
573;-0.7757214;-1.7812861;11.999739
574;0.24899697;-1.9249382;11.089942
575;-0.23942018;-1.7429788;10.67814
576;-0.79487497;-1.5131354;10.67814
577;0.5746084;-1.3311762;9.557653
578;-0.59376204;-0.94810385;8.868123
579;0.5363012;-1.1013328;10.0269165
580;-0.39264908;-0.7374141;9.174581
581;-0.46926352;-0.37349546;7.642292
582;-0.1340753;-0.34476504;8.7532015
583;-0.45968673;-0.51714754;9.404425
584;0.24899697;-0.90021986;9.404425
585;-0.11492168;-1.4173675;9.844957
586;-0.6703765;-1.7812861;10.907983
587;0.38307226;-1.8483237;10.352529
588;-0.11492168;-2.1260512;10.457873
589;-0.22026655;-2.432509;11.329363
590;1.1492168;-2.6910827;10.879252
591;0.15322891;-2.231396;10.160992
592;-0.37349546;-1.8866309;9.32781
593;0.22984336;-1.6376339;8.561666
594;-0.20111294;-1.7429788;8.418014
595;-0.5650316;-1.8195933;9.701305
596;-0.095768064;-1.982399;9.921572
597;-0.25857377;-1.7429788;9.77792
598;0.641646;-2.0015526;9.911995
599;0.6703765;-2.2026656;11.348516
600;1.2066777;-2.566584;11.81778
601;0.8714894;-2.6048915;11.511322
602;-0.7374141;-2.5187001;10.477027
603;-0.18195933;-2.4899697;10.132261
604;-0.7661445;-2.0494366;9.452309
605;-1.3982137;-1.934515;8.695741
606;-1.2258313;-1.7621324;8.791509
607;-0.11492168;-1.5705963;8.743625
608;-0.25857377;-1.3599066;9.452309
609;1.2258313;-1.6184803;9.423578
610;0.38307226;-1.7717092;9.988609
611;1.532289;-2.5474305;12.29662
612;0.61291564;-2.767697;13.40753
613;-1.4939818;-2.336741;10.25676
614;0.58418524;-2.3558946;9.691729
615;-1.6950948;-2.327164;10.486604
616;-1.7717092;-2.1068976;9.710882
617;0.24899697;-1.4939818;8.925584
618;-1.0534488;-1.1683705;9.9790325
619;2.1930888;-1.3024458;9.816227
620;1.436521;-0.46926352;9.854534
621;0.45010993;-0.91937345;10.160992
622;0.79487497;-1.1204864;9.77792
623;-1.6376339;-0.9672575;9.730036
624;-2.0398598;-1.1779473;8.580819
625;-1.2354081;-1.13964;7.431602
626;-0.7565677;-0.6512229;8.159439
627;1.0534488;-1.1492168;10.505757
628;-0.62249243;-0.7565677;9.643845
629;3.2082303;-1.340753;9.998186
630;0.47884035;-0.45968673;11.568783
631;0.5650316;-1.043872;10.783484
632;2.2122424;-1.1683705;10.888829
633;-1.5993267;-1.7525556;12.449849
634;-1.2641385;-1.8100165;11.789049
635;-0.34476504;-0.45968673;7.4507556
636;0.36391866;-0.545878;8.66701
637;1.2449849;-0.5554548;12.555194
638;2.5953147;-0.92895025;10.764331
639;0.25857377;-0.2681506;9.289502
640;-0.8523358;-0.8714894;10.275913
641;-0.4405331;-0.6607997;9.14585
642;-1.5705963;-0.45010993;8.197746
643;-1.2641385;-1.0726024;9.251195
644;0.24899697;-1.1204864;10.28549
645;0.91937345;-0.82360536;8.561666
646;0.17238252;-0.24899697;8.465898
647;0.6799533;-1.3215994;10.266336
648;0.8619126;-1.2066777;12.143391
649;-1.7046716;-1.5514427;8.274361
650;-2.3942018;-1.6280571;7.9487495
651;-1.4077905;-1.1204864;8.456321
652;0.9959879;-1.2258313;8.494628
653;0.78529817;-1.0342951;9.921572
654;1.340753;-1.0151415;10.189722
655;2.7485435;-1.2162545;10.46745
656;1.1971009;-2.5187001;12.0093155
657;-1.4556746;-2.8921957;11.923124
658;-0.9864111;-2.336741;9.078813
659;-2.882619;-1.8579005;7.6710224
660;-0.31603462;-2.0685902;10.103531
661;0.038307227;-1.7525556;10.409989
662;-0.06703765;-2.3942018;9.988609
663;0.61291564;-2.528277;11.204864
664;1.2545617;-3.0071173;13.426683
665;0.46926352;-2.4899697;11.405977
666;0.6799533;-2.231396;10.151415
667;0.2873042;-1.9249382;9.787497
668;2.480393;-2.0590134;9.433155
669;-0.41180268;-1.982399;9.356541
670;-1.685518;-2.920926;8.303091
671;-2.6144683;-3.0550013;10.304645
672;-0.37349546;-3.821146;11.626244
673;1.1204864;-3.1316159;9.720459
674;-0.5267244;-1.685518;9.595961
675;4.003105;-3.016694;8.322245
676;-0.2777274;-3.1603463;11.377247
677;-1.9057846;-3.6487634;12.890382
678;0.61291564;-4.280833;12.124237
679;-3.3423057;-2.3654714;10.247183
680;1.7812861;-1.7717092;6.1387334
681;3.323152;-1.5035586;8.829816
682;-2.183512;-1.0247183;13.953407
683;1.4748282;-3.2273839;12.727576
684;0.29688102;-1.8195933;9.356541
685;-3.0454245;-0.8714894;8.283937
686;3.083732;-1.3599066;7.28795
687;1.6759412;-1.1492168;10.5440645
688;0.038307227;-2.5570073;12.660539
689;-2.6623523;-2.6431987;11.348516
690;-1.091756;-2.432509;9.3182335
691;1.1587936;-1.2162545;9.184157
692;0.8331822;-1.292869;9.078813
693;2.9592333;-1.8579005;10.773908
694;1.0247183;-1.8195933;15.131354
695;-2.4899697;-2.4516625;10.103531
696;0.9576807;-0.5363012;7.1155677
697;1.1875241;-1.0055647;8.274361
698;-1.6184803;-1.4652514;12.354081
699;0.20111294;-1.8291701;10.821792
700;-2.72939;-1.340753;8.283937
701;-0.7661445;-1.2449849;10.429143
702;0.17238252;-0.6991069;10.381259
703;0.4309563;-0.2873042;8.7053175
704;1.3215994;-0.45010993;8.647857
705;1.3024458;-0.7182605;12.449849
706;1.340753;-0.94810385;11.884817
707;-1.8387469;0.15322891;8.360553
708;-0.7086837;0.4405331;7.747637
709;1.3120226;-0.009576807;9.998186
710;-1.1875241;-1.1013328;11.042058
711;-2.9879637;0.095768064;11.36767
712;0.35434186;-0.48841715;8.954314
713;0.91937345;-0.019153614;9.040505
714;-1.6663644;0.5746084;7.881712
715;2.777274;0.11492168;9.56723
716;3.122039;0.5267244;11.511322
717;-2.5953147;0.50757074;11.559206
718;0.17238252;0.7757214;5.717354
719;-0.1436521;1.8195933;5.00867
720;-1.9728222;0.5746084;9.998186
721;0.6703765;-0.89064306;11.137826
722;-0.7374141;0.7469909;10.668563
723;-2.5570073;0.5650316;7.1251445
724;2.0207062;0.2681506;9.174581
725;2.0973208;0.15322891;10.793061
726;0.6799533;-0.41180268;12.650962
727;0.641646;-0.8619126;12.315774
728;-0.5363012;-0.31603462;10.5919485
729;-2.0494366;-0.10534488;9.404425
730;2.566584;-0.4213795;9.222465
731;1.340753;-0.8810662;10.726024
732;-1.6567876;-0.7757214;14.116213
733;1.1587936;-1.8100165;12.545617
734;-0.37349546;-0.18195933;10.6398325
735;0.5746084;-0.47884035;8.973468
736;1.7717092;0.009576807;10.323798
737;1.0247183;-0.19153613;11.128249
738;-0.47884035;0.16280572;10.534488
739;0.12449849;0.641646;7.517793
740;-1.7046716;1.0055647;6.157887
741;1.6184803;0.36391866;7.240066
742;2.6048915;-0.49799395;13.091495
743;-4.76925;0.8331822;9.308656
744;-2.1739352;0.59376204;5.90889
745;3.265691;0.49799395;7.5561004
746;-1.0342951;0.2681506;11.070788
747;1.9249382;-0.82360536;11.013328
748;1.2449849;0.076614454;9.653421
749;-3.1507695;0.25857377;7.642292
750;-0.45010993;-0.4309563;8.350976
751;0.47884035;-0.89064306;11.089942
752;-1.2449849;-1.9057846;10.840945
753;0.30645782;-1.4748282;12.6222315
754;-0.45010993;-0.9864111;12.880805
755;1.1779473;-0.6991069;10.515334
756;0.6512229;0.545878;8.628703
757;3.016694;-0.6991069;11.722012
758;-0.7278373;-1.1109096;14.748282
759;-2.920926;-0.35434186;8.207323
760;1.5897499;0.15322891;5.650316
761;-2.6527755;0.038307227;10.5919485
762;-0.6703765;-0.8810662;11.310209
763;2.6048915;-0.18195933;9.883265
764;-2.27928;0.545878;11.003751
765;0.24899697;-0.36391866;9.854534
766;3.0454245;-0.009576807;7.632715
767;-0.59376204;0.4309563;10.113108
768;1.4077905;-0.5746084;12.641385
769;-0.92895025;0.45968673;9.385271
770;-1.8387469;1.484405;5.085284
771;0.7086837;0.7182605;7.52737
772;-1.6663644;0.06703765;11.003751
773;-0.31603462;-0.6799533;10.94629
774;-0.7182605;0.047884032;8.944737
775;-1.9153614;-0.10534488;8.868123
776;2.5091233;-0.59376204;10.141838
777;2.231396;-0.5746084;11.147403
778;0.24899697;0.12449849;9.873688
779;1.5610195;-0.5363012;10.371682
780;-1.5035586;0.7757214;7.632715
781;1.0342951;-0.34476504;7.2113357
782;-1.1109096;-0.22026655;10.400413
783;-1.3120226;-1.2162545;10.984597
784;-1.292869;-0.48841715;9.5385
785;-1.0630256;-0.7661445;11.836933
786;2.9783869;-1.1875241;11.999739
787;0.6607997;0.047884032;9.260772
788;1.1875241;0.076614454;10.601525
789;3.514688;-0.5554548;14.135366
790;-1.733402;0.35434186;11.3964
791;-3.0358477;0.9864111;6.4164605
792;-0.12449849;0.82360536;6.1004257
793;1.091756;-0.6703765;12.08593
794;-0.9672575;-0.7374141;12.966996
795;0.41180268;-0.7565677;9.461885
796;0.6895301;0.842759;6.9144545
797;0.48841715;0.29688102;8.801085
798;0.91937345;-0.36391866;11.999739
799;0.5650316;-0.019153614;12.220005
800;-0.7661445;0.5554548;7.785944
801;-1.5705963;0.51714754;7.8625584
802;1.6376339;-0.5746084;10.065224
803;0.22026655;-0.08619126;12.354081
804;1.5897499;-0.90021986;11.587936
805;-3.074155;0.39264908;10.208876
806;0.2681506;-0.06703765;7.52737
807;1.6950948;0.4213795;8.686164
808;0.4405331;0.37349546;11.999739
809;1.3982137;0.40222588;12.124237
810;-1.0342951;1.4460979;6.4739213
811;-1.4269443;1.4173675;7.383718
812;1.1683705;-0.59376204;11.262324
813;-0.79487497;-0.61291564;12.220005
814;0.90021986;-0.89064306;9.835381
815;-2.078167;-0.19153613;11.080365
816;1.1204864;-0.2873042;9.394848
817;2.0494366;0.92895025;9.097966
818;-0.6703765;-0.18195933;9.528923
819;1.5801731;-0.7661445;12.354081
820;-0.047884032;0.41180268;10.783484
821;-0.32561144;1.1683705;8.0445175
822;0.59376204;1.4939818;7.0581064
823;-1.3790601;0.81402856;11.434708
824;1.388637;-0.5363012;11.568783
825;-1.436521;0.5267244;10.745177
826;-1.7717092;0.25857377;9.136273
827;0.2681506;1.541866;8.121132
828;0.02873042;1.3120226;8.504205
829;4.0318356;0.10534488;12.315774
830;-1.5227122;1.4652514;13.953407
831;-1.5610195;1.3503298;8.312668
832;1.3120226;2.0398598;6.0621185
833;-1.6089035;1.4556746;9.107543
834;1.388637;-0.61291564;12.679692
835;-0.49799395;0.51714754;11.63582
836;-2.3463178;0.24899697;8.781932
837;-0.21068975;0.009576807;8.868123
838;0.40222588;0.7278373;9.969456
839;1.7812861;-0.38307226;9.739613
840;0.6512229;-0.12449849;11.990162
841;2.1068976;0.038307227;13.110648
842;0.8331822;0.7374141;8.456321
843;-1.3120226;1.6950948;6.129156
844;1.934515;0.34476504;10.132261
845;-1.5035586;-0.05746084;12.77546
846;-1.0055647;-0.19153613;10.582372
847;-0.076614454;0.34476504;7.1347213
848;0.22984336;0.38307226;7.9966335
849;0.7086837;-0.019153614;8.207323
850;-0.047884032;0.46926352;10.821792
851;0.79487497;-0.009576807;12.334928
852;-0.7086837;0.24899697;11.243171
853;-1.6472107;0.9959879;6.2728086
854;2.0494366;0.6703765;7.029376
855;1.4556746;-0.50757074;13.120225
856;-2.2697031;-0.9959879;12.813767
857;-2.0111294;0.08619126;7.920019
858;0.545878;-0.2777274;8.542512
859;-0.8810662;0.047884032;10.103531
860;-0.05746084;-0.29688102;11.252748
861;2.432509;-0.60333884;10.352529
862;-0.46926352;0.15322891;12.823344
863;2.0398598;-0.5554548;9.998186
864;-0.7182605;1.091756;7.9008656
865;0.6991069;0.30645782;10.189722
866;1.7908629;-0.80445176;14.18325
867;-2.8538885;-0.34476504;10.323798
868;-2.231396;0.0;6.6367273
869;1.388637;0.019153614;8.590396
870;0.15322891;0.58418524;8.475474
871;-0.06703765;0.12449849;11.032481
872;2.6719291;-0.4309563;11.224017
873;0.8714894;-0.038307227;10.601525
874;0.33518824;-0.08619126;7.920019
875;0.019153614;-0.2681506;8.7053175
876;-0.05746084;-0.8523358;8.772355
877;-1.2449849;-1.7238252;11.128249
878;-1.6376339;-1.484405;12.765883
879;-2.5187001;-0.39264908;9.165004
880;3.6391866;-1.6184803;6.83784
881;1.1204864;-0.23942018;13.177686
882;1.1587936;-2.3654714;15.131354
883;1.5227122;-0.22026655;11.18571
884;-0.9576807;0.08619126;5.9759274
885;-1.9057846;0.12449849;9.452309
886;-0.6799533;0.06703765;8.983045
887;-0.8810662;-0.37349546;9.844957
888;-1.685518;-1.4269443;10.036493
889;-0.842759;-0.5746084;11.33894
890;0.94810385;-0.47884035;8.255207
891;0.9672575;0.1340753;7.0485296
892;0.8331822;-0.8714894;11.760319
893;-0.11492168;-0.9576807;10.275913
894;0.24899697;-0.5650316;6.445191
895;-0.8331822;-0.8619126;9.835381
896;-1.3790601;-1.6376339;10.802638
897;-1.0342951;-1.1779473;9.14585
898;1.7812861;-2.1164744;10.0269165
899;-0.81402856;-2.3175871;12.957419
900;-0.31603462;-1.388637;11.070788
901;4.223372;-1.340753;8.599973
902;-1.3694834;-0.47884035;10.697293
903;0.33518824;-2.087744;12.325351
904;1.3024458;-0.9959879;9.797073
905;-1.7238252;-0.16280572;8.293514
906;-1.0342951;-0.009576807;8.379706
907;1.7046716;-0.47884035;10.055647
908;0.6799533;-0.7565677;11.923124
909;-2.2122424;0.24899697;9.931149
910;1.5610195;0.0;8.389283
911;0.06703765;0.61291564;9.758766
912;2.183512;0.19153613;11.856087
913;0.9768343;0.7757214;9.959879
914;-1.8962077;0.21068975;8.465898
915;-3.7541082;0.7182605;9.059659
916;1.8387469;-0.7469909;9.998186
917;-0.1436521;0.10534488;12.191275
918;-2.7868507;-0.34476504;9.864111
919;-0.009576807;0.047884032;9.069236
920;2.2601264;-0.6703765;11.971008
921;0.78529817;-1.1492168;13.713987
922;0.02873042;-0.41180268;10.697293
923;1.2258313;-0.29688102;8.034941
924;-1.541866;0.02873042;11.176133
925;-0.59376204;-0.4405331;9.021352
926;0.35434186;-0.9864111;8.207323
927;-1.4652514;-0.4213795;9.911995
928;-0.7086837;-0.9672575;9.232041
929;-0.82360536;-0.41180268;8.0445175
930;-0.33518824;0.6991069;11.21444
931;3.3518825;-0.6991069;9.040505
932;0.5267244;0.36391866;9.078813
933;0.842759;0.19153613;12.53604
934;3.3806129;0.37349546;8.954314
935;-0.21068975;1.0821792;5.2959743
936;-0.58418524;0.6512229;9.672575
937;1.5897499;0.35434186;10.275913
938;-3.1411927;1.541866;8.159439
939;-1.7908629;0.29688102;9.873688
940;0.9576807;1.2162545;10.515334
941;0.38307226;1.7429788;8.6574335
942;2.6910827;-0.15322891;14.499286
943;0.47884035;0.59376204;16.500837
944;-3.5338416;2.3558946;6.895301
945;5.3438582;0.5650316;6.0238113
946;-0.91937345;1.8100165;17.266983
947;-5.0661306;1.4460979;17.669209
948;7.8529816;0.1436521;4.855441
949;-5.3438582;5.3725886;3.8594532
950;-6.2345014;2.882619;10.7356
951;8.571242;2.135628;7.833828
952;-0.82360536;5.6790466;8.111555
953;-0.18195933;2.1547816;13.215993
954;5.535394;4.9895163;2.8538885
955;-1.2354081;7.240066;3.8402996
956;0.91937345;2.3175871;8.762778
957;0.48841715;2.72939;12.449849
958;-2.7006595;1.2737153;6.8569937
959;-1.5897499;2.9975405;4.232949
960;-0.1436521;2.432509;5.7843914
961;2.5953147;2.2505496;9.739613
962;0.24899697;1.8100165;15.294161
963;-1.733402;0.81402856;11.549629
964;-0.6991069;-0.5363012;10.323798
965;-2.1452048;1.982399;10.534488
966;1.8962077;-0.2681506;12.593501
967;1.0821792;0.1340753;11.444284
968;-1.6472107;-0.7469909;12.306197
969;-3.2082303;-1.1109096;10.534488
970;-4.232949;0.31603462;9.739613
971;0.22984336;0.5746084;11.281479
972;-0.5267244;1.1587936;12.315774
973;0.89064306;2.585738;8.820239
974;4.5777135;2.2026656;9.3661175
975;0.30645782;2.9783869;10.553641
976;-0.842759;3.5529952;13.302185
977;1.6759412;2.4516625;8.714894
978;0.19153613;4.4436383;8.178593
979;0.6607997;4.357447;6.445191
980;1.0055647;3.2561142;5.8322754
981;-1.7046716;2.719813;8.111555
982;0.45968673;1.5035586;11.061212
983;0.5554548;1.3790601;9.739613
984;0.33518824;3.0933087;7.6135616
985;5.2480903;1.532289;9.5385
986;1.3024458;1.3311762;9.222465
987;-1.2354081;0.6895301;9.509769
988;4.606444;-0.81402856;12.641385
989;-0.45968673;1.1109096;13.962984
990;-0.7182605;-0.08619126;10.218452
991;6.2728086;-2.5953147;8.073248
992;-4.4915223;0.1340753;13.129802
993;-2.6719291;-2.0398598;9.921572
994;0.89064306;-0.9959879;9.864111
995;-4.7979803;-1.9440918;7.8146744
996;3.5434184;-4.31914;18.033127
997;4.5394063;-3.6870706;15.20797
998;0.5554548;-2.0973208;6.789956
999;3.323152;-2.9496565;7.067683
1000;-2.1739352;-4.606444;13.9438305
1001;-7.1634517;-3.4859576;10.907983
1002;5.4779334;-4.453215;-1.4077905
1003;-5.7748146;-1.0247183;4.2042184
1004;-2.1739352;-5.6215854;11.520899
1005;4.501099;-4.3861775;6.895301
1006;-1.1779473;-6.7324953;6.253655
1007;-0.46926352;-5.6886234;11.559206
1008;0.63206923;-6.943185;11.999739
1009;4.8267107;-5.707777;9.490616
1010;-0.45010993;-4.3287168;7.192182
1011;-1.532289;-5.401319;9.940725
1012;-0.23942018;-5.7365074;13.101071
1013;1.532289;-5.7843914;7.603985
1014;1.0821792;-6.349423;10.132261
1015;-1.7238252;-6.7324953;13.579912
1016;-3.0933087;-6.5696893;11.587936
1017;0.6512229;-6.8665705;10.247183
1018;2.7964275;-8.714894;15.705963
1019;-0.4213795;-8.379706;18.703505
1020;2.5570073;-7.536947;12.047623
1021;3.0358477;-4.31914;7.642292
1022;0.0;-4.9703627;13.311762
1023;-2.96881;-5.2959743;11.9135475
1024;-0.08619126;-4.185065;4.232949
1025;-0.7374141;-2.873042;3.083732
1026;-2.5378537;-3.5817258;9.260772
1027;0.1340753;-3.3518825;8.6574335
1028;1.4748282;-2.4037786;5.3247046
1029;0.5363012;-1.7429788;8.992621
1030;0.78529817;-2.0494366;6.6654577
1031;1.982399;-0.80445176;3.083732
1032;-0.34476504;-1.283292;5.765238
1033;-2.9400797;-1.2354081;7.2304893
1034;-1.7812861;-2.6431987;5.0182467
1035;-2.2697031;-2.1547816;7.5465236
1036;-2.767697;-1.8291701;6.205771
1037;1.4269443;-2.2026656;5.401319
1038;0.23942018;-1.0534488;9.059659
1039;-0.9864111;-3.6870706;11.329363
1040;-2.6527755;-2.3463178;11.568783
1041;0.22984336;-3.4572272;12.181698
1042;1.283292;-1.6950948;11.923124
1043;-0.10534488;-2.3942018;10.429143
1044;7.374141;-3.6391866;17.860744
1045;4.3287168;-5.45878;28.395231
1046;-3.2848446;-3.7445314;19.632454
1047;6.0046577;-5.6215854;10.448297
1048;-0.93852705;-4.175488;16.414646
1049;-9.643845;-0.5650316;24.372972
1050;4.280833;-5.7748146;21.155167
1051;3.0358477;-3.41892;14.068329
1052;-6.9719152;-1.5705963;14.911088
1053;11.166556;0.8714894;15.648502
1054;7.929596;6.339846;24.583664
1055;-4.2042184;1.8100165;11.750742
1056;-3.3135753;2.7389667;9.940725
1057;-4.6160207;4.060566;7.1059904
1058;-3.8881836;2.825158;4.098873
1059;0.92895025;4.548983;10.6877165
1060;-0.24899697;2.4708161;11.013328
1061;-4.3478703;1.6950948;10.7356
1062;2.0111294;0.15322891;10.170568
1063;-2.1068976;2.3558946;4.4819455
1064;-1.1013328;3.2561142;8.437167
1065;3.1507695;1.9249382;6.9527617
1066;-3.6583402;3.4476504;4.7405195
1067;-5.1235914;3.5338416;4.357447
1068;0.8523358;3.5817258;4.6830587
1069;0.24899697;3.4955344;6.742072
1070;-0.8810662;3.5529952;10.965444
1071;3.1507695;3.4859576;6.244078
1072;3.466804;4.960786;3.9743748
1073;4.0414124;3.572149;10.457873
1074;1.1013328;5.1810527;7.6614456
1075;-0.5650316;4.4340615;3.1986535
1076;2.2218192;3.6774938;9.490616
1077;-4.2042184;3.1794999;9.682152
1078;-1.3790601;3.8115692;6.1770406
1079;1.6950948;3.7828386;8.523358
1080;-1.6567876;3.169923;10.160992
1081;2.7389667;2.3080103;10.620679
1082;2.4420857;3.4859576;11.109096
1083;-1.1013328;2.9017725;5.66947
1084;2.6910827;2.0015526;6.8665705
1085;3.2561142;3.821146;11.099519
1086;-1.3024458;2.5474305;6.1866174
1087;-3.466804;3.964798;3.4572272
1088;4.0701427;3.7924154;5.7843914
1089;-2.231396;4.6160207;6.5984197
1090;-5.506664;4.0797195;1.9153614
1091;2.719813;1.4077905;5.506664
1092;-3.217807;5.995081;6.4643445
1093;2.566584;4.0892963;6.789956
1094;8.494628;4.9224787;1.7717092
1095;-3.6487634;8.159439;6.655881
1096;0.842759;3.7732618;10.1226845
1097;3.86903;4.8841715;6.435614
1098;-4.098873;5.4779334;5.889736
1099;-3.7253778;5.0661306;3.7445314
1100;-2.6527755;4.414908;7.489063
1101;-1.9728222;4.0414124;11.233594
1102;-0.2873042;1.7717092;14.30775
1103;0.7374141;1.982399;15.102624
1104;5.0182467;3.1316159;13.062764
1105;2.920926;1.7238252;13.905523
1106;1.7142484;1.8579005;15.08347
1107;2.873042;1.9728222;14.049175
1108;-1.541866;0.58418524;9.289502
1109;-4.7022123;2.6527755;9.260772
1110;6.5122285;1.2258313;8.647857
1111;-0.06703765;2.5474305;4.606444
1112;-4.4723687;3.7924154;7.6135616
1113;7.4124484;1.8674773;6.742072
1114;-2.5187001;3.4093432;3.6774938
1115;-0.9959879;2.7006595;5.00867
1116;8.159439;1.7142484;3.763685
1117;-2.1260512;4.0318356;1.4556746
1118;-3.41892;3.1316159;3.1028855
1119;4.721366;0.60333884;2.030283
1120;-4.0414124;2.6719291;6.196194
1121;-2.6048915;0.33518824;3.6008794
1122;1.9728222;1.436521;-0.92895025
1123;-8.264784;1.7238252;1.8004397
1124;-4.663905;-0.2777274;9.107543
1125;-3.86903;-1.3982137;3.083732
1126;-8.829816;1.8100165;3.86903
1127;1.3024458;-1.685518;11.932701
1128;2.336741;-2.1452048;12.105083
1129;-4.462792;-2.6431987;13.062764
1130;1.6280571;-4.31914;14.671668
1131;-1.2545617;-1.5131354;18.492813
1132;-3.4380736;-4.76925;11.18571
1133;-2.2218192;-3.4572272;13.551182
1134;-2.9783869;-4.7788267;18.617311
1135;-2.3654714;-6.215348;18.061857
1136;-0.5363012;-4.807557;11.702858
1137;0.02873042;-3.8786068;14.288596
1138;0.6991069;-4.9703627;18.540697
1139;3.5338416;-4.453215;18.138472
1140;4.2425256;-2.8634653;13.378799
1141;4.012682;-2.930503;14.211981
1142;1.1492168;-3.3518825;19.574993
1143;-0.4213795;-3.4955344;17.851168
1144;4.367024;-2.0494366;10.180145
1145;2.767697;-0.92895025;11.444284
1146;0.81402856;-1.484405;12.152967
1147;-1.1013328;-0.94810385;14.518439
1148;2.2505496;-0.6991069;10.0269165
1149;-1.9632454;0.5746084;9.040505
1150;-1.982399;0.32561144;8.772355
1151;2.7485435;0.50757074;7.833828
1152;0.9672575;0.90021986;8.992621
1153;-0.2873042;0.62249243;12.334928
1154;-0.6512229;0.47884035;9.662998
1155;0.22984336;0.45010993;6.1387334
1156;-1.3694834;0.21068975;10.323798
1157;1.4939818;-1.0247183;13.455414
1158;0.20111294;-0.7757214;12.583924
1159;-2.767697;-0.17238252;8.7053175
1160;1.7238252;-1.0726024;8.762778
1161;1.934515;-0.5267244;11.702858
1162;-0.10534488;-0.06703765;10.208876
1163;1.8962077;-0.02873042;10.812215
1164;-0.58418524;0.2873042;12.11466
1165;-2.231396;-0.2777274;9.423578
1166;-0.82360536;-0.1436521;8.303091
1167;0.7086837;-1.0630256;9.921572
1168;-0.5363012;-0.7086837;14.853627
1169;1.4652514;-1.1875241;12.124237
1170;2.078167;-0.30645782;8.101978
1171;1.4173675;-0.08619126;7.603985
1172;2.2218192;-0.40222588;12.421119
1173;0.1340753;-0.22026655;12.143391
1174;-0.8331822;0.047884032;7.699753
1175;-3.1986535;0.46926352;8.695741
1176;-0.33518824;-0.25857377;8.437167
1177;0.89064306;0.641646;7.144298
1178;-0.9576807;0.59376204;10.333375
1179;0.16280572;-0.18195933;12.229582
1180;1.0055647;0.24899697;9.126697
1181;0.24899697;0.91937345;6.703765
1182;1.8674773;-0.1436521;10.448297
1183;-0.45968673;-0.076614454;10.793061
1184;-2.27928;0.31603462;7.2783732
1185;-0.5650316;-0.02873042;8.724471
1186;-0.50757074;0.2681506;8.858546
1187;-0.47884035;0.047884032;8.542512
1188;2.873042;-0.51714754;10.515334
1189;0.33518824;-0.8331822;14.077906
1190;1.7046716;-1.5705963;12.871228
1191;0.18195933;-0.18195933;10.333375
1192;-0.6703765;0.30645782;5.985504
1193;1.1971009;-0.60333884;12.679692
1194;-0.5650316;-1.0151415;13.962984
1195;-1.5610195;0.05746084;7.5561004
1196;0.34476504;0.6512229;7.747637
1197;-1.283292;-0.6607997;11.626244
1198;1.7717092;-1.6184803;12.0571995
1199;1.0342951;-0.6991069;10.505757
1200;0.9576807;-0.20111294;9.835381
1201;3.083732;-0.7374141;11.779472
1202;-1.0630256;0.17238252;10.668563
1203;-0.60333884;-0.34476504;6.789956
1204;0.641646;0.0;10.697293
1205;-2.27928;0.25857377;11.176133
1206;-2.0111294;0.63206923;6.1387334
1207;0.62249243;0.02873042;8.207323
1208;-1.0151415;0.095768064;10.821792
1209;-0.2681506;0.06703765;10.275913
1210;2.4708161;0.32561144;9.021352
1211;-0.63206923;0.7661445;11.971008
1212;-0.38307226;-0.095768064;9.691729
1213;0.35434186;0.019153614;7.565677
1214;1.6567876;0.19153613;8.561666
1215;-0.2777274;-0.6512229;12.98615
1216;-2.3654714;0.095768064;10.0748005
1217;-1.13964;0.40222588;5.497087
1218;-0.48841715;0.842759;8.197746
1219;1.0055647;-0.7565677;12.133814
1220;-0.59376204;-0.7182605;13.072341
1221;2.3558946;-0.7278373;9.787497
1222;0.35434186;0.29688102;8.628703
1223;-0.58418524;0.25857377;8.820239
1224;3.8115692;-0.076614454;10.342952
1225;-0.7374141;0.81402856;10.94629
1226;-1.0821792;-0.29688102;11.358093
1227;-0.019153614;0.34476504;8.322245
1228;-2.1164744;1.043872;5.93762
1229;-0.6512229;-0.37349546;9.481039
1230;0.4309563;-1.0151415;14.681245
1231;-0.7661445;-0.8619126;11.9614315
1232;-1.6567876;0.93852705;7.5465236
1233;2.1643584;0.1436521;7.52737
1234;1.4077905;0.545878;10.534488
1235;2.9113493;-0.076614454;13.426683
1236;1.9919758;-0.32561144;11.3964
1237;-1.3599066;-0.11492168;9.260772
1238;-1.6089035;1.0055647;9.605537
1239;2.0398598;-0.40222588;9.155427
1240;-0.50757074;-0.06703765;9.873688
1241;-2.1164744;-0.9576807;11.731588
1242;-2.5474305;-0.30645782;10.065224
1243;1.0726024;0.02873042;6.349423
1244;3.8498764;0.2777274;9.816227
1245;-0.48841715;0.1436521;12.555194
1246;3.6583402;-0.90021986;10.91756
1247;1.8100165;0.6799533;8.781932
1248;-6.033388;1.7621324;7.393295
1249;0.4309563;-0.095768064;7.297527
1250;1.5035586;-0.39264908;9.107543
1251;-2.9783869;0.2777274;10.994174
1252;1.7142484;-1.0726024;11.81778
1253;0.45968673;0.29688102;8.561666
1254;-1.9440918;1.1779473;6.933608
1255;4.501099;-0.6703765;9.528923
1256;-2.0398598;-0.33518824;14.729129
1257;-0.7661445;-1.0534488;11.520899
1258;2.2888567;-0.12449849;8.456321
1259;-2.6623523;1.1204864;8.532935
1260;-1.3311762;-0.34476504;9.615114
1261;2.6719291;-0.6607997;13.062764
1262;0.10534488;-0.6895301;14.020445
1263;-3.466804;-0.019153614;10.342952
1264;1.1013328;0.05746084;7.52737
1265;2.2122424;1.1109096;8.1402855
1266;-0.22026655;0.6703765;11.702858
1267;1.3790601;0.038307227;12.392388
1268;-2.7964275;0.7661445;8.341399
1269;-2.1547816;1.2162545;5.535394
1270;2.0207062;0.35434186;7.747637
1271;0.6991069;-0.11492168;11.731588
1272;-2.2888567;0.30645782;11.530476
1273;2.825158;-1.1683705;10.697293
1274;-0.59376204;0.7086837;11.195287
1275;-1.9536686;0.41180268;6.531382
1276;5.1810527;-0.06703765;8.714894
1277;-1.5035586;0.0;14.30775
1278;-2.1930888;-1.1683705;12.670115
1279;1.9440918;-0.25857377;6.244078
1280;-1.7908629;0.7565677;8.532935
1281;-0.25857377;-0.4309563;10.793061
1282;0.6703765;-0.2777274;11.702858
1283;1.3694834;-0.29688102;10.04607
1284;0.7661445;0.076614454;12.555194
1285;-2.6240451;1.4077905;7.422025
1286;1.982399;1.1683705;5.7269306
1287;1.733402;-0.05746084;11.224017
1288;-2.9879637;0.16280572;14.365211
1289;1.8770541;-0.8810662;8.111555
1290;-0.82360536;0.90979666;5.363012
1291;-1.388637;0.30645782;9.356541
1292;3.1028855;-0.6895301;13.350069
1293;0.5650316;0.2681506;12.555194
1294;-0.9959879;0.08619126;9.203311
1295;-0.30645782;-0.45010993;9.797073
1296;0.4213795;0.2681506;9.423578
1297;-0.36391866;1.436521;7.680599
1298;1.1683705;0.4213795;10.668563
1299;-1.1875241;0.23942018;12.4785795
1300;-0.076614454;0.05746084;8.801085
1301;-0.37349546;1.436521;5.5162406
1302;-0.2873042;0.90979666;10.208876
1303;3.4093432;-1.0247183;12.842498
1304;-1.283292;0.5363012;11.080365
1305;0.2777274;-0.038307227;8.504205
1306;1.5035586;-0.2777274;10.994174
1307;-1.5035586;0.45968673;9.988609
1308;1.043872;-0.60333884;9.270349
1309;-1.1204864;-0.33518824;11.482592
1310;-0.23942018;-1.733402;12.593501
1311;-2.7006595;-0.90979666;8.0924015
1312;0.8331822;-1.0247183;8.303091
1313;3.5817258;-1.1013328;12.354081
1314;-1.5131354;-1.1587936;14.566323
1315;2.27928;-1.5897499;11.654974
1316;2.0207062;-0.2681506;8.599973
1317;-0.842759;-0.16280572;10.984597
1318;1.292869;-0.9959879;12.047623
1319;-0.545878;-0.02873042;8.504205
1320;-0.7182605;0.16280572;6.3685765
1321;-2.7006595;0.05746084;9.471462
1322;-0.009576807;-0.7757214;8.446744
1323;-0.78529817;0.51714754;5.5162406
1324;-0.05746084;-0.16280572;9.3661175
1325;3.5625722;-0.50757074;11.3964
1326;0.19153613;0.30645782;9.097966
1327;0.17238252;0.41180268;6.3589997
1328;1.0726024;-0.22984336;9.749189
1329;-0.46926352;-0.6607997;11.415554
1330;-0.019153614;-0.37349546;8.686164
1331;0.37349546;-0.02873042;8.925584
1332;-1.3599066;-0.23942018;8.63828
1333;-0.82360536;-0.37349546;10.601525
1334;2.5091233;-1.4748282;13.445837
1335;0.076614454;-2.2697031;14.642938
1336;-1.388637;-1.5227122;11.166556
1337;0.92895025;-0.36391866;6.6750345
1338;3.5529952;-0.24899697;11.405977
1339;1.4269443;-1.4939818;14.642938
1340;-1.7142484;-2.078167;12.497733
1341;-1.3982137;-0.60333884;6.4739213
1342;-0.36391866;-0.009576807;7.6614456
1343;0.39264908;-0.9576807;11.81778
1344;-1.9249382;-0.81402856;10.630256
1345;3.016694;-1.0055647;10.764331
1346;0.51714754;-0.6799533;11.147403
1347;-3.3039982;0.08619126;9.030929
1348;2.8634653;0.38307226;7.2783732
1349;1.685518;0.02873042;9.768343
1350;-6.349423;0.61291564;11.329363
1351;0.5746084;-0.8714894;9.251195
1352;0.50757074;0.10534488;8.073248
1353;-2.1739352;-0.23942018;9.797073
1354;1.5705963;-0.8331822;10.141838
1355;0.12449849;-0.6799533;10.658986
1356;0.05746084;0.23942018;11.204864
1357;-0.46926352;-0.29688102;9.32781
1358;1.2449849;-0.15322891;8.034941
1359;0.7182605;1.5610195;9.864111
1360;0.02873042;1.4173675;9.854534
1361;0.17238252;0.7565677;10.247183
1362;-2.767697;0.8714894;8.236053
1363;0.24899697;0.61291564;7.603985
1364;0.33518824;0.36391866;10.898406
1365;-2.7485435;-0.8331822;10.46745
1366;1.1587936;0.19153613;11.884817
1367;3.7349546;0.019153614;9.442732
1368;-0.7565677;1.2258313;9.548077
1369;0.9768343;0.29688102;11.252748
1370;3.8402996;0.12449849;11.971008
1371;0.78529817;1.4460979;11.070788
1372;0.25857377;1.043872;9.959879
1373;-1.9728222;1.2449849;8.24563
1374;0.5650316;1.1109096;7.8912888
1375;1.043872;0.7757214;11.798626
1376;-4.2042184;1.1683705;10.927136
1377;0.37349546;1.436521;7.4986396
1378;2.528277;1.5514427;8.37013
1379;-2.2409728;1.3120226;9.394848
1380;1.6376339;1.0151415;10.01734
1381;2.9017725;1.5131354;8.724471
1382;-0.90021986;2.135628;11.051635
1383;1.4077905;0.5554548;10.132261
1384;-3.1124623;1.8483237;8.571242
1385;1.2258313;0.7757214;8.695741
1386;0.50757074;-0.2873042;14.049175
1387;-4.223372;1.0342951;12.229582
1388;1.436521;0.7757214;5.90889
1389;-0.08619126;1.5801731;8.6095495
1390;-1.7717092;1.2354081;13.666103
1391;3.8594532;-0.038307227;13.627796
1392;1.4652514;1.8004397;9.14585
1393;-0.41180268;1.7046716;8.2169
1394;2.825158;0.2873042;11.492168
1395;-0.641646;1.5993267;10.6398325
1396;0.29688102;1.5514427;5.5641246
1397;-1.8674773;1.1013328;9.701305
1398;-2.2888567;1.1971009;11.57836
1399;2.27928;0.36391866;7.603985
1400;-1.1300632;1.4173675;5.4683566
1401;1.3311762;2.3654714;10.170568
1402;1.3599066;0.15322891;12.105083
1403;0.31603462;0.78529817;11.990162
1404;0.59376204;0.94810385;9.251195
1405;-3.466804;1.8579005;8.695741
1406;3.2561142;0.4405331;11.463438
1407;1.091756;0.34476504;13.455414
1408;-2.8060043;-0.10534488;10.754754
1409;1.7717092;-0.41180268;9.3182335
1410;-1.7142484;1.0055647;9.509769
1411;-0.22984336;0.05746084;9.873688
1412;2.72939;1.1013328;11.942278
1413;0.22026655;2.2218192;9.528923
1414;0.25857377;1.8100165;8.686164
1415;0.6703765;0.49799395;10.534488
1416;-0.842759;0.6895301;10.237606
1417;-3.0071173;1.1683705;8.7053175
1418;2.777274;0.20111294;9.174581
1419;-0.49799395;2.1547816;11.089942
1420;0.37349546;0.94810385;11.271901
1421;3.3039982;-0.32561144;10.199299
1422;-3.821146;1.6376339;9.481039
1423;-0.58418524;0.4213795;6.3589997
1424;0.6703765;1.8100165;11.33894
1425;1.4748282;1.3503298;9.854534
1426;1.2258313;1.6472107;10.448297
1427;1.2737153;1.3790601;10.084377
1428;-2.3942018;1.5227122;7.374141
1429;-1.6950948;1.5705963;6.991069
1430;-0.47884035;1.1875241;12.038046
1431;-0.25857377;1.2162545;11.118672
1432;0.50757074;0.90021986;7.0485296
1433;-0.6512229;0.8810662;10.496181
1434;1.733402;0.46926352;11.15698
1435;0.61291564;0.9959879;7.9104424
1436;-2.0685902;1.2354081;9.959879
1437;2.585738;0.8619126;11.453861
1438;1.2449849;1.5993267;11.051635
1439;0.5267244;1.541866;8.274361
1440;0.48841715;0.6991069;10.515334
1441;-4.098873;0.6607997;9.710882
1442;0.2873042;0.24899697;9.136273
1443;0.019153614;1.7429788;10.170568
1444;-0.5554548;0.80445176;8.015787
1445;2.7581203;0.91937345;11.760319
1446;0.32561144;0.5746084;13.464991
1447;-0.7182605;0.7278373;10.304645
1448;1.0534488;0.9864111;6.588843
1449;-0.2777274;1.9153614;9.864111
1450;1.0821792;1.0342951;10.534488
1451;-0.30645782;1.685518;8.963891
1452;-0.39264908;0.842759;8.39886
1453;-2.585738;1.2162545;10.812215
1454;1.3790601;0.076614454;9.80665
1455;0.22026655;1.3694834;10.5919485
1456;-0.6799533;1.0630256;8.983045
1457;2.9879637;0.4405331;10.668563
1458;-0.30645782;0.61291564;11.971008
1459;-1.1300632;0.076614454;12.143391
1460;1.0151415;0.6607997;10.01734
1461;0.4213795;1.2354081;8.39886
1462;-0.5650316;1.5131354;9.739613
1463;1.1683705;1.3503298;10.333375
1464;-0.6703765;1.6376339;8.954314
1465;-0.5363012;1.0055647;10.5919485
1466;0.4405331;1.0247183;11.281479
1467;0.37349546;1.5227122;9.557653
1468;-1.1492168;1.2354081;7.8050976
1469;1.292869;1.3599066;9.021352
1470;1.1109096;1.2449849;9.921572
1471;0.80445176;0.8523358;10.994174
1472;0.47884035;0.8619126;11.022904
1473;-1.2066777;0.4405331;9.557653
1474;-1.1204864;0.58418524;10.342952
1475;0.06703765;0.45010993;11.63582
1476;0.095768064;0.6895301;10.70687
1477;-0.40222588;1.1204864;9.911995
1478;3.3614593;1.091756;9.461885
1479;1.4748282;1.7717092;10.055647
1480;1.5227122;1.1300632;10.7356
1481;0.6607997;1.541866;10.362105
1482;-2.825158;1.5035586;9.691729
1483;-2.030283;1.2641385;7.3549876
1484;0.1436521;1.5227122;6.7229185
1485;-0.60333884;1.5705963;10.007763
1486;-0.1436521;1.1875241;11.128249
1487;2.135628;1.1492168;8.916007
1488;0.1436521;1.6663644;10.151415
1489;1.436521;0.7469909;11.118672
1490;0.7757214;0.6512229;11.233594
1491;-0.6512229;0.39264908;10.113108
1492;-0.94810385;0.33518824;11.482592
1493;-2.3942018;0.63206923;9.088389
1494;-0.047884032;1.3120226;7.153875
1495;1.3024458;1.292869;10.170568
1496;1.3311762;0.90979666;11.559206
1497;2.825158;0.50757074;11.453861
1498;1.2449849;1.3311762;10.103531
1499;-0.1340753;0.62249243;9.385271
1500;-2.2505496;0.80445176;9.059659
1501;-0.29688102;0.25857377;8.283937
1502;-3.064578;0.6607997;9.32781
1503;-1.2258313;0.45010993;9.030929
1504;2.0111294;0.78529817;9.308656
1505;-1.0630256;1.2545617;8.954314
1506;2.2409728;0.34476504;11.195287
1507;3.016694;0.11492168;12.6222315
1508;-1.0630256;0.0;11.224017
1509;-0.6799533;0.1436521;10.151415
1510;0.095768064;0.45010993;9.11712
1511;-1.6472107;0.46926352;8.90643
1512;0.47884035;0.047884032;10.840945
1513;-1.2545617;0.63206923;10.783484
1514;1.3024458;0.46926352;10.496181
1515;0.641646;1.0534488;11.118672
1516;0.79487497;0.91937345;11.118672
1517;2.5187001;0.6895301;10.716447
1518;-0.8523358;0.9959879;9.902418
1519;-1.0247183;0.4213795;9.423578
1520;-0.545878;0.6607997;9.002198
1521;-1.532289;1.1683705;8.274361
1522;0.30645782;0.842759;9.691729
1523;0.25857377;1.0247183;10.936713
1524;1.5035586;1.0055647;9.749189
1525;1.934515;1.0247183;10.381259
1526;1.0151415;0.82360536;11.061212
1527;1.340753;0.41180268;10.812215
1528;0.15322891;0.93852705;10.620679
1529;-0.16280572;0.8714894;9.883265
1530;-0.60333884;1.0247183;9.165004
1531;0.22984336;1.3215994;8.762778
1532;-0.23942018;1.436521;9.442732
1533;-0.20111294;1.4460979;9.251195
1534;0.18195933;1.4460979;9.643845
1535;-0.22026655;1.2354081;10.965444
1536;0.48841715;0.60333884;11.089942
1537;0.2873042;1.0247183;10.01734
1538;0.46926352;0.9959879;10.1226845
1539;0.31603462;0.92895025;10.668563
1540;-0.02873042;0.93852705;10.132261
1541;-1.0151415;1.0534488;9.730036
1542;-0.30645782;1.3694834;9.241618
1543;-0.5363012;1.7046716;8.743625
1544;-1.0821792;1.5131354;8.944737
1545;-0.17238252;1.5801731;9.5385
1546;-1.2162545;1.7238252;8.925584
1547;-0.94810385;1.8004397;8.954314
1548;0.94810385;1.4556746;9.165004
1549;-0.6991069;1.436521;9.931149
1550;1.8100165;0.7757214;10.43872
1551;0.89064306;1.0055647;10.6877165
1552;0.15322891;1.1204864;9.959879
1553;2.2697031;0.9576807;9.481039
1554;-0.641646;1.5227122;9.078813
1555;1.3694834;0.842759;11.051635
1556;-0.2681506;1.3982137;10.70687
1557;0.35434186;1.3694834;9.088389
1558;-0.1436521;1.7046716;10.084377
1559;0.22984336;1.532289;10.572795
1560;1.0821792;1.3024458;10.553641
1561;-0.5650316;1.1109096;10.247183
1562;1.0247183;0.6703765;10.553641
1563;0.37349546;1.1971009;10.04607
1564;0.009576807;0.93852705;9.758766
1565;-0.2873042;0.7086837;9.940725
1566;-0.7182605;0.7278373;9.653421
1567;-0.37349546;0.7278373;9.672575
1568;-0.45968673;0.7469909;9.864111
1569;-0.30645782;0.93852705;9.77792
1570;0.15322891;0.9959879;9.634268
1571;-0.49799395;1.0342951;9.682152
1572;-0.08619126;0.81402856;9.787497
1573;-0.89064306;1.1683705;9.279925
1574;-1.2354081;1.0630256;9.136273
1575;-0.545878;0.94810385;9.634268
1576;0.15322891;0.7757214;9.730036
1577;0.009576807;0.7182605;9.9790325
1578;0.7565677;0.46926352;10.6877165
1579;0.32561144;0.50757074;10.228029
1580;0.58418524;0.30645782;9.509769
1581;0.16280572;0.25857377;10.247183
1582;0.1340753;-0.047884032;10.007763
1583;-0.79487497;0.076614454;9.56723
1584;0.05746084;0.22026655;9.701305
1585;0.9959879;0.22984336;9.442732
1586;0.45968673;0.33518824;9.730036
1587;1.2449849;0.1340753;10.697293
1588;1.1300632;0.047884032;10.821792
1589;-0.24899697;0.24899697;9.634268
1590;0.89064306;0.1340753;10.611102
1591;-0.10534488;0.24899697;10.860099
1592;0.15322891;0.48841715;9.586384
1593;0.33518824;0.94810385;9.9790325
1594;0.29688102;0.9864111;10.342952
1595;0.2777274;0.9864111;9.797073
1596;0.35434186;1.1300632;9.701305
1597;0.5363012;0.8331822;10.25676
1598;0.39264908;0.6512229;10.6398325
1599;-0.16280572;0.45010993;10.515334
1600;-0.22984336;0.6991069;10.304645
1601;-0.31603462;0.7374141;9.940725
1602;-0.22026655;0.6799533;9.902418
1603;-0.2777274;0.7374141;9.844957
1604;-0.21068975;0.91937345;9.739613
1605;0.2777274;1.0151415;9.624691
1606;0.12449849;1.0534488;9.816227
1607;0.22026655;1.1587936;9.768343
1608;0.30645782;1.292869;9.586384
1609;0.0;1.283292;9.586384
1610;0.047884032;1.4652514;9.375694
1611;0.0;1.5897499;9.337387
1612;-0.02873042;1.5131354;9.643845
1613;0.17238252;1.7046716;9.691729
1614;0.20111294;1.8100165;9.691729
1615;0.30645782;1.8674773;9.969456
1616;0.076614454;1.7717092;9.80665
1617;0.38307226;1.982399;9.77792
1618;0.1436521;1.8674773;10.180145
1619;-0.22026655;1.7812861;10.065224
1620;0.22984336;1.7142484;9.816227
1621;-0.21068975;1.7621324;9.931149
1622;0.21068975;1.685518;9.988609
1623;0.18195933;1.7046716;9.998186
1624;-0.009576807;1.7717092;10.141838
1625;0.39264908;1.8004397;9.768343
1626;0.39264908;1.8962077;9.911995
1627;0.15322891;1.6950948;10.409989
1628;0.37349546;1.6089035;10.055647
1629;0.37349546;1.9249382;10.04607
1630;0.02873042;1.6759412;10.0748005
1631;0.6799533;1.6184803;9.911995
1632;-0.1340753;1.8770541;9.739613
1633;0.21068975;1.7812861;9.758766
1634;0.49799395;1.8195933;9.892841
1635;-0.1340753;1.8866309;10.036493
1636;0.49799395;1.6089035;9.950302
1637;0.4213795;1.733402;9.528923
1638;-0.038307227;1.7429788;9.749189
1639;0.48841715;1.2354081;9.844957
1640;0.06703765;1.1875241;9.710882
1641;-0.47884035;1.5035586;9.883265
1642;0.25857377;1.0055647;9.864111
1643;-0.19153613;1.1875241;9.758766
1644;-0.05746084;1.0151415;9.911995
1645;-0.46926352;1.0151415;9.998186
1646;0.095768064;0.82360536;9.902418
1647;0.0;0.81402856;9.998186
1648;0.06703765;0.8714894;10.01734
1649;0.35434186;0.7757214;9.9790325
1650;0.047884032;0.6703765;9.969456
1651;0.2777274;0.6895301;10.113108
1652;-0.06703765;0.641646;10.04607
1653;0.17238252;0.5363012;9.921572
1654;0.1340753;0.45968673;10.247183
1655;0.12449849;0.38307226;10.0269165
1656;0.21068975;0.30645782;10.084377
1657;0.22026655;0.2681506;9.940725
1658;0.22984336;0.22984336;9.988609
1659;0.23942018;0.18195933;9.940725
1660;0.1436521;0.15322891;9.959879
1661;0.15322891;0.0;9.998186
1662;0.20111294;-0.038307227;10.04607
1663;0.095768064;0.0;9.835381
1664;0.1340753;-0.038307227;9.950302
1665;0.095768064;-0.009576807;9.940725
1666;0.1340753;-0.02873042;9.921572
1667;0.15322891;-0.019153614;9.873688
1668;0.095768064;-0.019153614;9.921572
1669;0.08619126;-0.076614454;9.902418
1670;0.12449849;-0.038307227;9.902418
1671;0.095768064;-0.038307227;9.883265
1672;0.1340753;-0.038307227;9.959879
1673;0.1436521;0.019153614;9.854534
1674;0.1436521;0.0;9.931149
1675;0.08619126;-0.095768064;9.883265
1676;0.1340753;-0.038307227;9.940725
1677;0.08619126;-0.047884032;9.931149
1678;0.15322891;-0.02873042;9.816227
1679;0.10534488;0.0;9.921572
1680;0.10534488;-0.076614454;9.931149
1681;0.1436521;0.0;9.873688
1682;0.1340753;-0.038307227;9.883265
1683;0.15322891;-0.009576807;9.902418
1684;0.12449849;-0.047884032;9.940725
1685;0.076614454;-0.009576807;9.911995
1686;0.1436521;-0.06703765;9.931149
1687;0.1436521;-0.009576807;9.892841
1688;0.16280572;0.019153614;9.883265
1689;0.11492168;-0.047884032;9.959879
1690;0.10534488;-0.12449849;9.864111
1691;0.16280572;-0.038307227;9.902418
1692;0.15322891;0.0;9.911995
1693;0.10534488;-0.047884032;9.921572
1694;0.10534488;-0.047884032;9.902418
1695;0.095768064;0.0;9.835381
1696;0.16280572;-0.009576807;9.902418
1697;0.10534488;-0.009576807;9.931149
1698;0.12449849;-0.009576807;9.864111
1699;0.1340753;-0.019153614;9.883265
1700;0.1340753;0.009576807;9.959879
1701;0.095768064;0.0;9.911995
1702;0.08619126;-0.02873042;9.883265
1703;0.1436521;0.0;9.883265
1704;0.15322891;-0.047884032;9.931149
1705;0.05746084;0.038307227;9.883265
1706;0.20111294;0.019153614;9.825804
1707;0.1340753;-0.038307227;9.950302
1708;0.1436521;0.0;9.892841
1709;0.18195933;0.0;9.940725
1710;0.10534488;0.009576807;9.911995
1711;0.1340753;-0.038307227;9.873688
1712;0.17238252;0.0;9.911995
1713;0.05746084;-0.076614454;9.911995
1714;0.1436521;-0.038307227;9.959879
1715;0.10534488;-0.019153614;9.844957
1716;0.1340753;-0.038307227;9.931149
1717;0.05746084;-0.019153614;9.873688
1718;0.11492168;-0.02873042;9.950302
1719;0.15322891;-0.009576807;9.873688
1720;0.095768064;-0.08619126;9.864111
1721;0.095768064;-0.038307227;9.950302
1722;0.11492168;-0.05746084;9.873688
1723;0.15322891;-0.05746084;9.825804
1724;0.08619126;-0.019153614;9.911995
1725;0.06703765;-0.02873042;9.902418
1726;0.1340753;0.0;9.931149
1727;0.10534488;-0.038307227;9.902418
1728;0.1340753;0.0;9.911995
1729;0.1436521;-0.019153614;9.892841
1730;0.10534488;-0.019153614;9.892841
1731;0.18195933;0.0;9.892841
1732;0.1436521;0.0;9.959879
1733;0.15322891;0.0;9.873688
1734;0.12449849;-0.019153614;9.959879
1735;0.06703765;-0.05746084;9.911995
1736;0.15322891;-0.02873042;9.911995
1737;0.15322891;-0.009576807;9.911995
1738;0.038307227;-0.02873042;9.931149
1739;0.11492168;-0.038307227;9.892841
1740;0.1340753;-0.019153614;9.873688
1741;0.076614454;0.0;9.940725
1742;0.16280572;0.009576807;9.921572
1743;0.095768064;-0.047884032;9.911995
1744;0.17238252;0.009576807;9.873688
1745;0.076614454;0.0;9.911995
1746;0.11492168;-0.076614454;9.950302
1747;0.1340753;-0.095768064;9.911995
1748;0.12449849;0.0;9.892841
1749;0.11492168;-0.038307227;9.940725
1750;0.1340753;-0.019153614;9.911995
1751;0.15322891;-0.038307227;9.873688
1752;0.10534488;0.0;9.883265
1753;0.11492168;-0.009576807;9.902418
1754;0.1436521;-0.019153614;9.883265
1755;0.1340753;-0.019153614;9.816227
1756;0.1436521;-0.009576807;9.854534
1757;0.17238252;-0.019153614;9.844957
1758;0.1340753;0.009576807;9.854534
1759;0.16280572;-0.02873042;9.873688
1760;0.10534488;0.02873042;9.844957
1761;0.1436521;0.009576807;9.844957
1762;0.12449849;-0.02873042;9.931149
1763;0.05746084;-0.009576807;9.80665
1764;0.15322891;0.038307227;9.940725
1765;0.08619126;-0.06703765;9.873688
1766;0.095768064;-0.02873042;9.950302
1767;0.10534488;0.0;9.940725
1768;0.17238252;0.0;9.844957
1769;0.11492168;-0.02873042;9.911995
1770;0.11492168;0.0;9.911995
1771;0.1340753;0.019153614;9.931149
1772;0.16280572;0.0;9.892841
1773;0.095768064;-0.019153614;9.873688
1774;0.10534488;-0.047884032;9.902418
1775;0.10534488;-0.047884032;9.921572
1776;0.19153613;-0.038307227;9.969456
1777;0.18195933;-0.009576807;9.940725
1778;0.076614454;-0.047884032;9.844957
1779;0.19153613;-0.009576807;9.959879
1780;0.15322891;0.02873042;9.950302
1781;0.076614454;0.0;9.873688
1782;0.12449849;-0.05746084;9.998186
1783;0.17238252;-0.10534488;9.892841
1784;0.15322891;0.0;9.825804
1785;0.038307227;-0.019153614;10.151415
1786;0.11492168;-0.11492168;9.835381
1787;0.12449849;0.02873042;9.940725
1788;0.095768064;-0.009576807;9.873688
1789;0.11492168;-0.10534488;9.816227
1790;0.076614454;0.009576807;9.873688
1791;0.076614454;0.0;9.911995
1792;0.1340753;-0.02873042;9.911995
1793;0.10534488;-0.076614454;9.940725
1794;0.095768064;-0.019153614;9.921572
1795;0.18195933;-0.076614454;9.902418
1796;0.11492168;0.0;9.940725
1797;0.16280572;-0.038307227;9.969456
1798;0.12449849;-0.05746084;9.940725
1799;0.16280572;-0.019153614;9.9790325
1800;0.1436521;-0.038307227;9.902418
1801;0.076614454;-0.038307227;9.864111
1802;0.17238252;0.0;9.892841
1803;0.17238252;-0.076614454;9.921572
1804;0.12449849;0.0;9.911995
1805;0.095768064;-0.019153614;9.854534
1806;0.15322891;-0.009576807;9.864111
1807;0.095768064;-0.047884032;9.969456
1808;0.12449849;0.0;9.902418
1809;0.1340753;-0.06703765;9.921572
1810;0.15322891;-0.038307227;9.854534
1811;0.11492168;0.0;9.883265
1812;0.1340753;0.0;9.892841
1813;0.1340753;0.009576807;9.883265
1814;0.11492168;-0.019153614;9.844957
1815;0.08619126;-0.047884032;9.988609
1816;0.076614454;-0.038307227;9.835381
1817;0.17238252;-0.02873042;9.931149
1818;0.095768064;-0.05746084;9.931149
1819;0.11492168;-0.009576807;9.825804
1820;0.18195933;-0.047884032;9.988609
1821;0.1436521;-0.08619126;9.940725
1822;0.24899697;0.009576807;9.9790325
1823;0.06703765;-0.06703765;9.931149
1824;0.11492168;-0.06703765;9.854534
1825;0.15322891;-0.06703765;9.931149
1826;0.095768064;-0.05746084;9.873688
1827;0.095768064;-0.05746084;9.873688
1828;0.1436521;0.0;9.864111
1829;0.17238252;-0.019153614;9.825804
1830;0.1436521;-0.019153614;9.883265
1831;0.11492168;-0.019153614;9.854534
1832;0.06703765;-0.038307227;9.921572
1833;0.15322891;-0.038307227;9.854534
1834;0.1436521;0.02873042;9.902418
1835;0.11492168;-0.038307227;9.940725
1836;0.076614454;-0.06703765;9.959879
1837;0.12449849;-0.05746084;9.950302
1838;0.12449849;-0.06703765;9.873688
1839;0.1340753;0.009576807;9.902418
1840;0.095768064;-0.08619126;9.950302
1841;0.08619126;-0.038307227;9.892841
1842;0.15322891;-0.019153614;9.844957
1843;0.11492168;-0.009576807;9.902418
1844;0.1436521;0.0;9.883265
1845;0.15322891;0.019153614;9.911995
1846;0.1340753;-0.009576807;9.844957
1847;0.12449849;-0.019153614;9.921572
1848;0.10534488;-0.019153614;9.931149
1849;0.12449849;-0.02873042;9.892841
1850;0.1436521;0.076614454;9.864111
1851;0.1340753;0.019153614;9.873688
1852;0.12449849;-0.038307227;9.911995
1853;0.15322891;-0.02873042;9.892841
1854;0.10534488;0.0;9.931149
1855;0.17238252;-0.038307227;9.902418
1856;0.16280572;-0.009576807;9.950302
1857;0.076614454;-0.019153614;9.940725
1858;0.18195933;-0.019153614;9.873688
