1.2354081;0.06703765;9.126697
1.043872;-0.1436521;10.237606
0.10534488;0.11492168;10.6398325
1.0821792;-0.10534488;10.1226845
1.091756;0.05746084;9.56723
0.23942018;0.32561144;9.576807
0.842759;-0.076614454;9.921572
0.842759;-0.019153614;10.25676
0.41180268;0.1340753;10.28549
0.79487497;0.08619126;9.816227
0.82360536;0.15322891;9.519346
0.545878;0.15322891;9.80665
0.7278373;0.05746084;10.01734
0.91937345;0.0;9.969456
0.59376204;0.095768064;10.093954
0.6512229;0.08619126;9.739613
0.90979666;0.076614454;9.768343
0.45968673;0.1340753;10.151415
0.7086837;0.1340753;9.835381
1.0055647;0.009576807;9.969456
0.46926352;0.10534488;9.864111
0.6512229;0.15322891;9.739613
0.9864111;-0.009576807;9.911995
0.47884035;0.12449849;9.873688
0.7757214;0.08619126;10.007763
0.89064306;0.08619126;9.787497
0.545878;0.18195933;9.844957
0.6799533;0.11492168;9.911995
0.8523358;0.12449849;9.825804
0.6512229;0.1436521;10.0269165
0.6895301;0.076614454;9.902418
0.79487497;0.095768064;9.844957
0.60333884;0.12449849;9.911995
0.641646;0.11492168;9.892841
0.81402856;0.11492168;9.921572
0.6991069;0.095768064;9.902418
0.63206923;0.15322891;9.816227
0.7661445;0.047884032;9.902418
0.6607997;0.06703765;9.892841
0.6799533;0.06703765;9.931149
0.7661445;0.08619126;9.921572
0.7278373;0.095768064;9.80665
0.6799533;0.1340753;9.950302
0.7469909;0.06703765;9.797073
0.7278373;0.12449849;9.902418
0.7182605;0.095768064;9.902418
0.7374141;0.076614454;9.854534
0.7374141;0.08619126;9.911995
0.6799533;0.08619126;9.911995
0.7374141;0.095768064;9.883265
0.81402856;0.076614454;9.931149
0.6607997;0.15322891;9.835381
0.7757214;0.1340753;9.835381
0.7757214;0.05746084;9.902418
0.6895301;0.15322891;9.921572
0.7661445;0.06703765;9.883265
0.7565677;0.10534488;9.883265
0.6991069;0.11492168;9.892841
0.7565677;0.06703765;9.873688
0.7278373;0.08619126;9.940725
0.6607997;0.076614454;9.854534
0.7469909;0.05746084;9.873688
0.6895301;0.06703765;9.902418
0.7374141;0.08619126;9.873688
0.78529817;0.10534488;9.835381
0.7374141;0.05746084;9.892841
0.7661445;0.095768064;9.873688
0.6991069;0.10534488;9.902418
0.7469909;0.05746084;9.883265
0.6991069;0.10534488;9.854534
0.7278373;0.076614454;9.921572
0.6799533;0.038307227;9.864111
0.7661445;0.076614454;9.892841
0.7182605;0.047884032;9.902418
0.7469909;0.076614454;9.931149
0.7661445;0.05746084;9.864111
0.6895301;0.08619126;9.969456
0.7565677;0.11492168;9.864111
0.7374141;0.019153614;9.911995
0.7374141;0.095768064;9.959879
0.7374141;0.076614454;9.940725
0.7182605;0.095768064;9.883265
0.6799533;0.08619126;9.883265
0.6799533;0.095768064;9.864111
0.7278373;0.08619126;9.883265
0.6799533;0.05746084;9.825804
0.7469909;0.08619126;9.883265
0.6512229;0.076614454;9.873688
0.7278373;0.047884032;9.864111
0.6703765;0.08619126;9.835381
0.6895301;0.08619126;9.892841
0.7469909;0.10534488;9.816227
0.7278373;0.1340753;9.864111
0.7086837;0.10534488;9.873688
0.7469909;0.05746084;9.892841
0.7374141;0.095768064;9.844957
0.7182605;0.05746084;9.864111
0.6991069;0.10534488;9.873688
0.6895301;0.076614454;9.854534
0.7278373;0.076614454;9.931149
0.7182605;0.095768064;9.825804
0.7278373;0.11492168;9.825804
0.7086837;0.076614454;9.844957
0.7661445;0.076614454;9.854534
0.7278373;0.15322891;9.892841
0.7278373;0.05746084;9.835381
0.7469909;0.10534488;9.864111
0.6991069;0.1340753;9.892841
0.7182605;0.02873042;9.940725
0.7374141;0.08619126;9.911995
0.6895301;0.06703765;9.892841
0.7278373;0.08619126;9.854534
0.7374141;0.11492168;9.883265
0.7086837;0.11492168;9.864111
0.7086837;0.11492168;9.892841
0.6895301;0.12449849;9.883265
0.7374141;0.076614454;9.844957
0.6895301;0.08619126;9.931149
0.6895301;0.076614454;9.921572
0.7086837;0.10534488;9.892841
0.7469909;0.06703765;9.873688
0.7374141;0.1340753;9.864111
0.7374141;0.1340753;9.921572
0.7278373;0.095768064;9.892841
0.7469909;0.095768064;9.892841
0.7374141;0.05746084;9.873688
0.6991069;0.08619126;9.854534
0.6991069;0.12449849;9.892841
0.7469909;0.009576807;9.873688
0.7086837;0.12449849;9.892841
0.7565677;0.11492168;9.835381
0.7182605;0.05746084;9.892841
0.6799533;0.1340753;9.873688
0.7757214;0.095768064;9.873688
0.7374141;0.08619126;9.892841
0.7374141;0.08619126;9.825804
0.7278373;0.10534488;9.892841
0.7278373;0.08619126;9.864111
0.7182605;0.06703765;9.940725
0.7757214;0.05746084;9.883265
0.7469909;0.08619126;9.892841
0.7374141;0.05746084;9.835381
0.6895301;0.038307227;9.902418
0.7182605;0.05746084;9.902418
0.7469909;0.08619126;9.864111
0.7374141;0.08619126;9.873688
0.7374141;0.08619126;9.892841
0.7182605;0.10534488;9.950302
0.7374141;0.038307227;9.883265
0.7278373;0.06703765;9.902418
0.79487497;0.11492168;9.883265
0.7086837;0.02873042;9.873688
0.7278373;0.11492168;9.864111
0.7278373;0.047884032;9.835381
0.7278373;0.08619126;9.902418
0.7374141;0.06703765;9.80665
0.7374141;0.08619126;9.844957
0.7374141;0.095768064;9.902418
0.78529817;0.076614454;9.854534
0.7182605;0.1340753;9.940725
0.7086837;0.10534488;9.892841
0.7565677;0.047884032;9.873688
0.7086837;0.11492168;9.902418
0.6799533;0.10534488;9.892841
0.7278373;0.095768064;9.854534
0.6703765;0.08619126;9.892841
0.7182605;0.095768064;9.883265
0.7469909;0.08619126;9.911995
0.6991069;0.05746084;9.892841
0.7278373;0.02873042;9.950302
0.7278373;0.095768064;9.864111
0.7086837;0.12449849;9.825804
0.7374141;0.076614454;9.931149
0.7565677;0.12449849;9.854534
0.6991069;0.11492168;9.854534
0.7565677;0.095768064;9.883265
0.6895301;0.047884032;9.864111
0.7469909;0.11492168;9.825804
0.7374141;0.047884032;9.816227
0.7374141;0.095768064;9.883265
0.6991069;0.1436521;9.873688
0.7374141;0.11492168;9.854534
0.7374141;0.11492168;9.854534
0.7374141;0.076614454;9.911995
0.7757214;0.12449849;9.921572
0.7757214;0.11492168;9.816227
0.7469909;0.038307227;9.797073
0.78529817;0.08619126;10.0748005
0.7182605;0.11492168;9.797073
0.7182605;0.18195933;9.720459
0.7182605;0.10534488;9.921572
0.641646;0.05746084;9.892841
0.78529817;0.08619126;9.911995
0.7469909;0.038307227;9.969456
0.6703765;0.12449849;9.921572
0.79487497;0.095768064;9.950302
0.7278373;0.02873042;9.921572
0.6799533;0.10534488;9.902418
0.79487497;0.11492168;9.883265
0.7469909;0.076614454;9.940725
0.6799533;0.15322891;9.873688
0.7469909;0.10534488;9.892841
0.7661445;0.10534488;9.883265
0.7469909;0.076614454;9.892841
0.7086837;0.11492168;9.950302
0.7374141;0.076614454;9.873688
0.7182605;0.047884032;9.940725
0.7374141;0.076614454;9.969456
0.81402856;0.05746084;9.844957
0.7278373;0.15322891;9.969456
0.51714754;0.095768064;9.595961
0.8810662;0.095768064;9.959879
0.6703765;0.19153613;9.682152
0.641646;0.17238252;9.797073
0.7661445;0.12449849;9.797073
0.6895301;0.076614454;9.959879
0.6607997;0.12449849;9.902418
0.7469909;0.11492168;9.873688
0.7182605;0.076614454;9.921572
0.7278373;0.08619126;9.969456
0.7757214;0.06703765;10.01734
0.7278373;0.076614454;9.883265
0.7086837;0.11492168;9.902418
0.7661445;0.06703765;9.816227
0.7278373;0.16280572;9.854534
0.7661445;0.1436521;9.835381
0.7661445;0.1436521;9.80665
0.7182605;0.12449849;9.854534
0.7565677;0.10534488;9.825804
0.7086837;0.05746084;9.873688
0.7565677;0.08619126;9.864111
0.6991069;0.06703765;9.902418
0.6991069;0.08619126;9.902418
0.7374141;0.047884032;9.883265
0.7374141;0.10534488;9.950302
0.6703765;0.05746084;9.911995
0.7469909;0.1340753;9.797073
0.6607997;0.10534488;9.864111
0.7086837;0.05746084;9.864111
0.6895301;0.08619126;9.902418
0.6703765;0.06703765;9.844957
0.7565677;0.076614454;9.77792
0.7182605;0.095768064;9.854534
0.6991069;0.076614454;9.911995
0.7182605;0.05746084;9.854534
0.7278373;0.06703765;9.835381
0.7182605;0.02873042;9.825804
0.7757214;0.06703765;9.931149
0.7661445;0.08619126;9.931149
0.7469909;0.06703765;9.931149
0.7565677;0.12449849;9.835381
0.6799533;0.047884032;9.892841
0.7565677;0.1436521;9.854534
0.7565677;0.08619126;9.892841
0.6799533;0.08619126;9.873688
0.7661445;0.095768064;9.864111
0.7182605;0.02873042;9.854534
0.6799533;0.076614454;9.873688
0.7278373;0.095768064;9.816227
0.7182605;0.038307227;9.950302
0.6991069;0.019153614;9.864111
0.6991069;0.08619126;9.873688
0.6799533;0.10534488;9.892841
0.7565677;0.095768064;9.825804
0.7086837;0.095768064;9.892841
0.6799533;0.1340753;9.835381
0.7757214;0.047884032;9.825804
0.7469909;0.12449849;9.844957
0.7182605;0.11492168;9.873688
0.6895301;0.10534488;9.864111
0.7757214;0.095768064;9.902418
0.7278373;0.08619126;9.873688
0.7086837;0.12449849;9.844957
0.7757214;0.05746084;9.940725
0.7469909;0.08619126;9.892841
0.7565677;0.076614454;9.911995
0.7661445;0.12449849;9.854534
0.6991069;0.11492168;9.921572
0.7086837;0.076614454;9.835381
0.7469909;0.095768064;9.854534
0.7278373;0.10534488;9.911995
0.7086837;0.047884032;9.921572
0.6895301;0.06703765;9.940725
0.7182605;0.095768064;9.825804
0.7086837;0.095768064;9.902418
0.7086837;0.15322891;9.835381
0.7661445;0.076614454;9.835381
0.7469909;0.12449849;9.911995
0.80445176;0.12449849;9.883265
0.79487497;0.21068975;9.959879
0.82360536;0.20111294;9.921572
0.7374141;0.17238252;9.844957
0.7086837;0.21068975;9.883265
0.79487497;0.2681506;9.730036
0.81402856;0.33518824;9.873688
0.6512229;0.34476504;9.892841
0.7757214;0.20111294;9.758766
0.6991069;0.22984336;9.80665
0.6607997;0.12449849;9.787497
0.6607997;0.1340753;9.873688
0.7374141;0.19153613;9.940725
0.61291564;0.10534488;9.835381
0.58418524;0.16280572;9.883265
0.7182605;0.10534488;9.854534
0.6607997;0.06703765;10.065224
0.60333884;0.10534488;10.189722
0.7661445;0.17238252;10.218452
0.79487497;0.08619126;10.323798
0.63206923;0.21068975;10.5919485
0.5554548;0.34476504;10.812215
0.60333884;0.6512229;10.572795
0.21068975;0.59376204;10.362105
0.47884035;1.1204864;10.524911
0.24899697;1.541866;10.323798
0.1436521;1.2545617;9.730036
1.2545617;1.8866309;10.180145
0.9864111;2.135628;9.902418
0.2873042;2.2505496;9.80665
1.3024458;2.5570073;9.854534
0.62249243;2.5953147;9.931149
-0.02873042;2.8060043;9.423578
1.3024458;2.825158;9.346964
0.61291564;2.7485435;9.481039
-0.2681506;3.4859576;9.634268
1.7525556;3.1028855;8.868123
1.5035586;3.074155;9.500193
-0.29688102;3.5242648;9.969456
2.2218192;3.3039982;9.002198
1.292869;3.0358477;9.414001
-0.47884035;3.5913026;9.414001
1.5993267;2.834735;9.32781
1.1779473;2.5570073;9.634268
-0.5746084;3.1507695;9.710882
1.1587936;2.4133554;9.576807
1.1875241;2.3654714;9.385271
-0.095768064;2.480393;9.988609
1.2449849;1.982399;9.643845
0.90021986;2.0398598;9.5385
0.15322891;1.7717092;9.768343
0.8523358;1.7908629;9.768343
1.1013328;1.436521;9.662998
0.19153613;1.4269443;9.959879
0.59376204;1.541866;9.854534
1.541866;1.340753;9.279925
0.019153614;1.6663644;10.151415
0.545878;1.6184803;9.624691
1.6280571;0.90021986;10.237606
-0.23942018;0.81402856;10.812215
-0.10534488;0.79487497;10.840945
1.8962077;0.21068975;11.070788
0.8714894;0.46926352;11.032481
0.7565677;0.37349546;11.022904
2.1260512;0.31603462;10.486604
0.45968673;0.4309563;10.199299
0.37349546;0.48841715;9.710882
1.4748282;0.2777274;9.059659
0.45010993;0.20111294;9.32781
-0.10534488;0.32561144;9.586384
0.80445176;0.02873042;8.848969
0.45968673;0.12449849;8.896853
0.30645782;0.1436521;8.772355
1.1204864;-0.33518824;9.193734
0.61291564;0.33518824;10.429143
0.80445176;0.10534488;9.749189
0.36391866;0.11492168;9.892841
0.20111294;0.50757074;9.586384
1.1492168;0.0;9.902418
-0.60333884;0.05746084;10.91756
-0.9576807;0.41180268;10.850522
1.1683705;-0.21068975;10.314221
0.81402856;0.23942018;10.850522
0.41180268;0.4405331;11.769896
1.4556746;-0.23942018;11.204864
0.50757074;0.21068975;11.176133
0.33518824;0.45968673;9.844957
1.292869;0.15322891;9.701305
0.8810662;0.62249243;9.854534
1.0342951;0.23942018;10.409989
0.6512229;0.35434186;10.103531
0.7469909;0.6512229;9.394848
1.5705963;0.7757214;9.241618
0.50757074;1.1109096;9.509769
-0.2681506;1.292869;9.758766
0.81402856;1.091756;9.442732
0.12449849;1.3982137;9.739613
0.50757074;1.6759412;9.825804
2.030283;1.3024458;9.940725
0.89064306;1.3120226;10.304645
-0.17238252;1.5227122;10.524911
1.6089035;1.2737153;9.126697
0.78529817;1.283292;9.682152
-0.89064306;1.7142484;9.576807
1.9440918;1.2449849;9.471462
0.92895025;1.5227122;9.77792
-0.61291564;2.0111294;9.653421
1.4652514;1.5035586;8.992621
0.9864111;1.7717092;9.3182335
0.02873042;2.6719291;10.055647
1.4269443;1.2545617;9.921572
-0.35434186;3.3423057;10.802638
0.16280572;2.1452048;9.797073
1.9728222;0.90979666;10.093954
0.5746084;2.5091233;11.568783
0.78529817;1.5514427;10.093954
2.2409728;1.5514427;9.279925
1.2545617;2.3080103;9.959879
0.59376204;1.4460979;9.662998
1.4077905;1.7621324;9.509769
1.0630256;2.2218192;11.099519
0.7469909;2.3080103;8.475474
0.076614454;1.4939818;9.672575
-1.5897499;2.7006595;9.691729
0.30645782;1.8100165;8.695741
0.90979666;1.5131354;9.452309
-1.13964;2.0207062;10.151415
0.94810385;0.9959879;9.710882
2.2697031;0.50757074;10.457873
0.38307226;0.89064306;10.965444
1.5801731;0.6703765;11.176133
2.3654714;1.2258313;8.66701
-0.076614454;1.5514427;9.021352
-1.9249382;1.3503298;8.082825
-1.0726024;1.5705963;8.130709
-0.7278373;0.60333884;8.724471
-1.292869;1.2354081;11.36767
1.3599066;0.80445176;9.825804
2.4037786;0.095768064;10.208876
0.6895301;1.0821792;10.793061
3.3806129;1.1013328;10.6877165
2.9496565;0.5363012;9.682152
-0.009576807;2.078167;9.557653
1.8195933;1.3694834;9.385271
1.2641385;0.40222588;10.237606
-1.685518;0.9576807;10.697293
1.9249382;0.5650316;11.530476
1.9153614;-0.06703765;9.672575
0.038307227;1.0151415;10.783484
1.6472107;0.9959879;9.77792
2.3463178;0.22984336;8.226477
-0.46926352;1.4652514;11.425131
0.29688102;0.90979666;9.414001
1.1013328;0.11492168;9.490616
-2.1452048;1.4269443;10.084377
0.91937345;0.63206923;8.7053175
2.3750482;-0.7278373;10.419566
-1.1204864;1.13964;11.559206
1.0055647;-0.19153613;10.180145
2.8634653;0.20111294;8.935161
1.1492168;1.5514427;9.892841
1.3120226;0.16280572;10.869676
0.94810385;0.641646;12.066776
0.2777274;0.81402856;10.94629
0.7086837;0.5267244;10.429143
1.436521;1.1875241;9.691729
1.6376339;-0.009576807;10.275913
-0.30645782;0.7757214;11.118672
0.7757214;0.9959879;8.724471
1.340753;0.047884032;8.331821
-2.3175871;1.388637;8.6095495
-0.62249243;0.51714754;9.174581
1.6280571;1.5035586;10.0269165
-0.019153614;0.7757214;9.155427
1.7525556;0.5554548;10.582372
2.7102363;0.9959879;10.065224
1.6089035;0.81402856;8.39886
0.8810662;1.1013328;9.471462
0.7086837;1.4652514;9.998186
0.7469909;0.6799533;9.921572
-1.436521;0.842759;11.224017
-1.484405;1.6089035;9.80665
2.2409728;0.2873042;7.967903
2.0494366;1.0726024;11.233594
0.41180268;1.340753;12.038046
1.7812861;0.61291564;10.208876
0.6512229;2.2026656;9.423578
-1.6567876;1.484405;8.274361
-1.6567876;1.0151415;10.91756
-1.3790601;0.7278373;10.160992
2.135628;-0.16280572;10.247183
2.633622;1.1587936;11.798626
2.719813;1.685518;8.839393
2.6048915;2.1068976;9.921572
0.9959879;1.8483237;9.873688
0.05746084;1.1587936;10.0748005
-1.0821792;0.40222588;11.9135475
-1.091756;0.81402856;8.868123
1.0821792;0.17238252;6.5984197
1.484405;1.043872;10.189722
0.81402856;1.8195933;11.21444
4.453215;0.48841715;9.222465
2.7868507;0.61291564;12.105083
-0.25857377;1.2545617;11.262324
1.6280571;0.641646;9.988609
-0.7661445;0.90979666;12.018892
-0.15322891;1.7525556;9.394848
6.5601125;0.90021986;10.620679
0.038307227;1.2066777;10.247183
-5.7269306;2.6719291;9.864111
3.6487634;1.3790601;8.101978
3.6966474;0.10534488;8.00621
-6.3111157;2.030283;12.459426
4.3287168;1.091756;9.040505
7.5944076;0.40222588;7.929596
-5.1810527;3.2369606;11.530476
-1.5610195;1.388637;7.7093296
6.694188;-2.030283;7.5944076
-4.9224787;1.3790601;13.034034
-4.10845;1.1779473;7.1251445
7.833828;-1.3215994;7.565677
-2.7964275;3.5338416;9.662998
-0.59376204;1.6567876;8.303091
4.4436383;-0.1436521;9.375694
-2.135628;2.8634653;8.341399
-0.59376204;-0.38307226;9.672575
3.4572272;-0.7278373;8.303091
-0.6607997;1.9536686;11.405977
1.2737153;0.51714754;7.642292
2.8538885;1.091756;8.197746
-2.2122424;1.6184803;10.869676
0.90979666;-0.1340753;8.312668
2.6431987;-0.45968673;12.315774
-1.6950948;1.8291701;11.520899
1.8100165;1.1109096;7.5465236
2.777274;1.4077905;9.461885
-1.1204864;1.8674773;10.409989
0.9576807;-1.0342951;11.616667
0.17238252;0.076614454;14.039598
2.384625;1.5610195;12.603078
6.205771;-0.2777274;10.0748005
-1.2258313;1.4269443;10.5919485
-2.7006595;1.5610195;8.6095495
4.185065;-1.0726024;8.513782
-1.1971009;-0.63206923;12.593501
-0.5650316;1.8674773;10.25676
7.4124484;-0.45010993;7.4603324
-3.2752678;1.4269443;10.1226845
-3.8307228;2.7102363;8.542512
6.291962;-1.5610195;7.872135
-1.8962077;0.91937345;11.080365
-2.9400797;2.27928;10.764331
8.0445175;-0.076614454;8.494628
1.8004397;1.4269443;9.059659
-2.7006595;1.8579005;8.446744
3.1507695;-2.2218192;8.954314
-1.2066777;1.9153614;10.716447
1.2641385;1.4748282;11.348516
2.6144683;-0.5650316;8.820239
-3.4380736;3.6391866;9.193734
1.1013328;1.1492168;6.483498
1.733402;-2.087744;11.415554
0.63206923;2.7581203;10.1226845
7.0581064;-0.35434186;13.378799
0.7661445;1.0342951;10.697293
0.1436521;1.8770541;6.4068837
0.8523358;-3.3518825;14.872781
-3.3806129;1.6472107;13.330915
7.441179;0.7086837;8.303091
0.7757214;-2.767697;15.160085
-7.469909;5.5737014;3.2561142
9.32781;-3.3518825;10.381259
-3.7062242;1.3215994;12.066776
-2.3175871;5.45878;8.686164
12.105083;-3.2561142;11.57836
-1.6759412;3.265691;9.423578
-2.920926;3.4476504;6.7229185
4.8841715;-3.3135753;14.33648
-1.2354081;3.3518825;6.789956
1.4173675;-1.340753;12.440272
-2.2601264;2.0494366;7.728483
-0.7661445;3.5913026;2.6623523
1.2066777;-1.4460979;11.932701
-3.1986535;3.7541082;10.620679
8.350976;1.4748282;7.9870567
6.483498;-2.2122424;15.773001
-5.90889;4.4244847;7.52737
4.7022123;-2.3558946;12.124237
0.24899697;-1.3694834;11.654974
-3.6870706;3.86903;13.637373
4.0414124;-3.8594532;11.473015
-0.18195933;2.2122424;8.063671
-0.5267244;1.6472107;9.624691
3.2561142;-1.1492168;10.927136
1.3694834;2.2409728;10.524911
5.0278234;-0.90021986;13.493721
1.2258313;-0.37349546;11.616667
-0.2681506;1.3790601;9.80665
2.681506;-1.043872;9.021352
0.91937345;0.8523358;6.751649
0.009576807;0.15322891;8.714894
-1.6089035;-1.1587936;10.745177
-0.18195933;1.484405;8.944737
2.681506;-0.30645782;11.942278
-2.3750482;0.0;8.983045
3.2369606;1.4556746;10.611102
7.728483;-2.2697031;9.586384
-3.064578;0.08619126;11.262324
-3.217807;0.91937345;11.032481
6.0046577;-1.4556746;5.9567738
-0.8810662;0.0;8.523358
-6.7708025;0.41180268;12.258312
5.48751;-1.1109096;6.9719152
2.5953147;-1.1971009;10.055647
-5.21936;1.8770541;12.938266
3.715801;-1.1204864;9.356541
5.90889;-1.3694834;10.371682
-3.2752678;1.3024458;12.919112
0.21068975;-0.59376204;10.1226845
4.501099;-0.90979666;10.266336
-2.1260512;1.0342951;10.534488
0.24899697;-0.41180268;8.0445175
2.633622;-0.33518824;8.7053175
0.33518824;0.90979666;9.835381
0.90979666;-1.1492168;11.377247
0.59376204;0.0;11.319786
0.89064306;-0.2873042;10.036493
4.0797195;-0.8331822;10.04607
3.371036;-0.90979666;10.94629
-0.63206923;-0.20111294;12.344504
1.7142484;-1.1683705;8.2169
1.9919758;-0.35434186;8.532935
-1.1683705;-0.22026655;10.46745
0.6607997;-0.34476504;11.281479
3.169923;-0.7661445;11.33894
-0.5746084;-0.35434186;11.032481
-0.22026655;1.484405;8.485051
3.86903;-0.24899697;8.350976
0.59376204;1.13964;9.931149
0.22984336;-0.16280572;10.524911
0.31603462;-0.8810662;9.911995
-0.22984336;1.6089035;8.207323
2.9113493;0.45968673;7.431602
1.1683705;-0.45010993;9.471462
-1.1587936;-0.24899697;12.459426
2.4133554;-0.7086837;11.856087
-0.40222588;0.38307226;9.308656
-0.4309563;1.0821792;7.374141
4.405331;-0.6512229;8.647857
1.9728222;-0.51714754;12.11466
-0.7757214;0.05746084;12.842498
0.8810662;-0.08619126;9.988609
0.7086837;1.1587936;6.5984197
1.484405;0.7278373;8.063671
2.9879637;-1.5801731;12.411542
-0.35434186;-0.5650316;14.642938
0.038307227;0.37349546;11.425131
2.1930888;1.1300632;6.090849
1.541866;0.29688102;5.5258174
2.7581203;0.80445176;11.808203
2.815581;-1.934515;14.5759
-3.0933087;-0.7469909;14.192827
1.2162545;2.7964275;4.5298295
6.7229185;0.0;6.1770406
-1.6567876;1.3790601;11.262324
-1.1109096;-0.41180268;14.872781
1.8291701;-1.1683705;10.91756
-0.40222588;2.1643584;7.2113357
3.0262709;1.685518;5.7269306
3.8402996;-0.545878;10.237606
-1.1300632;-0.5267244;13.589489
-0.7278373;0.41180268;11.693281
1.9728222;1.7908629;4.596867
1.6376339;1.8866309;3.6391866
-0.1436521;2.0111294;9.921572
1.1971009;-0.23942018;10.180145
0.641646;-0.095768064;11.722012
-1.4173675;1.1587936;10.01734
1.9536686;1.5705963;5.8705826
2.5474305;0.20111294;8.829816
-1.6759412;1.9057846;10.97502
3.2561142;-1.13964;9.279925
0.39264908;-0.038307227;12.344504
-2.0207062;2.585738;8.839393
4.2425256;0.038307227;7.680599
-0.08619126;0.18195933;10.342952
-2.8060043;0.7565677;9.998186
3.7445314;-1.3982137;13.426683
1.541866;1.13964;10.994174
1.1492168;0.49799395;11.319786
1.733402;-0.94810385;10.793061
-0.17238252;0.5363012;8.542512
-0.2777274;-0.6703765;13.187263
-0.51714754;1.2162545;11.137826
2.327164;1.2641385;7.7667904
0.842759;0.12449849;10.409989
1.0247183;2.1930888;8.954314
3.5338416;-1.3599066;12.076353
-0.5746084;2.2697031;10.965444
1.4939818;2.1643584;7.0581064
2.4708161;0.5267244;8.054094
-1.4269443;2.9017725;7.5082164
1.2449849;-0.24899697;10.141838
-0.2777274;0.4309563;12.603078
-1.1492168;2.3175871;7.383718
3.572149;0.02873042;6.3781533
-2.27928;1.1013328;9.481039
-0.06703765;0.20111294;11.204864
5.592855;-1.5610195;13.867216
0.4213795;0.6799533;12.909535
-1.0534488;0.12449849;11.042058
2.815581;-0.02873042;7.8529816
0.35434186;-0.4213795;8.66701
-0.6607997;-0.1436521;13.388376
4.156334;0.009576807;11.836933
3.1028855;-0.1436521;10.007763
-1.8004397;-1.3503298;10.994174
1.6472107;0.545878;10.534488
5.8705826;-1.8387469;12.670115
-0.9576807;0.06703765;13.503298
-2.3175871;2.030283;10.055647
3.514688;-0.32561144;4.9703627
-1.8004397;1.3120226;7.680599
-0.5746084;1.6089035;10.170568
4.060566;-0.5650316;9.203311
-2.7006595;1.0630256;9.030929
-4.4436383;2.1452048;6.14831
3.169923;0.6607997;3.7253778
2.327164;1.2162545;8.628703
-0.15322891;0.08619126;13.034034
2.930503;-2.5761611;12.679692
0.89064306;-0.91937345;10.189722
-1.5897499;-1.5705963;12.459426
0.94810385;-1.9249382;10.0269165
3.2082303;-3.4572272;13.666103
0.7086837;-2.5953147;18.540697
3.2561142;-2.336741;16.108189
4.9703627;-5.583278;14.987702
0.49799395;-2.5474305;16.203957
4.9224787;-5.142745;17.764977
3.9456444;-5.535394;20.523096
1.0055647;-5.046977;22.122423
6.1100025;-5.410896;19.699492
4.606444;-5.5641246;16.941372
-0.58418524;-4.721366;16.654066
1.1683705;-6.1004257;16.721106
-1.6089035;-6.483498;15.974113
-2.4708161;-4.5202527;14.54717
2.9400797;-4.4436383;16.759413
-0.641646;-1.7525556;15.840038
3.2848446;-2.6240451;12.53604
4.5777135;-2.5378537;10.582372
-1.6472107;-0.58418524;7.785944
-0.06703765;0.12449849;6.7708025
1.0151415;0.18195933;1.3311762
-6.9144545;1.6089035;-6.3781533
-10.620679;3.2752678;-5.0661306
2.3175871;1.5993267;7.335834
6.339846;-0.641646;4.501099
-13.129802;1.7429788;8.446744
-6.7324953;8.743625;-16.82645
14.010868;1.6376339;-4.644751
0.009576807;3.064578;8.963891
-0.10534488;6.1387334;10.630256
19.04827;-0.02873042;5.133168
-3.6774938;5.2480903;5.650316
0.89064306;3.7349546;0.35434186
8.944737;-4.951209;12.756307
-9.404425;1.6950948;7.9104424
-6.799533;3.9073372;16.01242
-0.7374141;-1.8674773;8.513782
-2.0590134;4.0701427;4.4723687
2.5187001;-0.62249243;16.596605
4.55856;1.5993267;20.503942
5.00867;2.432509;17.104177
6.3589997;0.29688102;19.10573
-1.5514427;5.765238;6.5696893
-0.8714894;7.153875;10.46745
5.4683566;3.3135753;9.32781
0.91937345;5.66947;8.446744
-4.7500963;5.353435;11.60709
-5.717354;10.28549;-4.405331
1.7812861;7.4028716;2.1930888
2.96881;5.171476;3.620033
-6.4739213;4.8937483;10.697293
-3.4093432;7.651869;-6.1004257
7.680599;3.9552212;-8.7532015
0.32561144;4.6830587;14.537593
-1.1587936;8.0445175;10.726024
9.423578;1.934515;3.4284968
-1.4748282;2.27928;0.11492168
-2.9592333;4.060566;9.595961
8.255207;0.29688102;13.905523
-2.9400797;1.8866309;12.966996
-4.261679;2.873042;5.5162406
8.7532015;0.7086837;12.239159
3.016694;2.432509;10.228029
-5.094861;3.0071173;14.240712
-0.095768064;3.1124623;9.768343
3.6774938;4.5394063;-2.7485435
0.89064306;5.1140146;14.489709
1.4556746;2.882619;11.932701
1.8962077;6.531382;7.1155677
-0.02873042;6.4547677;0.6895301
1.283292;5.305551;-3.2848446
0.641646;5.104438;8.66701
-7.833828;3.8786068;5.142745
-5.803545;5.7269306;-0.45010993
9.768343;4.271256;3.3135753
-2.5091233;6.0621185;7.383718
0.038307227;9.653421;-0.18195933
12.957419;2.96881;3.6391866
-0.06703765;3.8498764;10.965444
-3.074155;5.861006;11.540052
9.088389;0.92895025;9.653421
-2.9113493;5.00867;6.4739213
-4.4723687;4.7405195;12.0571995
11.492168;-0.16280572;14.058752
-1.3599066;2.4995465;16.558298
-8.561666;1.8387469;18.013973
3.7253778;3.8786068;9.423578
8.322245;4.367024;6.1100025
-3.9743748;2.4420857;9.988609
-4.606444;3.8881836;17.860744
12.50731;1.1109096;16.596605
5.439626;0.18195933;19.756952
-3.217807;1.982399;17.908628
6.7612257;0.81402856;16.136919
0.59376204;-1.934515;15.045163
-9.5385;-2.3463178;17.199945
1.4652514;-4.7788267;18.617311
2.7006595;-8.475474;21.337126
-6.8761473;-4.6351743;26.010607
2.8538885;-4.3861775;14.480132
1.1109096;-5.5162406;13.005303
-6.0238113;-0.90979666;14.001291
2.2505496;-6.090849;11.089942
-0.5746084;-4.9895163;12.832921
-2.183512;-0.34476504;9.672575
5.104438;-4.644751;12.813767
4.309563;-2.1452048;10.180145
-0.41180268;-0.92895025;3.514688
-11.291056;0.16280572;6.5984197
2.030283;0.7182605;-1.7525556
13.694834;-2.8060043;16.203957
-7.038953;-3.7062242;16.654066
-9.643845;4.663905;-2.930503
8.590396;2.030283;-7.1347213
7.441179;-4.1276035;-1.8674773
-6.0525417;0.8619126;9.279925
1.8387469;-2.7581203;12.200851
4.9799395;-2.2984335;5.602432
-5.2863975;0.36391866;2.2984335
3.2465374;-2.2218192;2.777274
6.483498;-5.3247046;9.902418
-3.8881836;-3.7445314;17.372328
-1.1109096;-3.8498764;13.9151
6.5122285;-6.0238113;12.105083
0.25857377;-5.66947;15.064317
3.5434184;-7.5465236;18.167202
6.588843;-8.034941;18.636467
-1.2258313;-8.274361;16.788143
0.35434186;-7.0964136;15.456966
4.223372;-7.9487495;12.957419
-2.0111294;-6.2632318;14.566323
-1.1109096;-7.4124484;13.158532
-9.289502;-13.982138;-8.303091
13.273455;-13.828909;14.537593
3.0454245;-8.456321;16.711529
-5.841852;-7.345411;13.637373
5.506664;-3.9073372;6.301539
2.4899697;-2.9879637;-4.405331
-1.6280571;-3.6296098;2.6144683
-0.641646;-3.4955344;9.825804
1.2545617;-5.803545;9.710882
0.58418524;-6.157887;3.323152
1.1013328;-1.982399;4.6351743
2.9879637;-2.135628;6.847417
-1.388637;-2.1643584;8.791509
-4.865018;-4.721366;8.810662
3.9360676;-3.1890767;11.501745
5.056554;-1.6663644;12.459426
-3.3614593;-3.821146;9.883265
1.4460979;-2.9113493;12.488156
1.3503298;-1.2449849;15.667656
0.095768064;-2.585738;18.004396
3.715801;-1.982399;13.484144
4.5394063;-1.5705963;11.587936
0.9768343;-2.4037786;11.386824
1.8387469;-0.40222588;16.357185
2.5187001;-0.92895025;12.785037
4.223372;-0.6895301;11.36767
-1.9249382;-0.5267244;9.615114
3.3997664;0.1436521;8.781932
1.685518;0.47884035;8.504205
-2.0494366;1.1109096;9.825804
2.528277;1.8962077;7.4603324
4.050989;1.4939818;6.895301
-0.6799533;1.7525556;10.381259
0.45968673;2.3942018;11.9614315
-0.80445176;2.3175871;9.011775
-1.1875241;2.1930888;5.104438
-1.0630256;2.6623523;5.851429
-0.46926352;2.3463178;8.810662
1.1875241;0.34476504;10.151415
0.22984336;0.40222588;12.670115
0.35434186;1.3790601;11.3964
2.3750482;1.13964;6.6846113
-2.0398598;-0.009576807;6.1004257
-5.257667;0.45010993;7.4603324
1.934515;-1.6759412;8.848969
-0.4309563;-1.1971009;13.215993
-1.1204864;0.05746084;11.453861
4.501099;-2.0398598;9.768343
1.091756;-1.4173675;9.241618
-2.8921957;0.4213795;9.77792
1.8579005;-1.283292;9.107543
2.3750482;-0.038307227;9.557653
-0.60333884;-0.34476504;11.731588
1.934515;-0.61291564;10.879252
2.1068976;-0.4405331;9.9790325
-0.80445176;1.0726024;10.390836
0.58418524;1.3024458;7.5082164
2.72939;1.1587936;7.9583263
1.1109096;1.6376339;10.141838
0.49799395;1.8195933;10.898406
2.1547816;1.4460979;10.323798
0.38307226;1.7621324;8.743625
0.89064306;1.685518;8.935161
0.61291564;1.0055647;9.873688
-0.23942018;0.9576807;10.170568
0.38307226;1.1492168;10.879252
2.4133554;0.45968673;9.193734
1.8387469;0.019153614;12.593501
1.2641385;-0.37349546;13.589489
2.7102363;-1.0247183;11.252748
0.24899697;-0.4309563;10.67814
-2.2505496;-0.009576807;8.37013
0.12449849;-1.1492168;7.5848308
0.78529817;-1.1492168;11.022904
0.0;-0.31603462;11.702858
1.9536686;-1.6280571;11.21444
1.6472107;-0.7374141;10.141838
1.1300632;0.2681506;8.513782
0.8714894;-0.7086837;7.7667904
-0.29688102;-0.12449849;9.471462
1.4748282;-0.06703765;9.174581
1.0630256;-1.4269443;9.576807
-0.35434186;0.7278373;8.485051
2.0685902;-0.5267244;7.3645644
0.63206923;-0.23942018;9.3182335
-2.1260512;1.292869;7.967903
3.371036;-0.61291564;6.2345014
0.38307226;0.009576807;8.073248
-0.076614454;0.45010993;10.304645
4.3861775;-1.5610195;9.251195
0.23942018;-1.6663644;9.988609
-2.585738;-1.1300632;8.063671
2.834735;-2.4229321;7.5082164
1.3215994;-3.083732;9.662998
-0.79487497;-3.5529952;12.689269
4.7884035;-5.861006;13.809755
0.80445176;-4.55856;15.437813
-2.4708161;-4.5777135;12.765883
2.633622;-5.305551;10.515334
1.532289;-4.6160207;10.582372
-2.087744;-4.3382936;10.553641
-0.62249243;-5.363012;11.990162
0.59376204;-5.0661306;10.97502
0.8331822;-4.462792;11.712435
1.7621324;-4.644751;11.60709
1.0342951;-3.4476504;10.6877165
0.94810385;-3.572149;9.5385
0.93852705;-3.016694;8.054094
1.436521;-2.7389667;8.025364
1.2354081;-2.9400797;8.475474
0.06703765;-2.6048915;8.379706
0.21068975;-2.9879637;9.56723
1.8962077;-2.719813;10.189722
1.2258313;-2.9113493;11.587936
-1.3982137;-2.566584;12.4785795
1.13964;-1.8100165;10.362105
3.6104562;-2.5187001;9.433155
-0.23942018;-1.6663644;11.195287
0.545878;-1.13964;10.381259
3.4955344;-1.8962077;10.199299
-2.432509;-0.22026655;9.662998
-0.6991069;-0.6895301;7.6710224
1.934515;-1.283292;8.7053175
-1.7238252;-0.39264908;9.749189
-0.79487497;-0.9864111;10.726024
2.4133554;-1.2641385;10.371682
0.7374141;-0.6991069;10.46745
0.019153614;-0.545878;11.60709
2.0111294;-0.5267244;10.055647
0.9672575;-0.12449849;10.199299
-0.4213795;0.4309563;9.892841
1.2737153;0.61291564;7.9870567
0.9768343;0.1436521;8.801085
0.095768064;0.9576807;8.791509
2.480393;0.16280572;8.887277
1.7142484;-0.12449849;9.710882
-0.1436521;0.79487497;8.983045
2.1739352;-0.15322891;8.734048
0.2777274;0.4405331;8.724471
-0.31603462;0.30645782;9.433155
1.6759412;-0.24899697;10.160992
0.80445176;0.39264908;10.5440645
0.81402856;0.19153613;9.969456
1.685518;-0.16280572;10.6398325
1.2737153;0.02873042;10.160992
0.7661445;-0.45010993;11.3964
0.2777274;-0.11492168;9.864111
0.17238252;-0.23942018;9.375694
-0.16280572;-0.1436521;9.346964
0.39264908;-0.047884032;8.801085
0.91937345;-0.82360536;9.911995
-0.16280572;-0.4405331;10.247183
0.59376204;-0.2873042;9.260772
0.8810662;-0.7278373;8.992621
-0.15322891;0.076614454;9.251195
0.9672575;-0.79487497;9.634268
0.5267244;-0.41180268;10.371682
0.11492168;-0.06703765;9.548077
1.1875241;-0.8331822;9.720459
1.091756;-0.29688102;9.557653
1.2066777;-1.043872;10.275913
1.7142484;-1.5801731;11.022904
1.3503298;-1.0630256;11.195287
1.8195933;-1.8770541;10.429143
1.388637;-1.6950948;10.448297
1.3120226;-1.7525556;10.113108
1.5514427;-2.3750482;10.46745
1.1300632;-1.9728222;10.065224
1.283292;-2.336741;9.634268
0.842759;-2.6240451;9.3182335
0.5267244;-2.3654714;8.925584
0.8810662;-2.9783869;9.643845
-0.18195933;-2.777274;9.758766
0.009576807;-2.825158;9.844957
0.50757074;-2.9592333;9.787497
-0.12449849;-2.7102363;9.634268
0.06703765;-2.8634653;10.189722
0.4213795;-2.7102363;10.726024
0.46926352;-2.681506;10.831368
0.5746084;-2.9592333;10.965444
0.29688102;-2.3463178;10.6398325
0.7469909;-2.5187001;10.611102
0.7757214;-2.3750482;10.850522
0.6512229;-2.087744;10.812215
1.1875241;-2.231396;10.572795
1.1875241;-1.8483237;10.04607
0.92895025;-1.5131354;10.132261
1.4173675;-1.484405;9.720459
1.2737153;-1.3120226;9.691729
0.91937345;-1.0151415;10.036493
1.532289;-1.4077905;9.107543
1.1875241;-1.1013328;9.615114
0.78529817;-0.9959879;9.414001
1.3599066;-1.0055647;9.442732
0.80445176;-0.9768343;9.758766
0.60333884;-0.62249243;9.653421
1.3311762;-1.1204864;9.653421
0.62249243;-0.6607997;9.730036
0.36391866;-0.5363012;9.749189
0.7278373;-0.79487497;9.902418
0.46926352;-0.4405331;9.892841
0.50757074;-0.48841715;10.007763
0.5363012;-0.45968673;9.873688
0.4213795;-0.20111294;9.911995
0.6607997;-0.4213795;10.007763
0.50757074;-0.22026655;9.911995
0.5363012;-0.35434186;9.921572
0.59376204;-0.29688102;9.844957
0.5554548;-0.22026655;9.749189
0.7086837;-0.32561144;9.873688
0.6991069;-0.32561144;9.80665
0.78529817;-0.45968673;9.844957
0.7757214;-0.34476504;9.988609
0.7757214;-0.38307226;9.80665
0.93852705;-0.35434186;9.969456
0.79487497;-0.2873042;10.0269165
0.82360536;-0.30645782;10.007763
0.9959879;-0.22984336;10.01734
0.6895301;-0.21068975;9.911995
0.7374141;-0.1340753;9.9790325
0.90979666;-0.095768064;9.864111
0.78529817;-0.17238252;9.988609
0.7374141;-0.095768064;10.0748005
0.9864111;0.0;9.988609
0.9576807;-0.009576807;9.988609
0.78529817;0.05746084;9.998186
0.9959879;0.019153614;9.959879
0.7757214;0.02873042;9.988609
0.7374141;0.1340753;9.844957
0.8523358;0.095768064;9.80665
0.7278373;0.11492168;9.787497
0.7182605;0.18195933;9.825804
0.8714894;0.17238252;9.768343
0.7374141;0.24899697;9.77792
0.7565677;0.30645782;9.787497
0.7469909;0.2777274;9.720459
0.6512229;0.30645782;9.672575
0.6512229;0.36391866;9.787497
0.6991069;0.22984336;9.710882
0.6607997;0.25857377;9.749189
0.6607997;0.23942018;9.739613
0.7469909;0.25857377;9.80665
0.63206923;0.29688102;9.864111
0.7182605;0.15322891;9.854534
0.6991069;0.20111294;9.940725
0.63206923;0.22026655;9.864111
0.7565677;0.15322891;9.911995
0.6991069;0.18195933;10.007763
0.60333884;0.18195933;9.892841
0.8331822;0.22984336;9.931149
0.79487497;0.22026655;9.902418
0.7278373;0.22984336;9.873688
0.8714894;0.2777274;9.844957
0.82360536;0.30645782;9.816227
0.79487497;0.29688102;9.77792
0.842759;0.23942018;9.844957
0.80445176;0.33518824;9.825804
0.82360536;0.32561144;9.825804
0.79487497;0.22984336;9.854534
0.78529817;0.2777274;9.911995
0.80445176;0.24899697;9.911995
0.7469909;0.25857377;9.892841
0.7565677;0.29688102;9.911995
0.7661445;0.22984336;9.883265
0.6703765;0.31603462;9.959879
0.6991069;0.29688102;9.892841
0.6607997;0.25857377;9.883265
0.59376204;0.39264908;9.911995
0.7757214;0.35434186;9.931149
0.6799533;0.33518824;9.873688
0.6703765;0.40222588;9.931149
0.8331822;0.35434186;9.911995
0.7278373;0.50757074;9.950302
0.6991069;0.47884035;9.873688
0.8523358;0.5267244;9.844957
0.82360536;0.51714754;9.844957
0.7661445;0.5363012;9.816227
0.8714894;0.63206923;9.825804
0.7757214;0.59376204;9.758766
0.79487497;0.47884035;9.80665
0.91937345;0.5267244;9.854534
0.7182605;0.48841715;9.825804
0.7661445;0.5650316;9.959879
0.8619126;0.47884035;9.864111
0.78529817;0.5746084;9.950302
0.7278373;0.48841715;9.931149
0.79487497;0.46926352;9.959879
0.6799533;0.47884035;9.931149
0.7182605;0.39264908;9.892841
0.6799533;0.45968673;9.854534
0.6895301;0.37349546;9.864111
0.6512229;0.4309563;9.902418
0.641646;0.30645782;9.816227
0.6799533;0.33518824;9.816227
0.6991069;0.29688102;9.787497
0.7469909;0.33518824;9.854534
0.7565677;0.21068975;9.844957
0.7086837;0.2777274;9.902418
0.7661445;0.2681506;9.816227
0.79487497;0.2681506;9.883265
0.79487497;0.25857377;9.911995
0.8331822;0.19153613;9.902418
0.80445176;0.22984336;9.883265
0.82360536;0.23942018;9.844957
0.79487497;0.18195933;9.883265
0.8331822;0.15322891;9.902418
0.80445176;0.19153613;9.864111
0.81402856;0.17238252;9.911995
0.7757214;0.15322891;9.825804
0.78529817;0.22984336;9.835381
0.7565677;0.16280572;9.787497
0.7182605;0.17238252;9.844957
0.7565677;0.18195933;9.864111
0.80445176;0.12449849;9.835381
0.7086837;0.16280572;9.854534
0.7086837;0.11492168;9.854534
0.7661445;0.08619126;9.864111
0.7182605;0.15322891;9.883265
0.7661445;0.12449849;9.892841
0.7661445;0.1340753;9.854534
0.6991069;0.12449849;9.902418
0.78529817;0.1340753;9.844957
0.7469909;0.11492168;9.911995
0.7661445;0.11492168;9.787497
0.7469909;0.1436521;9.835381
0.7661445;0.16280572;9.873688
0.7565677;0.11492168;9.80665
0.80445176;0.095768064;9.883265
0.7565677;0.11492168;9.892841
0.7757214;0.10534488;9.844957
0.81402856;0.076614454;9.854534
0.7374141;0.06703765;9.911995
0.7757214;0.1436521;9.873688
0.79487497;0.10534488;9.816227
0.7086837;0.06703765;9.911995
0.78529817;0.11492168;9.873688
0.7565677;0.095768064;9.854534
0.7374141;0.076614454;9.873688
0.78529817;0.095768064;9.835381
0.7565677;0.047884032;9.921572
0.7565677;0.1340753;9.816227
0.7661445;0.08619126;9.864111
0.7469909;0.1340753;9.864111
0.7182605;0.095768064;9.797073
0.7757214;0.1340753;9.864111
0.7278373;0.1340753;9.864111
0.79487497;0.1436521;9.854534
0.7469909;0.12449849;9.864111
0.7565677;0.1436521;9.902418
0.7374141;0.095768064;9.797073
0.7565677;0.15322891;9.921572
0.7469909;0.038307227;9.883265
0.7757214;0.1340753;9.854534
0.7565677;0.095768064;9.902418
0.7565677;0.1436521;9.816227
0.79487497;0.1436521;9.883265
0.78529817;0.1340753;9.835381
0.80445176;0.19153613;9.873688
0.7757214;0.1436521;9.902418
0.7565677;0.23942018;9.835381
0.78529817;0.16280572;9.787497
0.7757214;0.20111294;9.892841
0.7182605;0.20111294;9.873688
0.79487497;0.19153613;9.816227
0.78529817;0.16280572;9.816227
0.78529817;0.20111294;9.787497
0.82360536;0.19153613;9.844957
0.7086837;0.22026655;9.883265
0.7661445;0.25857377;9.80665
0.7661445;0.23942018;9.825804
0.7469909;0.22026655;9.854534
0.7565677;0.22026655;9.844957
0.7757214;0.2873042;9.902418
0.7565677;0.2681506;9.864111
0.6991069;0.2777274;9.835381
0.7565677;0.25857377;9.844957
0.7565677;0.2777274;9.854534
0.7469909;0.2681506;9.892841
0.78529817;0.2681506;9.835381
0.7374141;0.2681506;9.921572
0.7661445;0.23942018;9.873688
0.7374141;0.2873042;9.835381
0.7374141;0.30645782;9.873688
0.7661445;0.21068975;9.864111
0.7278373;0.31603462;9.911995
0.7469909;0.29688102;9.873688
0.7661445;0.23942018;9.873688
0.7565677;0.29688102;9.864111
0.7661445;0.24899697;9.854534
0.81402856;0.30645782;9.902418
0.7469909;0.24899697;9.854534
0.81402856;0.29688102;9.902418
0.7661445;0.2873042;9.844957
0.78529817;0.25857377;9.864111
0.7757214;0.22984336;9.883265
0.7565677;0.22984336;9.854534
0.80445176;0.23942018;9.844957
0.79487497;0.21068975;9.816227
0.7086837;0.21068975;9.864111
0.7469909;0.2681506;9.854534
0.7757214;0.21068975;9.921572
0.7182605;0.19153613;9.797073
0.7565677;0.17238252;9.873688
0.7278373;0.1436521;9.873688
0.6991069;0.18195933;9.854534
0.7086837;0.11492168;9.892841
0.7661445;0.17238252;9.758766
0.7374141;0.19153613;9.911995
0.7469909;0.15322891;9.816227
0.7182605;0.22026655;9.854534
0.7469909;0.1436521;9.825804
0.7661445;0.19153613;9.816227
0.7469909;0.16280572;9.854534
0.79487497;0.1436521;9.844957
0.79487497;0.15322891;9.911995
0.79487497;0.19153613;9.835381
0.7757214;0.1340753;9.816227
0.81402856;0.16280572;9.80665
0.7661445;0.11492168;9.873688
0.7757214;0.20111294;9.787497
0.7374141;0.1340753;9.816227
0.7661445;0.12449849;9.883265
0.7374141;0.15322891;9.854534
0.7469909;0.12449849;9.816227
0.78529817;0.17238252;9.825804
0.7278373;0.10534488;9.864111
0.7278373;0.1340753;9.835381
0.78529817;0.17238252;9.835381
0.7278373;0.11492168;9.825804
0.7374141;0.10534488;9.940725
0.7757214;0.1436521;9.892841
0.7661445;0.1340753;9.844957
0.7182605;0.12449849;9.864111
0.7469909;0.12449849;9.883265
0.7661445;0.095768064;9.921572
0.78529817;0.16280572;9.873688
0.7374141;0.17238252;9.787497
0.7661445;0.1436521;9.864111
0.79487497;0.1340753;9.816227
0.7469909;0.1436521;9.873688
0.7757214;0.12449849;9.835381
0.80445176;0.20111294;9.825804
0.7182605;0.19153613;9.892841
0.7565677;0.17238252;9.825804
0.79487497;0.16280572;9.854534
0.7565677;0.19153613;9.835381
0.7757214;0.18195933;9.844957
0.78529817;0.22984336;9.864111
0.6895301;0.22026655;9.873688
0.7661445;0.20111294;9.864111
0.78529817;0.19153613;9.864111
0.7469909;0.20111294;9.825804
0.7469909;0.22026655;9.883265
0.7374141;0.18195933;9.835381
0.7182605;0.19153613;9.835381
0.80445176;0.22984336;9.864111
0.7374141;0.22984336;9.844957
0.7086837;0.25857377;9.816227
0.7565677;0.22984336;9.854534
0.7374141;0.25857377;9.873688
0.78529817;0.15322891;9.816227
0.7757214;0.25857377;9.864111
0.7278373;0.2681506;9.883265
0.7565677;0.20111294;9.787497
0.7757214;0.22984336;9.844957
0.7565677;0.25857377;9.873688
0.7565677;0.22026655;9.844957
0.7661445;0.29688102;9.835381
0.7278373;0.23942018;9.835381
0.80445176;0.23942018;9.883265
0.7278373;0.2681506;9.892841
0.7661445;0.18195933;9.902418
0.7757214;0.22984336;9.816227
0.7469909;0.22026655;9.77792
0.7565677;0.22026655;9.892841
0.7565677;0.22984336;9.835381
0.7278373;0.17238252;9.844957
0.79487497;0.24899697;9.864111
0.6895301;0.22026655;9.844957
0.7086837;0.19153613;9.835381
0.78529817;0.19153613;9.873688
0.7565677;0.21068975;9.835381
0.7469909;0.25857377;9.892841
0.78529817;0.17238252;9.835381
0.7661445;0.22984336;9.835381
0.7086837;0.17238252;9.844957
0.7469909;0.18195933;9.854534
0.7278373;0.20111294;9.892841
0.7469909;0.17238252;9.864111
0.7757214;0.18195933;9.902418
0.7565677;0.21068975;9.835381
0.7469909;0.19153613;9.864111
0.7661445;0.17238252;9.940725
0.7374141;0.18195933;9.854534
0.81402856;0.19153613;9.864111
0.7374141;0.17238252;9.864111
0.80445176;0.17238252;9.844957
0.80445176;0.20111294;9.883265
0.7469909;0.15322891;9.825804
0.7374141;0.19153613;9.835381
0.80445176;0.16280572;9.864111
0.7278373;0.19153613;9.844957
0.7374141;0.18195933;9.825804
0.7661445;0.17238252;9.835381
0.7374141;0.18195933;9.844957
0.7374141;0.17238252;9.873688
0.7661445;0.16280572;9.844957
0.7278373;0.22984336;9.854534
0.79487497;0.15322891;9.825804
0.7757214;0.1436521;9.854534
0.7757214;0.1436521;9.864111
0.7374141;0.16280572;9.864111
0.7278373;0.15322891;9.911995
0.7757214;0.1436521;9.844957
0.7278373;0.23942018;9.835381
0.7469909;0.18195933;9.873688
0.7661445;0.15322891;9.730036
0.78529817;0.17238252;9.854534
0.7374141;0.20111294;9.873688
0.7661445;0.19153613;9.844957
0.7565677;0.19153613;9.844957
0.7469909;0.19153613;9.854534
0.7469909;0.1436521;9.816227
0.7374141;0.1436521;9.892841
0.7469909;0.18195933;9.892841
0.78529817;0.19153613;9.854534
0.7182605;0.17238252;9.825804
0.82360536;0.22026655;9.844957
0.7757214;0.19153613;9.854534
0.7182605;0.18195933;9.835381
0.78529817;0.1340753;9.825804
0.7661445;0.19153613;9.873688
0.7182605;0.20111294;9.854534
0.7757214;0.19153613;9.844957
0.7661445;0.18195933;9.864111
0.7469909;0.20111294;9.816227
0.79487497;0.23942018;9.873688
0.6895301;0.20111294;9.902418
0.7182605;0.20111294;9.864111
0.78529817;0.24899697;9.873688
0.7469909;0.19153613;9.883265
0.7661445;0.22984336;9.787497
0.7757214;0.24899697;9.902418
0.7086837;0.18195933;9.80665
0.7757214;0.22026655;9.902418
0.7565677;0.20111294;9.825804
0.7469909;0.19153613;9.844957
0.79487497;0.20111294;9.854534
0.7374141;0.20111294;9.854534
0.7565677;0.16280572;9.854534
0.79487497;0.20111294;9.816227
0.6895301;0.20111294;9.854534
0.78529817;0.19153613;9.864111
0.79487497;0.23942018;9.797073
0.78529817;0.23942018;9.864111
0.79487497;0.21068975;9.864111
0.78529817;0.15322891;9.873688
0.7182605;0.23942018;9.873688
0.82360536;0.21068975;9.873688
0.7182605;0.20111294;9.844957
0.7757214;0.20111294;9.844957
0.7469909;0.18195933;9.844957
0.7757214;0.19153613;9.883265
0.80445176;0.17238252;9.835381
0.7757214;0.17238252;9.835381
0.7086837;0.19153613;9.931149
0.7661445;0.15322891;9.816227
0.79487497;0.19153613;9.835381
0.7565677;0.1340753;9.844957
0.7469909;0.16280572;9.892841
0.7565677;0.20111294;9.816227
0.7661445;0.21068975;9.825804
0.7565677;0.17238252;9.854534
0.7374141;0.17238252;9.844957
0.79487497;0.20111294;9.864111
0.7469909;0.16280572;9.80665
0.79487497;-0.047884032;9.9790325
-0.7278373;0.9959879;8.925584
2.2888567;-0.25857377;9.509769
1.4269443;-0.35434186;10.697293
-1.2545617;0.7565677;10.984597
1.7525556;-0.19153613;10.01734
1.4460979;0.23942018;8.619126
-0.2681506;0.545878;9.672575
1.1109096;-0.16280572;10.821792
0.9672575;0.16280572;10.247183
0.36391866;0.16280572;10.208876
0.8619126;0.25857377;9.356541
1.1779473;0.21068975;9.375694
0.61291564;0.05746084;10.381259
0.63206923;0.23942018;10.323798
1.2449849;0.047884032;9.988609
0.6607997;0.24899697;9.624691
0.545878;0.32561144;9.500193
1.1587936;0.02873042;9.911995
0.60333884;0.16280572;10.208876
0.6799533;0.21068975;9.9790325
0.9959879;0.17238252;9.730036
0.60333884;0.2873042;9.576807
0.641646;0.21068975;9.864111
0.8331822;0.1340753;9.998186
0.7182605;0.1340753;9.969456
0.6799533;0.22026655;9.80665
0.7565677;0.18195933;9.662998
0.7086837;0.16280572;9.720459
0.6991069;0.16280572;9.950302
0.78529817;0.15322891;9.969456
0.7182605;0.22984336;9.835381
0.7374141;0.18195933;9.797073
0.7757214;0.18195933;9.835381
0.7469909;0.24899697;9.921572
0.7661445;0.18195933;9.959879
0.79487497;0.22984336;9.911995
0.81402856;0.21068975;9.844957
0.81402856;0.22984336;9.787497
0.8331822;0.23942018;9.883265
0.7757214;0.17238252;9.969456
0.79487497;0.17238252;9.892841
0.82360536;0.25857377;9.787497
0.78529817;0.17238252;9.816227
0.7565677;0.20111294;9.835381
0.7469909;0.15322891;9.797073
0.7757214;0.22984336;9.921572
0.7757214;0.19153613;9.844957
0.7182605;0.25857377;9.825804
0.7469909;0.17238252;9.873688
0.7661445;0.20111294;9.911995
0.7469909;0.23942018;9.892841
0.7278373;0.15322891;9.816227
0.7469909;0.1436521;9.854534
0.7469909;0.18195933;9.892841
0.7565677;0.22984336;9.854534
0.7565677;0.19153613;9.864111
0.7182605;0.15322891;9.854534
0.7278373;0.21068975;9.835381
0.7661445;0.22026655;9.902418
0.79487497;0.16280572;9.835381
0.7565677;0.20111294;9.864111
0.78529817;0.16280572;9.921572
0.7661445;0.23942018;9.844957
0.7374141;0.21068975;9.854534
0.82360536;0.21068975;9.797073
0.7182605;0.22984336;9.921572
0.7661445;0.22026655;9.892841
0.79487497;0.17238252;9.844957
0.7374141;0.20111294;9.873688
0.7278373;0.16280572;9.768343
0.7565677;0.18195933;9.835381
0.7374141;0.16280572;9.787497
0.7374141;0.19153613;9.873688
0.31603462;0.5267244;8.274361
0.8714894;0.4405331;8.025364
1.4748282;-0.21068975;11.808203
0.16280572;-0.25857377;12.430696
0.2873042;0.51714754;9.385271
1.7429788;0.18195933;8.121132
0.4309563;0.2681506;9.500193
0.16280572;0.19153613;10.793061
1.5705963;-0.19153613;10.67814
0.48841715;0.2873042;9.950302
0.4405331;0.29688102;9.730036
1.2258313;0.095768064;9.643845
0.6991069;0.11492168;10.218452
0.6512229;0.0;10.754754
0.89064306;0.08619126;10.199299
0.7757214;0.22984336;9.691729
0.63206923;0.2777274;9.653421
0.80445176;0.24899697;9.797073
0.8331822;0.11492168;9.682152
0.6991069;0.2681506;9.56723
0.7086837;0.20111294;9.720459
0.8523358;0.1340753;9.835381
0.7565677;0.16280572;10.170568
0.7661445;0.12449849;9.959879
0.78529817;0.22984336;9.749189
