;ax;ay;az
0;0.35125531481344013;0.36245133542996405;11.12855905301328
1;0.37712698046391374;0.28824386312845407;10.61192584839141
2;0.16292334687939816;0.28838462484323857;10.791161227462851
3;0.42035817539665044;0.27921738380379524;10.917485593861823
4;0.1973985162734236;0.28866391852292034;10.749376370894225
5;0.34345321942800955;0.251537599333912;10.844054480202306
6;0.2319326205862829;0.2982608938326153;10.76028751901876
7;0.24922149997757595;0.40097817073620223;10.781479743220583
8;0.32670775570897764;0.24256624956837725;10.78172159791354
9;0.2236332939116231;0.35468611229749636;10.802902609952648
10;0.35280375651593643;0.2708076560371156;10.730038392479786
11;0.24965053765780557;0.37370083626153;10.813906751839403
12;0.21530724152293473;0.289751547794675;10.897643034620954
13;0.34463679550037024;0.30858639083921685;10.679108131495125
14;0.2585859488623348;0.28066074779814476;10.648365579796678
15;0.2759399737632648;0.32758566578781595;10.763296271335806
16;0.2760543153207571;0.31836917251738256;10.75336288792265
17;0.284798289166711;0.3278794440893147;10.639671623486192
18;0.31081629931711546;0.3655136812196805;10.67140311014616
19;0.2936682772804505;0.29066481935429633;10.692741676477038
20;0.2851463572846179;0.33769437036483685;10.66230710734099
21;0.2766168536483062;0.31907270776933994;10.652638550688557
22;0.2680798065015488;0.3004339152230432;10.632679920627048
23;0.26818644303385253;0.30995596812644755;10.66440154445898
24;0.25963788569277885;0.3006920835353559;10.623891545420978
25;0.2770559526585897;0.28201879863144996;10.562869044445709
26;0.27716421908454714;0.28213808340833685;10.563757732480767
27;0.26860714439730543;0.31989091452682755;10.636678514100135
28;0.23403847518128587;0.3482619985766819;10.6067192094782
29;0.2774854174985844;0.32015738630809976;10.546032005273586
30;0.26891656583028334;0.36739082918772487;10.567555215220466
31;0.27769656100476997;0.32042074458812514;10.527563154423037
32;0.2604386565643546;0.3959750691925876;10.579842533111709
33;0.26922078948763556;0.3206810004075225;10.529728924468271
34;0.25194549098169067;0.3585523094478439;10.520624794077442
35;0.2868027029376951;0.2926200926011807;10.521778393556815
36;0.2521314641531388;0.32106559117429506;10.522956596409848
37;0.3044078516383493;0.3117454052135198;10.493565352435773
38;0.27841688459672415;0.3307686656833397;10.464251985119812
39;0.27851743200453327;0.368714316572761;10.53681899356259
40;0.3047377741266417;0.3026518749407283;10.47705596821483
41;0.2874266646643558;0.33115271938476154;10.44791015506431
42;0.3223805039691717;0.2839535660234995;10.459460265697718
43;0.25276561326760527;0.29353000114905436;10.430431897776355
44;0.33132605044506763;0.2841683215767708;10.462307501226727
45;0.2791084647586481;0.3316538185270301;10.402991135855094
46;0.2792049394222322;0.34125648358330624;10.48549549507474
47;0.29675714505670003;0.27500260240127755;10.395973232392803
48;0.2619338931981104;0.350994124532279;10.427880832976236
49;0.2882249904903168;0.3131628856291865;10.389088204074072
50;0.2795850796206489;0.37023555704167777;10.451267992527525
51;0.2534588052549876;0.3133888681656018;10.321855125360925
52;0.2972574490431139;0.34200083972105094;10.404186644129604
53;0.2711184227588775;0.27559838397403563;10.415967990186347
54;0.24496156254490986;0.34224261842192155;10.357367958374073
55;0.28879886255951054;0.31383213179617153;10.308936872804175
56;0.28013814600077025;0.3234545239231483;10.300768951994408
57;0.3064997451473392;0.3235660970966068;10.352832628262986
58;0.28031796798955066;0.3522366585324612;10.314626032925254
59;0.2891697478679942;0.33331016641736777;10.326588594326328
60;0.31555747470845336;0.3334227409443765;10.318543419171746
61;0.25427878268077436;0.3144754343747903;10.280536533930926
62;0.28067086912033284;0.37177654031045654;10.34254533779364
63;0.2983050583783762;0.32422005004401194;10.274679759279715
64;0.29839672107139276;0.2957094334094572;10.246857014359245
65;0.28970872889963023;0.26717943482945145;10.19916364488338
66;0.2985782769734459;0.3245371332754739;10.251194637030224
67;0.2810994512837922;0.2959965455214878;10.283265080760783
68;0.31633143860586094;0.3438475093442383;10.285474123209656
69;0.3076357939822166;0.3152933145283407;10.218129169247678
70;0.25497340877953734;0.2771630045543106;10.220440300070017
71;0.26384284565855765;0.3441717150030772;10.262476191280054
72;0.31670350727013874;0.3347149777968089;10.195383621574582
73;0.25519596669420186;0.28698669643956953;10.217612645631274
74;0.28167631805978754;0.30621250049156606;10.160611936472662
75;0.2729516580467786;0.3158772072363524;10.143306323676676
76;0.2818362269888449;0.3063971813027075;10.155721070038176
77;0.30834493434545873;0.37353286800486446;10.247198513331773
78;0.24674473166261993;0.3353209730725794;10.200329587094936
79;0.282072034441002;0.3354194032021126;10.14369007094857
80;0.30860108080657156;0.29717229874977147;10.166043609018555
81;0.26458738429716266;0.28766920071499613;10.198246678826527
82;0.27348104091900727;0.306935148331514;10.191047634446656
83;0.28237892347664134;0.268644676473928;10.144529872377706
84;0.28245431068427435;0.31670630079272594;10.147269239206226
85;0.2648710876080725;0.3359946987615142;10.130381737212538
86;0.2737721386365379;0.3456905558332646;10.103727415121808
87;0.2826772873041463;0.33618067510389665;10.126200839389826
88;0.30042247062376093;0.3458803655022106;10.11925534201956
89;0.2739850745045308;0.36519495619016834;10.151543293612958
90;0.2917359899029463;0.30761531636284983;10.066310564271738
91;0.2564390277554144;0.3269284763790526;10.059506932518183
92;0.24765858070075203;0.30777879883436743;10.101636099849062
93;0.26541469633288023;0.31748016772977505;10.065559293294704
94;0.2743297984778582;0.30793967827369967;10.010027593657883
95;0.2655456929002218;0.4042751191538133;10.149786703290191
96;0.25675678561670656;0.25995764232089036;10.016307841890248
97;0.2656747451470536;0.365959164373159;10.087710787267264
98;0.28345445411405534;0.3467853707791015;10.090868808369743
99;0.2746619364391999;0.30833055679827615;9.996713218044013
100;0.2924511672740372;0.31804450796376343;9.990256926832545
101;0.25706282361557525;0.30848240745542777;9.993558686127788
102;0.2837215295623798;0.35676946881059;10.064892861630607
103;0.3103920526947608;0.34721065701754256;9.980820976866704
104;0.29272237047162253;0.3183524303055834;10.023022272068284
105;0.34602319723351643;0.2894797909012489;10.016716197050021
106;0.2573572771233775;0.3088508731393523;9.9910668064065
107;0.3017966549880432;0.3668456614800156;10.00421610475375
108;0.3196202139456066;0.2993377722909873;9.97866531162604
109;0.27528903315518893;0.3959886981821478;10.069246843890996
110;0.32864241249218995;0.28981335454243423;10.02441280772426
111;0.2665244227520503;0.3188661276894164;9.873393665971278
112;0.2665815664361264;0.3189369197381838;10.002581851624369
113;0.27552619689586394;0.31900706748246654;9.919361337906688
114;0.2755842813244678;0.2610626399360884;9.93270521792049
115;0.2756418854657627;0.3094743683473433;10.00388777669626
116;0.2668054820277938;0.3385599473372012;9.882377741053206
117;0.2579649645420361;0.31928124220448717;9.895807188214679
118;0.2758118277423792;0.3290254198256783;9.909251366990338
119;0.26696855798848584;0.3387729597617106;9.903478969360394
120;0.25812126973374144;0.34852382583683705;9.88813320458458
121;0.23146497737150623;0.2808124685951835;9.882438842429826
122;0.258223257373945;0.23244336326874543;9.915174068719685
123;0.23155562348366193;0.33904755523738767;9.928716314903314
124;0.26723118234231896;0.32942555157047787;9.91350977380583
125;0.23164469326327253;0.426398769729082;10.051664460650906
126;0.2495108582374937;0.3877102549696301;9.883238209778263
127;0.258470534274487;0.407173752419824;9.973457483588184
128;0.31200530174860125;0.24241128468140588;9.776622956614402
129;0.2585663908971051;0.31034463608679413;9.838178037740578
130;0.32995537539337366;0.3395024445680561;9.832806147949352
131;0.2854184989923274;0.30075738964854065;9.84657113406496
132;0.3479162086824875;0.3687373114516002;9.81262319208582
133;0.3212105088629886;0.33968750200648185;9.807362649516785
134;0.2766466492475118;0.3300408035831255;9.821208034110672
135;0.31239744948260006;0.3106812382187724;9.787417899321976
136;0.2945970292585632;0.368998106715733;9.810842719675671
137;0.29464741355847757;0.32050080466554765;9.862833553177202
138;0.29469731492878865;0.3399828796281618;9.810133135164707
139;0.3036784662674102;0.3206091461184752;9.805068218109872
140;0.28586247779195606;0.32066240396768414;9.771521528514194
141;0.2412361001314272;0.30127779248713804;9.804543783858364
142;0.28595599726156606;0.3013266838020795;9.80907351210431
143;0.2413142260052797;0.31109677484528714;9.83261167589788
144;0.2592306992096568;0.2528061754048243;9.789752373396226
145;0.30397361863853933;0.31119478788065;9.794371881229305
146;0.259312108070248;0.28206389767688617;9.780064549509493
147;0.259352189990127;0.26265132093316235;9.765800007861444
148;0.286225498221556;0.31133744630687554;9.742111332536584
149;0.25048522017564323;0.2821916068530926;9.737401584015357
150;0.3131533971469215;0.3211618295381169;9.780018109244685
151;0.26845695169674594;0.3601428617956479;9.775354035187263
152;0.3132456753712135;0.3309895508864968;9.80852168429125
153;0.28643755476586186;0.3407727604435076;9.72834856881742
154;0.28647861376867606;0.3602958211151426;9.837091316252767
155;0.34919529761783447;0.350606406497376;9.775911573372424
156;0.37610918991775344;0.3993560536362197;9.865727524803976
157;0.1164308880774953;0.44811810986205963;9.700947076403951
158;0.3941277728106472;0.16563079073403458;9.602309538344203
159;0.26875988131994955;0.41900311892642234;9.767523428215872
160;0.31359518912838685;0.38007499011174284;9.659588776869905
161;0.21506515801564835;0.35088295753683957;9.58942205382666
162;0.26886661185016797;0.3119349680185969;9.754509207565592
163;0.3406084021111678;0.3119734071619536;9.675018878848903
164;0.2330776109777322;0.33151199961771843;9.680212464413744
165;0.26896964320897465;0.34130316779615844;9.713613258285582
166;0.33177058904586554;0.33159072109450716;9.709454405678482
167;0.27800417946348804;0.32187538408821764;9.705328671365692
168;0.3049448855512474;0.39019654823422273;9.75752958121946
169;0.2870414103709607;0.2731683210818869;9.612771707351907
170;0.28707544508855637;0.38052654423720755;9.618154563553537
171;0.24224824709706982;0.2927446081054891;9.651673504308851
172;0.31406181253389526;0.40988636638392284;9.657094544103119
173;0.2782007691500677;0.31232729341100185;9.643814323718612
174;0.2961825292160685;0.3416433775898725;9.56506069149763
175;0.2692867532094362;0.341678183376584;9.654796362897757
176;0.25136186003910926;0.2831331287094257;9.594862474052032
177;0.29627992008999604;0.3612743649296606;9.656529115532296
178;0.3232489252363563;0.31248369732534553;9.64342306429198
179;0.2783825273602352;0.33204544686184834;9.667718443134065
180;0.3233164453550144;0.34184333295579244;9.673350660302669
181;0.30538565253306776;0.34187459694543937;9.585671388804387
182;0.3143992598145868;0.38098015667138035;9.628709294642423
183;0.27849558327480506;0.3321657953486576;9.681069979049324
184;0.2785228433371246;0.30288318934031155;9.584250713562252
185;0.3144915935884571;0.27359505923360833;9.580729622692909
186;0.32350779215366937;0.4006545354446053;9.586556698018478
187;0.2875893947826936;0.3029585247468651;9.638973629203065
188;0.3055918920189934;0.32252986398207195;9.57035564873989
189;0.26067554819449135;0.322554963923907;9.566960523695553
190;0.2876676681292074;0.2639286901852393;9.582203310533748
191;0.269712132630374;0.30305182546825765;9.58816432062127
192;0.2607442781945979;0.31285045250110566;9.622039707006541
193;0.26975839741298546;0.3030954356981681;9.590867140803075
194;0.26078827224324386;0.38134007713786156;9.643356425679897
195;0.3057769238313591;0.2933584054663073;9.556532361459237
196;0.31479581068207824;0.35205336647562563;9.581204791664469
197;0.26085154604849226;0.34229618233836356;9.578045995419378
198;0.30584983895819773;0.371659204591329;9.621308147702527
199;0.2698881966678918;0.29343310939775863;9.497620273567009
200;0.2968993828415575;0.3521406994332378;9.596570322453058
201;0.2519332741507669;0.3423788475202316;9.547180282822193
202;0.2969429012122631;0.4010949370371034;9.544180989544563
203;0.2879651510311994;0.27393347452900335;9.5875286931628
204;0.2789857415148116;0.3522188438006652;9.603097290793494
205;0.32400562979552133;0.34245260208103906;9.53536562445448
206;0.2700228308065234;0.29354541624018854;9.513977715524872
207;0.30604603537594555;0.34248616629190215;9.594404993722861
208;0.333071577158119;0.26421590960562846;9.517573030078013
209;0.2700750828673423;0.38166239071749697;9.514788231749115
210;0.351119316598286;0.4110388757082724;9.53052166985172
211;0.27010812388607836;0.3719078727088242;9.500066905812089
212;0.3331530811041776;0.36213539727499894;9.589761202511589
213;0.30615838500176823;0.33278592880923324;9.568600844478867
214;0.2521446953393767;0.4306800959274142;9.556713418941696
215;0.2791756186541114;0.3132330073922125;9.554092049030166
216;0.2881968210693522;0.371976814079632;9.579185480235523
217;0.24317885283813753;0.37198885164595225;9.613520381765431
218;0.2612055276981714;0.46989512907761205;9.666311921056629
219;0.13511306632054143;0.39159071065387635;9.682220177424812
220;0.1621435858482942;0.42097167231004173;9.781117358209219
221;0.13512607040621755;0.5482565484662938;9.677231078918156
222;0.09008820647723327;0.528688917808425;9.693209159814128
223;0.11711993649991966;0.607027253051205;9.64472538414249
224;0.10811542758665625;0.7147410061389938;9.559455746633125
225;0.2162400216575053;0.802875825742456;9.722852333743253
226;0.14416594699639143;0.8126820001115822;9.591636570239228
227;0.11713950313980764;0.9301939688432241;9.607757129501536
228;0.04505539261768481;1.086875020526516;9.679102235619549
229;0.15319407051188347;1.0868901507742612;9.630861270194028
230;0.22529354039331906;1.223990585751005;9.610259922046769
231;0.23431344046181152;1.3121320504270808;9.58969539395849
232;0.18925953497356807;1.2827681459875346;9.624322272511858
233;0.5677970322591004;1.3904925247650406;9.851956180165088
234;0.4055819470376832;1.694061604253714;9.64767206557937
235;0.7210561521455988;1.6646929376174395;9.471062541334016
236;0.5498211802496583;1.76262215978707;9.937459157820134
237;0.8022201680480214;2.0368118452137267;9.687459050697747
238;0.8022412900618577;2.0955670172915015;9.134633346509307
239;0.4416944938693992;2.183696339980644;9.481568731501028
240;0.6039640264885543;2.262029622405499;9.461319253554928
241;0.6310216086591205;2.350151284833741;9.046578381221812
242;0.09014787810204986;2.408892394736088;9.375058260485767
243;0.38764376599423395;2.5851350303238996;9.318235509329094
244;0.49583296013779776;2.5851136308010942;8.986368175761251
245;0.7031938672645398;2.575296394203626;9.58979249976642
246;-0.21637098488485637;2.761313664601268;9.22138536573524
247;1.02777827935214;2.5458598848143197;8.999773803160805
248;0.1893303088486768;2.5556157643819994;9.749555666764069
249;-0.3606339491299173;2.5359933827533867;9.353913475876402
250;0.676196874434087;2.3597066864750595;9.242391837532214
251;-0.44178680397388803;2.3792458168381985;9.478953980594985
252;0.1803229168871588;2.3596168838238047;9.60558072581383
253;0.045081120298708054;2.2420783404462337;9.109626252889583
254;-0.36065168644285195;2.124541465813756;9.346171884600821
255;0.1622943010829592;2.046168365913644;9.655888216639887
256;-0.18032794835544674;2.1244366474254384;9.270052600627047
257;0.0901643464782913;2.0166923993998127;9.314396848235376
258;-0.07213169718867181;1.9089511548315803;9.322160510685224
259;-0.06311535701843402;1.7718458825131151;9.192742718421451
260;0.23442863554112486;1.742424384082505;9.2737382986721
261;-0.0450824139418624;1.5955393017638242;9.19928216082622
262;0.18934586941666745;1.5367559473590153;8.932865701911547
263;0.36065787127361143;1.546489957050866;8.858524937265566
264;-0.027049241929136186;1.3996203827130855;9.18642232709796
265;0.3426221089291575;1.4680777140753445;9.450281173793558
266;1.2262193922123499;1.321218293437556;9.595299893063727
267;0.18032511464647732;1.4092422297880967;9.438778891715888
268;1.523735000702227;1.2036774604930214;9.501589967969133
269;0.16228982768217418;1.3112665401337318;9.875004531680146
270;0.6671847304617005;1.1546460277146688;9.992604982240403
271;0.9196226722808104;1.0078227135921167;10.091940234973885
272;0.6852005898849278;0.7729536712690583;9.917321633920094
273;1.0007401675009877;0.7924837000236562;10.034958640265108
274;1.0187567959762305;0.5380793467790252;10.015647243531621
275;0.8023712081462496;0.44022414995221365;10.224595044262015
276;1.0728156566445344;0.3912897786353921;9.940605155199616
277;0.5859814270665112;0.6358116351933044;9.61105997911851
278;0.9916424595796712;0.7042448055180917;9.39112194484432
279;0.45975243615213146;0.841133722466309;8.979611517640206
280;0.20733503140655518;0.9291056664214837;8.549948972581916
281;0.16225867222363116;0.880153305877215;8.978042799106237
282;-0.3335241316894855;0.9778890668729118;8.931677893766151
283;-0.10816741038995928;1.1147247424618694;8.58430026304401
284;-0.25238437323879787;1.1928759261910693;8.346462456245327
285;-0.883322440657811;1.0363664666715533;8.966069271977043
286;0.37855659971032113;0.8798760991929112;9.512643357825818
287;-0.7751181038672478;0.9775747880295969;9.758210435307477
288;0.03605096551621082;0.8308819255312816;9.702834851265573
289;-0.11716214241644435;0.850373098229813;10.030474569630929
290;-0.5767804442878404;0.6841599083081414;10.093673666646714
291;0.1351786097849376;0.4593314629032443;10.558061416218402
292;0.1802322270386523;0.44952552758101594;10.721561385371729
293;0.12615830220930005;0.2833754424435283;10.565995079478608
294;0.17120887750511432;0.5764788050687847;10.018484158879364
295;0.05406402691087191;0.615514764013026;9.598670977061444
296;-0.3243722465480417;0.7033904415755288;9.242729939060414
297;-0.42347003990429716;1.2015299430909712;9.388153799952223
298;0.15316409349678542;1.1525942183873024;9.132558817662405
299;-0.6576785652181968;1.3966735490453277;8.849664305105186
300;0.42341971204899537;1.230533158510089;8.475678382288383
301;-0.17116256011914271;1.2499599746417478;8.375139821074645
302;0.26123702447648717;1.0545634215674893;9.22238485833319
303;0.39634241338763315;1.073999245489603;9.796216417908319
304;1.1529450017334306;1.0934302593246983;9.887078433578704
305;1.7023182348516785;0.9566660747531153;9.60435455580839
306;1.1888657188245384;1.142038908269588;9.631479690863843
307;2.0083679340002782;0.9955324506205294;10.351132550625135
308;0.9726156774493758;0.8685702294723188;9.82247476933909
309;0.18010519244252343;1.053896221573047;9.640097978088479
310;1.7649428429768845;0.8196190430387282;9.567089068963293
311;-0.09904788880695503;1.0341814773757039;10.305021146476276
312;1.0894703599850917;1.1901683048518723;9.257140536753585
313;1.0353925943802522;1.6582673235701726;8.837974198351821
314;-0.05401759078337352;1.628841030295795;9.19329344953169
315;0.9092466648865866;1.8822427767178873;9.64885734263705
316;0.08101749755301847;1.9698143429542498;9.056645214232683
317;-0.7021121777291917;1.8526040300551159;8.655788143096938
318;0.34203514673314006;1.686668323735622;9.156978762861392
319;-0.8910399080218975;1.3842865865106226;10.368896286010209
320;-0.00899987413898225;1.471865751853429;10.059225079297326
321;0.5669582274218269;1.754352283501663;9.457992539206952
322;-0.8278888239702633;2.1049928437191157;9.38525495550993
323;-0.17996477750084183;2.3093900790531463;9.139406845183135
324;-0.26093268780736434;2.2311874182497102;9.267173973149609
325;-0.32389598394992564;2.4062937052004387;9.987279278659113
326;-0.14394456381990386;2.5034295955231705;8.711757249729198
327;-0.8096356660089516;2.2596458338931935;7.79159321299593
328;-0.4677587807027373;1.9574833755731902;9.550689393665689
329;0.9984187347230628;1.5288004302766296;9.687706842227975
330;-0.4407136948250928;1.7428212716119267;8.72197764833222
331;0.6925028781721452;1.4018788129461055;9.524355613247424
332;0.9532498863728802;1.3919760090440947;9.861973909855696
333;1.0880677666216663;1.6935272010465274;9.233455835745238
334;2.2209402768556328;1.576538861576596;9.461748891858408
335;-0.5664341523325986;2.1017916867424744;9.079327112958575
336;2.4004282579819165;1.4010195419309015;8.696887358790821
337;-0.5573621306935792;1.575948641270855;9.663702034317204
338;0.00898904762198889;1.2547627392417564;9.782739927917108
339;0.7010933176890822;1.5463698607630336;8.342688082888046
340;0.15279086914620016;1.7212083858628362;8.771726052193854
341;0.9256622971462098;1.6140304158626773;9.775315273921713
342;1.3749069582501554;1.8471417284645772;7.751431680576615
343;0.9794327329023456;1.6038844407059507;8.60008324366067
344;0.8176272123735561;1.5550743296166014;10.807822195742537
345;1.2937249316698423;1.7589413587374796;8.956971666768373
346;0.1347522188006994;1.9433182963678162;8.291714637110054
347;-0.1257585674629611;1.3892828228481766;10.043833483482125
348;-1.3473031048280406;1.5639424076026303;9.104903829347677
349;0.17962560229179722;1.1752222082845205;9.908508258078426
350;-1.0956251225927292;1.34014892071735;9.45306608023507
351;-1.1673713402934565;1.2719912674669192;8.641683360931191
352;-0.34120272187957523;1.1261837413436318;8.131346089627751
353;-0.8619121782470895;0.7571533126426373;10.705821882611886
354;-0.691265802576338;0.8249843220204842;11.062743371500744
355;2.6032424668336467;0.5919618615161761;11.456264353998115
356;0.915542969396218;0.7180128951005044;10.307023888439385
357;0.5295319776782356;1.2223829952380452;9.002376949691115
358;2.0102474708792295;0.6887012533428006;9.405010877366763
359;-2.036987463948463;0.5043258069005913;11.067955962297379
360;-0.15253591363277233;0.40727901978116676;10.47542886358092
361;-0.6011160411125823;0.8241307901879631;8.28438383037238
362;-2.1081984315339417;1.134219540426452;7.262153831948082
363;0.6996776053788943;1.143738855989309;7.811072646035704
364;0.044846942167198076;1.16294530088929;7.894151771624909
365;1.8475203483366605;1.2402829695693456;9.585510295869803
366;2.8786303807188793;1.1335194864586604;11.17673967730845
367;-0.07173472133286576;1.9663964093226476;8.893061676907543
368;2.6090996818841035;1.4237174738589364;8.299939956437624
369;0.43032532476186963;1.6074802737487557;10.37615511141615
370;-2.4113798764108902;1.2877152927131656;9.170517967834654
371;-0.3943877364414672;1.3552720746787585;7.699423936069281
372;0.4301986665963694;0.9098213238626535;9.428853763290352
373;-1.1918902440549441;0.9193507927651181;8.698325322615057
374;0.8960683842126518;0.8224424950689566;7.418767516434352
375;2.463939817676334;0.34827130460842776;11.04268748654863
376;1.33487201284076;1.2961286840992212;13.221867354482644
377;2.678429392927892;0.9961123885616717;8.428355461340885
378;1.5674815819427645;1.208672101616531;9.344758307555804
379;-1.9703447051481724;1.1407945003149784;10.993734859152896
380;-1.1820838352925351;1.063272697053623;8.807204262225197
381;0.28653580042227245;1.430341836781795;7.956908197978134
382;-2.166698780998334;1.3527946955084442;9.313393238537722
383;0.9131400571433836;1.6230745043385748;10.102426148950107
384;2.184141762701652;1.1977766443106588;10.122236415704172
385;0.07160353084080909;1.9219043780322267;11.241481741756118
386;2.0404808714929694;1.7670707144425548;10.07946123857642
387;0.9216963101393384;2.34602634586542;9.466977204722241
388;-1.7447689373432347;1.64096345182359;9.385948966287057
389;-1.333036499422561;1.3414911531244362;9.002388722962852
390;-0.008945568113015669;0.8105408011039913;8.472020093915601
391;-1.6189685028901235;1.4085447524827441;9.417921460678407
392;2.316387766680397;1.4565205986795795;10.648468436857858
393;1.1535930099118097;2.0059700783725694;8.888936934570049
394;-0.9835733611677782;2.6034304964359727;8.202297980785566
395;1.7612912275426984;1.9281148518700315;9.369068467271221
396;-1.1085041315231552;1.802456660515491;9.333941428580228
397;-0.6614510900077835;1.6286578484502503;9.197844109373285
398;1.144000363291116;1.3682047521309884;8.30886736426808
399;-1.2242967379091514;1.367950230200275;8.200124641810723
400;1.0543815253685824;1.44474774971265;9.92821474086132
401;1.3669626211313912;1.3192886531739494;10.729153882466543
402;-0.7146680770095257;1.578996539140335;11.116957944386392
403;1.6614081583920752;1.607576050065342;9.170855075344242
404;-0.2232811924313309;1.6938896037585884;9.65046020446872
405;-1.6520847693310725;0.8756505461615556;10.562310396380179
406;1.3750851319255353;1.0486549422928486;10.334420095594767
407;0.5088992157966501;1.5293943227439475;9.223639901980485
408;2.222818955921685;1.7406717039018302;10.338322566417995
409;2.195772991869902;1.432650222611943;8.675180624487425
410;-0.4283915621974127;2.4609855029645584;6.965406985153646
411;1.7490525893402582;1.0860815142215936;8.05273018491549
412;-2.337733482180042;1.5567307262820929;8.965597852537964
413;-1.6772518179530191;1.7773966871451914;8.985785252487386
414;1.4005110166136037;0.5090990959203125;9.190165377708237
415;-1.3557410267767371;1.632634072712442;9.542009732565619
416;0.8561511471849373;1.7571310773083206;10.455961085764399
417;2.6573045122547074;0.88318906894028;10.301455030324092
418;0.1961522795511379;2.0443625289380867;12.091494627990535
419;1.1589360052467745;1.0651565091833948;8.591165820821159
420;-0.0802239079468153;0.844276834770179;10.538362634971925
421;0.40106875157997424;0.3740918418685175;12.329621296851757
422;-0.2584336880267962;0.3931955518523568;11.548211264947149
423;0.891036993443184;0.901287547663092;10.028423909859791
424;0.4009153061215972;0.7285502769451168;9.707609007269603
425;-1.1224187039444242;0.9967572204786982;9.045169439339386
426;-0.6858340683670415;1.571482970802863;8.059342620792233
427;1.13994037963586;0.3640482007605901;8.522802731155979
428;-0.9438905443478879;1.3505278580575297;11.498629539572649
429;3.1340207949627734;1.7045636730679141;9.745988042162134
430;-0.026706913464333768;1.8478172706311904;7.669178096336028
431;0.2937375294838454;2.0580140244993226;8.511935445038064
432;-1.2014955530059468;1.2919673206075937;8.227299147310989
433;-0.4182432332328657;1.3203965243920481;9.875014256179162
434;1.7706252108510934;0.7270195120773996;10.145488938058827
435;-0.39144302101111295;1.6163152917607342;8.945266762798813
436;0.7383055182762699;1.6446534993869246;6.486134524864855
437;2.4191839706972367;0.6787512298453989;8.745837925923563
438;-1.4228585600231087;0.5830262389332043;11.969348578753264
439;0.32899183791727726;1.184910705625001;8.731454557438035
440;0.6490044813362333;0.6687554571077625;7.520287767082445
441;-0.7022523112116391;1.0315685363934668;9.75463283130806
442;0.3377464644741748;0.47747333318918156;9.219564631272576
443;2.355016795008163;0.1909473132056099;10.658362973395468
444;0.6575376790983835;0.6395323220677692;12.209120426111726
445;1.4215086139546669;0.925685222583794;10.459578902721088
446;-1.1903501990351806;1.2880388715772664;7.772419229129454
447;-0.6661492390888587;0.4101728362604822;9.277263557371372
448;2.353402812839275;0.04768386257030347;12.072729020740924
449;-0.9767492698291521;2.0594814117727704;11.50027685811498
450;2.121915516313966;0.3050398170351635;8.755038875944008
451;1.5179797405621183;1.35330918439134;10.270970434498892
452;-2.298842259184077;1.581679890466624;7.551920762655027
453;-1.45543433373912;0.20957272015506848;7.832592484331682
454;2.0053789282338457;1.8000109657163934;12.862509583122517
455;0.7984901753308767;1.218777190714505;11.991997322842897
456;0.04435432702836729;1.856306389295892;9.689073705313358
457;1.9247065256139242;2.5506463687443;6.482770182080101
458;-2.5274834656010414;1.1798787115788332;7.926495923985025
459;0.9576475648173997;0.3519794316948434;12.35816797225186
460;2.473571959481865;2.0162808436925106;10.108827673527529
461;-1.081479882534028;2.186967684899304;6.517550722793883
462;1.187685512911651;1.1502678122505592;7.301605691340325
463;0.9393783214648523;0.9884296347048052;10.079664178141055
464;-3.0126690691692586;1.2542522970607413;6.932801242347621
465;2.524963578990888;0.4939836808311914;8.920008050942686
466;-0.5669278884037;1.20617694273258;11.588906904029752
467;-0.35427890479056484;1.5477209367016347;8.896889915803998
468;2.3733261338685767;0.9398049941139252;8.01312792728621
469;-1.0979475649439698;1.3951378501306126;11.589109052713546
470;1.0889354562701266;0.7685672274139381;11.452309034129682
471;1.5490735849568642;1.3090995299461023;10.26979401858817
472;0.30976969053661024;2.4278956221336974;10.636868144172398
473;1.6636635206362678;1.2989932302221914;8.547372720413184
474;0.1946556320650808;1.5830650301289728;9.241231452353148
475;-2.742473964112094;0.4928121246408843;10.636488673794863
476;-0.30958885437034067;1.108560531926011;12.369120062340132
477;1.8749489643025496;1.458779051558624;11.381329033342073
478;0.910808442392243;1.7804168126266766;9.017855771111101
479;-1.9097639064372594;2.7741262371548068;8.262498180442309
480;0.9547412921978298;2.1013875285021597;8.67671233871379
481;2.819606867505289;0.6719018313907538;12.91115169955114
482;-2.394986176299044;1.381320207741914;9.824307363620708
483;2.8629546119566145;3.4146215258312216;6.885571443437733
484;1.5991295229123186;2.023684241633523;7.712214758164405
485;-2.0935770153280298;0.7468776064820211;10.882747316024286
486;-0.11482049841386811;1.1342185890522252;9.995190358760192
487;0.7771307742275616;2.0883377589955914;8.112932813106896
488;1.6246676112111598;0.576276624208887;11.990051632281292
489;-2.939856578357712;2.3517599821111417;10.642216141531506
490;0.3354290051933956;2.1906544486041217;8.40177967566919
491;1.8710607856977166;0.0;9.981852745715809
492;-1.6766429895171353;1.727113304933172;11.666204845025478
493;4.61448840859528;0.7831400841452131;8.212019635015713
494;1.4291298071863954;1.5375893172970396;9.878070713930217
495;-3.3341350666081104;3.1309924554472692;9.006711353429209
496;1.0582962964596871;1.706528198734389;4.485912737468546
497;-0.3879835333053122;1.5552836317156435;8.062048024897896
498;-2.2570183303598177;1.6397040530697544;11.743882432703083
499;2.053929332437439;1.7900294218051913;7.003303925522939
500;0.017627631288774086;1.1679343125608;8.502587434680919
501;1.013435510311403;0.9133944847623402;13.261714855524302
502;1.163071618366449;0.8001940439158104;8.630313725862289
503;2.8631895211396885;0.9129304080655267;9.00054734261864
504;2.5280330637065247;-0.34814248543984244;13.952824265224523
505;-1.805463888585209;0.9500923557255099;11.222318254768478
506;3.29337043222058;0.21630234475309998;6.169485725166445
507;0.3169607198462198;-0.6111326974012024;8.860795575983355
508;-4.938553197468402;0.09399629430598998;12.94138970721163
509;1.6107266076836706;-0.1691498589354249;9.517889453923024
510;0.39601997597599087;0.25365947323481336;9.58701064002366
511;-0.501548848010063;0.14088560372987688;12.38674633610112
512;1.2844728883032204;0.3568180368785616;9.772660229067206
513;1.7856727011959381;-0.291013116442066;8.10235270704918
514;2.532981152205341;-1.041744772715765;14.431892667480883
515;1.0992162394827902;-0.5817244721307574;12.922847326525554
516;0.15826292685140775;0.3095470630118263;6.349932714700271
517;0.3692236692100241;0.07502218129757489;7.487942536884453
518;-1.8458357856824075;-1.1250393654368847;12.376600864664022
519;-2.2937588658714474;0.20620337350088366;9.680923121120438
520;1.019292254733838;0.35607634201722654;8.28166634200689
521;-0.5271393211693812;0.018735953320160675;9.554489502765415
522;-0.43921543660687606;0.1311172846120034;9.728264427863316
523;2.292352847763287;0.3557963059435959;10.158247824035108
524;3.380921359075311;-1.0390264718305646;12.31532008378248
525;-0.5268159753182723;0.14973013640401606;11.199404815398754
526;1.8084572406972101;-0.24324730145620804;8.582693977962128
527;0.2369943994160779;-0.8324343695347084;9.582722313010585
528;-3.027796767726238;-0.7761099368884039;8.407828682709232
529;-0.4387437572983001;-0.15892019091076823;8.439111276430236
530;0.2895263878605385;-0.7009325812103683;9.421082707887647
531;-0.9912562709974191;-0.14949259205257304;10.213512074065365
532;1.8331037261789007;0.09340803073543222;7.69597008370373
533;1.9029778764524306;-0.36419437824431206;6.965786597048628
534;-0.0438406785517431;-0.8962395949337116;12.584474956610098
535;2.8316728526149038;-0.8400004414768165;13.0171813733247
536;3.015311782847798;-0.5598507066193426;7.772910601864664
537;-2.3400131901476744;-0.8395514701209925;8.16619313468419
538;-3.1020128513974896;-1.4828104019860184;10.285038181438967
539;-2.330532825042813;-0.8111316437963375;7.713985807906205
540;0.8935257317048282;-1.2023896712537347;10.57810710744661
541;-1.8831227469802483;-1.0622914339633402;11.77437691599487
542;1.4099359813851644;0.0;11.787896252850297
543;4.439302739462049;-1.3131796860848985;7.41886098140579
544;0.6741101318565584;-1.7876774958028392;14.097744151254966
545;0.8403200548221361;-1.6754953853328787;15.688584956580371
546;4.419755589490255;-0.5769592076931019;7.26393189255159
547;-0.21001557312639246;-0.7814752599927651;7.046499551700792
548;-5.494564975707774;-0.6045493114379819;10.587698855863199
549;-0.44614630870738875;-1.2180692881279822;9.538879990369626
550;0.20117241003828673;0.0;7.2259942801287265
551;0.35855679121034895;-0.7899214185977242;13.212299062406055
552;0.4284534975772052;-0.46453341389845265;13.34133609558914
553;3.986631003825844;-0.4644070665920041;7.7316258035857555
554;1.5734294832227607;-0.575707997045894;9.23897079511988
555;0.9176936182625383;-1.494576370694327;14.534339348316212
556;2.1846512496109254;-0.12992771470658152;11.460767441985084
557;1.44164968445236;0.13917026085986092;5.257463551818964
558;-2.5072142420850443;0.575079955131189;7.687379367185392
559;-2.0089595808454863;0.08345651984762895;7.392422520262253
560;-1.5545231712208163;-0.38935718591069124;7.241322573175381
561;-0.3667417698982673;-0.7321617347770607;9.760923514257001
562;1.2222866969375477;-0.3706132050172061;12.77241415790998
563;2.356909020681479;-0.4353510957159798;10.16187859979259
564;1.2306433216670998;0.18520492378496423;8.559338704079222
565;2.4783662948153506;0.0;10.005410135253218
566;0.5235191568983882;-0.6293507689891661;13.367658273803812
567;0.6281278574381093;0.04626305729412808;12.014877540625715
568;0.9246038275666318;-0.31450221175943516;7.954935224983662
569;-2.433259210176958;-0.009247516936242484;9.23904693669815
570;-3.57521724538558;0.07395974129360293;7.565373790926856
571;0.40978015210373087;0.5083330009511893;9.592595870552355
572;1.6998953974202877;-0.3973142639829103;10.782198211613528
573;0.11330930149442445;0.6835613194434678;13.120699920739533
574;1.7080986607464494;-0.036939050383206364;9.535155456938373
575;1.1588928569480583;1.3571346780139917;9.71229151569419
576;1.3068259017602886;0.2492006805140664;10.807041388010104
577;0.5052303027848626;0.5536260283564765;12.240705993070362
578;1.9335231571245124;0.14759272488472835;8.968733455061322
579;-2.682144526708923;0.8115350560541943;6.728926265332055
580;-2.020015050985873;0.35033844452048646;7.650089317042845
581;-0.8618606310597561;0.4147593978524855;9.49101579669731
582;0.01740873419074766;0.46071591336528234;10.229923509765184
583;1.4098977691311982;0.1658116788931151;10.969357134655816
584;1.3748812392930863;0.38678646401535327;9.665754742945612
585;1.8706053468425907;0.9206643064635065;10.483023863296397
586;2.4618741911006254;0.5890613657186636;10.292905118173696
587;-0.14786457973402517;0.6533082473429515;9.831181490658432
588;0.9479329897069336;0.0643927555150454;9.621301761967564
589;0.7391048079809505;0.18392809238824673;9.37246240678965
590;-0.48686802427289627;0.2666215050211551;7.754931248748706
591;-1.773330091585278;0.4319903949452656;7.078044857599895
592;-1.32111097734064;-0.23890683264317397;9.722425213917349
593;0.2607074191004563;-0.5144252214198247;13.350023638645387
594;2.207000339581384;-0.5050982501555912;11.760764747489516
595;1.746229723484122;0.31215550072484727;8.945260055465154
596;0.19110178703832748;0.7067432274828731;9.746034179020473
597;2.1365549579870096;-0.00917592395731614;11.559305350554183
598;1.7888879867432423;-0.2660275565315664;11.563435822601758
599;0.8769491600692377;0.11922045728412797;10.282283465523692
600;-1.0678134894653428;0.1741966537628624;9.233987367486279
601;-3.6977470668880055;0.8799058326163562;7.33721510656486
602;-0.33847742226470257;-0.26573068563474106;10.91716031919275
603;-1.4578471181051877;0.13740852675063162;12.744496705150498
604;2.6983658838017233;0.15568618376584248;11.285892382849205
605;2.298921683068537;-0.06408817324591398;8.869966429059215
606;0.4944144880120764;0.8054548416652675;12.572728640401415
607;2.332957103090244;0.5764713904821731;10.077410802345236
608;0.9798761637501664;0.5305714407138548;8.22501986131657
609;-0.2947881901521201;0.25606639287879074;9.938057816151876
610;0.17338027606088677;-0.009142673451067842;12.25839928367451
611;-1.3955143699178127;0.46614608328786833;8.341438845589808
612;-3.4752946540262633;0.849793656028489;4.959702658303775
613;-0.3292834027813457;0.02740503973442325;10.461190842716585
614;0.22526759303919694;0.0365298463883;12.00189088193809
615;0.36384294459856564;0.8125620535350336;9.39146973103488
616;4.148963513457501;-0.00912736097766115;7.425744266370153
617;-0.129907722346927;0.34674284755919765;10.319411322207452
618;1.117051481028746;0.19156753424104345;10.185864892653992
619;3.593117986343102;-0.4742252598367822;9.561869388247585
620;-0.779122885832167;-0.5470302280968885;9.869427628900851
621;-0.35488492590220094;-0.8476602149527537;10.530511139071251
622;-0.5625452265112257;-0.5558370205200649;8.16824680962717
623;-0.8134156548377618;-0.21862894047001968;9.997906505517898
624;0.21630443558956272;-1.1201608062376742;13.27310132356529
625;-1.0727240322584086;-0.07283566210662946;11.842948324101679
626;3.529129120916463;-0.628032439395629;11.031164359437943
627;2.4562182481945967;-1.2739134560072334;12.185841267710755
628;1.7900303994485092;-1.5282699866161062;15.122156355993441
629;3.1559093729492216;-0.773016393578971;12.283159149124936
630;2.697292508004174;-1.3273994254884727;10.810690474178159
631;-0.13830421290760148;-1.4088330428481406;14.025444763713377
632;-0.7087146898030741;-2.2353321554676264;13.399885015520766
633;-0.6394868686712953;-0.8629977774586107;10.181645097716826
634;3.076043226994143;-1.0716358797847156;13.133404588961593
635;-0.2591829346487356;-0.8806760575203733;11.934763998317303
636;-0.06046807135371443;-0.3721410563140451;9.718965801134953
637;3.195750546494766;-0.8166680203516793;10.166613552997049
638;-0.008636036463473303;-0.9706578746687473;10.387476271473577
639;-0.18133316458146034;-0.9794574665488315;9.91706573690876
640;0.18130965610207178;-1.6410427218560026;8.448326317954255
641;-2.071842592905736;-1.7402918465222095;11.139957228007967
642;-2.054312894090142;-2.0116547583406192;12.16241121342146
643;-0.2243919528663766;-2.364398145547514;13.235049703876554
644;2.131451369695131;-1.72978930247374;14.120441114948296
645;0.5176955329965495;-1.2585035567324065;11.126161537057316
646;-0.4831212578794802;-1.3486702625130598;9.06055474712098
647;-0.5003123777340319;-1.5202278512868286;10.569456793289168
648;-0.5692493351540283;-1.6826444869900983;11.514600791386389
649;-1.655790604266265;-1.1666731582296637;8.852147995069718
650;-1.8884005595387674;-1.0759363877168298;7.447172851127946
651;-1.8709221555197237;-0.8496650001901529;8.2830860513795
652;-0.37931054590775753;-0.19880296387823204;6.708207915613341
653;-0.15515336693630888;-0.009034010110176901;5.727823748865524
654;-0.9135687891679819;-0.7676795176840645;9.38424945303177
655;0.19820296285860703;0.3972777796081916;8.9902161552061
656;-0.5083718351150719;0.2437170919560787;6.807157832706016
657;-0.1636931321945202;-0.16243345574855864;7.475611129056325
658;-0.23258848885958186;0.6585771802513145;6.990973343102508
659;1.3609099769917072;0.12626785199428112;6.844222154054573
660;-0.06889860241166239;0.5500163716265637;10.26995661454376
661;0.1205582166523415;0.05408516107974221;13.708058293379217
662;1.6876151150776262;-0.20726975169484868;10.79504061987767
663;1.9629128726590181;0.5856023017479614;8.278446495473538
664;-1.0760321997368398;0.5854424406863089;10.45384416979985
665;2.7284990663519046;-0.7383567472470771;13.37844555441898
666;2.401144676206818;-0.5671195116197485;16.09567150628001
667;0.5593418248159733;-0.0179988927804604;10.804043999840276
668;1.2218063518352755;-0.07197598819354482;8.82190430583881
669;0.6968662035176699;-0.17989107404457041;11.959661423107605
670;1.720461476335032;-0.656424214518575;13.292050223821652
671;1.0235587087677744;-0.22474186198271623;9.650342632547295
672;-0.13760585097308584;0.1348085815036098;9.393880140715595
673;1.1093229849088175;-0.026954420284345984;8.997276791391519
674;-0.1805673511750143;0.5119955649231853;8.330380006664763
675;0.5072521108112219;0.6106368159216061;9.633790071929202
676;1.4957991733598817;0.47580909810840016;11.578575634910788
677;1.5386134309206865;0.6372329496202017;9.78063683578538
678;0.46411217372943436;0.8254880424548799;7.300466619336812
679;-0.6703117235345041;0.7714444402530171;8.284742030741663
680;-0.7819462446185965;0.3766507881961297;10.602526071664299
681;-0.22338932549351234;0.9593053861961868;9.413243752841481
682;0.7388246325861381;1.281719009855285;8.333445646223822
683;-0.44668400421323;1.5322748717774162;9.780879073151262
684;-1.5889974209142073;0.4210390781375584;6.9142000784722875
685;1.2023592129979028;0.2955442895731166;10.560579418054115
686;1.2365840704881814;0.8416291188741074;14.822021561211569
687;0.12021108585767958;0.3669958474261653;12.918467219911545
688;2.103478902681815;0.0626411763802564;10.06900242168692
689;-0.57517856763358;0.0;9.44919962075461
690;-1.4764288912053278;0.5276955676082091;10.40772537329685
691;0.04291514351915584;0.5812056358522677;14.404777753037019
692;-0.3175404793396751;-0.04469630796246059;13.524171838061331
693;0.9010393074347527;0.34853919695754493;11.948401544728025
694;0.7550826751846257;0.8309129259393553;9.958703711252403
695;-1.6043944197298896;0.8128298290698148;6.718611996325712
696;0.9179336734661824;0.4643521477152407;10.751402421892442
697;0.9778915995198618;0.47315780863455476;14.212374229241282
698;0.10292614960756369;0.7586392229515677;11.121658921408544
699;1.6123573030309;0.8565919780586191;9.531739413032778
700;2.486913631507859;1.3291550338052354;9.000182766353053
701;-0.900350436399755;1.4179901136222595;9.17479134091085
702;0.5230124748831335;2.041731046689974;10.81352742053399
703;2.992043263374418;-0.1871843160449569;9.958644452523572
704;0.29146198039642734;1.6040207488011908;11.305727449973103
705;-1.4828935528066085;1.6659677923543788;7.125288104968751
706;-0.2485553323685816;0.6858093413923075;6.2784079419562095
707;1.0798344770014603;2.0658013951458796;12.146336892352886
708;0.9169217508458981;0.08011819738751151;10.865524658217911
709;-0.5655286969665533;1.041268707842962;10.201189922441277
710;1.790686501701654;0.8630524154306747;10.3766648694365
711;-0.8310131598971392;0.8539360856019006;8.688894996085834
712;0.3340904083236572;1.9831150575229906;8.327069033949952
713;-1.413340886658134;1.4136087936031345;9.414101229221973
714;-1.9442529973566787;1.342141857011981;12.235254280647792
715;0.3597000221820273;2.337043042802251;12.431927295374567
716;1.601391115709032;0.7817779035308674;9.352353690793523
717;0.7449721389644697;1.705265092905445;11.151400711659267
718;2.577226681093546;0.3462943855203077;12.647106868028496
719;-0.22259997839669288;-0.2840672887864548;14.275773664330702
720;-2.5340172126982097;0.4437433683711066;11.050554905553577
721;-0.676256245940467;0.31054229033445574;8.839240890266232
722;-0.9158719226501375;0.5322246910306231;12.511059853823149
723;0.7531834623697657;-0.2837821367320489;12.942091120881967
724;1.2067150169137775;-0.6560822981898623;9.417307105075025
725;0.4449966975931355;-0.1950028897435078;10.966648506811966
726;-2.2077066679149824;-0.6734788266105136;12.588209141759421
727;-1.1465553638824386;0.24806223236853733;10.627559137080652
728;2.2330566155419573;0.10628606222420277;7.912114384013792
729;-1.1977236805824623;-0.42503924999152326;10.81768149578928
730;-1.9675516900011625;-0.5754321290203792;10.372784066602998
731;1.496947125060776;0.5133362880181556;8.633134645057444
732;0.5816313807382993;0.2566051853510628;10.01230052119611
733;1.2572656847816002;1.1234787660393235;10.382621713487644
734;2.6340967761819463;1.2028016906269612;6.009124003729805
735;0.10262044363707873;0.43325679350151813;8.511344347225537
736;-0.8294618289603758;0.07955844592980733;11.53576795989739
737;0.11115793022909683;0.05302610971182462;11.212591653520477
738;0.7951569646061435;-0.41527079126221667;8.529535830060524
739;0.41892779847940476;-0.09716760172372099;9.686841920332599
740;-0.14533347176675165;-0.5033837229646675;9.81250008005265
741;1.2737289280648156;-0.9005757981118504;10.469903308899967
742;-0.6667449051976434;0.008827061873550214;11.679996794748506
743;2.0684987635845857;-0.2647486460923943;11.785897579315145
744;2.3589798097385906;-0.3087999052912817;12.239807867544112
745;-0.11965168169809844;0.04410379768144423;10.697753106118231
746;1.256273174726422;-0.7407684036318307;10.823900021023094
747;-0.35037013274888934;-0.6171612867074286;12.69148009826892
748;0.47852883477092706;-0.5993869624630487;13.46381421732905
749;-0.27343072632607934;-0.40537241620524;10.147040452709254
750;0.2990494876205481;-0.5638643794582228;11.062587528464283
751;0.8971032058369077;-1.5326483924680623;13.752914418200918
752;-2.024789876398415;-0.9686901399221968;13.28513799367159
753;2.1613798414493797;-0.6515129857493487;10.94940804063023
754;2.6482051426520665;-0.8538126232618389;11.075856233812134
755;-1.503427220338917;-0.6336116105226676;10.668431992102537
756;-0.09395992671397917;0.21115527884472776;9.038504150548262
757;0.503944403024652;-1.1346993685133449;9.339125844652402
758;-0.6747435943971254;-0.7387050501510647;12.72304474857396
759;0.2903836423417861;0.21980259538872646;10.896924386689166
760;0.09394374772917463;-0.27249328737624673;8.185372485209724
761;0.21349986044166702;-0.14939795689474217;8.825504483773106
762;0.8625053191967816;-0.28994231219024164;10.844745390953229
763;-0.5977529578120773;-0.2986612296222868;9.890727582313533
764;0.4269503869108126;0.5269309879832607;8.586113264400932
765;1.8443583258704226;0.40389010257282304;8.259052714219376
766;-0.606225970306379;-0.1228956930977444;9.05460868861514
767;-1.4002483998835735;-0.2720657456055797;10.252466254337804
768;0.05976470940921442;-0.008774371972031424;13.532999551317953
769;1.6648201785912915;-0.7193398107683405;12.248120818163889
770;-0.7000563671525869;0.28942677683788476;11.570952196961855
771;1.4854405864959221;-0.06138011559539465;8.335093029549496
772;-0.2561029753575508;0.22793351700009126;8.966878151952043
773;0.5121915665763728;-0.6836518432191373;14.18176231965327
774;0.8024118058093875;-0.39432907659011823;13.029399520393342
775;0.8023909880590225;0.5344196048292116;8.92277472599858
776;2.8509778900916687;-0.02627727682608302;8.81162319524365
777;-1.7242031059178453;-0.18390152234981655;10.818669243598734
778;-1.1778942309316196;0.0;9.757059982401554
779;2.7995720879556147;-0.4639346368859153;12.716614606555142
780;0.5121063187000849;-0.280052151567623;14.922847370117234
781;-0.2731180716428799;0.16624587505836005;10.727108233633363
782;0.7339913441658579;0.2886821374670282;7.274066995658508
783;1.05829496892071;0.16617613205037235;12.01632820406394
784;0.9643984193443741;-0.2973058129516765;15.322106531814716
785;-1.0497277097692816;1.3813105614104522;10.200224508350509
786;1.5190969987877088;0.9177697164811589;6.898647914655134
787;-1.4508044550951724;0.7690200046365052;9.211012292963796
788;-0.9472790440592322;0.629069130916959;9.503646091429005
789;1.8774703439826523;0.4804407814496063;10.117789537963203
790;0.162143644909692;0.4192084752649738;12.183949363060911
791;1.0923272051591224;-0.38419661166573044;10.403155608094808
792;0.503491009789082;0.06983984378662667;8.735539432325817
793;0.7168304233797884;-0.41895494523326116;10.30480804468553
794;-0.43521641739036937;-0.43632418478852536;11.158649874810546
795;0.3925467220112599;0.36643937847707286;11.078466279954366
796;1.8688593812930592;-0.08723018777206692;10.811291297240901
797;-0.529082806934045;-0.026163897519396535;9.276612472179622
798;-0.4778812124685847;0.3662226794639792;9.050377774128767
799;-0.22187365121428954;-0.3225617334630182;12.025191481158922
800;-0.7082906076463812;0.07844570527783254;13.099020331387953
801;1.041105528578139;0.531584712866677;10.33626932435119
802;1.9798163695697892;0.2700975856397306;9.111506585429414
803;-1.3312635674427018;-0.0435557757598131;11.641912086096372
804;-0.45229145618680033;0.36579876315367105;11.519920533395041
805;3.4476843011512344;-0.37443719526552827;12.334665023658603
806;-1.9286733756738723;0.06094338921725765;12.816625582025388
807;-0.15361278830828906;0.22631862996571536;11.278471558593612
808;1.2886560316622124;-0.06962349080065892;7.895808601440207
809;-2.253043972627077;0.09571450920306934;13.430291277420556
810;1.5532571082016255;-0.15659476971233624;14.902981210223555
811;3.063890073307449;-0.05218865518151107;9.840408996458082
812;0.3584555603900882;-0.2782885760942422;9.91574264267494
813;0.40113609659895577;-0.5564758725588301;11.649329849322658
814;-1.0327319581983165;-0.32165439703732845;9.294542098625108
815;0.4182223547463423;-0.6692683692589454;10.684451209660645
816;-0.9303517123437816;-1.4686508022844738;10.582582797233469
817;-0.7852690172950231;-0.6516521283343553;9.426325213310065
818;2.492436155323943;-1.5115654593848995;9.585123905933811
819;-1.8693750739222008;-0.8772485830930623;8.835379650502233
820;-0.4097370222371991;-0.7989381227509376;9.777549721538987
821;2.620683368292304;-1.0332294346308306;11.764983778418427
822;-1.2292816708428658;-0.45141718083945215;10.126862760608889
823;0.8195462943895968;-0.2256698102179713;7.474031290535348
824;1.8269636202625679;-1.0847658310425488;7.339781118602565
825;-1.9721618898335327;-1.1453182807369306;12.842244682164303
826;1.212366514743047;-0.7113656225341182;11.579403856681973
827;1.4770909979652949;-0.7285938638549189;8.411822840540552
828;-1.1441475452496954;-0.9279352518083983;9.795008022782383
829;0.43547592396218043;-1.8122092100757698;10.82290452967238
830;0.059773583513383736;-1.5258201026733538;11.13932019420676
831;-0.8283250700960064;-1.5255709655885072;13.445449233220284
832;1.3663672543593846;-1.7333222246104114;13.636846062520814
833;0.81985623873774;-1.2217953172300418;10.832171705193
834;0.051243322602172445;-1.4815145828597236;11.316452064708841
835;0.9309636009963588;-3.031858180757668;14.022760716420235
836;-1.2128727984260073;-2.9707519632910677;13.155624714810742
837;0.3929217085499629;-2.1043138101094963;12.476836636381186
838;2.5114086888861356;-2.000085975209389;13.0247172027971
839;0.4015045160862823;-1.1513867944607807;11.474998474001755
840;2.1870342584122446;-2.163929202557943;9.788247858391042
841;-0.40154770366195247;-2.1116735626946923;11.68949939932141
842;-2.1018351522307674;-2.6218869931901936;12.951280370191252
843;1.162056619485608;-1.8428323590966105;10.60242310364788
844;0.17944570739574034;-0.8910023767278382;9.81704920369207
845;-0.905827847194469;-1.5049663658284895;8.432764049406689
846;1.393009371111475;-2.006328019400375;9.05411601693259
847;0.28203797935558994;-2.1789708458231103;11.230531511271273
848;-2.0171281463122503;-2.135429614963264;11.232683294290835
849;-0.4017425073200058;-1.2966342015137184;9.174928730024838
850;1.0599872942880115;-1.2273064660716577;7.8101473763434335
851;1.7610667480983329;-2.0481037567560594;9.60943742659746
852;0.9660893734416108;-1.1319165469696668;11.220104219345135
853;1.718564264097661;-2.1598477436604107;8.519177278793606
854;-2.28303426247489;-2.2804867885879774;10.309039970017462
855;-0.9064401494133381;-2.314725182705792;12.046933197704652
856;0.6841572686620406;-2.2798705140091093;9.607713641748173
857;-1.402630088778576;-0.9584541770010908;10.08306071567307
858;3.0962913067304045;-1.6317469110158886;12.137609182649317
859;1.1034623857177777;-2.089053191364568;12.560897186354303
860;-1.300309038182081;-1.9334186209384665;11.625857428865752
861;0.9838676104235945;-2.6839998781202827;11.490945332566653
862;-2.2245828846493367;-2.001957604934947;11.01887074772393
863;-0.15402273189125912;-1.0008527925489812;12.632764132479902
864;2.849667958334448;-1.3630605443567625;11.307120066097989
865;0.47926574894287105;-0.9747269048762022;11.50926075009378
866;2.0627392378447995;-0.9573581984382264;11.542789136317793
867;1.7376525980610948;-2.017970624882968;11.080784545751895
868;-1.9518300672270137;-2.2246758918255147;12.790841595528557
869;-1.7722229844018424;-1.8105685322259786;12.771805681001476
870;0.17980792280383254;-1.2672496177762647;9.630484759920003
871;0.11132047469696667;-0.7930168689472997;10.085646793752712
872;2.0981696522046014;-1.1980080544269258;11.036857178461739
873;1.8671295648711748;-1.7838820577854826;11.87226161265552
874;-0.1970107181438617;-2.0766545174193145;11.599656843461426
875;-1.5162822045750872;-1.749022061575856;12.424808791960615
876;-0.7882064415879414;-1.9038999444163507;9.829424923619
877;-0.4712603709632628;-1.481608334409061;8.62710261326097
878;-0.35134094626214846;-1.0766356279978655;10.212526094795793
879;1.0541378268045007;-1.2487659078808904;9.854883208420604
880;1.1485371188901974;-0.9989089680761293;8.937222769393372
881;1.2258151701531166;-1.1279625788846384;10.417677803775144
882;0.8401645346603712;-1.2483818877821837;10.154964199384926
883;-0.11146323117198012;-1.2654745144611212;10.357178511976258
884;-0.7374581278945811;-1.1018013895560064;9.322741104220478
885;-0.7118169859037244;-1.2135852508602218;9.313434926616024
886;-0.4202796001054915;-0.8778286693200981;12.507686160892412
887;0.9092865321542194;-1.0670636118877934;10.817461703159767
888;1.8788511300612116;-0.8518505439252078;9.19022935730522
889;1.767540832294611;-0.8775838312670152;12.523174459468956
890;0.9611141026088126;-1.6689794308163142;13.52971410669508
891;-0.3947935808207786;-1.9355001818855393;13.774752430372969
892;-1.58796163924989;-1.7460985803087943;10.062532055296323
893;-1.0559178595309453;-1.9093623386663556;10.402399766270284
894;-1.777267227793713;-1.298600549487636;11.165675653253194
895;0.9703287859696922;-1.461878864697557;13.32631519568016
896;1.3483382229038412;-0.9372457659855438;10.321434704950063
897;1.4601839112123831;-0.4126988966456411;11.339012901653998
898;2.6458760545295497;-0.6533883279618553;11.2979533571096
899;0.8419875332092481;-0.9628135053411117;10.833278019023004
900;0.6616553203158454;-1.332363688069813;10.209615987931386
901;-0.10312988511029371;-1.452597841749572;10.073034245983571
902;-1.8136297502393326;-1.375139913443598;12.53173567506013
903;-0.30947976784038056;-1.3492593028182334;11.071045960709156
904;0.1375669264878865;-0.6702855626657322;9.567650458134244
905;1.9864196954509754;-0.5069760212227842;10.660066949343282
906;1.3588820777499249;-1.0482527989412334;11.79507632361928
907;1.0924330193340288;-1.1598755027140863;11.467684885441914
908;1.3334902628568608;-1.640903328404289;11.977580098033851
909;-0.9551002305501279;-1.7009341517352838;11.819711879133752
910;-0.43889903257270646;-1.8039103483611925;11.513370469196158
911;-1.3943720153718606;-1.7007278740745737;10.284523482649258
912;-1.8164188490271944;-1.777929899821633;10.221827431116244
913;-0.21525051417087218;-1.7692402180082039;11.145320754239252
914;-0.0861143411350243;-1.5286762949968327;11.422024637195763
915;0.9560278470888112;-1.8978611300550026;12.49422881295979
916;1.6711753832433245;-1.7002570448428707;12.060368283689375
917;2.2487142615304383;-1.700170634421051;11.212702202072673
918;1.4132266459898728;-1.3222897450664077;11.330287952314123
919;0.3016552815535986;-1.1848524953054091;10.397512152549087
920;-0.4827325274758765;-1.3393364487336117;9.231140967808843
921;-0.5345478420011066;-2.0175001083874586;10.600679569531406
922;-1.0002992705634055;-2.0860909422364227;10.58021883507366
923;-0.34499257057292276;-1.768382213274235;11.132825080041162
924;1.130055041604265;-1.6653030002669922;10.910701053377908
925;1.3890998549773004;-1.3047232971854663;11.569508940941517
926;0.3020338365205262;-0.8068386320632529;10.95459073155057
927;2.47713778743763;-1.141550490526396;11.65590553866117
928;0.3366776856096733;-1.1329291931594556;10.934711223832206
929;0.6562140204731308;-1.5706012988272444;11.78470451319399
930;-0.29362550609313176;-1.6563759157860067;13.080706451983675
931;-1.5720628040348394;-1.6219999183430303;11.000292293183632
932;-1.1231202925747445;-1.8708270968531497;10.321287336985701
933;-0.8813902334165792;-1.8107078755871484;10.704107469107651
934;-1.29641843137566;-2.016616483633695;10.662158924426624
935;-0.06051159870551471;-2.231099782243833;11.990189789374842
936;0.4755439431992839;-2.0336906518137585;12.904114780584115
937;0.8907447807925691;-1.5273838061153373;10.674241454569994
938;1.5137110405466803;-1.5359374497977722;10.525986178775712
939;0.7267312264450714;-1.3385608333877113;11.726692358291464
940;1.3326178089386542;-1.390023962263569;10.760497795265923
941;0.701069491472424;-1.1926596985553626;9.560510269919972
942;-0.20776822351816876;-0.9953020248984953;9.582082602449598
943;0.28574224194279746;-1.0124527990171426;9.975458430187146
944;-0.22517865938329565;-0.9781247409025425;9.699540983442077
945;-0.6583572333379394;-0.9352188042353249;9.147359180983115
946;2.157457704582728;-0.7550356004053485;10.422526752340934
947;1.5946169965538117;-1.1840298098413438;10.954010929075135
948;0.42474772554464685;-1.0295898933171834;10.114888190231513
949;1.257187861449188;-1.6301848917407171;12.155111445887833
950;0.06070551814719682;-1.484329544787242;12.537843213345111
951;0.19950631442347583;-1.6130349304550142;10.8910996305999
952;0.17352349190965605;-1.9047647320757006;11.093140423866528
953;-1.5186811065372126;-1.6816963448288815;11.412047424048795
954;0.7812176624935917;-1.9305362303932245;12.910408312612107
955;0.225737997686812;-1.2956182083924495;10.827829444277924
956;-0.14763278739854263;-1.1326074100771726;10.339099695678277
957;0.26927678973983027;-1.021077163468127;11.42299678627033
958;-0.26065290190947504;-0.5920625655947492;10.402917473333023
959;0.8082191855276474;-0.8409151871847703;10.031003366474621
960;-0.8866496012381183;-0.926740743466996;11.274229063334735
961;-0.6434132492138367;-1.012571416905407;10.966027848231573
962;0.6348751924114646;-1.081245008406887;10.254020317660185
963;-0.722023918617774;-1.0555269952646076;10.200804995202716
964;0.2001290294694502;-1.1070451746534509;9.871300393483919
965;0.3046210234487578;-1.4160276700387544;11.741281704409388
966;0.03482267743646077;-1.484727837804006;11.188585208749389
967;1.1146108905357774;-1.7336675629904583;11.03964383212689
968;-0.06097099408742384;-1.665062912673821;11.368811660011039
969;0.3833457075493198;-1.7595354777881622;11.729817316505638
970;0.758177132034211;-1.682349582040882;11.16644195663432
971;0.17433945907469392;-1.5622421399077362;11.017419077035976
972;0.6801040754490268;-1.6653144848151542;11.463325750126089
973;0.497131785163353;-1.4164355369712027;11.048660878191441
974;0.6717443862664737;-1.3564040041591907;10.64462231442466
975;0.637020870518022;-1.2534433987322047;10.665506418757388
976;0.235674612527369;-1.1762325043447324;11.015668550257224
977;0.43655416268327074;-1.2192209424874692;10.845291134244661
978;0.4890756291645903;-1.2708025031028745;10.791743310647618
979;0.34070086867116434;-1.2107611901719715;10.759418282240851
980;0.48934836827076966;-1.296701980897368;10.875765309769292
981;0.5506719117532849;-1.417006281872467;11.087660646309649
982;0.29727224658106904;-1.4170892481268746;11.05525529447146
983;-0.06996636252061338;-1.6748429686494422;11.235213304130932
984;0.6123814801706645;-1.9068630572116851;11.712453212262082
985;-0.21002003054843008;-1.735184706265023;11.584381177772839
986;0.29761492610477036;-1.7267085007707734;11.116535528857932
987;0.39401739480223974;-1.7697813460868639;11.253883153935153
988;-0.008758521805189405;-1.7097622236826397;11.327490529419295
989;0.7709783996578998;-1.7528463395311373;11.16752291353711
990;0.36807673396239116;-1.624079704310544;11.05001005197901
991;0.5084490489643506;-1.572639855373449;10.900645810684665
992;0.4033744953821051;-1.5297895159246777;10.73005073247146
993;0.21052023349795268;-1.504125344430262;10.8141559784357
994;0.5001384939609629;-1.4956512746404305;10.760272060379362
995;0.1579870695073047;-1.4184073246105233;10.716982772722123
996;0.2985124308770029;-1.3583473766962761;11.013195184641072
997;0.43912561855791965;-1.4272479954679185;11.033497068720402
998;0.2635579377955071;-1.3413877812013053;10.86282128339042
999;0.3163692470290461;-1.3587077778483683;10.957331843241176
1000;0.25493385114772493;-1.4190346274436498;11.423022459593424
1001;0.2550152018378492;-1.4707743204610166;11.231068155241472
1002;0.14953966063644844;-1.4537119421488824;11.017915351125142
1003;0.0263978722818657;-1.4366490309341275;10.942621112964524
1004;0.1760429761621353;-1.4712067486598055;11.132370899163197
1005;0.17610049503179592;-1.3594990544437264;11.300854257475988
1006;0.1673504570084462;-1.3080082741646548;10.907471884243847
1007;0.19383826680354838;-1.3081465541955262;10.90630732624783
1008;0.22034400142199756;-1.3685374241637824;11.223050028418822
1009;-0.07935036169017787;-1.4031198777759049;11.529100063762726
1010;0.07937704865222843;-1.2999677826117153;11.485404866047023
1011;0.06175858987265095;-1.205404932560565;11.356936889462643
1012;-0.01765131350758273;-1.1022117498711559;11.40855330592872
1013;-0.16774484094387476;-0.8870401462790326;10.962322337683126
1014;0.01766342658917922;-0.3962011384295803;10.897424750976828
1015;0.6891119177842442;-0.4565480121820198;11.012529405382434
1016;0.33583800188559726;-0.2067642263793215;11.06405176492263
1017;0.7072746703232009;-0.2240226453060062;10.745015862647254
1018;0.5748628414992168;0.034469410375824516;10.267264532032598
1019;0.45120578263795896;0.10342159901432847;10.551621133319255
1020;0.6991751443758644;0.05171758764778011;10.740634295429334
1021;0.5843299019722014;0.06034522940965413;10.707380085240978
1022;0.646536687934733;0.10346295229005413;10.65295018747007
1023;0.7442289531564271;0.15521573096623278;10.154259073890364
1024;0.4608806125320672;0.1983588301215397;10.744996875419172
1025;0.8245684746501196;0.0431275763691782;11.187490066661836
1026;0.2749571304937147;0.12940127205696836;11.05890329437786
1027;0.7098287843806572;-0.05176803001357573;11.131173983992088
1028;0.10651385432490602;-0.025887828449994772;11.087132727309006
1029;0.20422774946615138;-0.11219734740938721;11.159320079061283
1030;0.3286635810769141;-0.05179122873386573;11.495600225495796
1031;-0.09774765090558414;-0.09496515865188696;11.377485089455698
1032;0.1689008571927959;-0.06907630229808659;10.995323386103827
1033;0.16896522739448286;0.0;10.951197917727198
1034;0.08006681945867747;0.008637275544801329;10.87538253167269
1035;0.16019529961478104;0.07774803756002271;10.841793067156756
1036;0.03561273375913019;0.051840506258982434;10.829296066039067
1037;0.02671994038499731;0.08641515653620327;10.78511657857535
1038;0.017820259026050625;0.12100152209025929;10.49825105592447
1039;0.03565452280363865;0.19017752979763353;10.243110758123864
1040;0.16942587388392236;0.09510511216857215;10.631409082252722
1041;0.11596898157163116;0.12971133884343491;10.703180752766913
1042;0.2766517417618964;0.16432995083650023;10.648380137045441
1043;0.3660409204946509;0.1557087278415799;10.667358790090303
1044;0.31259985394986844;0.06921634782736204;10.760071639775193
1045;0.48249216838973014;0.01730724106671343;10.863254760209946
1046;0.4111790923013245;0.0;11.008503731648032
1047;0.4024048914052413;-0.008656829271803675;11.03780754026605
1048;0.5099223113215438;0.01731692252470899;10.9407091086188
1049;0.49223346151544134;0.0;11.022593974624836
1050;0.5640649593974087;-0.034647121851799564;11.03073425738004
1051;0.54638582987971;0.0;11.017794719674898
1052;0.5286928833927278;0.06932139270119916;11.015350809674075
1053;0.49305675691680445;0.06933519060604272;10.918210451696384
1054;0.3946121947746264;0.156035558874976;10.779019772301577
1055;0.43066894682401485;0.12138566596946455;10.776540022152686
1056;0.3769961948665034;0.1300827773207678;10.795053991947812
1057;0.27837845971147474;0.13878376016332775;10.782001826329413
1058;0.31443369450278796;0.08675803080385991;10.821456575472538
1059;0.24266813842024768;0.14751989788390454;10.64028311857426
1060;0.23378207757013256;0.13019245479275884;10.700694610313729
1061;0.170915408159085;0.0954951005858174;10.75054700742219
1062;0.13499244973679905;0.04341633115157588;10.894807117768403
1063;0.1530589210253524;0.0;10.892057345637834
1064;0.0900745419419245;-0.04343555931273461;10.836824302060867
1065;0.18022926285373891;-0.017378127758856086;10.875980269342957
1066;0.1803098403592475;0.03476413713420075;10.841686397953373
1067;0.2254885402671273;-0.008693024340394718;10.8283440706473
1068;0.23461386043253124;0.017390066819841427;10.794018440851515
1069;0.19860938772795897;-0.008697061759595831;10.895877344482615
1070;0.27095425894442077;0.026097327381679976;10.777695802004343
1071;0.27107814513493206;0.05220705695339761;10.70143211656892
1072;0.2892828208769534;0.0;10.761263163790044
1073;0.3346375594270899;0.008705368771597706;10.77916909031048
1074;0.3619379300605537;0.0;10.807493937758867
1075;0.39831700900424527;-0.06096747400637772;10.783475031913774
1076;0.38038939217772616;-0.034847212934722316;10.759436323247403
1077;0.389629093637105;-0.11328183676203724;10.766739080286168
1078;0.44420527466090515;-0.09587810604938797;10.784455058533563
1079;0.408136789884719;-0.12205780614318801;10.864808259542556
1080;0.4174048920649845;-0.10464788881459343;10.819755333790887
1081;0.38129083436566463;-0.20935008668788171;10.847779936741317
1082;0.37239101327603685;-0.12215284756889691;10.813130523781481
1083;0.3907445381570021;-0.1920051239853341;10.809771021933063
1084;0.3000187761787156;-0.165866733524441;10.754225722234095
1085;0.30016451627515806;-0.1833755757245997;10.886377496855125
1086;0.2821102912423721;-0.18342518449659678;10.820351076389347
1087;0.25493411884920353;-0.2883181926348802;10.764754161111195
1088;0.28238732960755103;-0.2883974713273992;10.76124668081419
1089;0.2369579635117197;-0.2535104599817801;10.80977763340195
1090;0.21883892467056804;-0.23609291563327722;10.816600090688942
1091;0.21894792146237133;-0.28863929097071267;10.771348063616164
1092;0.2099300262941791;-0.30621949228305007;10.69488066560934
1093;0.219167427350068;-0.28880383709925334;10.764032069145015
1094;0.1827316120186138;-0.28888711409188367;10.770722517815619
1095;0.2468125655253574;-0.2802143693986235;10.735801314572518
1096;0.21035462385287915;-0.2978149579364436;10.74242725080717
1097;0.2562146117495182;-0.24533175013802486;10.665929852853818
1098;0.30212195154384225;-0.19281796716580268;10.734795918628048
1099;0.2931174836777987;-0.24547821140922904;10.834712255355745
1100;0.3665861123808829;-0.2280128394094516;10.841152166444079
1101;0.3209292198912921;-0.15790304621188128;10.764586877998667
1102;0.33944469484948986;-0.10530094586393524;10.70877596169434
1103;0.4222329124105584;-0.18433352380798612;10.766961859045379
1104;0.3306165780438071;-0.1404882522532993;10.711119981156532
1105;0.40429984302668714;-0.07904938538743321;10.800253845326061
1106;0.40451369758201794;-0.12300450022201487;10.713316717405778
1107;0.3127447581849175;-0.05273295819651649;10.750573847458474
1108;0.36813112703367135;-0.03516655351431356;10.725708449403765
1109;0.33149532364430395;-0.061561301053891966;10.587096131928554
1110;0.32246026331147143;-0.03518930001002874;10.779272889164915
1111;0.30419791581013017;-0.02640059908507719;10.692330572873173
1112;0.3043625924919886;0.02640928646890568;10.615746726582355
1113;0.30452798778170814;0.0;10.652735766559973
1114;0.2769946390105771;0.035235801577956236;10.627747267297947
1115;0.3048609391141147;0.0;10.674940260514418
1116;0.24032547975726282;0.04407444744917891;10.639580010044345
1117;0.2867000180169902;0.08817891020921056;10.63512747397607
1118;0.26835175819705676;0.052925484400247615;10.55853374034814
1119;0.26850091734210607;0.10588749811960912;10.615824218208196
1120;0.2686507155718445;0.06178916853013419;10.611274607151575
1121;0.2409941290302827;0.07064088451764855;10.606691059203436
1122;0.28750066953269265;0.1236650689340911;10.571223008003942
1123;0.31550119466878207;0.12370888549964613;10.53574902398731
1124;0.2599716269592647;0.10607399750449585;10.531090513642514
1125;0.3251491911213049;0.06189871136468966;10.567476367307945
1126;0.3067440805809003;0.15037974560985992;10.5627313049398
1127;0.297619076318769;0.07079266521732899;10.588733773816767
1128;0.35362568970583796;0.0708185670060683;10.532627448161191
1129;0.27933913516432207;0.044277899956442664;10.486783853129026
1130;0.3260842401176356;0.062012033115740585;10.533160968638942
1131;0.3262736017481944;0.035448658009491776;10.589697621710911
1132;0.2984811437540526;0.07978940329213277;10.543775241733151
1133;0.3546536599368695;0.05321301577227447;10.579710895671905
1134;0.2894925452065822;0.008872204896750353;10.533757587895341
1135;0.28031907837538494;0.07100476200152987;10.579806608318918
1136;0.34593123227764505;0.04439503755226808;10.492949576677614
1137;0.3087162611931951;0.03552976984005948;10.508256977340949
1138;0.35570306237353694;-0.017771798795872273;10.564338507151028
1139;0.3278169363498534;0.0;10.55911189370026
1140;0.3467570585821093;-0.00889287921507615;10.57424419724965
1141;0.31883327597586675;0.0;10.517977307598677
1142;0.26272705488092757;-0.008899947842879698;10.594152718456959
1143;0.2910525421178736;-0.035614061319330655;10.497124910813705
1144;0.31941290483845935;0.0;10.512093343866562
1145;0.3478083508272947;-0.05346430622858302;10.527006193647182
1146;0.27277333608342214;-0.062400470736443246;10.592690201016698
1147;0.34823481721409666;-0.10701611735568316;10.566820390143219
1148;0.3201966834426723;-0.044608446392781685;10.500315340100311
1149;0.2921244804132347;-0.09817931603202493;10.504886731924401
1150;0.32059328422237976;-0.02678734993326369;10.448545703246113
1151;0.29248752394411937;-0.08932863846965225;10.503749570305237
1152;0.29267012543760584;-0.10723961035370441;10.548717901837177
1153;0.321194103306967;-0.08940426737387368;10.482189479835165
1154;0.2930374936689598;-0.1520521288430733;10.50679036181119
1155;0.29322226272214436;-0.15211737980066625;10.541438423750778
1156;0.33126681369067323;-0.08056747711190113;10.495116918538788
1157;0.31253550932586266;-0.17911651401129308;10.44880449705427
1158;0.3222113342006814;-0.17919465096604745;10.503496068930396
1159;0.2750028770584235;-0.19720057779718028;10.477331242831175
1160;0.31313486081065;-0.1614170743256657;10.481417121519748
1161;0.284851089560667;-0.17046023230840174;10.43504356678636
1162;0.2850348320142165;-0.15258503343125554;10.428984759102828
1163;0.28521928376337224;-0.26938835263448596;10.453099753830132
1164;0.32345838529741083;-0.17068948253420513;10.346304129239538
1165;0.3141493515927373;-0.14380360383514676;10.390468406849912
1166;0.28577690598762373;-0.14386906704767746;10.41443128747651
1167;0.3240927802098109;-0.17092269599926446;10.408180602198625
1168;0.34338266538510975;-0.1260009752178719;10.381811222279719
1169;0.3245197591194443;-0.1080507666891237;10.465806549565395
1170;0.3056324337323051;-0.11710940182408588;10.45940041000456
1171;0.28672056683620273;-0.05407574058257151;10.412868584269527
1172;0.32516632632974407;-0.03606742046620538;10.386380518582875
1173;0.3445236707789986;-0.05412666088388261;10.379898026286194
1174;0.3256014518468937;0.0;10.323361409550179
1175;0.3449861251260776;-0.05417814619683962;10.296840447924106
1176;0.2685034113535627;-0.08130615201231448;10.330250691926283
1177;0.30706849912413003;-0.036153465961116855;10.273714632053615
1178;0.3552887360234546;-0.02712821891255732;10.287049411393852
1179;0.29787683317810054;0.0;10.280377432522672
1180;0.2596181041401229;0.0;10.333456099114409
1181;0.32715025961263955;0.0;10.266919170688885
1182;0.2599741008087551;0.036241881907443846;10.160616498412397
1183;0.32760020900425735;0.027194888266007692;10.293087849358203
1184;0.3085425153604894;0.018138958752766717;10.226567852424866
1185;0.33770210519171684;0.0;10.229611603285521
1186;0.3475920195659856;0.0;10.222678336159744
1187;0.2608756344297595;0.01816634477444816;10.25537894862632
1188;0.3384084447961566;0.03635113861462343;10.198784580748296
1189;0.30961884636212667;0.07273937046568955;10.201647063073576
1190;0.33888364315957137;0.045485409109495584;10.26384302433987
1191;0.3585009749443251;0.05461060292108067;10.207214441698705
1192;0.31027410156780044;0.05463885902760085;10.111080464858992
1193;0.32989999102533524;0.02733363050717527;10.143432801171265
1194;0.3204247321491234;0.0;10.225037689863354
1195;0.34980354213522086;0.018241501835822974;10.168399439290186
1196;0.10696086765494546;0.08213001703711094;10.407459124347225
1197;0.23353653853361658;-0.03652155540746557;10.65597081014574
1198;0.6524250844181088;-0.11875818314333075;10.146295006052158
1199;0.1754048331487004;-0.05484075005807969;10.060175618940008
1200;0.20478701029426905;-0.009145030322578372;9.925000327703234
1201;0.6148067450471937;-0.0731996777326559;10.045279843622263
1202;0.17578685706452207;0.0;10.126082632511752
1203;0.47887999418368077;-0.04579946361966421;10.196907317850549
1204;0.26406569110660555;-0.05498938061705918;10.26757356100128
1205;0.21532250171889578;-0.08252932824438211;9.98564684045654
1206;0.5093185098773761;-0.12844970948211373;10.075828041443733
1207;0.1666308163499206;-0.09180056850556945;10.39063950390465
1208;0.4806440954105961;-0.055110962052415696;10.206782450465774
1209;0.3730209138337999;-0.018380577721324516;10.023157960721976
1210;0.2455910487559287;-0.06436809540093175;10.122574618659597
1211;0.37357681303941437;-0.11960806305977706;10.056130506021487
1212;0.25579634876566;-0.10126406292560418;10.087103281946234
1213;0.29537098207297835;-0.05526631065384824;10.117973502646075
1214;0.3251524027788113;-0.09216305140682102;10.022367911828661
1215;0.3451186412719908;-0.14754535081517509;10.043419998571196
1216;0.3355115829996567;-0.13840332450491857;10.132321563043888
1217;0.34564138374238146;-0.12925105370678747;10.104655667076978
1218;0.3063722135538369;-0.12008844381102417;9.970396787296023
1219;0.3362772244937207;-0.13864428619363048;10.029933120747485
1220;0.32663611135260134;-0.1387253682241843;10.031275740233621
1221;0.32688636988055997;-0.07403031104595427;10.061556458070724
1222;0.3866170234043076;-0.17592566220002442;10.01447413100706
1223;0.3273894469695869;-0.09264726891543348;9.928818824542487
1224;0.307785174667168;-0.13905351992085244;9.997507180966984
1225;0.3378322002628155;-0.13913651678292088;10.056388771360135
1226;0.32815048117109286;-0.13921989843786517;10.0188712001043
1227;0.3582609554026584;-0.05572146619781717;9.856353728810612
1228;0.31870267915424033;-0.08363269113708709;10.001505146171716
1229;0.31895200425285436;-0.08368341494911766;9.896767420313276
1230;0.33915230788344664;-0.0744305527348918;9.916835806265402
1231;0.32943606984458607;-0.0651665498676421;9.869736411903485
1232;0.29972343492822473;-0.055891321245580494;9.947121555349074
1233;0.3199576830688544;-0.06524672108223456;9.880833168202988
1234;0.33021779627450104;-0.04663362446277306;9.795493288434969
1235;0.3004364618328963;-0.06532761966917214;9.987139399146924
1236;0.37083339964901324;-0.03735333700347552;9.825426601605512
1237;0.33100734329120207;-0.03737671155332761;9.873622103593178
1238;0.3413108368802524;-0.08415042825941535;9.797886955032128
1239;0.33153806917072115;-0.009355943867917065;9.836388389944098
1240;0.32175006195015465;-0.018723732094280788;9.789222492703638
1241;0.33207229551351186;-0.028103442486064775;9.780065844944437
1242;0.29205700727565437;-0.0749903118930249;9.7993252276832
1243;0.34268913809517676;-0.028139369972994484;9.85639830799336
1244;0.30261838178399064;-0.056314904762535145;9.818619686510363
1245;0.33315128902398444;-0.04695935546203908;9.724095811435104
1246;0.3334232405954739;-0.018795904078408004;9.752546040545594
1247;0.3438080922879438;-0.009404058902846641;9.771438329439674
1248;0.34409010714200033;0.028230575954417112;9.752505578679349
1249;0.29372993668989916;-0.0376654082498504;9.724126374119146
1250;0.36493079632069136;0.0;9.705153650205334
1251;0.3652323046183143;-0.018857504443654905;9.714368126015142
1252;0.31476607789569694;0.018869984441255542;9.676529655383577
1253;0.35567606885145364;0.018882517936462322;9.732557168554726
1254;0.28477763838261955;-0.028342656529181;9.704025870237718
1255;0.34608984795136205;0.009453872872209185;9.694222041793868
1256;0.36675443505896643;0.0;9.693731705189855
1257;0.3772579633313293;0.0;9.683831088188304
1258;0.35716540204223357;-0.01894599071792399;9.627198098831803
1259;0.33703948014273216;0.03791769281730674;9.570617686394215
1260;0.3679897268171877;0.028457634742125672;9.709776462637851
1261;0.3683010036551257;-0.0759388842322755;9.671715901189293
1262;0.3890917865768307;-0.056993218557679984;9.680164648465162
1263;-0.5841336644828171;0.8649919600853524;4.876776385851238
1264;2.123134305371668;0.20926334090573379;13.65904728504327
1265;-2.0120269239267357;-0.3045939518981514;14.858765601357279
1266;0.3390494969161574;0.5334100485797293;7.259376397134086
1267;2.3239667694897252;0.028595473373757025;7.011065526162378
1268;-1.7702028117792343;0.19076994284394935;9.313316728006512
1269;1.0094728545643472;-0.4581694926898487;10.38300082787124
1270;0.9278673692168644;-0.4298366359843037;11.487151245782893
1271;-0.835803351528383;-0.01911736148719773;9.89974838386908
1272;1.3425761373736036;-0.08608916787947149;7.8374378563437705
1273;0.3514405247483175;0.009572273678329532;9.014047056404193
1274;-0.1344913802740744;-0.3352688984509822;10.92223231577365
1275;0.6937530075344708;-0.191719530347932;9.681428279626484
1276;0.27981675331492384;-0.1247073114804158;9.32248570912708
1277;0.33192552275989257;-0.11519748903392535;9.714361692459555
1278;0.35298083372276284;-0.03842695798310033;9.465700073935771
1279;0.3948554695368104;-0.08652344288121754;9.372684140637432
1280;0.2808028416205306;-0.15393152629175832;9.525936643988834
1281;0.43719085729525514;0.009627752712644665;9.023193920190844
1282;0.406322852981817;0.009634812832409134;8.503363386487933
1283;0.3858282956540022;-0.09641900314613765;9.628859215022537
1284;0.18786737221289357;-0.2122783702356819;9.953200073478314
1285;0.4700875178331681;-0.04828080274101625;9.189216195406447
1286;0.37640630062045216;-0.009663333382555973;9.123946241492938
1287;0.28255769269639147;-0.058023200425331156;9.37518623803712
1288;0.3561329468148264;-0.08709985738532433;9.5444803081988
