;ax;ay;az
0;1.2788931490240307;0.21311040838418685;9.03659213815192
1;1.0007161664647;-0.2988429577127978;10.310054985641669
2;0.034576189993761525;0.2225547707982887;10.807813322499191
3;1.022417308245582;-0.15134992790358526;9.982892597800182
4;1.1855194745525768;-0.060693334234121724;9.702468332306678
5;0.27223194129352507;0.36112002088558975;9.550252183163018
6;0.9899793200509259;-0.21921221927106055;9.782411423328014
7;0.8982886554017369;-0.012699780342845066;10.302494542374882
8;0.3565595235946964;0.1818322171490376;10.272373962325652
9;0.842376107179542;0.0021777614118143745;9.847493337787512
10;0.7148504617092711;0.2058887912899949;9.492499957554747
11;0.43981646124727847;-0.033332774311169266;9.824842992997246
12;0.7879673861412827;0.1623280674779864;9.964599149295786
13;0.9646162408786689;0.1147364889127507;9.83898418330249
14;0.5289656150813101;0.0018639583966506001;10.199635624423188
15;0.7287465826106083;0.018519582456440198;9.74868045979959
16;0.9816899809715641;0.09612670481912708;9.770676262483947
17;0.30512330190343656;0.1281848793392614;10.194238573331944
18;0.6042492695701589;0.24116494379775258;9.741005013299889
19;0.9637505818402142;0.11254047750269341;10.03605338206637
20;0.4503745660151057;0.009620548823881706;9.788146930532438
21;0.47560678885074337;0.0626081541354656;9.692339094889313
22;1.0354527791432622;-0.03820278809216767;9.824453893946
23;0.459274283067086;0.19306707685914323;10.087147919336234
24;0.8602531309251751;0.09979800223538711;9.983118394583986
25;0.7388630298865533;0.27588862891039573;9.796745846683729
26;0.500433404679152;0.3374346388775871;9.943699050990116
27;0.7167757347756465;0.23710307463837454;9.94951120997046
28;0.8216070981109596;-0.11597176162698931;9.830675192370858
29;0.5824738260130202;0.22808449003154027;9.765127763264429
30;0.9470232658732471;0.21466394418023538;9.767771510859244
31;0.6526607474321923;0.050580922729070624;9.741835774339807
32;0.5835928342566509;0.13508957538730187;9.832420694165048
33;0.6983547416118939;0.07025060772789338;9.898093329768088
34;0.5440744013281119;0.15326220671790455;9.922088346205516
35;0.7640512917670844;0.07272301894751607;9.748306175767627
36;0.40865650341781457;0.2594872162671975;9.735151455655446
37;0.67461302685763;0.10559665263634789;9.898293274488527
38;0.7397355555352728;-0.015693190874768337;10.0842298861124
39;0.5327771152358282;0.1174551960349906;9.996833028272967
40;0.6534541518084833;0.08797472255093021;9.880679518872862
41;0.6141896618883202;0.08567222869573012;9.549131563089562
42;0.66247046068592;0.08550304027424295;9.81079520686564
43;0.576829685523122;-0.05174084076443432;9.966439884391695
44;0.9206528159712692;-0.010698679527827396;9.900937972559257
45;0.743428521985298;0.18292952941840435;10.152039549454159
46;0.7563181837765112;0.12975630349919323;9.78614949768298
47;0.633016985360702;0.1950371954453629;9.823161961974693
48;0.6695466418900431;-0.01810813529067888;9.882740699901465
49;0.8370826010548749;0.06419873212128627;9.871571413566901
50;0.7349978207886557;0.22430446560881048;9.82492666103659
51;0.4582547246235258;0.21051864002157641;9.830295016209718
52;0.6576535384365652;0.18736773076373778;9.902154494721366
53;0.7563554001472028;0.25681178278646144;9.968275555837042
54;0.9353031222351191;0.20452524816772524;9.991802843105349
55;0.8168536368765201;0.015062503869318983;9.883366088997647
56;0.7458950472355208;0.12792158476796972;9.820726252504388
57;0.7445945357476714;0.1343443546296544;9.81979052415386
58;0.91234922820849;0.08157363665136974;9.989193998462104
59;0.6246011565631648;0.17913594041100925;9.881345594209616
60;0.6687908896680993;-0.05495992161028404;9.842721880890442
61;0.8797924043971499;0.10731670818911926;9.981935529238871
62;0.6695597431728224;0.025890645934945056;9.898164840669402
63;0.6857626985323794;0.15587958542013747;9.841245579575174
64;0.9195407851681354;-0.039404282256790685;10.007923872543083
65;0.7341888694698809;-0.07290082282455525;10.0038832504946
66;0.5779683218857959;0.21179267411026373;9.808338427893236
67;0.5832182994775073;0.19449352027478803;9.899196993958018
68;0.8499496517726558;0.16677246375175026;9.774451522561195
69;0.8715403842270899;0.13075419317170123;9.861291619859378
70;0.8246606532766518;0.04852146726904196;10.066593102946257
71;0.5519078613222662;-0.21096095417164218;9.790923455160687
72;0.7823291627508543;-0.08356624417779063;10.010287104748361
73;0.8028185390818994;0.01825759203255663;9.976182338949007
74;0.6756984144520607;0.011128230728547392;9.947783116223867
75;0.5963999619078334;0.2671776792537408;9.945876195865836
76;0.7708350740826428;0.14367834279899439;9.765916602540958
77;0.7725994169891202;-0.004450868503749372;9.974178479492007
78;0.7005571734167473;0.10958389961534723;9.961268762981517
79;0.6150057325926088;-0.044915228686199446;9.836866921594323
80;0.7144465124398176;-0.03582863652547302;9.931190753587417
81;0.599320255747314;0.17872848931548213;9.933804864335523
82;0.770958467043876;0.3774581424701504;9.916238028234265
83;0.6542980231130643;0.2888927254338896;9.84393282112635
84;0.6309420701993393;0.04722795005014023;9.868252306870524
85;0.5067519470443103;-0.01942490705433965;9.811881193996992
86;0.703243268019223;0.1189283967977114;9.959840160625237
87;0.6036914733251814;0.23721794443453095;9.871049427552235
88;0.6685456573172188;0.12188471101660275;9.826338576162719
89;0.8074834792124843;0.10549083687916946;9.887920126370563
90;0.662081791586686;0.03846007507619947;10.026633736000477
91;0.8664485084654588;0.010612828812827504;9.843159679780225
92;0.6462709802611497;-0.004270594530036059;9.834103866351837
93;0.642190895474022;0.027839605732519784;9.839828880350037
94;0.8374968212328044;0.1313830096678834;10.030676866521388
95;0.7228583419250593;0.09095292514863548;9.780002494561543
96;0.8471872887116527;0.14678585595764038;9.878849900381931
97;0.7073591064324624;0.0955420020346549;9.755337811016123
98;0.7746470831356593;-0.05119748254236184;9.900498900621187
99;0.7092819721086709;0.04617791395228174;9.91510573393847
100;0.7266150671217889;0.08297312894355817;9.970744550588945
101;0.7389753299538634;0.24411437939849528;9.855143495503073
102;0.5761504361192634;-0.17529124835152554;9.882359460285626
103;0.9886838830406388;0.1326651289643596;10.009019273855273
104;0.6738041558173604;0.09399500589290247;10.129459457146506
105;0.8152600237606826;0.1062058783542288;9.844622405534217
106;0.791229705596009;0.04558527272772074;9.958236404595137
107;0.6377634458359336;0.043075951863624284;9.85238337284993
108;0.773438988076294;0.01874535043284404;9.911667096270369
109;0.6215294046741322;0.21821939052783745;9.961843141557553
110;0.7338611632511107;0.01340363257901056;9.858207619457058
111;0.867391278688566;-0.06293794631183743;10.057616837693645
112;0.842309261655124;-0.021401703817101103;9.746727520017041
113;0.6467785540836085;0.18454340863283264;9.888229834319809
114;0.9982281314824413;0.17013871824898052;9.840730999218723
115;0.5865526565304735;0.05029091378126872;10.116621296846342
116;0.7083025237210858;0.09156577052255611;9.929089290814069
117;0.6726761251579185;0.0012118612742522544;10.003795243148065
118;0.6530705661872465;0.12855150911205443;9.910183276864556
119;0.7595629239422791;0.20182540232715523;9.899827494548923
120;0.5246815379161629;-0.06009875529040273;9.835355079091205
121;0.6011669409302742;0.13501401427098406;9.871184895847133
122;0.8333143632851328;0.13901956358679363;10.103905677394163
123;0.6984714013510185;0.08719301195589889;10.107842656709684
124;0.74345905234525;0.16063145647550847;9.844584622286353
125;0.7510566040652363;0.07806374637633152;9.924656359383455
126;0.702483371352932;0.18377436513816603;9.830541501496175
127;0.7422111142971073;0.2504896506807344;9.790353718442885
128;0.7451781375373201;-0.031932889642820324;9.845923723841748
129;0.6517832511891405;0.1260181123128821;9.988969739960243
130;0.7017052645600801;0.01167817401182926;9.773467851777214
131;0.6981232859289549;0.07415679439880803;9.862320379695985
132;0.6365524576320598;0.07253533569873347;9.68755329756301
133;0.6466939503692889;0.10970168171495112;9.89875878774396
134;0.596322614187313;0.19175312900011293;9.756092719332296
135;0.7465921966154409;0.2355806402643404;9.98298175147428
136;0.7684371776654035;0.12821777293035605;9.986836587084623
137;0.5926264428673229;0.10419820116923427;9.69404259776571
138;0.8729811062705142;0.019929097711800528;10.0218262441412
139;0.765591947836345;0.04629189010834634;9.796623855608468
140;0.5932441317198791;-0.0683527553440315;9.983099718398098
141;0.8808872925033683;-0.06456679804134703;9.90989020241791
142;0.5895329574881946;0.08702124566801198;10.132351218738005
143;0.8610391176195997;0.008647063882022361;9.840856080758332
144;0.6466021118779898;0.19514737330980436;9.723470070711585
145;0.8601230219719606;-0.02481807744574835;9.93319579677094
146;0.7114806301719109;0.26601079147289103;9.835429974525157
147;0.7547911541487617;0.08930977030838254;10.079333139122097
148;0.8164458920006086;0.041465451853405264;9.848219553511809
149;0.8220248626945996;0.30695212064139393;10.0476226407915
150;0.8744382701404622;0.017061562236727737;9.640413181134509
151;0.6611328879633864;-0.12777935127095041;9.899699918045677
152;0.586907737251894;0.15466938765971375;9.959561902870377
153;0.8315220173652145;-0.14929253492345976;9.874699461911478
154;0.7864643260526223;0.13161496113771493;9.679228218740247
155;0.649590104673334;0.08217934062699021;9.756550790756432
156;0.6284306503643349;0.2773311375006315;9.838757166264179
157;0.5673806589783279;0.15542408368349453;9.729508418845297
158;0.7681395299846574;-0.013600047259098233;9.92202766599926
159;0.8771752784376406;0.18196584898202223;9.990104262022339
160;0.6296211828736674;-0.010616458673012419;9.89692659472813
161;0.7715379763011194;-0.01904866457452934;9.930059257654532
162;0.8391617604368005;0.034841028430524;9.903579317723876
163;0.6600566604269655;0.13454381247020206;9.758886718050928
164;0.8355023247484274;0.3851486069988027;10.010930512692049
165;0.6904139364681909;0.1361668159883087;10.004566479449313
166;0.6796674007274653;-0.09317669991968551;9.696142041656996
167;0.8260295525835235;-0.012037231777370122;9.831098903989202
168;0.8911042953702125;-0.13230786551727264;9.96339509777626
169;0.7173465611178927;0.07247925095951964;9.837289183245531
170;0.7354010323521311;0.02464051587761082;10.054916347589154
171;0.7094452652131651;0.003135086811274307;9.913131041969308
172;0.8312004693291333;0.18613039640753287;9.895802464307293
173;0.7490552318976379;0.06014963871948781;9.628909477725077
174;0.6729474718632674;0.1034877453701476;9.854711936217937
175;0.8122210504339822;0.14823194229135342;9.934699965033023
176;0.5285479858856911;0.08164565388650788;9.728840000638543
177;0.8358238183750244;0.05182411765511777;9.684716633700827
178;0.6745071787403163;0.13269478666031212;9.753947518974583
179;0.8272208424080669;-0.012869461484283404;10.06323170294956
180;0.6005734808456867;0.09995184226462055;9.827784689987872
181;0.9528732820663595;0.2721228743069083;9.906198818214293
182;0.761213749807185;0.03887844318983866;9.820087591849397
183;0.8219281851420968;0.06374826176997238;9.781944382839745
184;0.7909510353351111;0.1311858661940104;9.973654921270453
185;0.8122339265073741;0.1844902921364832;9.921312969184873
186;0.7240072755173934;0.02043442523123445;9.82117981210761
187;0.7985964186772112;0.05971191517275998;10.111728408286439
188;0.599003461584493;0.2306805413816103;9.89844071039339
189;0.7317142923119192;0.20140113442774107;9.818333778134088
190;0.6984922275676996;0.2032424324038784;9.871503700058021
191;0.7998207392408889;0.12096524120224864;9.806544885328043
192;0.6963647997905666;0.1746455131389117;9.854380937677721
193;0.7756661217291253;0.1004985060525487;10.089812510654175
194;0.7648215408012794;0.12095636880555292;9.827066891009068
195;0.6801959463716222;0.11287267530852282;10.105510925611425
196;0.6489770300485068;-0.07635438716705437;10.024383986232435
197;0.7761304088849136;0.2626509402696209;9.821717426668734
198;0.682939152386353;0.0569528100644903;9.757707810012977
199;0.8468848287410035;0.10545159404234025;9.791355563019872
200;0.6997101160320354;0.2470257019164505;9.923016323344864
201;0.7689703467528961;0.16754856160643739;9.848613262262685
202;0.7324146474962145;0.044463852698782294;9.963683613084276
203;0.8855895288114453;-0.02270407958546941;9.900086894400168
204;0.6003141347927716;0.15374269735791588;9.956201502580859
205;0.6919601919534996;-0.0508750214514232;9.866881244237812
206;0.823906532923033;0.02487464120114976;9.99077449245794
207;0.8198836960340478;0.17576017416476925;9.896096562644413
208;0.634822504983139;0.08258274683800647;9.672581413231974
209;0.6748089981220614;0.07707678905520784;9.894549787891265
210;0.4844975202771782;-0.0799452074482268;9.754907437226551
211;1.0068712246239209;0.04589049760983164;9.873163392856014
212;0.6621617489107132;0.10047156518548594;9.783140775589711
213;0.5591066141716663;0.20159992736243304;10.04440030359008
214;0.8161259908593538;0.2031024215988635;9.982187782180176
215;0.8515577398401372;0.18226861632461983;9.986769577577098
216;0.5423915360958302;0.11182975831560855;9.939876655655254
217;0.6391966598284281;-0.002941704533023476;9.672058759524134
218;0.675966177408789;-0.03167791946582624;9.759059020664983
219;0.787976540932582;-0.003029102788740176;9.835010270491935
220;0.8653551989074648;0.06900146492460602;10.110138925942364
221;0.758739922166346;0.0445404595876387;9.9351715293293
222;0.5712734028121313;0.2166103401707086;9.989687372972284
223;0.7372397259079464;0.09669017875192869;9.833271372339789
224;0.67057363987634;0.2380300466216371;9.861854001933128
225;0.8342740345593296;0.1227998056624556;9.832995598808992
226;0.7888203472017589;0.057098003096088576;9.863349317845703
227;0.8377995473112335;0.25956639343075427;9.82542345624136
228;0.6989780928053557;0.013032414116237262;9.861827985309597
229;0.7523811894321725;0.03336362305821165;9.891935221147978
230;0.7371810103082999;-0.023807828218693747;9.79571279633814
231;0.5782459801715869;0.14073265626795012;10.022967570074634
232;0.6111568759658805;-0.057891209058061874;10.072874501251547
233;0.6021340758998664;-0.03191993467139457;10.11770838529769
234;0.7771868088701376;0.16803818314700192;9.90137928774626
235;0.5875425231198408;-0.029892381994155212;9.690037525503696
236;0.6706405732167826;0.08994690734010943;9.650416087829996
237;0.6876817501236677;0.11046469899793152;9.760704056853385
238;0.6794788670812194;0.03381502715108133;9.747716525182252
239;0.7126589074489234;-0.04256695179144114;9.722487048541325
240;0.5966992188930053;0.022869173828639004;9.835261780820366
241;0.611075136442199;-0.007206659514202407;9.71633165926614
242;0.8013905197576325;0.11642066403878489;9.861721247205733
243;0.7030136527605514;0.00825845658543313;10.029868629176763
244;0.8528094378093583;0.08519451154608262;9.776682160182656
245;0.7966233243260299;0.1273072512633535;9.8096857763938
246;0.8048753658476084;-0.006005033267812515;10.037120102094828
247;0.6047244421602119;-0.1308924122651617;9.93892241381917
248;0.8774353568401152;-0.014867365949955164;10.046499726411845
249;0.7049461354232813;-0.01716117463484161;9.989903098863284
250;0.8562324305183687;0.10467122408962973;9.858515159679392
251;0.6081545563842194;0.2169559276831704;9.794231026728783
252;0.7820688787872477;0.21897027295476912;9.928289286147091
253;0.8095764328907024;0.13989118571024584;9.992333396678836
254;0.5343329168073453;-0.13531149632081102;9.97313968317713
255;0.7271676435906941;0.1848492456308421;9.933798847213934
256;0.5479969646216523;-0.02132668889528952;9.671501423391334
257;0.5811011291636596;0.1492843828882292;9.944793550308852
258;0.7499727364372131;0.02480896560483596;10.02110356851399
259;0.7199200397015187;0.14793754873457587;10.027389082593112
260;0.6268151177532846;0.053999644207714;9.895595590284143
261;0.8396350495582448;0.05838415121131961;9.743073648758982
262;0.7466855017139257;0.17565823730928654;9.86092507772999
263;0.8657106281779997;0.18422194037961875;9.856169091744773
264;0.6872075536044427;0.2442072530345329;9.863231685406534
265;0.5927993078578393;0.09656141310728764;9.877614121914863
266;0.8307261931165383;0.13504815156492603;9.648430519287135
267;0.7050310415319256;0.16033849269383796;9.895189492411804
268;0.6300054651677095;0.11842256211766367;9.868745258821773
269;0.7071960178626447;0.1685475364465057;9.932944888385352
270;1.0037305696391143;0.16579976851571002;10.0183479981204
271;0.8552028201408486;0.02288584774789182;9.946651384789524
272;0.6194570006880399;0.1644373080291119;9.961363583412158
273;0.7909340665515254;0.1240078484471497;10.008025850228808
274;0.6321913897368177;0.23046498281152306;9.763940806537496
275;0.7525380519075302;0.06289075060353191;9.873834697949302
276;0.6636566304782693;0.010807398289590459;9.997967599963426
277;0.6172212207645618;0.12802657978634444;9.99924636918264
278;0.6259212648886293;0.016998872241372052;9.851645651985036
279;0.7791970678839264;0.10340328866484332;9.92088029179505
280;0.6362994886096626;0.16946269516249673;9.706329394874809
281;0.6094542210839282;0.15639967765286117;9.91071517084993
282;0.6411495271679319;0.04365149279593798;10.009768301184899
283;0.7002319465667184;0.2664213358779895;9.877076202111173
284;0.7216632979911818;-0.002850867388440065;9.818901460758148
285;0.6964680159476956;0.09578424721154497;9.795951528884434
286;0.9122922624874593;0.2355090105817687;9.792333329035094
287;0.7763253721814314;0.10715878132492637;10.00966235753245
288;0.779552457854579;0.027659724801128313;9.928092172656886
289;0.7581538490132076;0.05556543368831712;9.878634010932373
290;0.9612869263447915;0.12443403538160634;10.093175283182372
291;0.7779296901150666;0.10015268628054304;9.796486348728854
292;0.591520412145212;0.28044371945194335;9.88480735332964
293;0.8125378635982924;0.1133787114459599;9.717981873000705
294;0.7932102191490428;0.3911384889552754;9.900751790261847
295;0.6395008194276159;0.32666261081900577;9.74361651777417
296;0.8599426905414722;0.11261744228803341;9.83832321186782
297;0.7496903679688252;0.36935783827835034;9.806317629068188
298;0.8050214159401958;0.21372747214964155;9.89527914216807
299;0.6530576785616513;-0.07590764854801851;9.883360579630498
300;0.6424394635888878;0.2779845845899246;9.871458859282924
301;0.6955197234912421;0.1560616262099904;9.737880724494548
302;0.6988534560921726;0.46275883064866313;9.861953911656418
303;0.7558230979734623;0.03528426622447953;9.879851581866369
304;0.6653666367352457;0.001233033728154656;10.207550633253016
305;0.6936480394721769;0.22614842254401252;10.44232017568425
306;0.6098246883464125;0.2415713300357094;10.101083865405366
307;0.8637487330407242;0.3041313556184124;10.405737180530982
308;0.5208192171279489;0.10041279961344238;10.769826469265938
309;0.5202602471278444;0.350190256539777;10.526926166887987
310;0.5890086175084733;0.6880990382183537;10.479811645628025
311;0.28146524947540374;0.5367182551609713;10.446298342849706
312;0.344225310652466;1.1843610048613276;10.561579739067117
313;0.2724237729657747;1.514625564474984;10.277789952635839
314;0.2185764989390247;1.0882626908274735;9.738833956788634
315;1.2783829291390287;1.804427345023646;10.036190054019702
316;1.019271224654435;2.2409447097727133;9.752148062070852
317;0.19606147914308203;2.0747550680106706;9.905244231626698
318;1.4929010632509399;2.5699248109101003;9.811257983623937
319;0.5747272199508788;2.689805682222704;10.026808810601285
320;-0.1442064782677009;2.615847106803722;9.560776040244793
321;1.2571335513901092;2.764131644648509;9.343575095429486
322;0.6292476046728296;2.6810827984285344;9.570113076121327
323;-0.0968001350440631;3.4281482924344435;9.579328300511639
324;1.8502027030813721;3.1597598560438924;8.929108583270358
325;1.5548871486545224;3.1139593900675733;9.477527482790135
326;-0.26842281121827927;3.5549371933142466;10.027959596500583
327;2.1914664864575006;3.1999194067091388;8.97564049977432
328;1.299864057066312;3.0810619788381115;9.522847855644951
329;-0.48738453332782916;3.4990893921586252;9.390095169713007
330;1.5359752121808858;2.7271512854741653;9.344601398660439
331;1.1682230433845944;2.4211090810866085;9.801261779286229
332;-0.6328568388524375;3.0426177391381497;9.724641189354378
333;1.1206265743696855;2.3071406617642087;9.475760856587925
334;1.1034512180038865;2.5574925932965336;9.540264126370532
335;-0.08205883947917604;2.477444855918285;10.108894159636188
336;1.3400132195659122;2.00947038829306;9.660056513784099
337;0.8226123878900485;1.8452212178990366;9.629278452297678
338;0.2523494575657466;1.8096846650397036;9.767194597424547
339;0.8546246394268339;1.8637961496139277;9.857970049330305
340;1.1013418995272848;1.304185696029626;9.657059730139505
341;0.13366276787974;1.288582830102465;9.984510265570554
342;0.7652915219406711;1.690559611053967;9.84688045023692
343;1.5650159840387594;1.3553653156727445;9.349593499574919
344;0.12074528959779632;1.5478530698827473;10.19285854729677
345;0.5030259293909976;1.635778345659068;9.417601671444286
346;1.72223705190781;0.7723614550975628;10.112198432142101
347;-0.31541514224026135;0.7076045374461013;10.803062031139634
348;-0.049184590966393216;0.6257005786421316;10.789744863293075
349;1.8498408626613292;0.40558519022554174;11.043567226341532
350;0.8110410536105027;0.45941758607764493;10.834654508447883
351;0.9604585955794531;0.48134927873606587;10.901729449054365
352;2.2982083534942945;0.4385153915856951;10.306308721526333
353;0.2832507608273581;0.4180292315940996;9.973212249333688
354;0.4267321457380817;0.5098981947090235;9.582786376339573
355;1.5670361891388418;0.3016320527225951;9.02264747172264
356;0.44676979762719776;0.05954274514885044;9.337634893085665
357;-0.016479074575730918;0.18042298295191198;9.596939289593072
358;0.886282783584722;-0.049013040915245505;8.770835406784398
359;0.34714758036111204;0.06561252552320733;9.022350604680446
360;0.37345774195224835;0.21615394051519682;8.704449594718339
361;1.2550030216684553;-0.5177233870753919;9.201465470903436
362;0.5167467271789714;0.2384035413643637;10.273352713267288
363;0.7923783606748659;0.06087920980244266;9.640650832938766
364;0.2714276499977016;-0.042685425336757704;9.592270506464196
365;0.22451146293747593;0.5004365825591539;9.49961937047809
366;1.1855226058083683;-0.052413417425321455;9.846071375638825
367;-0.6672018740731493;-0.1876897880036335;10.971067907479915
368;-0.9681389742349467;0.261516860481544;10.932312952905047
369;1.0871189779940924;-0.36389324564446385;10.215469027996244
370;0.8963368132602145;0.13558602902388014;10.866008734488723
371;0.4426790934521382;0.32414151263551627;12.035122771684645
372;1.5585554995493487;-0.29576831575401374;11.318197319908712
373;0.6096478803330624;0.2766287188791551;11.27736299527832
374;0.4614138082082754;0.5179755124069465;9.896803834524212
375;1.4802386094731879;-0.06741034488598249;9.681692467321085
376;0.7778278705427535;0.4130055561449886;9.946267425452765
377;1.0837795744291803;0.18926726076386396;10.44884287028338
378;0.5680025949777681;0.3038165863471276;10.02543999286384
379;0.6424258819609414;0.77408149024453;9.455341226715898
380;1.6352868048649216;0.8522487679250473;9.065459126812788
381;0.4330319695300366;1.1567744955857897;9.443213514535737
382;-0.34672305671048687;1.1511616010038026;9.668964441533914
383;0.5804068023970013;1.1550002938874182;9.400343525661754
384;0.22340948912404585;1.2966979959099492;9.716665080028006
385;0.5061471039350753;1.5864476587317677;9.922531931905533
386;1.9078842034080556;1.329657533965078;9.818471842741584
387;0.9635001629512852;1.412066386999975;10.485337308380814
388;-0.26082301929685314;1.5349941538686596;10.658505207847472
389;1.6699050432006204;1.1911358213331407;9.141881252584671
390;0.8813302316028846;1.3158992868887474;9.801078262968952
391;-0.8444662484058435;1.736999535670031;9.642836381689463
392;2.1771256086170205;1.327045948654416;9.556525900276476
393;0.9815495174816621;1.3747524840784582;9.867686364161372
394;-0.6226286104420792;2.118875880888994;9.522756952577609
395;1.4285311913319079;1.6251820237508112;9.116313751969376
396;1.0534249960100757;1.6634050733103514;9.267804693631417
397;-0.034517041526044144;2.8077849478251333;10.067357132726599
398;1.344842530918764;1.1361960258530939;9.932468935093063
399;-0.2831105657930797;3.450949504802547;10.8986234893419
400;0.2616293687021267;2.2680284539324136;9.866315050329256
401;2.09975303244883;0.9020272184609015;10.026721628532542
402;0.7255463674983194;2.6287427509552646;11.685338573979438
403;0.8707602191676566;1.6669617063690505;9.988934290762595
404;2.2377727256010473;1.5499010054727225;9.434746862674606
405;1.215098376299065;2.2932140027195445;9.813894943556347
406;0.4118016546718988;1.4510043952143021;9.505133586074162
407;1.5793231610581246;1.8533860704224052;9.389191663593143
408;1.18504020303524;2.051209114515881;10.970370608500756
409;0.8810067931265844;2.3276103801219623;8.324228367596568
410;-0.04347906638925032;1.5633695882255296;9.735581577160723
411;-1.6915403657999437;2.6821792586587754;9.7203752604206
412;0.4293243766876137;1.7478354151035882;8.7379904548846
413;0.9457747253210956;1.5310511947628769;9.328085584267178
414;-1.213271390938056;1.9673329269655306;10.291035054420725
415;0.8628141664432664;1.0363253128149248;9.773085206706275
416;2.3199927634415576;0.4001232789647875;10.399912118354724
417;0.36514880644481273;0.864135124144113;10.79118883745521
418;1.689740009852545;0.49930482600511417;11.094685319723453
419;2.208657131620707;1.234763316878433;8.738849490151258
420;-0.10193863848383486;1.375755604234471;8.96031853743161
421;-1.9072789673345907;1.3083478936687145;8.16948395498808
422;-1.1589363223392544;1.636579349173991;8.11408766690421
423;-0.8667723258982293;0.429471094962674;8.876254393269988
424;-1.31170378397452;1.1991376097815036;11.479496601815327
425;1.2072943512603171;0.82145296444165;9.861822182679743
426;2.4958304450750943;0.17038028823601867;10.174894360058522
427;0.68701302206896;1.089860229425925;10.847838278121706
428;3.6049841198260126;1.235260781951715;10.60663648598463
429;3.0231748395184423;0.29414730790632426;9.614429151182383
430;0.20588699380259737;2.0860283199978245;9.561514041110893
431;1.8481641725989906;1.3626681456820775;9.511077459946286
432;1.2880752593866465;0.743923892632171;10.28478361604564
433;-1.55543482300633;1.009712019922558;10.771946059087211
434;1.8596033461335344;0.5765606824790167;11.594836066944156
435;1.8612427955384552;-0.1797767780418733;9.666773536427705
436;-0.08105970766503803;0.9358953474504096;10.79750645737502
437;1.6073030117732179;1.015600497611675;9.759680550010685
438;2.2994578143598385;0.43250463801613787;8.206713018830438
439;-0.3928221021911608;1.4614386161952067;11.545096713131551
440;0.3803391146649434;0.9435857480671637;9.244759882133065
441;1.0446700502184139;0.40371147324350753;9.58071989685614
442;-2.0685115458359973;1.7119492191284182;9.984835304320214
443;0.9897388898955173;0.6411712759076191;8.720553190858757
444;2.4803202837600775;-0.8481877018879379;10.364057197244511
445;-1.0658352840932541;1.036456191030637;11.595315541952997
446;0.8425530464283375;-0.059004814292823116;10.265387286965586
447;2.9422646283043323;0.3760638616197849;8.826230539450318
448;1.1592673134051228;1.6431562367605264;9.868858551882674
449;1.3519589321367973;0.15063708734892867;10.810695744896368
450;0.9781454828407502;0.6491208220455637;12.164369970077272
451;0.4038856003393577;0.9146122189711557;10.739871122877707
452;0.6882326944215883;0.29268718599889043;10.532795157237201
453;1.5949072730986897;1.143923175137757;9.80196701419173
454;1.722747864405109;-0.14902206137913282;10.348816908021751
455;-0.29858156860688245;0.6777987177488229;11.257427690516769
456;0.7423217806320684;1.1106506360622197;8.727997928044962
457;1.5072305455488137;-0.04550365985368467;8.249640945820076
458;-2.244721579425992;1.3498681617789543;8.40304509994278
459;-0.5424742501205981;0.4103532539300545;9.12005244211661
460;1.5484317874372246;1.444460865740834;10.071955861388181
461;0.2169626891647894;0.6730797491498189;9.008727335692484
462;1.8060735103283014;0.6238046561710233;10.596049329492708
463;2.702649430011459;1.1051409747731455;10.080494383043582
464;1.5753198108042588;0.7382304947143287;8.352440985702463
465;0.838118075301388;1.0038689657811528;9.426279012015286
466;0.7976298034552861;1.346396119796158;9.758251703535123
467;0.6969835137451904;0.7566920815366485;9.862857137601102
468;-1.4254159173538352;1.027031690201329;11.366922986974132
469;-1.4451171954916067;1.5266837856314277;9.9945324973072
470;2.29239773226496;0.19083304417080318;7.856860780035767
471;2.0492500281868846;1.0308575452917113;11.327093650238947
472;0.6006748264354813;1.2504478197410047;12.000586890039026
473;1.8303810837696366;0.5748514506750709;10.157930400448347
474;0.577500321976566;2.0999616732765407;9.503452137974659
475;-1.6436912225993374;1.6339843212806844;8.324984806007702
476;-1.6385422167980064;0.8354091620164725;11.004095320575294
477;-1.3825853404185786;0.8929671186428106;10.146677642528559
478;2.210688147550005;-0.1920940790191934;10.184346716654062
479;2.6262511387736214;1.2619803226381983;11.796366434288442
480;2.600644748606945;1.7331675259003623;8.931980534499221
481;2.6777930304001356;2.1570806805302443;9.738852444911545
482;1.2446473250354357;1.7600917590286522;9.803021254540436
483;0.16029601276764321;1.2253725946486624;10.158528939962265
484;-0.8664916450282019;0.4309620853167282;11.890213101741557
485;-0.920327037535547;0.7792653355493827;8.91030259025645
486;0.934687147288056;0.2586747235951145;6.612571118466475
487;1.6113941872898618;1.11710370218094;10.155342088541213
488;0.8016903909256189;1.7962751554070788;11.241737470670156
489;4.482247874272498;0.5075369539154362;9.314662717884593
490;2.7413548053968073;0.5876709588518729;12.22336498481788
491;-0.33701644087395843;1.3057999140563021;11.30434636922576
492;1.61087534016281;0.5859896236680839;9.990208640990355
493;-0.7291147103891741;0.8871316430807495;11.983059932227537
494;-0.27780199129568284;1.8153766782147027;9.34739901683953
495;6.64735422662953;0.9241380661152565;10.535984547988159
496;0.04302900370271691;1.1869852989826528;10.428916911100917
497;-5.654409842169733;2.655406872577843;9.797774111439216
498;3.638892616879913;1.3456774960087108;8.037603266574855
499;3.648552240645325;0.2431415940853523;8.19884507257215
500;-6.412186901280727;1.9765759596943195;12.437854909943386
501;4.246365776499027;1.0580460673550096;9.150032380181948
502;7.593511025440653;0.3255462766894052;8.079790872960887
503;-5.2672366867028355;3.168620828382756;11.510999099110863
504;-1.6215506017927295;1.296356573420252;7.489371147807229
505;6.8201042337006355;-2.0220944691817175;7.495733657337149
506;-5.143587114812652;1.5292198814908635;12.817325434218654
507;-4.025248431815747;1.0843001671785468;7.287922556423186
508;7.7368389537515645;-1.2525134042111705;7.664568075651042
509;-2.7268683888682093;3.5351124911563385;9.58240193930432
510;-0.5032331340778055;1.6589758328879278;8.35779489376666
511;4.4594365361394575;-0.05188111637850018;9.535322061044045
512;-2.124215888631317;2.7906132263153456;8.253500408394183
513;-0.7402756408208293;-0.42976339976823863;9.805541431109557
514;3.4314443838722393;-0.736143721236343;8.308848139006635
515;-0.5331049053261756;2.0261792660684788;11.491291435084298
516;1.0741120394167933;0.5141585711009647;7.550448703408365
517;2.9115415577377672;1.216075317323196;8.16420772223952
518;-2.2306059258704742;1.519850161053815;10.803361156342088
519;0.9731767843471968;-0.12726338753352273;8.398301718927094
520;2.7741694716456906;-0.36971613644080603;12.181062254492426
521;-1.5326356813745226;1.8879834241305655;11.655771865796488
522;1.8013285883923476;0.9511911128786259;7.514197145506011
523;2.7457773914211403;1.464713954169456;9.631942659582775
524;-1.200439591194986;1.8970671196240334;10.46805816592463
525;0.9210765480969285;-0.9454493814783105;11.877145668746303
526;0.19054459032095275;0.010469943289229691;14.240688214829184
527;2.399569327661996;1.6271557580752927;12.679900849233531
528;6.208507888560465;-0.19013509973824697;9.99328262420747
529;-1.0660687872384074;1.2833090500646605;10.497307469561282
530;-2.7108749882547882;1.6104915598657865;8.390180443590516
531;4.217367452673781;-1.1277305798667001;8.624842543713488
532;-1.2671574911058143;-0.515191067474236;12.599225656516836
533;-0.48265882635008095;1.8486303186502573;10.314053514784206
534;7.384632674734305;-0.44235465850648176;7.302348251978937
535;-3.1307785949182536;1.2814400567547188;10.162290723599916
536;-3.8731091291357256;2.84227706519782;8.47973111738815
537;6.211614047553683;-1.5046202825724262;7.893441891453006
538;-1.8884617813218227;0.737640243655141;11.030533348196165
539;-2.802938835186092;2.3902621855649144;10.870600450688586
540;8.048572979073596;-0.03349385253042814;8.358596660516286
541;1.7519036341410827;1.496019849908505;9.034298519877392
542;-2.652984848608105;1.9309463901586732;8.234719554586576
543;3.282424703803652;-2.2764289054512474;9.199210897304473
544;-1.2750061848667615;1.9448832432606333;10.579585897060792
545;1.4210976863294746;1.2752446919368114;11.392430998319512
546;2.4789207404262243;-0.5324132884711129;8.64214448368414
547;-3.3173248062561833;3.5562840670344813;9.273394410634173
548;0.9551454899112493;1.3679784948368474;6.405813894365263
549;1.639961258614975;-2.060938176227951;11.474809902256549
550;0.7758182033710771;2.871608380807302;10.143839692004018
551;6.931304160189732;-0.43049619585663657;13.384539462217488
552;0.7927253949154155;1.1828523471183394;10.559753031270063
553;0.15149242647793096;1.8442327861599876;6.298521793979549
554;0.7513372417819781;-3.3739726888128976;14.831480335600483
555;-3.464005568056345;1.6401710704039303;13.36285942954434
556;7.264828401664366;0.6092615151946636;8.392331933537756
557;0.719674537981189;-2.828488695623327;15.293996063443874
558;-7.513668678612193;5.705360962970393;3.325631187184167
559;9.375011276839352;-3.3239102303634636;10.277984182374782
560;-3.5957042136581747;1.3270955210256583;12.078309336686667
561;-2.169936065217359;5.398916722894958;8.79591729825239
562;12.122741625573166;-3.261652445377121;11.453924418208732
563;-1.6175365092582696;3.378524553380179;9.480505223600955
564;-3.039911362425606;3.4698994661538767;6.694699787384686
565;4.8422752674689;-3.4164249031919143;14.434840150122183
566;-1.327789509893952;3.413433726303583;6.804062143504949
567;1.5360672131434472;-1.3637374459156248;12.44715056605584
568;-2.3541435596484312;1.937829394457119;7.562637155810727
569;-0.5954358374901433;3.5347184523948316;2.6621814650108604
570;1.1309982445620643;-1.2297901711425419;11.90068586606527
571;-3.4098195509425184;3.8615084009137517;10.58444611132244
572;8.063599539223311;1.3308678276344839;8.04476678321168
573;6.439985524504283;-2.258111209903426;15.852866556762223
574;-6.152040077027458;4.235711970942321;7.449546734039769
575;4.779127575748966;-2.2996145163264714;12.040130178262071
576;0.10956876884922787;-1.276674338989281;11.702290937872883
577;-3.7658273913696916;3.8062439349717545;13.73737412772362
578;4.000707624882332;-3.7872330290967233;11.358969039141607
579;-0.1748779635705204;2.1709211429822757;7.9930135075260464
580;-0.4712133060575823;1.6371275684239843;9.555348752704163
581;3.3777330213139147;-1.1748515206882055;11.002122362223606
582;1.2860039065108317;2.3294638694897785;10.371913550462432
583;5.115965423257314;-0.7356849839714755;13.456474953866188
584;1.0553900444732562;-0.347521211839998;11.720290799732958
585;-0.11347813508928353;1.196511412217221;9.796601429120244
586;2.770784487916173;-0.7334604823127779;9.017871219900025
587;0.9074550116432483;0.8777115158383776;6.902900207234006
588;0.16129569178501107;0.18491627688562262;8.710626801783242
589;-1.505323098621529;-1.1196456319914023;10.552635765830923
590;-0.010259114303192263;1.4061175219391182;8.875933693273673
591;2.7062291815865303;-0.07184166996415309;12.097117776919966
592;-2.5356911933655013;0.05629525566172394;9.021921886558358
593;3.1763987497751605;1.4618035464853742;10.689278995371966
594;7.557949160678228;-2.4227776317739362;9.701577764498857
595;-3.070068065731961;0.19495584342233746;11.25475822016818
596;-3.1975634213839563;0.9839496884674794;10.934905157690597
597;5.936061910266058;-1.307020973451877;6.053248429304854
598;-1.002057757962026;-0.039303741579699694;8.373439138810813
599;-6.951940580713331;0.37244046813874654;12.204507275850991
600;5.509352328166765;-1.2382353392699672;6.9703076346016
601;2.4869768796178637;-1.4013616397406132;10.071043588162059
602;-5.273886644701391;1.8026286617228096;12.962853689815987
603;3.643839226588373;-0.9307163292645376;9.335513386952167
604;5.774848575777163;-1.2929409851967906;10.309035984462701
605;-3.3586586621414996;1.2777062726057586;12.906114934814408
606;0.2723476171304373;-0.6302514356036067;10.232672967523905
607;4.493873890544341;-1.0986267917661419;10.139276005511412
608;-2.3458775534118588;1.048712536179683;10.731252698258212
609;0.07498616223159271;-0.5719299540138625;8.071652355911398
610;2.749762133276024;-0.27988164819346206;8.716617693137154
611;0.354614981619212;0.9883490948362892;9.894961893348068
612;0.8854262757157845;-1.167776887350126;11.25170381533273
613;0.42328083399349037;0.20879672080677425;11.268707821869972
614;0.9838249900340365;-0.3079694554521921;10.087272108974798
615;3.911080936379056;-0.9035074822681369;10.129598298608494
616;3.3011759943712016;-0.9364247650321496;10.886195992838536
617;-0.8013950321048352;-0.08373185431204128;12.324907170236191
618;1.6409081588213537;-1.0660700079010221;8.273721955438761
619;1.9034512382387667;-0.4339165075267387;8.507139798692956
620;-1.3811068031556015;-0.2200234198521058;10.414741939226362
621;0.49527642614959067;-0.462280962846575;11.218064634155713
622;3.2524618787850965;-0.8394093749420064;11.465692526481629
623;-0.5398275980422842;-0.4796512513446335;10.980821665415538
624;-0.2034029872285327;1.4231015342411282;8.381112555700284
625;3.9017422686632104;-0.20349169827555735;8.16407156981329
626;0.6556431735803948;1.1042781321676154;9.932122393688939
627;0.21614591384204807;-0.2720184845723834;10.349576542180653
628;0.34714182969847146;-0.8678614791685063;9.879427424128874
629;-0.05829214359028151;1.7372251203165863;8.352998267878464
630;2.901088819198701;0.5922542267959583;7.287942132007567
631;1.1713410381847051;-0.5095952789887358;9.611195695499392
632;-1.1043043832777961;-0.11553563988489407;12.420071047709737
633;2.36995850990673;-0.602361382626717;11.86154917136095
634;-0.43473385310061863;0.4903200018824756;9.440655651467589
635;-0.28427796894262725;1.0114128899109813;7.449457598146839
636;4.3007383067867275;-0.5383978124105293;8.599597766222718
637;2.03428511249474;-0.5391699080588379;12.124001774059597
638;-0.8471385313444616;0.05147662721556444;12.936187902864104
639;0.9370559958950213;-0.25892388495198;9.96141485624496
640;0.7206535171850912;1.301139024601415;6.524675788520259
641;1.4664498767542442;0.5679620471163863;8.079479792304161
642;2.968981812739313;-1.6162641134598312;12.530292868942492
643;-0.15952072008174847;-0.6319419413697847;14.802310325602335
644;0.052357212504489055;0.28262067469382357;11.404281863429254
645;2.287609271162854;0.9594780163915796;6.010524130266411
646;1.483929877412321;0.285095147597867;5.566050199081584
647;2.8175972943638747;0.8388488623320236;11.762576408836118
648;2.8403161291640933;-2.0438881381040006;14.454683765079823
649;-3.077448356135404;-0.8527092477940452;14.075884643535542
650;1.2123447454914247;2.7159255985063044;4.573036525350848
651;6.96895513820522;-0.2784412824562507;6.385489802200675
652;-1.5152065795213843;1.3930741871628456;11.261102433808746
653;-1.1012792409496348;-0.5624080862919546;14.73953082750283
654;1.641223413811733;-1.2879080369504652;10.656773598080893
655;-0.450182832178701;2.1649310584265957;7.0836886615799814
656;3.0869312701734994;1.7681740723178547;5.800876325129096
657;3.7943731568189145;-0.5322729953567298;10.305567190719426
658;-1.1004005469808973;-0.6579289746076779;13.65525975757636
659;-0.7091370197292677;0.5076232696031561;11.71014425115786
660;1.8501159672992338;1.8397783238623737;4.483147703137205
661;1.4982000322802418;1.7347204799769167;3.7280331244443823
662;-0.16621880986469528;2.0925462653862614;9.880652716449253
663;1.2796105374552007;-0.09112680273387766;10.276830813056968
664;0.7115140287417993;0.003205299150017965;11.703286014880568
665;-1.4028771007513818;1.1846045403531549;10.033508528814075
666;2.0220080432736207;1.6348689181198923;5.972382622282961
667;2.4670844037396082;0.17637799774562285;8.928618111385957
668;-1.7675265073235071;1.762183260853133;11.104033156112113
669;3.2586367428249168;-1.289870092783378;9.413808156834861
670;0.36108418012570426;-0.046812989962958025;12.267219842084994
671;-1.998275604875211;2.4667179822969016;9.090808722284606
672;4.256023268537067;0.09259953254110703;7.558211291502726
673;-0.22214249335137193;-0.031041983693934377;10.245079083430896
674;-2.7670896365823556;0.8399745929732246;10.05053066421144
675;3.932178148222265;-1.5265567604641213;13.510019492915287
676;1.485724584139559;1.1328643089418446;11.046479553630228
677;1.4281351542823615;0.39710610377006883;11.191760264590432
678;1.941587064048783;-0.7785625137883587;10.807250343765308
679;-0.3016629558363114;0.5008417770105821;8.527985557479782
680;-0.11308133430760675;-0.8497449051644816;13.307723437473237
681;-0.5554746651231381;1.0767974697544827;11.252211387813883
682;2.3727052818202825;1.341133243909976;7.815901561711276
683;0.9455875752829512;0.02350194249445217;10.33927036128536
684;0.9796217700686951;2.0774645906519007;8.96067791541391
685;3.4712101129849313;-1.4341151560036216;12.261343120088585
686;-0.6744826014081746;2.2470653185560057;10.92485414739571
687;1.6959674204978525;2.342252015140289;7.10932467140895
688;2.5441226510891286;0.4536062507254515;7.916803745213199
689;-1.5489257046239726;3.002507962054548;7.603125444237058
690;1.1875672558578139;-0.310260109174817;10.067759866966338
691;-0.2393198008360608;0.39402155639508807;12.708137533157942
692;-1.1520805282146114;2.4519263629904433;7.4524640972353735
693;3.6017510479348407;-0.09579033287768934;6.2697149908646175
694;-2.273254300531252;1.2347267106767033;9.443176284037351
695;-0.20151012980346;0.3106306078783285;11.220131236260489
696;5.5123257373983225;-1.5582738076697773;13.894698267292595
697;0.44176940667108167;0.7320866673991082;12.898355805089766
698;-1.2933525937951142;0.2158804884711379;10.855007185825084
699;2.809457876691243;0.19680822220524039;7.690185723412947
700;0.39512274637215306;-0.32446959018639543;8.682930196549734
701;-0.719880555227177;-0.11502786593975316;13.548209830028735
702;4.170137239208031;0.06410627851699977;11.90970678183617
703;3.0494025565938663;-0.14177770490743832;9.945953494989691
704;-1.6331468287851132;-1.367147006696847;10.895409081567978
705;1.6828263343300545;0.6111732324773725;10.625665269058931
706;5.97812350014002;-1.8391748117830167;12.796723326908392
707;-0.9545270682134097;-0.09546284589140633;13.587585235540377
708;-2.3746499023449723;1.989188962869017;10.049227231921577
709;3.6300414070069884;-0.2920581327832523;5.051367369999937
710;-1.663162741112413;1.1339762404561202;7.63661482506511
711;-0.6412447058553756;1.597257792537043;10.164523170151472
712;4.034326069565365;-0.6138666519555736;9.138387538078529
713;-2.5852122863510396;1.1132829025490243;9.029205689281316
714;-4.262213028445333;2.053971683911922;6.033807342764678
715;3.1626243132448413;0.7123434579859714;3.719470436296398
716;2.5830703739428973;1.3567965505979653;8.667718187594346
717;-0.08208233131314041;0.04477111764250457;12.981805881191642
718;3.0085699853973087;-2.478233443622904;12.477218237486271
719;0.9682928659611147;-0.9299439004724475;10.087080120649503
720;-1.591546489620073;-1.5804408543612987;12.571697217641741
721;0.8803396641955515;-1.960995725092665;9.858310818683417
722;3.23951580249056;-3.5456559520312476;13.730391131634882
723;0.6426818019483126;-2.6474737018730248;18.501090461443166
724;3.1980856683572054;-2.385458174300211;16.135399630596265
725;4.989029273418017;-5.660767617397461;15.144182556380759
726;0.5980039710883739;-2.4728534346573547;16.26379211188106
727;4.930902498070136;-5.313504418129188;17.601915497680224
728;3.9161905631312437;-5.410673137519136;20.503513433238368
729;1.0896415986985495;-5.150847457557026;22.030286711944733
730;5.965921810373377;-5.444755540548991;19.651599444174256
731;4.6090226227842415;-5.550587648149718;16.88408585847635
732;-0.5597984885048651;-4.68814830196624;16.527814288463127
733;1.122469367801357;-6.009990789036553;16.73424172917961
734;-1.7660259224681167;-6.2575547334743025;15.860809881771551
735;-2.502551954099192;-4.6507834475346534;14.677730561780123
736;2.948264059958404;-4.345996454529356;16.720080851599036
737;-0.5117434582961252;-1.657312212053066;15.862086169098921
738;3.1134413927304196;-2.6801662729661584;12.476048397842547
739;4.651825595235781;-2.5552918329097882;10.546815661460291
740;-1.665099175889116;-0.6186751482655158;7.748099417726731
741;-0.042753627050561904;0.2070650313652684;6.78145448849055
742;0.8315518482736572;0.14117678529150962;1.3739801852370401
743;-7.0856841145022464;1.6704650330604585;-6.4182349771215925
744;-10.507011320991987;3.2272349856783293;-4.88051915041659
745;2.239317258099619;1.6616705533575171;7.228311537826684
746;6.337497989270235;-0.774944154143698;4.669447396281645
747;-13.073160506008735;1.744477793444787;8.459930345641125
748;-6.816814014599417;8.675658872731503;-16.729751114049872
749;13.89844426845818;1.5673413035316102;-4.7154514283045135
750;-0.07750834862389819;3.2421706359692815;8.918231779375215
751;-0.06893624417971714;6.242769625712061;10.580019417093819
752;19.115855352562605;0.02546114421921645;5.037929973361236
753;-3.6250974193547694;5.385576133749202;5.636456115190528
754;0.7759321414788594;3.8749345361650653;0.34396196595226686
755;8.921015767221053;-4.843848226610636;12.66196244401185
756;-9.463467450812498;1.690287507225607;7.7628220460051285
757;-6.641076445501439;3.7305859480568633;16.03963980104203
758;-0.6338575548228776;-1.7710061648865947;8.392823256360302
759;-2.3481296858299516;3.810087497066765;4.834925841307694
760;2.408461961605739;-0.7483330990881613;16.535937788574227
761;4.42390898601978;1.8379636940314834;20.5163088692557
762;4.9313366491878705;2.4502507142290257;17.122053304957923
763;6.338505628600867;0.20850960619807757;19.127410827118478
764;-1.4276697526192823;5.749239722993064;6.692213363243386
765;-0.941211702327964;6.954520029468618;10.484017050506566
766;5.565093699267251;3.166209034608971;9.134882207525514
767;0.7442748795891408;5.7281569132956465;8.384684362304029
768;-4.937307176709972;5.4411967872012275;11.62026458452019
769;-5.575405758683692;10.18089182051629;-4.481339061144807
770;1.6184954392433173;7.411725984523222;2.0835656489968866
771;3.1603493807260272;5.1510145134466425;3.5750941802075804
772;-6.393375186550653;4.810316537580142;10.617920397386396
773;-3.450521124099452;7.540285252426692;-6.292380681167222
774;7.609480366608706;3.9884331727681634;-8.668001012835932
775;0.3407058612401937;4.779044513772912;14.475713796509881
776;-1.1346324364208966;8.080675500410672;10.595127490112189
777;9.64555097441561;1.7745032833856356;3.404976254289605
778;-1.2555867067054018;2.219966907721181;0.09903033336280014
779;-2.884426152684645;3.932608304234984;9.677351726461678
780;8.139573146557577;0.16476954709475036;13.896239346443833
781;-3.0066443977552395;1.831450620371756;12.973933576379004
782;-4.299702667817412;2.9059997307531305;5.569785331165639
783;8.562606823185588;0.683530787403234;12.356949971744696
784;3.0144706986415257;2.5159647937717633;10.191223402685809
785;-5.18771255513063;3.125041843540245;14.266217691926666
786;0.01543966108575108;3.003515907256809;9.924076178658206
787;3.698683801479887;4.347319744677844;-2.753182349619718
788;0.925388873213811;5.178823950545123;14.473649297589324
789;1.4716402630926937;2.756184327495877;12.00006920764073
790;1.9368523856435087;6.3802324766134975;7.3449866235453545
791;-0.07800627090755785;6.395089976716177;0.6820667454813745
792;1.2122537184754625;5.293304113302285;-3.329950253472431
793;0.8100623355371476;4.949704759544948;8.673657257921978
794;-7.9242298160561155;4.006281897084976;5.146885178467669
795;-5.876778045202709;5.803779422637519;-0.44939369501804644
796;9.718510537536554;4.369871031086888;3.5418357225925536
797;-2.4588835680300445;6.09774805837889;7.361744444163231
798;-0.05674423131113053;9.652950009618586;-0.23651774795731104
799;12.904952563899565;2.963314947074633;3.557616380254838
800;-0.13291253918746765;3.8797386599331483;10.795986428137232
801;-3.1374255321500337;5.965603166095254;11.416990638486242
802;8.963136279253368;0.9429004289368842;9.365369039279821
803;-2.974971758846535;5.0477524968577;6.534019901645214
804;-4.382555598291675;4.9030942167787215;12.262557591465571
805;11.285711686617756;-0.21853061131099324;14.034578847483758
806;-1.4142979401621043;2.4796717228314997;16.566268872691705
807;-8.563163803405484;1.854910952641643;18.024313802079558
808;3.63650968020299;3.9109824055320765;9.500546035905202
809;8.363226984374146;4.526938631607015;6.11103776169868
810;-4.013820145402273;2.3408734376713625;9.913252684655628
811;-4.507322782075049;4.026899675617861;17.895936741014573
812;12.451205147661495;1.0676018301524393;16.663480281323515
813;5.473522393602381;0.013111751547126044;19.76086804235531
814;-3.1087023168277943;1.8139108406995712;17.819096002262068
815;6.726526637567945;0.7312059140471763;16.33111795959964
816;0.6656144216578814;-1.9454188168971165;14.871412168247184
817;-9.620770781689632;-2.2721395880596456;17.254305330225147
818;1.5304853686531703;-4.7003410488700075;18.729589480642172
819;2.692252598887464;-8.370727707637567;21.259328670101375
820;-6.728679028346081;-4.628348671262086;25.80803665352115
821;2.8139395503435116;-4.462419556202729;14.391070565477655
822;1.1328182389289885;-5.402534784122314;12.963935505770733
823;-5.854531444544125;-0.8351426492994936;14.187143763005553
824;2.2678345504647552;-6.10870118156652;11.069320548475124
825;-0.5944907811599258;-4.847330721810379;12.757140086559936
826;-2.2431120733794097;-0.2431340595669822;9.641868212861441
827;5.042118255813781;-4.593319688305521;12.66625003125967
828;4.136931246083716;-2.1088285180948794;10.247941985676425
829;-0.31369418308240016;-0.9894171068948194;3.60420409065339
830;-11.292919884476085;0.2246443015343485;6.51942352932373
831;2.09138271072621;0.620007062366445;-1.7394853670646935
832;13.800113267273678;-2.6584814602662004;16.213180797571077
833;-7.018258044718785;-3.741137517757571;16.57843706113347
834;-9.682638705846198;4.73221051239731;-2.7996510811691238
835;8.571664627657206;1.9100795077399189;-7.127213781162495
836;7.437815267668026;-4.020772214625832;-1.860482733594153
837;-6.058631435980684;0.9639474222781295;9.390616680159635
838;1.9309093484214193;-2.877073488947176;12.13954742818071
839;4.901811489677436;-2.3714227020695064;5.718396307915606
840;-5.346362537172221;0.2888188657055087;2.182005003875022
841;3.118037799705927;-2.1930705250678946;2.6097686021858317
842;6.449284175393376;-5.353035692639862;9.902042878895994
843;-3.6386067243112112;-3.818318787042017;17.47522430584723
844;-1.0870957994204737;-3.7382888181342127;13.817589422340491
845;6.508360725320083;-5.985772610676015;12.21515150298318
846;0.24176229291372622;-5.58867451437151;15.040979598523833
847;3.5304324797721627;-7.57782422978073;18.188999962229804
848;6.543042963746993;-8.060352864659796;18.53589028522269
849;-1.3053451629867345;-8.249801824926397;16.76070758161585
850;0.5138393292229746;-7.108168671412276;15.309647287096713
851;4.304864429822411;-8.05510758471049;12.899244236656447
852;-2.0435126513443387;-6.394722567728483;14.518176951107305
853;-1.1898634260519525;-7.617849085030909;13.054466985480094
854;-9.205635564438559;-13.922354188638087;-8.336634717117402
855;13.304039442104656;-13.859619742441192;14.520982204297896
856;2.960923340449128;-8.416458420654589;16.72099531257312
857;-5.904533401541679;-7.348508269012268;13.719056642670203
858;5.5883289864290395;-3.7908489511709567;6.315505954566818
859;2.450817000186418;-3.0535736579164663;-4.3447514632225035
860;-1.7095833338332524;-3.6980697209673306;2.636498301569437
861;-0.5120899006708316;-3.5988477687321043;9.782655874269999
862;1.3189125514668325;-5.931135645802199;9.649202404973627
863;0.5800584929960216;-6.212745860385293;3.3213592303499864
864;1.1893911931413597;-1.986297311714779;4.652959603558633
865;2.9845816737331092;-2.228018902591004;6.751573223451615
866;-1.4008567611910787;-2.3800801627619936;8.818742414061095
867;-4.9115434287643;-4.551714492936705;8.819615205775085
868;3.956140364036335;-3.3532644502193056;11.432708942847096
869;5.076169117092388;-1.614622814122626;12.381111704901121
870;-3.3853034933012087;-3.7516262440086097;9.994317859402514
871;1.4091936935353178;-3.0221453962533955;12.671581426175127
872;1.3339026950019108;-1.3729933411869344;15.605357229075889
873;0.1625912373990256;-2.458713800958381;18.13670237394666
874;3.727537556858628;-1.9545161355611629;13.523522310700649
875;4.524660147417947;-1.555325042252416;11.802573927227739
876;0.8451074941109767;-2.524640094587336;11.444128475214749
877;1.9145270029977965;-0.3335407363535036;16.287398461413723
878;2.5304346618176434;-0.7512866739491841;12.887916323391373
879;4.169835491226224;-0.7902108781447047;11.358710595460018
880;-1.7902436080245137;-0.6551083636694812;9.733593416783798
881;3.4100308900823317;0.16792409277086634;8.688897052168203
882;1.683191733321823;0.533712433318887;8.415361444998265
883;-1.9677239744465203;1.1851795027658747;9.818196673436235
884;2.6140312970345825;1.9482460128975363;7.490369880241451
885;4.020669599003701;1.666584878484062;6.965498381289056
886;-0.5611625058913299;1.7703301161117986;10.42140023075598
887;0.35981033205613366;2.5139020085537624;11.986127578918632
888;-0.7929236708549742;2.2200676183977417;8.940246753988118
889;-1.060762648288658;2.1665569465294268;5.113531195922329
890;-0.9380555304768764;2.6087609685634927;5.837436683605766
891;-0.4804493831685321;2.35208097354227;8.588098645148712
892;1.3748722254150683;0.2989119547191168;10.097172549190207
893;0.18668029205155157;0.45187263939889877;12.667732923342843
894;0.25081959214555194;1.4285087031827788;11.34241382371733
895;2.219326939807055;1.2780204728135256;6.513828588353167
896;-2.203102607213538;-0.026814043741646244;6.059343803724876
897;-5.107546800418954;0.5904316078288439;7.317318063371814
898;2.0215959969264894;-1.6455800250408452;8.865993667441199
899;-0.579982054091277;-1.124936372764892;13.312303366925715
900;-1.2291821226071171;0.09892874481867395;11.563403169374988
901;4.276270542679565;-2.1670305058501156;9.702059746999389
902;1.2568381079783735;-1.4406869534028859;9.360759482673107
903;-2.9085286085369737;0.45528102216192246;9.789851811350779
904;1.7733905279404703;-1.2492557113740281;9.208088239666173
905;2.2351990274321487;-0.11919722091723844;9.447851850307284
906;-0.6255439747933111;-0.3609653160263213;11.627630594300506
907;1.7779945213700477;-0.4834628714319525;10.9275737330401
908;2.103994903832392;-0.554432427773697;9.964923607649705
909;-0.8433380170711193;1.1787202948364035;10.370718668370879
910;0.5901950345043587;1.4148489256281;7.458468024151256
911;2.761664045719905;1.3708840214432305;8.013889389810275
912;1.0801862632417492;1.7035227756816311;10.272301667293272
913;0.5870593797380724;2.0238935644066873;10.9584613240438
914;2.3248325445772293;1.4473639138402004;10.318150112335204
915;0.28787587692369976;1.7836295703832499;8.68254760156418
916;0.9414608926667224;1.5801420487185067;9.052507608146222
917;0.46224830664022093;0.9833670036701249;9.909325432561396
918;-0.15182948042729294;0.8946364605929639;10.220729515375778
919;0.44454812314873243;1.0505453439588028;10.873156818258852
920;2.2678019906011704;0.5614510309193625;9.088623608823864
921;1.8287020906426226;0.06057792692029415;12.547355685264447
922;1.1741349774471588;-0.38343273153357954;13.553707953506905
923;2.8126986586487037;-1.0528246495943712;11.352532495752744
924;0.33757064234477596;-0.30435814021905233;10.7415792547979
925;-2.254728644439293;-0.12604931329438482;8.30139045466798
926;0.17766153100711413;-1.0866303181301147;7.497328239639961
927;0.7953678816021396;-1.3532349956701735;11.111362898865826
928;-0.13008209453349948;-0.29796838072825665;11.808213755219258
929;1.9112663851407683;-1.4993482279538948;11.209286359450987
930;1.5382276601477283;-0.6961000865361504;10.308394981778234
931;0.9981558954765348;0.14112524738098922;8.445387995949211
932;0.8568649068766084;-0.6857930893667615;7.7274284031115545
933;-0.5206952517768257;-0.09063850407109447;9.385070345694915
934;1.2093426399285052;-0.20370299222197977;9.025683420239893
935;1.1135696555022603;-1.4526110764687592;9.52241649985136
936;-0.39227670713851065;0.8131122214626543;8.600044826253175
937;2.1934347684867355;-0.5362597350285525;7.344400256576553
938;0.5504598899710523;-0.2279166272229762;9.368667059913351
939;-2.0831176984971425;1.389987852486181;7.986894194184936
940;3.479753266759749;-0.5634878531362412;6.226196876246302
941;0.24277103379112344;0.06636011567262859;8.187391902894273
942;-0.19940891443662515;0.37184971003602674;10.369684525089832
943;4.36886086566985;-1.527719967013229;9.291682068476032
944;0.2583856973545688;-1.5278245172387488;10.087224487232085
945;-2.5911955250900776;-1.157959290922831;8.160954227879662
946;2.6599209837409936;-2.394906288139045;7.661269333216625
947;1.4317010459514337;-3.0058783925863697;9.679114226196235
948;-0.7512691676622505;-3.682105626098693;12.903367658306733
949;4.81135786686247;-5.798418088669999;13.782696738705328
950;0.8557131922179867;-4.509440049597534;15.564058421001537
951;-2.6291340490708164;-4.4599105840715385;12.625314713593484
952;2.5067234988204343;-5.337722028945115;10.560763423059827
953;1.3685105679946616;-4.52490315270994;10.493412700936757
954;-2.185563904629897;-4.336485456927572;10.502681983413007
955;-0.7220358908796514;-5.450783068492708;12.115790172869596
956;0.5983428085187629;-5.031954284202611;11.130228627108663
957;0.7584255750529273;-4.544808712375575;11.737545997315994
958;1.776166845244416;-4.741529127608368;11.683225187923268
959;1.006752946677961;-3.3852054542602517;10.786157045038362
960;0.9979457654673496;-3.363272196989958;9.584282182948643
961;0.844373817907226;-3.0961675260362815;8.080392775367994
962;1.4815511642977497;-2.7680574217723026;8.11713734634564
963;1.2783621632114883;-2.8282562221890215;8.608490396405308
964;0.0815300956406856;-2.565583572823699;8.2901943495715
965;0.17430384830037954;-3.1840095668634567;9.718709731510788
966;1.8292852390168468;-2.7971325497855872;10.095647990436516
967;1.2933811006099374;-2.8369086787897566;11.440356679123893
968;-1.2712698256634503;-2.4176687850733405;12.480056385273903
969;0.9625372925238345;-1.8047094578842826;10.258712351559423
970;3.8198150454440567;-2.5916621336217833;9.504876496327347
971;-0.3351256114245907;-1.6900797338828675;11.22529108995604
972;0.5586545571030749;-1.3101405825610224;10.34343780348405
973;3.566745856000487;-1.7923843457077944;10.1981593482422
974;-2.3600020793086163;-0.24697004955191645;9.751720131756187
975;-0.6743939765662914;-0.6639394395496395;7.640083302993358
976;2.1204053916533074;-1.311882964292417;8.54062246186034
977;-1.7346007204188438;-0.4852649879398053;9.8424745742307
978;-0.7385633510329058;-1.0518378955231997;10.799239615246945
979;2.6059409438489887;-1.183406138129445;10.442934121837387
980;0.8470388905252885;-0.6773068488786956;10.417219336717709
981;0.12404497006649624;-0.38429148649120204;11.625367344099319
982;1.9135519123098577;-0.5044060628852078;9.877937293203429
983;0.7612680080675527;-0.016780394874128288;10.180299155804562
984;-0.4189895555387754;0.45310950956825946;9.881976906524987
985;1.2881617940518288;0.628283346144112;7.982215654401489
986;1.1373828773588057;0.18886227921614168;8.834964339717281
987;0.006592551046699605;0.9640484635573123;8.756970968047955
988;2.474397373242657;0.10556508960901194;8.882982080556603
989;1.7010112763585272;-0.12021499305074458;9.73727023345802
990;-0.11694435082852339;0.8572047931261823;8.975590257250785
991;2.0633074092184405;-0.04066309662887685;8.7289488048848
992;0.3222583742914212;0.44199087270752274;8.793211740402947
993;-0.3001293005748368;0.2609583462729366;9.617886134866106
994;1.650274618695366;-0.2956737001865419;10.179365744390704
995;0.8279094096084694;0.4204645182227561;10.53138104183891
996;0.7301205977345011;0.15598417240689666;9.984990986129683
997;1.715107779390468;-0.006860732462325186;10.549919155936754
998;1.3326056858401623;0.09787091455510696;10.160781789763428
999;0.7964237257032545;-0.491857742809881;11.234049163976067
1000;0.3695926629701739;0.0033552114481557316;9.978375655809577
1001;0.08082031534605481;-0.1496084673980056;9.560715875686075
1002;-0.16576291407721025;-0.054608742305239905;9.201245977977052
1003;0.4813049650618871;0.11991000578223565;8.824668209817213
1004;0.8439722243303331;-0.795435252953398;9.87638504859617
1005;-0.03307460263533196;-0.402304769870975;10.280361134199849
1006;0.4686695726851529;-0.30366758314517167;9.228563999067141
1007;0.9166181808068476;-0.8967462766912524;9.12529963994373
1008;-0.07230297149361087;-0.03451826987833706;9.309759225494762
1009;0.9561586820493105;-0.8281093264739753;9.61928038132946
1010;0.4166605159143324;-0.4494192783929853;10.339277142517725
1011;0.13403545100829461;-0.31185317299357124;9.412887348822466
1012;1.0683454430472974;-0.8439599147514539;9.742705811180603
1013;1.1509259030448957;-0.3150525132511703;9.535074404308325
1014;1.1298574128207917;-1.153173543897431;10.20174243983781
1015;1.5764301473091613;-1.6170626981260523;10.880693075814703
1016;1.4419505741303236;-1.0953871109366655;11.198512105823161
1017;1.82753776335117;-1.8126425071149885;10.5310824602489
1018;1.2565152512431113;-1.7082282116518033;10.411925660987642
1019;1.1248938050780128;-1.989202957303313;10.035353216758166
1020;1.601721646067974;-2.3244692782201843;10.442688697406293
1021;1.099177378591069;-2.1037774349372866;9.956400697236317
1022;1.3213776948712395;-2.325480898785137;9.734283116493376
1023;0.813814889620274;-2.8259428925699988;9.583888727819364
1024;0.5442157006151015;-2.5031974358857614;9.017782325415945
1025;0.9245489654415376;-2.9733655814061377;9.7239474238807
1026;-0.12478756175598406;-2.6603029162307106;9.815474156923944
1027;-0.03223866019014318;-2.901763904669367;9.912325710381932
1028;0.4005331093008675;-2.9593885766197388;9.764571934003435
1029;-0.23376429310748958;-2.753961315342483;9.45240111618774
1030;0.030080191352480835;-2.9192999455406854;10.202432673305392
1031;0.3475510642983223;-2.869274674370583;10.712655437662493
1032;0.36371496493915556;-2.5972547386042035;10.869271375420983
1033;0.4988135276966045;-2.935953879689172;10.932730959645756
1034;0.26100630213161014;-2.2262536113057765;10.721584544886849
1035;0.6750808219392865;-2.3481038538993686;10.650338929839846
1036;0.9032081013020921;-2.3048532443714502;10.852803468942488
1037;0.745783291656022;-2.1615781472425826;10.751645599034024
1038;1.2254375830600148;-2.3042746829157386;10.55697103508817
1039;1.1725496277427705;-1.893785606647261;10.060447868833371
1040;0.9894794786927342;-1.5393052415686663;10.078248963792722
1041;1.4351757474223883;-1.5582764293606137;9.588279936400093
1042;1.2588860432387967;-1.4786975837690064;9.578715499495443
1043;1.0025669353067599;-1.1701633742134463;9.929097163175072
1044;1.5276799701924875;-1.4150129241004068;9.118492375434071
1045;1.2362984921403615;-1.3107848052734363;9.46855738314454
1046;0.7164749078130452;-0.8871971560686607;9.485239164409029
1047;1.4616380574346928;-1.1066245131807886;9.376304530341836
1048;0.9080053758039786;-0.706362247410254;9.624905271430858
1049;0.7286076012106366;-0.49925036137674905;9.697342149265738
1050;1.222815310294194;-1.0507765797233246;9.823846371011348
1051;0.6364765135701121;-0.5615275283958553;9.835757739641751
1052;0.3842053069098891;-0.4256141941568057;9.756337903501981
1053;0.6558022754102067;-0.8482145347324802;9.867737973396201
1054;0.5626537110238803;-0.5297271371879588;9.939506633275291
1055;0.45110244607258276;-0.5536516502535604;9.950474976507822
1056;0.39512988571176666;-0.4307384124720478;9.903194940456899
1057;0.424627056280336;-0.3199210343531283;9.820188096788046
1058;0.41583158016393007;-0.42068445235506974;9.809949550119178
1059;0.5651944765566178;-0.2056724936286937;9.874699322189032
1060;0.5826633715156402;-0.5258481532583529;10.057660774563928
1061;0.705922959744012;-0.3653061998287571;9.812409990870652
1062;0.5544876859979837;-0.17832767550556544;9.870294071448782
1063;0.767729301513653;-0.16977198389124448;9.74814514358964
1064;0.4997233165263554;-0.20921622829223716;10.052493710108001
1065;0.8255128336159737;-0.5033980215028822;9.87600841421257
1066;0.6913253110247691;-0.25128759276355483;10.092471762660747
1067;0.683951183776472;-0.3895484033820769;9.770272287315251
1068;0.8739130922681198;-0.33188357660402323;10.023388317289507
1069;0.8927813138087509;-0.22524776902874633;9.910395168085977
1070;0.6871919778204889;-0.2705698253947708;9.9142965037075
1071;0.8167821629214997;-0.1886236646656858;9.967794170598044
1072;0.6587588952127466;-0.27993841885432297;9.947735465837622
1073;0.7952149305821377;-0.048505180683722254;9.970264972172686
1074;0.8903830302678193;-0.1459927984311672;9.620509878452216
1075;0.6037598808809905;-0.09027639000893903;9.955187161154363
1076;0.8441780185429348;-0.012590870867277629;10.105939964558655
1077;1.0751544985118329;-0.14917274987015103;10.12692712488493
1078;0.9317825675259367;0.0887334210173239;9.997542414401307
1079;0.7071293795761567;0.051410109152233145;9.9413740675565
1080;0.8634697295208826;-0.03864465172841687;9.995099840501043
1081;0.7229123767730438;0.04594699255628666;10.091829119666718
1082;0.6852045499769616;0.15463779016699228;9.838321565710249
1083;0.7867592032773422;0.1401674667017549;9.908257530472191
1084;0.6388657154819682;0.1742079575417284;9.86796534564057
1085;0.636084657202711;0.19208838558203012;9.874303378771774
1086;0.9804978173162319;0.41223088673479075;9.816168961858663
1087;0.8426151626392121;0.37444658474471554;9.710057914610156
1088;0.6286136076645906;0.3609362068840103;9.707633349273086
1089;0.7535295777794992;0.3736698482001106;9.663916311530782
1090;0.8093044451644544;0.4256660967243603;9.678644079505489
1091;0.4174862472767955;0.3818853543722803;9.651889354730942
1092;0.5802819888535231;0.11167810312343425;9.548352398862496
1093;0.827612660307;0.2286815929468246;9.749838117029942
1094;0.5967781411117348;0.25731456655656126;9.774010383482407
1095;0.7689824773395979;0.23445580305231065;9.783232031144426
1096;0.5364231688768202;0.327718976172308;9.955559740843148
1097;0.5278525004481746;0.36271396655008004;9.86627351013915
1098;0.7875758249916501;0.28892866663731437;9.881733144337774
1099;0.6849011445903193;0.21337578192338405;9.952403503206261
1100;0.7978325984414886;0.2775793006246141;10.09153142692102
1101;0.6917452622161461;0.04341831465478185;10.061542757013719
1102;0.7741035842612191;0.17695375245405232;10.068719257320616
1103;0.8097392770246872;0.2043350034414207;9.901993404921265
1104;0.7012952364722557;0.3175621496636039;9.928231888248854
1105;0.665965712115864;0.17031286199735546;9.917786790406284
1106;0.9925523295171947;0.3512923684589669;9.81505650978339
1107;0.6294847769712961;0.17489909433472975;9.783339857045334
1108;0.6208153588721169;0.3495928839812149;9.990734793035259
1109;0.9926721009721695;0.4764010490451661;9.85400870087037
1110;0.7213914819837819;0.3658186783879747;9.80722912264324
1111;0.746791139490591;0.31641307280439174;9.854324129312912
1112;0.70839475042985;0.20388167477281094;9.95279199082959
1113;0.6746946020986686;0.2869924562770578;9.759864860687799
1114;0.8482395929866211;0.27380578018566565;9.921602543957832
1115;0.7775568222365357;0.3466702087571896;9.81439101358398
1116;0.6931577323329922;0.22335523934052248;9.955220881802433
1117;0.7549280772818556;0.3044254808376248;9.96844809937536
1118;0.5573752137440069;0.33297417317568756;10.054150442060463
1119;0.7267381084537687;0.39487958474413914;9.910706729753922
1120;0.7228352651067641;0.2975562889604971;9.9402679746885
1121;0.6545967289041689;0.3798748956950721;9.826473635035287
1122;0.7772742868306952;0.3920960705956791;9.900387387576664
1123;0.7540159510483265;0.23156007004613766;9.886930969204931
1124;0.6222024837703737;0.33435855958087474;9.98891245135804
1125;0.8979044774860481;0.3014485568225987;9.797552360469545
1126;0.7114341948541841;0.5628937755199124;9.933422481234643
1127;0.6560513984164169;0.43666188415332424;9.95178881096788
1128;0.8275367869127567;0.4479002670945995;9.917956040216065
1129;0.8512599226097244;0.5872924396574154;9.7759923498258
1130;0.821331646143438;0.5419550512359871;9.803634928208556
1131;0.9411848033679734;0.5987343294336832;9.756336803400975
1132;0.7676482095312476;0.7139009658969501;9.610595798837545
1133;0.8497620309125702;0.4840253868101161;9.959466092438252
1134;0.8641671122181428;0.48873840366892307;9.758552628561759
1135;0.6923744710692763;0.4991007628520668;9.95942436015656
1136;0.7038948158824034;0.6913082719147409;9.941998411174104
1137;0.8978490227086786;0.384184774032187;9.932512389888798
1138;0.6768865587515742;0.419237800711297;10.010480664037152
1139;0.7063649442482179;0.5134488823916252;10.05295235658146
1140;0.7647467564602705;0.5670529600219771;10.059679868767773
1141;0.7056138887785008;0.6106966968513731;9.732736264266894
1142;0.8311977663959886;0.5108296597829618;9.936399299123167
1143;0.5425751919143039;0.4831402666671524;9.841257837131717
1144;0.7765795255208585;0.5232800826978999;9.89695317798115
1145;0.6862328862492744;0.47382238212157185;9.762141835702357
1146;0.8186296378805938;0.2672267122153886;9.816286316018696
1147;0.6577658840147611;0.48171576561427776;9.825838836921955
1148;0.7084443591084444;0.4109411685191766;9.786790833073598
1149;0.7186857025847706;0.29888717927265906;9.799240605173368
1150;0.7487922408568731;0.038227235347128935;9.993219068595383
1151;0.626673043437084;0.4433083805307597;9.753540071604593
1152;0.896375312532096;0.3591827659692171;9.710867599321872
1153;0.8924228178420601;0.29592191735691614;9.905591285900748
1154;0.8794370771369329;0.1920482930939813;9.841765620942184
1155;0.7852519585897112;0.21055226996531878;10.059527625267563
1156;0.9117676620055364;0.2633841925551025;9.812411354544697
1157;0.914960442627698;0.3216205302657333;9.906654329097407
1158;0.7244970031601602;0.3150179474512217;9.92684561032053
1159;0.7734163726714122;0.3876588513896886;10.045487175556222
1160;0.9329250691564738;0.1505617907299832;9.907177778299731
1161;0.8721402391166253;0.13957587703315644;9.798901052403393
1162;0.7711451267445276;-0.05715952495021542;10.073663405040312
1163;1.011045755153621;0.31830880943121986;9.871074819047069
1164;0.7143222609820661;0.15451496246963642;9.92437871864486
1165;0.7007783137392382;0.22420180649362664;9.760063990740552
1166;0.8293153362833501;0.47989705556311135;10.053629517432947
1167;0.7113920707339612;0.16906484387798515;9.908050590920737
1168;0.7340317772760168;0.0065392490679651305;9.897960023213974
1169;0.7670719940065072;0.12117873112149483;9.889193647392048
1170;0.6959769279390974;0.3039071622432819;9.852863814803584
1171;0.7287984508554725;0.1445332371560831;9.891543166646283
1172;0.7086486463081024;0.12875320357274606;10.046750866562105
1173;0.9534163607519496;0.21052111343287;9.87095929111564
1174;0.5852034731121625;0.09985803856314243;9.827954934024724
1175;1.026708132324269;0.07129033128815217;10.015528948382194
1176;0.6491931668220954;0.12123732842843164;9.899694743117053
1177;0.8128119324436509;0.16660864023270883;9.779015611647887
1178;0.7649112164752664;0.09223083022627787;9.649726301373182
1179;0.9436903553918075;0.04000300434353449;9.925062621560116
1180;0.8275332707535553;0.0794475046940277;9.770079724729666
1181;0.7995737232719767;-0.033155538376693175;10.021076257626984
1182;0.7406284978593767;0.14828301846200792;10.02801272512201
1183;0.7931922225042418;-0.008177502525919866;9.995578893702028
1184;0.8850288066327511;-0.007842847233977282;9.74324137947854
1185;0.7464166396935418;0.17668849519386398;10.073016524278394
1186;0.8546335341627254;0.08766472080918142;9.89065401028128
1187;0.8465569253346731;0.09524256844169988;9.932263886997521
1188;0.6383150730937543;0.08942619485532177;10.024006867479306
1189;0.8075685889930889;0.11907013411489721;10.070851426007708
1190;0.8635018371655254;0.1934313432175599;9.96343095290536
1191;0.9859830124899005;0.007832496826862365;9.79848705357804
1192;0.8005151270394149;0.07860945026232244;9.726806135242601
1193;0.8142062032729362;0.04100978307588368;9.828729283254923
1194;0.7878555106075134;0.13663185509064502;9.854636132548432
1195;0.6424683356318267;-0.010253240177506118;9.976743268704537
1196;0.7221341177806826;0.19608718935309347;9.788090632098367
1197;0.5886079826601904;-0.03295007925825115;9.682810799313454
1198;0.79498228114453;0.3415907703528507;9.8142459433929
1199;0.8679705976906997;-0.014039086082723723;9.891900342586032
1200;0.8095183523808671;0.11543025551829253;9.601708042850833
1201;0.8243818478114162;0.07969002852849844;9.764276494953256
1202;0.6193922251102627;0.16992295373741578;9.864765162724625
1203;0.7006547701684643;0.06700530687957826;9.814233137017755
1204;0.7188099928531987;0.23727589858917392;9.825608356078126
1205;0.7421137689536859;0.10660885283902703;9.771711434331765
1206;0.8499322308868248;0.21380349145418417;9.875974565859332
1207;0.7227912309368483;0.11836408433893549;9.76332241137875
1208;0.5251876289072805;0.13522717760015132;9.631832547849312
1209;0.858804584948217;-0.018285552392438315;9.808463773374918
1210;0.7542053747716035;0.20858661943384946;9.959807258688437
1211;0.7149444551021462;0.19216688549175417;9.941278079327335
1212;0.6820314389205818;0.09289502363151217;9.84916408650436
1213;0.8949242721879713;0.3663685608817898;9.86407281379424
1214;0.6202436891610413;0.23525385159813084;9.822485888548712
1215;0.8705371454066493;0.3801190961492148;9.687162369705838
1216;0.7303486456820277;0.10409818126927961;9.875587264511871
1217;0.7840525542924783;0.19125401034973144;9.811537457524427
1218;0.7416070405309335;0.1463188524320483;9.835219348803326
1219;0.5863680957120074;0.35491772621240103;9.753532658564303
1220;0.7284323482550779;0.20296389689060182;9.888028213495735
1221;0.7008115041987354;0.14381301727795892;9.841328101664288
1222;0.7904079022979594;0.2984839270284489;9.711252008113027
1223;0.7571027459258612;0.16388907006219156;9.853149018612383
1224;0.7919363296936093;0.33260174386651586;9.737385059871247
1225;0.7775737147710009;0.29129338396833515;9.900255710901899
1226;0.7946183158226267;0.29733223446856616;10.004548722556283
1227;0.7003469784384764;0.24034054150302203;9.826623609838698
1228;0.789259821661079;0.28094760092215676;9.856747136992553
1229;0.7738055760376341;0.3491434631352493;9.738124821197793
1230;0.8312341522227497;0.47022959000578035;9.791864353610833
1231;0.8470010912638971;0.22242261800902716;9.847137728013498
1232;0.780267438489507;0.40590281185416865;9.934929334777054
1233;0.6376325460238129;0.37687203954835335;9.915024271735945
1234;0.7442152086529824;0.17155522236191073;9.736795897675947
1235;0.8566784094436974;0.42899819824030216;10.057566663921053
1236;0.640242661314538;0.1687155431041237;9.657925736939776
1237;0.7248927544298684;0.1529949112502582;9.892389570636354
1238;0.6500887988520183;0.3062592958002037;9.942279932385889
1239;0.6153407233697766;0.4164906236123592;9.93142509351005
1240;0.7494458612561027;0.214354261700068;10.005587423803258
1241;0.908801265153068;0.2874219769459301;9.932742200503828
1242;0.6348614751242507;0.29728909520941355;9.813183879608516
1243;0.7310794091887185;0.4303802285822916;9.834509248630866
1244;0.63182842684258;0.08293287607885247;9.852492288168571
1245;0.6962741338621592;0.24841706036539726;9.82751637513443
1246;0.9677456756813578;0.2425415558888206;9.674228022807783
1247;0.7438271268419844;0.25204931516098117;9.855188231729002
1248;0.7542907608923227;0.3858283621968093;9.559595011503337
1249;0.6916562073164655;0.08330503986601984;9.843946579444603
1250;0.8138048150389274;0.19475651172850506;9.78339752000537
1251;0.6460993531297601;0.2023690157134288;9.836969960952121
1252;0.5764335216154173;0.26308607467012524;9.813544300925313
1253;0.8144699555910734;0.3295712587219721;9.847675881071625
1254;0.6477918614986715;0.3641219541596432;9.981442828155513
1255;0.7462653444619345;0.12840326409778524;9.72348320114128
1256;0.6739575923732002;0.3107831722826;9.863662951097373
1257;0.6095465013183574;0.25334696742218776;9.806627736758452
1258;0.6146312805739201;0.2330693470630311;9.885943455149466
1259;0.5369767198334122;-0.004729145840822652;9.912355666198714
1260;0.8725556440720603;0.29601147509017267;9.678052315442791
1261;0.8621320076695531;0.3225818479728988;9.952588322167557
1262;0.7142193190232315;0.08488629021142027;9.659819519025051
1263;0.8859197120874874;0.2114703411320972;9.875221596411315
1264;0.786063116093048;0.23712892820962825;9.95359540419427
1265;0.8508609633139647;0.28742750032121633;9.95220309217036
1266;0.7426871123621723;0.21541040875873713;9.830269109723742
1267;0.8055855124208677;0.26174873851324176;9.788766176102575
1268;0.8223575902859183;0.11381213868181822;9.861162212101716
1269;0.6838521939888089;0.09164832591943992;9.846406823116236
1270;0.6202911406224921;-0.026696552974483062;9.759160883514514
1271;1.0848183519530086;0.10449076570784688;9.860606764332692
1272;0.7173401353886746;0.07155942914469943;9.87109224401334
1273;0.7753748470627826;0.2897731742840498;9.72186380959941
1274;0.6622100604494231;0.2984466521911847;9.7866553094834
1275;0.743968370623672;-0.024560885983619288;9.882962507601132
1276;0.7014312633720865;0.007728020490104709;9.678436031189522
1277;0.8024685619043629;0.12697751609355096;9.805937619298499
1278;0.9622655243448169;0.06778453347470122;9.961480316588833
1279;0.7380265749850253;0.006167660129854133;9.974421940039342
1280;0.5438386364343871;0.1195143051200549;9.83736369570185
1281;0.8029408472690079;0.20435356535650662;9.928481005730623
1282;0.9380441974097161;0.281154598952647;9.905307149887964
1283;0.8718428258024604;0.17889385785663936;9.932835987974213
1284;0.8506149782150239;0.06914839496257444;9.8126057433762
1285;0.6517984543349646;0.026541423517057572;9.938354060687534
1286;0.5472492012697335;0.20073990152127846;10.009623834312455
1287;0.8894748486898048;0.10252097259322686;9.90423692650589
1288;0.7109436622806915;-0.14291602531965492;10.01633217654506
1289;0.7362786516812554;0.17632892643033818;9.657263778802113
1290;0.80793108287918;0.06219991986842224;9.77313620633581
1291;0.7136266400406773;0.21154485299469128;9.702076227844477
1292;0.6836611581906645;0.17323036541326636;9.90320744848189
1293;0.7877021932315279;0.11744639216755812;9.85950213019339
1294;0.6378069476173542;0.20373944351022932;9.881877251446204
1295;0.7309256768274681;0.25812621096792243;9.873963574480003
1296;0.7687476363552966;0.24823620418061484;9.780472893733808
1297;0.8271849445772227;0.35299026139054157;9.720531368333758
1298;0.8336772637371539;-0.010099097365023235;9.793365541498874
1299;0.763567218132166;0.07940535986640426;9.940880693646903
1300;0.7345148478829805;0.26691301087513286;9.821777253219137
1301;0.8319451892898622;0.05121684443550151;9.940545303435158
1302;0.6744790042106154;0.3267168701220073;9.88284011769378
1303;0.927022838905187;0.2676005855264081;9.675568268105513
1304;0.7179549198962013;0.1767394548364228;9.734789259883476
1305;0.7748384853727116;0.33122569078787034;9.883751011080575
1306;0.8774121239501806;0.13230986326221555;9.899156136186617
1307;0.7772458851253399;0.09492480249574002;9.752653280392408
1308;0.6996730138287071;0.1839739874763816;9.823892657221316
1309;0.7763851467637014;0.28812952266779496;9.899243670843193
1310;0.6830022079264843;0.288318715216765;9.9575025632871
1311;0.4825983028176438;0.33722313203653154;9.755853749501735
1312;0.9190218280777958;0.2362362915057645;9.864365281988682
1313;0.876038343434967;0.34152363566143634;9.952901238833704
1314;0.8105142539341819;0.20215032384209458;9.837242416908962
1315;0.7733756680553763;0.36576153868696865;9.7975068884532
1316;0.616768261692081;0.40411093501076306;9.746693189334964
1317;0.7222042583159893;-0.047538316710192374;9.830441724496438
1318;0.9062486848655212;0.20261133422112582;9.89295595363722
1319;0.643367300649471;0.346314933505955;9.870620386288119
1320;0.7046731177233727;0.20478672308338233;9.849858309752749
1321;0.63930002241722;0.2750714417943843;9.968079923953722
1322;0.5967477053286985;0.1902915190013234;9.870999702492794
1323;0.8451918731702474;0.3947046283485275;9.939389934557463
1324;0.47607220462794364;0.20574123859465854;9.834119765842715
1325;0.6380029748263609;0.26267559291756315;9.939452378686521
1326;0.7760512067546748;0.19133484025008696;9.623781318528318
1327;0.6385684794529443;0.25271651720036287;9.860776571199457
1328;0.7607481727764753;0.4839282022505356;9.957657485184829
1329;0.6753265692799594;0.09573785961221934;9.88614428019318
1330;0.8110206770298813;0.09933399688924427;9.682977962156976
1331;0.6453033368788155;0.23580641448899775;9.870763319549322
1332;0.6777058854433761;0.4354392985971468;9.910129113885933
1333;0.5178988819058925;0.31694146688685104;9.878267032691317
1334;0.8632013542327726;0.1659030991696748;9.930329466043206
1335;0.70993454134548;0.06491896666447763;9.91853153145677
1336;0.7805717739238704;0.25622450503180655;9.84602464318777
1337;0.7633185222538871;0.05849570543082505;9.815145871929131
1338;0.9750952490560946;0.24227491572235366;9.681734849943417
1339;0.820479333685709;0.20039401674519408;9.873584154400097
1340;0.7380453619162084;0.15169915873461196;9.830493504608857
1341;0.592904120377259;0.19261575164380973;9.95708555549348
1342;0.6603759022708406;0.2601789521173311;9.753640915695673
1343;0.8112867370965917;0.3479603303363471;9.83551035682101
1344;0.7388540717197015;0.3685360722607146;9.952012853514349
1345;0.7563769480347579;0.09242157029717733;9.78361590301518
1346;0.6983779995060853;0.19400062505865853;9.824684792853665
1347;0.5620420853386506;0.21152342119795778;9.6970755656659
1348;0.9609672412536104;0.06127307215385;9.756963940241018
1349;0.7561536724064518;0.30645985409629484;9.763406773761451
1350;0.8469218600256698;0.20396590584429336;9.961343654364285
1351;0.7732361822992962;0.324031952832489;9.857104823816831
1352;0.7727461687143002;0.07256385712296283;9.796749020873218
1353;0.723851006678194;0.14637714432079382;10.034800623063783
1354;0.6861624116388475;0.2792619326795198;9.8566375925345
1355;0.7484694652893824;0.1795809774703058;9.712616994197244
1356;0.8075819733923131;0.20102331244464205;9.71255062741439
1357;0.6974848724881931;0.13169865392997393;9.83427620992797
1358;0.7630271668323712;0.48968803248856263;9.7346393857712
1359;0.7438797152250305;0.17447178539443536;9.965998856787154
1360;0.7717895281604266;0.2424953547752013;10.03926972430851
1361;0.7691121893584025;0.16469942210597033;9.838498911918055
1362;0.9235475408099657;0.19051329874300968;9.808476948399637
1363;0.7828042223459777;0.08578968553793143;9.856038045504548
1364;0.9452176762262112;0.26829501488585;9.748774671365613
1365;0.734822942423588;0.08334972597059948;9.856615847771007
1366;0.7940508490999252;0.1276435437881259;9.970001042296584
1367;0.6998885196905976;0.2201729398843313;9.831487630614907
1368;0.7526398917522031;0.1134623492681493;9.778496922157123
1369;0.7923373635687699;0.10805763149045568;9.745124658094236
1370;0.729956163174957;0.23385768152528524;9.733459354404621
1371;0.8326367776064879;0.2612353923633396;9.985488632305028
1372;0.6891251655372113;0.009578324111533643;9.759823122728855
1373;0.8124234932330084;0.37983256177148006;9.592234388008224
1374;0.7814067697533102;0.2531712265871453;9.716332702665753
1375;0.6232822726695728;0.2532534798715912;9.894009009843348
1376;0.6847137742988383;0.21689356141604382;9.899021904087249
1377;0.8626599636773248;0.17859089925640476;9.878157316637246
1378;0.8118610182586302;0.09829363006185246;9.756730327006848
1379;0.7694086153992922;0.29652651281481707;9.777913047841743
1380;0.8723324865891935;0.040134632194363695;9.694633936517702
1381;0.7824196001827655;0.32845857699088415;9.801806429022205
1382;0.9405881857307017;0.17028423212952754;9.865065496429937
1383;0.6728437407712506;0.20503932990802318;9.818679972371397
1384;0.8677721079199947;0.06878132550576183;9.807873698589903
1385;0.7140758110717011;-0.026244383462935866;9.806757074110028
1386;0.5686382559962693;0.25574937015909527;9.748164048017895
1387;0.6631746147830031;0.33874953785703765;9.904366197520957
1388;0.7628162830388564;0.03043681448877167;10.062888691301595
1389;0.6350225134328122;0.11759829037365944;9.872943315222418
1390;0.7737807770724503;0.24335767283978263;10.007386125447145
1391;0.6237013896721769;0.47667253006090315;9.992344191698681
1392;0.5688409049675014;0.14184421215001614;9.683877569299817
1393;0.6405364802878069;0.23494873154930074;9.909633111863725
1394;0.8979546935238583;0.18986766713927242;9.788489950172394
1395;0.8795208149553657;0.22621823915505693;9.830212430389327
1396;0.8399126191422743;0.287778691769344;10.102933301598847
1397;0.5588077287064542;0.20127732249333968;9.799197591071017
1398;0.9523317185973622;0.2990161089054226;9.951086449750553
1399;0.7390944652647422;0.08294524780563527;9.645990118853957
1400;0.7140086464638856;0.3004641876974139;9.86917956492084
1401;0.5857552065653786;0.31354390359910866;9.942939941975213
1402;0.7353936602735529;0.1393444289900095;9.768443531509126
1403;0.7769524463779535;0.20504942674724144;9.797145054205307
1404;0.7502214567420619;0.22859471868498543;9.895093920714364
1405;0.6693396010753593;0.2302435389514672;9.85454775722563
1406;0.8286523880389338;0.1352168869059379;9.857842431848528
1407;0.7794845853371323;-0.00862815665671926;9.750137259210078
1408;0.7592877421565888;0.35900842791221976;9.631823533835426
1409;0.6354357795670682;0.35568768364424813;9.818198760157513
1410;0.775518523098425;0.17291015715509916;10.017481547315565
1411;0.844539192733474;0.38558179959195027;9.901117816262298
1412;0.9317635279118792;0.21884049606599681;9.887187420872447
1413;0.5409237622749974;0.19184127863472433;9.858512188186776
1414;0.80316516402041;0.1860558654608763;9.992957260530744
1415;0.5465682990703195;0.24387814344075864;9.782504692988265
1416;0.6890538825372281;0.1161788304202469;9.878902770385876
1417;0.6485467361102635;0.2961828041994268;9.79633398581925
1418;0.8655626558862111;0.2450806079073137;9.794023154553038
1419;0.7188444628051799;0.3171811652378208;10.054123479635868
1420;0.7764831202255991;0.1007287858841115;9.840308726418185
1421;0.7648621988935322;0.2901582801819783;9.905052609566685
1422;0.854929116409078;0.1223207779785099;9.930431409940866
1423;0.7447298331993785;0.20255068084663774;9.722852007473117
1424;0.7290154605247421;0.30779370355006763;9.856649099869063
1425;0.7409171046694466;0.1371196866212076;9.87567437856582
1426;0.44453058408047186;0.24728105640534126;9.896086522623428
1427;0.8259892519310886;0.09282970078168744;9.691757393638698
1428;0.8936813144902336;0.22502858369620396;9.873633292994832
1429;0.7353816985464882;0.045680037029056195;9.854055712545916
1430;0.8016845580848296;0.05965468190956507;10.005409775676057
1431;-0.673730208680012;0.9396300141642595;8.95921664577964
1432;2.3105559739787185;0.034436512420818355;9.478124464986472
1433;1.4913662342171934;-0.37517836621188627;10.84655582672739
1434;-1.2234904360055718;0.7292540711095307;10.893007443190077
1435;1.816047061922011;-0.1421045496449372;9.90485182688393
1436;1.5402492605817266;0.20320234760686445;8.676497258241673
1437;-0.31566953849146784;0.6414887637527356;9.56660836437428
1438;1.1679458908401144;-0.24408069525998066;10.89649290643446
1439;0.93389352804531;0.26017427759951905;10.250141648553406
1440;0.31551466342625545;0.13989011497088827;10.20331040468251
1441;0.9958239871337157;0.24728458736937817;9.490839623493617
1442;1.205832262455735;0.2394189027446783;9.361283638449292
1443;0.49978275842695274;0.07179031350798812;10.383592610755933
1444;0.5401096117831478;0.3128047469384847;10.258996911829088
1445;1.0978892315727227;0.23638102415118045;9.777234608280544
1446;0.5717807636603899;0.02520331454911906;9.599502424731279
1447;0.4699990132916691;0.3622255797917047;9.357187324076227
1448;1.263332545433251;0.17853061726286734;9.9765669132707
1449;0.5892965176539665;0.04069376328638741;10.28612017573448
1450;0.7357218359421582;0.2904552353926585;9.767659151594524
1451;0.951244380616491;0.2443438815834828;9.82935013813464
1452;0.7239980377144561;0.3853988104847264;9.613306084787983
1453;0.7443882281582574;0.24217484737998382;9.758486302607329
1454;0.8322803304853659;0.151371696785414;10.029827691971482
1455;0.7074619615100088;0.04364241974884979;10.005142335142446
1456;0.5722051864215969;0.37090750269611356;9.722567875169341
1457;0.6160622886481346;0.04028848367334037;9.677230685239119
1458;0.6736753220314593;0.2592243538150405;9.836426933289946
1459;0.6981679139988506;0.11837825079874661;9.930217955616266
1460;1.0982276185146564;0.2777451702657854;9.92400623752933
1461;0.7485400352606846;0.30659381534855734;9.896238172485392
1462;0.8050088331663844;0.024694800281908874;9.781073990196996
1463;0.8040027306320082;0.2058785854114961;10.11965132333209
1464;0.891298433317087;0.3807679037943899;9.965455503975868
1465;0.6966432826551389;0.22963648514305995;9.941920191341486
1466;0.7478379392925947;0.23400336671139638;9.854322738807369
1467;0.7856974285844059;0.27360058516750874;9.881572075534082
1468;0.8133881236082942;0.27363643903641127;9.89798244063193
1469;0.8195720347048931;0.4225831905276465;9.931380489387415
1470;0.9019253236519945;0.19400655830143687;9.860016623226691
1471;0.7182918910116466;0.20121764857524363;9.934283473346975
1472;0.7018954188854191;0.0027728486459489;9.793116400520884
1473;0.6632222620395081;-0.05466360423340716;9.953911829226808
1474;0.6481420732634208;-0.09230957319037772;9.783614237533135
1475;0.8898865665781253;0.19826362755392507;9.739112949091616
1476;0.7265166073051427;0.29252398659878204;9.846888426258664
1477;0.9078515310175637;0.3641787271322253;9.6428371983264
1478;0.9032595814134949;0.140848092287323;9.658739027910269
1479;0.7086762554422211;0.28554253796542506;9.823099882890482
1480;0.6387322936214332;0.14192116302495106;9.914336367532105
1481;0.5683641109670331;0.31063832375482414;9.91161872201417
1482;0.7516495606527073;0.0821465618968771;9.727031433972439
1483;0.740407188329052;0.18993499368537128;9.94129674350002
1484;0.673646107760609;0.24599730926430757;9.841356042729302
1485;1.0269452109443011;0.19889970047672545;9.741964054555158
1486;0.7431077414848879;0.178176105729832;9.916338775004583
1487;0.8635169767180462;0.22040935145825785;9.765139409367098
1488;0.8756625249528398;0.11811636984461277;9.633800108954558
1489;0.8448273192556113;0.27677165602139386;9.67479651063171
1490;0.817325656285908;0.19959944472642344;9.838923384760914
1491;0.7300956885843972;0.20603204890748847;9.999405908245073
1492;0.72731899093452;0.18577623461803777;9.948376332414895
1493;0.7736276306753439;0.4001171964917463;9.930485092513893
1494;0.575384891951437;0.10988187984234382;9.78931497766522
1495;0.826081201086843;0.3482465028083684;9.605870589096238
1496;0.8474952766023769;0.24560479814234648;9.88262614445963
1497;0.6952021756532171;0.22142108770580352;9.792404199634184
1498;0.7961696193192169;-0.09885755008128375;9.961831497226056
1499;0.7186250034557566;0.14463777421121318;10.032458823164614
1500;0.7073241541308831;0.27255990418349285;9.814718367561643
1501;0.7611156646558009;-0.05955503605619511;9.917084805468077
1502;0.7000671266131844;0.11294502788213057;9.909595532283006
1503;0.6695213229424827;0.2866753088607198;9.805089579484317
1504;0.2247388903708848;0.6438751268117513;8.233499280308358
1505;0.6724863980553506;0.4494940443668116;8.204193387398467
1506;1.2681381021881335;-0.21478058431947442;11.84502289258387
1507;0.07020296842547863;-0.16207630835903145;12.396884762494404
1508;0.3019265798148134;0.3947881969359863;9.307322204179055
1509;1.8640609772721315;0.20915308157150012;8.034026913089875
1510;0.5777959649997368;0.421586375718196;9.503101372048972
1511;-0.054749929604745645;0.09544748326206;10.807106211513354
1512;1.6508425738827661;-0.203122381832612;10.772347607916792
1513;0.49880941195843476;0.17428267679508208;9.9403181366265
1514;0.5987788843434845;0.45698211610797534;9.734938409910098
1515;1.0616929071354988;0.12134720936993466;9.580914425349592
1516;0.7115884568851315;0.04078980466855725;10.29655048895302
1517;0.5559036222318211;0.01865130374394188;10.71499866031083
1518;0.8682661132223206;0.08818633179481618;10.21961656108142
1519;0.6896343703184598;0.13113484010530324;9.721580138499592
1520;0.5392441433222512;0.2426319348831643;9.660602532201068
1521;0.8263865488851762;0.16105919065224336;9.715907021315992
1522;0.7740477794843323;0.09290914714822529;9.766113510278437
1523;0.7147576609186634;0.2630799666189106;9.550635461447511
1524;0.7032823810470692;0.3028144735482737;9.74718754124733
1525;0.7796764250790491;0.01984532280000989;9.990780407910787
1526;0.8071252404569786;0.1752503748142194;10.170053907966278
1527;0.7420715953957946;0.15894947149674118;9.912305445433015
1528;0.9330980897703344;0.2704189189673182;9.822281492310552
