;ay;ax;az
0;0.32561144;0.2873042;9.844957
1;0.39264908;0.34476504;9.730036
2;0.2681506;0.29688102;9.892841
3;0.37349546;0.25857377;10.218452
4;0.2777274;0.2777274;10.0269165
5;0.2873042;0.37349546;9.730036
6;0.38307226;0.31603462;9.461885
7;0.24899697;0.31603462;9.816227
8;0.1340753;0.23942018;10.180145
9;0.39264908;0.29688102;9.816227
10;0.40222588;0.29688102;9.768343
11;0.38307226;0.23942018;9.80665
12;0.46926352;0.23942018;9.768343
13;0.32561144;0.35434186;9.682152
14;0.34476504;0.37349546;9.883265
15;0.2777274;0.2777274;10.237606
16;0.30645782;0.25857377;10.113108
17;0.32561144;0.2777274;10.036493
18;0.2777274;0.29688102;9.816227
19;0.2777274;0.2777274;9.883265
20;0.49799395;0.16280572;10.28549
21;0.2777274;0.15322891;10.831368
22;-0.19153613;0.34476504;10.228029
23;0.4309563;0.34476504;8.992621
24;0.45968673;0.40222588;8.599973
25;0.31603462;0.30645782;9.931149
26;0.22984336;0.2777274;9.864111
27;0.25857377;0.23942018;9.80665
28;0.2681506;0.2777274;9.892841
29;0.2777274;0.29688102;9.883265
30;0.25857377;0.31603462;9.921572
31;0.33518824;0.25857377;9.854534
32;0.31603462;0.2777274;9.854534
33;0.2873042;0.32561144;9.892841
34;0.33518824;0.25857377;9.825804
35;0.2873042;0.31603462;9.883265
36;0.29688102;0.23942018;9.883265
37;0.2777274;0.31603462;9.921572
38;0.24899697;0.2873042;9.825804
39;0.31603462;0.31603462;9.835381
40;0.2681506;0.2873042;9.940725
41;0.30645782;0.32561144;9.902418
42;0.29688102;0.2873042;9.911995
43;0.2777274;0.29688102;9.883265
44;0.30645782;0.33518824;9.892841
45;0.33518824;0.2873042;9.844957
46;0.38307226;0.2873042;9.883265
47;0.33518824;0.2777274;9.844957
48;0.31603462;0.35434186;9.9790325
49;0.29688102;0.2873042;9.883265
50;0.31603462;0.31603462;9.854534
51;0.2873042;0.32561144;9.873688
52;0.31603462;0.2681506;9.940725
53;0.31603462;0.29688102;9.797073
54;0.29688102;0.30645782;9.864111
55;0.2873042;0.36391866;9.892841
56;0.34476504;0.2873042;9.844957
57;0.2777274;0.33518824;9.931149
58;0.2777274;0.2873042;9.864111
59;0.30645782;0.30645782;9.892841
60;0.22984336;0.30645782;9.931149
61;0.38307226;0.33518824;9.844957
62;0.25857377;0.2873042;9.959879
63;0.30645782;0.30645782;9.825804
64;0.35434186;0.2873042;9.835381
65;0.17238252;0.29688102;9.864111
66;0.37349546;0.32561144;9.816227
67;0.29688102;0.2681506;9.892841
68;0.31603462;0.2681506;9.902418
69;0.30645782;0.32561144;9.883265
70;0.29688102;0.33518824;9.854534
71;0.2873042;0.32561144;9.816227
72;0.29688102;0.32561144;9.816227
73;0.30645782;0.30645782;9.873688
74;0.2873042;0.31603462;9.892841
75;0.33518824;0.30645782;9.844957
76;0.30645782;0.33518824;9.864111
77;0.33518824;0.2777274;9.911995
78;0.31603462;0.2873042;9.816227
79;0.2873042;0.2873042;9.844957
80;0.33518824;0.33518824;9.931149
81;0.29688102;0.36391866;9.940725
82;0.31603462;0.2777274;9.921572
83;0.33518824;0.39264908;9.911995
84;0.34476504;0.35434186;9.835381
85;0.32561144;0.31603462;9.854534
86;0.25857377;0.30645782;9.825804
87;0.35434186;0.31603462;9.835381
88;0.21068975;0.22026655;9.892841
89;0.36391866;0.33518824;9.883265
90;0.29688102;0.31603462;9.787497
91;0.15322891;0.19153613;9.940725
92;0.5267244;0.22026655;9.854534
93;0.076614454;0.2873042;9.835381
94;0.48841715;0.21068975;9.883265
95;0.25857377;0.34476504;9.969456
96;-0.08619126;0.29688102;9.787497
97;1.3024458;0.12449849;9.80665
98;-0.38307226;0.33518824;10.036493
99;0.32561144;0.35434186;9.797073
100;0.31603462;0.33518824;9.950302
101;0.2873042;0.2873042;9.835381
102;0.34476504;0.32561144;9.854534
103;0.36391866;0.32561144;9.883265
104;0.30645782;0.30645782;9.825804
105;0.29688102;0.32561144;9.950302
106;0.31603462;0.33518824;9.854534
107;0.25857377;0.33518824;9.883265
108;0.35434186;0.30645782;9.864111
109;0.24899697;0.32561144;9.931149
110;0.24899697;0.34476504;10.01734
111;0.33518824;0.2681506;9.825804
112;0.24899697;0.32561144;9.758766
113;0.35434186;0.35434186;9.844957
114;0.23942018;0.25857377;10.04607
115;0.25857377;0.32561144;9.816227
116;0.4405331;0.30645782;9.787497
117;0.22026655;0.25857377;9.835381
118;0.30645782;0.30645782;9.969456
119;0.25857377;0.29688102;9.844957
120;0.32561144;0.2777274;9.844957
121;0.30645782;0.32561144;9.950302
122;0.31603462;0.34476504;9.835381
123;0.33518824;0.30645782;9.825804
124;0.2873042;0.30645782;9.825804
125;0.37349546;0.29688102;9.892841
126;0.32561144;0.2681506;9.797073
127;0.32561144;0.32561144;9.844957
128;0.35434186;0.32561144;9.950302
129;0.25857377;0.33518824;9.864111
130;0.32561144;0.39264908;9.940725
131;0.2777274;0.33518824;9.844957
132;0.29688102;0.32561144;9.940725
133;0.29688102;0.2873042;9.864111
134;0.2873042;0.32561144;9.864111
135;0.29688102;0.2873042;9.873688
136;0.2873042;0.32561144;9.921572
137;0.34476504;0.30645782;9.940725
138;0.33518824;0.31603462;9.80665
139;0.29688102;0.31603462;9.787497
140;0.29688102;0.32561144;9.873688
141;0.2777274;0.2777274;9.883265
142;0.2873042;0.34476504;9.911995
143;0.30645782;0.36391866;9.844957
144;0.2873042;0.31603462;9.80665
145;0.38307226;0.31603462;9.921572
146;0.24899697;0.31603462;10.0269165
147;0.2777274;0.34476504;9.835381
148;0.37349546;0.38307226;9.634268
149;0.2777274;0.33518824;9.969456
150;0.25857377;0.34476504;10.295067
151;0.24899697;0.31603462;9.825804
152;0.4405331;0.36391866;9.5385
153;0.24899697;0.30645782;9.797073
154;0.23942018;0.30645782;10.247183
155;0.30645782;0.31603462;9.864111
156;0.2777274;0.29688102;9.873688
157;0.33518824;0.34476504;9.892841
158;0.34476504;0.25857377;9.873688
159;0.2681506;0.2873042;9.854534
160;0.30645782;0.2873042;9.854534
161;0.29688102;0.34476504;9.873688
162;0.36391866;0.29688102;9.873688
163;0.33518824;0.35434186;9.921572
164;0.2777274;0.33518824;9.883265
165;0.32561144;0.33518824;9.816227
166;0.32561144;0.2873042;9.825804
167;0.31603462;0.25857377;9.864111
168;0.32561144;0.2873042;9.873688
169;0.30645782;0.31603462;9.797073
170;0.30645782;0.33518824;9.873688
171;0.29688102;0.30645782;9.911995
172;0.2873042;0.2681506;9.854534
173;0.29688102;0.33518824;9.883265
174;0.30645782;0.2681506;9.825804
175;0.33518824;0.2777274;9.892841
176;0.31603462;0.2681506;9.816227
177;0.2873042;0.32561144;9.844957
178;0.31603462;0.29688102;9.892841
179;0.2681506;0.25857377;9.892841
180;0.32561144;0.24899697;9.854534
181;0.29688102;0.2873042;9.77792
182;0.2873042;0.36391866;9.873688
183;0.31603462;0.25857377;9.911995
184;0.2681506;0.30645782;9.844957
185;0.29688102;0.35434186;9.892841
186;0.31603462;0.31603462;9.921572
187;0.29688102;0.34476504;9.873688
188;0.2873042;0.31603462;9.931149
189;0.31603462;0.37349546;9.921572
190;0.29688102;0.36391866;9.892841
191;0.24899697;0.36391866;9.902418
192;0.30645782;0.35434186;9.873688
193;0.31603462;0.34476504;9.892841
194;0.2873042;0.2681506;9.816227
195;0.32561144;0.39264908;9.9790325
196;0.30645782;0.36391866;9.902418
197;0.32561144;0.31603462;9.844957
198;0.31603462;0.36391866;9.873688
199;0.25857377;0.32561144;9.825804
200;0.32561144;0.38307226;9.892841
201;0.32561144;0.34476504;9.80665
202;0.30645782;0.36391866;9.854534
203;0.29688102;0.37349546;9.844957
204;0.31603462;0.34476504;9.873688
205;0.36391866;0.33518824;9.892841
206;0.32561144;0.39264908;9.883265
207;0.30645782;0.34476504;9.883265
208;0.29688102;0.29688102;9.902418
209;0.25857377;0.31603462;9.844957
210;0.30645782;0.2777274;9.864111
211;0.2777274;0.30645782;9.825804
212;0.2777274;0.25857377;9.864111
213;0.29688102;0.2777274;9.921572
214;0.30645782;0.31603462;9.80665
215;0.31603462;0.2777274;9.892841
216;0.2777274;0.30645782;9.931149
217;0.31603462;0.33518824;9.873688
218;0.31603462;0.29688102;9.902418
219;0.25857377;0.2873042;9.873688
220;0.35434186;0.30645782;9.883265
221;0.30645782;0.25857377;9.844957
222;0.33518824;0.2873042;9.797073
223;0.30645782;0.24899697;9.902418
224;0.29688102;0.2777274;9.883265
225;0.30645782;0.31603462;9.873688
226;0.2681506;0.25857377;9.854534
227;0.30645782;0.2873042;9.950302
228;0.29688102;0.29688102;9.873688
229;0.32561144;0.30645782;9.844957
230;0.34476504;0.30645782;9.835381
231;0.32561144;0.33518824;9.844957
232;0.25857377;0.33518824;9.892841
233;0.30645782;0.31603462;9.911995
234;0.33518824;0.2873042;9.835381
235;0.31603462;0.35434186;9.864111
236;0.2873042;0.31603462;9.844957
237;0.32561144;0.35434186;9.883265
238;0.37349546;0.34476504;9.883265
239;0.33518824;0.32561144;9.844957
240;0.33518824;0.33518824;9.911995
241;0.32561144;0.4213795;9.931149
242;0.31603462;0.37349546;9.864111
243;0.2777274;0.34476504;9.959879
244;0.29688102;0.39264908;9.921572
245;0.34476504;0.41180268;9.835381
246;0.29688102;0.36391866;9.883265
247;0.24899697;0.38307226;9.844957
248;0.30645782;0.37349546;9.940725
249;0.2777274;0.41180268;9.835381
250;0.32561144;0.32561144;9.854534
251;0.30645782;0.36391866;9.883265
252;0.2681506;0.34476504;9.892841
253;0.32561144;0.32561144;9.911995
254;0.2777274;0.38307226;9.873688
255;0.32561144;0.34476504;9.873688
256;0.2777274;0.33518824;9.921572
257;0.2681506;0.34476504;9.892841
258;0.31603462;0.2873042;9.883265
259;0.2681506;0.36391866;9.844957
260;0.34476504;0.29688102;9.873688
261;0.31603462;0.34476504;9.892841
262;0.31603462;0.29688102;9.854534
263;0.30645782;0.36391866;9.844957
264;0.31603462;0.30645782;9.854534
265;0.34476504;0.36391866;9.959879
266;0.2873042;0.33518824;9.911995
267;0.32561144;0.2681506;9.835381
268;0.2777274;0.24899697;9.931149
269;0.2777274;0.22026655;9.892841
270;0.29688102;0.29688102;9.844957
271;0.2873042;0.2681506;9.931149
272;0.31603462;0.29688102;9.835381
273;0.31603462;0.2681506;9.931149
274;0.2873042;0.25857377;9.797073
275;0.32561144;0.25857377;9.844957
276;0.2681506;0.23942018;9.77792
277;0.24899697;0.2777274;9.854534
278;0.31603462;0.25857377;9.883265
279;0.2873042;0.2681506;9.902418
280;0.30645782;0.25857377;9.854534
281;0.2873042;0.2681506;9.854534
282;0.24899697;0.2681506;9.921572
283;0.32561144;0.23942018;9.873688
284;0.29688102;0.31603462;9.873688
285;0.33518824;0.19153613;9.892841
286;0.30645782;0.2681506;9.911995
287;0.24899697;0.25857377;9.844957
288;0.30645782;0.32561144;9.892841
289;0.32561144;0.36391866;9.892841
290;0.32561144;0.31603462;9.911995
291;0.29688102;0.31603462;9.873688
292;0.31603462;0.30645782;9.835381
293;0.2777274;0.31603462;9.864111
294;0.2777274;0.40222588;9.864111
295;0.2873042;0.33518824;9.902418
296;0.30645782;0.35434186;9.825804
297;0.2873042;0.37349546;9.940725
298;0.30645782;0.47884035;9.940725
299;0.24899697;0.30645782;9.864111
300;0.31603462;0.4213795;9.902418
301;0.24899697;0.38307226;9.911995
302;0.2777274;0.4309563;9.892841
303;0.29688102;0.41180268;9.921572
304;0.2777274;0.40222588;9.835381
305;0.2873042;0.38307226;9.816227
306;0.31603462;0.41180268;9.911995
307;0.24899697;0.4405331;9.883265
308;0.34476504;0.37349546;9.864111
309;0.2873042;0.4405331;9.883265
310;0.29688102;0.37349546;9.911995
311;0.2873042;0.39264908;9.921572
312;0.2777274;0.36391866;9.816227
313;0.35434186;0.33518824;9.931149
314;0.30645782;0.30645782;9.835381
315;0.32561144;0.34476504;9.950302
316;0.31603462;0.31603462;9.854534
317;0.2777274;0.25857377;9.816227
318;0.33518824;0.31603462;9.969456
319;0.29688102;0.31603462;9.864111
320;0.29688102;0.2873042;9.873688
321;0.2873042;0.23942018;9.873688
322;0.32561144;0.25857377;9.864111
323;0.30645782;0.29688102;9.892841
324;0.29688102;0.22026655;9.816227
325;0.36391866;0.24899697;9.902418
326;0.2873042;0.21068975;9.835381
327;0.2873042;0.19153613;9.864111
328;0.31603462;0.19153613;9.864111
329;0.2873042;0.18195933;9.854534
330;0.2777274;0.21068975;9.816227
331;0.30645782;0.17238252;10.036493
332;0.29688102;0.22026655;9.80665
333;0.30645782;0.20111294;9.864111
334;0.29688102;0.19153613;9.940725
335;0.2681506;0.19153613;9.864111
336;0.32561144;0.22984336;9.825804
337;0.31603462;0.25857377;9.787497
338;0.31603462;0.24899697;9.911995
339;0.31603462;0.20111294;9.844957
340;0.2873042;0.20111294;9.844957
341;0.34476504;0.22026655;9.883265
342;0.29688102;0.24899697;9.825804
343;0.34476504;0.23942018;9.969456
344;0.34476504;0.2681506;9.797073
345;0.29688102;0.2681506;9.902418
346;0.2873042;0.23942018;9.902418
347;0.2777274;0.34476504;9.835381
348;0.35434186;0.2777274;9.873688
349;0.24899697;0.33518824;9.854534
350;0.29688102;0.34476504;9.864111
351;0.30645782;0.36391866;9.902418
352;0.2873042;0.36391866;9.883265
353;0.32561144;0.45010993;9.921572
354;0.2873042;0.49799395;9.921572
355;0.2777274;0.4213795;9.873688
356;0.2681506;0.49799395;9.921572
357;0.2681506;0.48841715;9.864111
358;0.31603462;0.48841715;9.873688
359;0.2681506;0.5363012;9.950302
360;0.24899697;0.51714754;9.854534
361;0.30645782;0.545878;9.873688
362;0.24899697;0.51714754;9.892841
363;0.2777274;0.545878;9.921572
364;0.31603462;0.46926352;9.883265
365;0.2681506;0.545878;9.921572
366;0.33518824;0.45968673;9.921572
367;0.30645782;0.45968673;9.835381
368;0.29688102;0.45968673;9.921572
369;0.2681506;0.46926352;9.835381
370;0.34476504;0.4405331;9.911995
371;0.34476504;0.39264908;9.921572
372;0.2777274;0.38307226;9.883265
373;0.35434186;0.33518824;9.844957
374;0.25857377;0.29688102;9.835381
375;0.2777274;0.31603462;9.950302
376;0.30645782;0.24899697;9.883265
377;0.2681506;0.30645782;9.873688
378;0.35434186;0.25857377;9.844957
379;0.22984336;0.22984336;9.902418
380;0.31603462;0.20111294;9.835381
381;0.31603462;0.20111294;9.921572
382;0.24899697;0.1436521;9.854534
383;0.30645782;0.21068975;9.80665
384;0.24899697;0.19153613;9.911995
385;0.2873042;0.19153613;9.816227
386;0.2777274;0.24899697;9.854534
387;0.2777274;0.18195933;9.835381
388;0.29688102;0.17238252;9.825804
389;0.31603462;0.17238252;9.797073
390;0.23942018;0.19153613;9.854534
391;0.31603462;0.16280572;9.873688
392;0.2681506;0.16280572;9.816227
393;0.32561144;0.18195933;9.864111
394;0.34476504;0.1340753;9.873688
395;0.31603462;0.22026655;9.883265
396;0.34476504;0.17238252;9.883265
397;0.30645782;0.20111294;9.873688
398;0.32561144;0.19153613;9.892841
399;0.31603462;0.22026655;9.883265
400;0.36391866;0.17238252;9.844957
401;0.31603462;0.15322891;9.921572
402;0.30645782;0.18195933;9.844957
403;0.35434186;0.18195933;9.844957
404;0.29688102;0.19153613;9.959879
405;0.2873042;0.17238252;9.835381
406;0.2873042;0.15322891;9.873688
407;0.2681506;0.17238252;9.902418
408;0.2873042;0.16280572;9.921572
409;0.24899697;0.17238252;9.854534
410;0.24899697;0.19153613;9.825804
411;0.2873042;0.22026655;10.04607
412;0.22984336;0.22984336;9.873688
413;0.2777274;0.31603462;9.892841
414;0.22984336;0.29688102;9.844957
415;0.30645782;0.36391866;9.892841
416;0.31603462;0.40222588;9.825804
417;0.2873042;0.46926352;9.854534
418;0.31603462;0.5554548;9.902418
419;0.30645782;0.51714754;9.864111
420;0.30645782;0.59376204;9.873688
421;0.34476504;0.5554548;9.864111
422;0.34476504;0.6607997;9.844957
423;0.38307226;0.62249243;9.892841
424;0.31603462;0.6799533;9.873688
425;0.34476504;0.6895301;9.844957
426;0.34476504;0.6895301;9.902418
427;0.2777274;0.7086837;9.844957
428;0.2681506;0.7182605;9.883265
429;0.2681506;0.7182605;9.931149
430;0.25857377;0.7086837;9.816227
431;0.24899697;0.6895301;9.883265
432;0.19153613;0.6512229;9.835381
433;0.24899697;0.62249243;9.816227
434;0.2777274;0.5554548;9.921572
435;0.22026655;0.545878;9.864111
436;0.2681506;0.5363012;9.902418
437;0.2681506;0.48841715;9.911995
438;0.24899697;0.49799395;9.902418
439;0.24899697;0.38307226;9.921572
440;0.29688102;0.34476504;9.911995
441;0.32561144;0.41180268;10.007763
442;0.34476504;0.35434186;9.835381
443;0.34476504;0.25857377;9.835381
444;0.37349546;0.25857377;9.911995
445;0.36391866;0.29688102;9.864111
446;0.35434186;0.22026655;9.911995
447;0.37349546;0.2777274;9.864111
448;0.37349546;0.22984336;9.892841
449;0.38307226;0.20111294;9.835381
450;0.39264908;0.18195933;9.883265
451;0.34476504;0.20111294;9.911995
452;0.33518824;0.18195933;9.864111
453;0.33518824;0.20111294;9.892841
454;0.30645782;0.19153613;9.950302
455;0.2681506;0.17238252;9.758766
456;0.32561144;0.12449849;9.940725
457;0.24899697;0.1436521;9.825804
458;0.2873042;0.15322891;9.787497
459;0.23942018;0.18195933;9.80665
460;0.24899697;0.16280572;9.835381
461;0.2681506;0.10534488;9.883265
462;0.22984336;0.11492168;9.749189
463;0.24899697;0.12449849;9.873688
464;0.30645782;0.17238252;9.911995
465;0.25857377;0.1340753;9.892841
466;0.2777274;0.10534488;9.816227
467;0.31603462;0.18195933;9.797073
468;0.29688102;0.1436521;9.911995
469;0.38307226;0.10534488;9.873688
470;0.32561144;0.12449849;9.969456
471;0.37349546;0.1436521;9.883265
472;0.40222588;0.15322891;9.892841
473;0.39264908;0.08619126;9.931149
474;0.36391866;0.10534488;9.931149
475;0.34476504;0.10534488;9.883265
476;0.36391866;0.06703765;9.883265
477;0.33518824;0.16280572;9.883265
478;0.39264908;0.16280572;9.825804
479;0.32561144;0.15322891;9.892841
480;0.2873042;0.16280572;9.797073
481;0.34476504;0.11492168;9.921572
482;0.2873042;0.15322891;9.911995
483;0.2777274;0.11492168;9.80665
484;0.24899697;0.20111294;9.80665
485;0.20111294;0.08619126;9.844957
486;0.25857377;0.02873042;9.902418
487;0.17238252;0.05746084;9.892841
488;0.21068975;0.12449849;9.825804
489;0.20111294;0.08619126;9.892841
490;0.24899697;0.095768064;9.883265
491;0.25857377;0.08619126;9.854534
492;0.2873042;0.1340753;9.931149
493;0.2681506;0.12449849;9.959879
494;0.29688102;0.095768064;9.883265
495;0.30645782;0.095768064;9.921572
496;0.40222588;0.12449849;9.921572
497;0.4309563;0.25857377;10.01734
498;0.4213795;0.2873042;9.988609
499;0.4405331;0.37349546;9.998186
500;0.45968673;0.38307226;9.816227
501;0.51714754;0.4213795;9.921572
502;0.4309563;0.51714754;9.988609
503;0.4405331;0.59376204;9.854534
504;0.34476504;0.6799533;9.816227
505;0.33518824;0.7565677;9.797073
506;0.31603462;0.7565677;9.873688
507;0.25857377;0.7757214;9.825804
508;0.2681506;0.8714894;9.835381
509;0.21068975;0.81402856;9.864111
510;0.08619126;0.8714894;9.825804
511;0.16280572;0.9768343;9.854534
512;0.1340753;0.9864111;9.902418
513;0.06703765;0.9959879;9.959879
514;0.08619126;1.0055647;9.844957
515;0.038307227;1.1300632;9.80665
516;0.02873042;1.0342951;9.787497
517;0.1436521;1.0821792;9.825804
518;0.15322891;1.1204864;9.844957
519;0.2681506;1.1492168;9.873688
520;0.23942018;1.13964;9.768343
521;0.33518824;1.1587936;9.77792
522;0.4405331;1.1013328;9.892841
523;0.39264908;1.0247183;9.892841
524;0.60333884;0.89064306;9.921572
525;0.45010993;0.92895025;9.835381
526;0.5363012;0.7278373;9.864111
527;0.59376204;0.6512229;9.883265
528;0.545878;0.62249243;9.940725
529;0.48841715;0.49799395;10.199299
530;0.4213795;0.48841715;9.959879
531;0.45010993;0.39264908;9.816227
532;0.46926352;0.40222588;9.969456
533;0.46926352;0.34476504;10.141838
534;0.4309563;0.37349546;10.093954
535;0.31603462;0.35434186;9.730036
536;0.31603462;0.39264908;9.854534
537;0.1340753;0.36391866;9.911995
538;0.23942018;0.16280572;9.730036
539;0.12449849;0.12449849;9.959879
540;0.095768064;0.05746084;10.132261
541;0.2681506;0.02873042;10.0748005
542;0.02873042;0.0;10.0748005
543;0.29688102;-0.02873042;10.208876
544;0.08619126;-0.047884032;10.228029
545;0.20111294;-0.076614454;10.208876
546;0.08619126;-0.095768064;10.065224
547;-0.06703765;0.15322891;9.701305
548;0.4405331;0.19153613;9.605537
549;0.047884032;0.22984336;9.691729
550;0.6703765;0.30645782;9.615114
551;0.29688102;0.6512229;9.481039
552;0.4405331;0.62249243;9.232041
553;0.48841715;0.82360536;9.32781
554;0.6607997;0.58418524;9.404425
555;0.38307226;0.62249243;9.500193
556;0.45968673;0.51714754;9.730036
557;0.45010993;0.36391866;9.749189
558;0.24899697;0.49799395;9.844957
559;0.6895301;0.06703765;9.931149
560;0.2873042;-0.009576807;9.998186
561;0.30645782;-0.076614454;10.180145
562;0.33518824;-0.2681506;10.237606
563;0.0;-0.4213795;10.218452
564;0.2873042;-0.39264908;10.180145
565;0.23942018;-0.7278373;10.314221
566;0.29688102;-0.78529817;10.333375
567;0.33518824;-0.9672575;10.46745
568;0.29688102;-1.043872;10.304645
569;0.45010993;-1.091756;10.180145
570;0.47884035;-1.13964;10.007763
571;0.45968673;-1.13964;9.883265
572;0.4213795;-1.1300632;9.969456
573;0.30645782;-1.1109096;9.988609
574;0.2873042;-1.1013328;9.883265
575;0.30645782;-1.091756;9.825804
576;0.17238252;-1.1587936;10.007763
577;0.18195933;-1.0821792;9.9790325
578;0.17238252;-1.091756;9.825804
579;0.17238252;-1.0821792;9.931149
580;0.10534488;-1.1587936;9.873688
581;0.06703765;-1.0821792;9.730036
582;-0.02873042;-1.1492168;9.749189
583;-0.047884032;-1.1204864;9.816227
584;0.0;-1.13964;9.816227
585;0.038307227;-1.1300632;9.730036
586;0.0;-1.1492168;9.854534
587;0.22026655;-1.1109096;9.787497
588;0.29688102;-0.9959879;9.787497
589;0.32561144;-1.043872;9.940725
590;0.31603462;-1.0247183;9.9790325
591;0.32561144;-1.0821792;9.883265
592;0.33518824;-0.9672575;9.921572
593;0.2681506;-1.0821792;9.911995
594;0.40222588;-0.9768343;10.228029
595;0.38307226;-0.9864111;10.199299
596;0.5746084;-1.1013328;10.093954
597;0.81402856;-1.043872;10.151415
598;0.61291564;-1.0630256;10.342952
599;0.79487497;-1.043872;10.28549
600;0.50757074;-1.1013328;9.998186
601;0.48841715;-1.0247183;9.988609
602;0.5554548;-1.1683705;9.9790325
603;0.25857377;-1.0151415;9.739613
604;0.79487497;-1.0247183;9.682152
605;0.31603462;-0.92895025;9.682152
606;0.8331822;-0.9672575;9.308656
607;0.58418524;-0.90021986;9.299079
608;0.93852705;-0.9768343;9.691729
609;0.37349546;-0.8714894;9.461885
610;0.2873042;-0.92895025;9.299079
611;0.33518824;-1.1109096;9.346964
612;-0.9864111;-1.1683705;9.730036
613;0.25857377;-1.3311762;9.921572
614;-0.8810662;-1.3790601;10.113108
615;-0.81402856;-1.5035586;10.141838
616;0.038307227;-1.5801731;9.892841
617;-0.6991069;-1.7525556;11.109096
618;-0.2681506;-1.7812861;11.099519
619;-0.1340753;-1.5801731;10.103531
620;-0.842759;-1.4460979;9.959879
621;-0.34476504;-1.3503298;10.218452
622;-0.59376204;-1.2641385;9.797073
623;-0.36391866;-1.0726024;9.136273
624;-0.40222588;-1.091756;9.911995
625;0.45968673;-1.091756;9.739613
626;0.5267244;-1.0726024;9.155427
627;0.78529817;-1.340753;10.371682
628;0.78529817;-1.5514427;10.764331
629;0.9576807;-1.484405;10.457873
630;1.043872;-1.4939818;10.419566
631;0.6799533;-1.6472107;11.061212
632;1.4748282;-1.388637;10.390836
633;1.3311762;-1.5705963;10.1226845
634;0.9576807;-1.6184803;10.898406
635;1.2162545;-1.4748282;10.141838
636;0.9672575;-1.532289;9.816227
637;0.2873042;-1.091756;9.404425
638;1.1683705;-0.9864111;8.734048
639;1.2162545;-0.92895025;9.059659
640;-0.17238252;-0.9864111;9.931149
641;0.2777274;-0.6512229;9.021352
642;-0.9672575;-0.2873042;7.843405
643;-0.49799395;-0.4405331;9.356541
644;-0.25857377;-0.641646;10.505757
645;0.08619126;-1.2066777;10.084377
646;0.038307227;-1.3790601;11.15698
647;-0.81402856;-1.3311762;11.3964
648;0.1340753;-1.2641385;10.611102
649;0.2777274;-1.1779473;10.812215
650;0.25857377;-1.2066777;11.377247
651;0.5554548;-1.4748282;11.348516
652;0.1340753;-1.6089035;10.840945
653;-0.6799533;-1.3120226;10.208876
654;-0.89064306;-1.1109096;8.868123
655;0.24899697;-1.1683705;9.002198
656;-0.8331822;-1.1204864;9.911995
657;0.18195933;-1.1204864;8.8777
658;0.46926352;-0.82360536;7.422025
659;0.62249243;-0.6895301;8.954314
660;0.79487497;-0.9576807;8.944737
661;1.1109096;-1.2354081;8.303091
662;0.5650316;-0.6607997;8.90643
663;1.3599066;-0.7469909;9.375694
664;2.1452048;-0.842759;9.088389
665;0.9959879;-0.6991069;9.825804
666;0.842759;-0.5554548;8.848969
667;0.62249243;-0.5650316;8.504205
668;-1.4077905;-0.7278373;10.237606
669;0.23942018;-1.1587936;10.429143
670;0.30645782;-1.3311762;9.059659
671;0.50757074;-1.9632454;12.50731
672;2.2122424;-2.7389667;14.288596
673;0.8810662;-2.6719291;14.192827
674;1.6950948;-2.5953147;12.392388
675;0.12449849;-1.982399;11.587936
676;0.12449849;-2.0207062;11.654974
677;-1.2066777;-1.3599066;9.653421
678;-1.1204864;-0.8714894;8.858546
679;-1.3215994;-0.545878;8.494628
680;0.90021986;-0.80445176;10.477027
681;1.3694834;-0.6607997;10.553641
682;1.2162545;-0.23942018;9.030929
683;1.9728222;-0.21068975;8.169016
684;0.31603462;-0.30645782;8.360553
685;-0.4405331;-0.7757214;8.6095495
686;-2.5378537;-0.5267244;7.747637
687;-0.89064306;-0.7757214;7.2113357
688;0.29688102;-0.5554548;9.165004
689;0.49799395;-1.436521;10.036493
690;2.4229321;-1.9632454;11.195287
691;1.091756;-2.3463178;12.50731
692;0.5746084;-2.5378537;12.641385
693;0.38307226;-1.8387469;10.01734
694;-0.90021986;-1.4556746;7.565677
695;0.22984336;-1.1204864;10.505757
696;-0.7661445;-1.1683705;10.304645
697;0.076614454;-0.90021986;7.422025
698;1.8004397;-0.8331822;9.615114
699;0.32561144;-1.2545617;11.971008
700;0.8714894;-1.3599066;11.18571
701;3.1124623;-1.6472107;8.734048
702;-2.834735;-0.49799395;9.720459
703;-2.087744;-0.8331822;10.04607
704;1.5035586;-0.37349546;7.038953
705;-0.5267244;-1.6759412;12.133814
706;2.480393;-2.384625;13.962984
707;2.6527755;-2.6719291;13.9151
708;1.1779473;-2.8921957;11.042058
709;-0.5650316;-2.384625;11.664551
710;-0.60333884;-1.934515;11.674128
711;-1.6759412;-1.6184803;10.879252
712;-2.873042;-0.40222588;5.305551
713;0.16280572;-1.2066777;9.998186
714;0.009576807;-1.3694834;10.477027
715;1.4077905;-1.7621324;10.103531
716;2.7868507;-2.825158;8.686164
717;-1.4652514;-1.0534488;9.662998
718;-0.35434186;-1.1204864;6.38773
719;1.1109096;-0.12449849;9.787497
720;-0.7469909;-2.0207062;13.522451
721;1.3024458;-3.3518825;12.200851
722;2.6431987;-2.3750482;7.9966335
723;0.16280572;-1.685518;8.283937
724;0.15322891;-2.4229321;11.530476
725;-2.2697031;-2.231396;10.984597
726;-2.882619;-1.7046716;8.772355
727;-2.1452048;-1.4077905;6.1004257
728;1.3024458;-1.9728222;9.5385
729;1.3982137;-1.8579005;11.81778
730;0.5650316;-3.5817258;10.151415
731;2.6240451;-3.0550013;8.523358
732;-0.8810662;-2.1547816;12.459426
733;-1.1779473;-2.0207062;9.576807
734;2.9017725;-2.9783869;8.743625
735;-1.7908629;-1.9057846;11.070788
736;-1.2641385;-3.3423057;12.220005
737;1.4556746;-1.6950948;12.191275
738;-1.1587936;-1.3024458;8.264784
739;0.9576807;-0.78529817;7.1251445
740;3.0933087;-1.388637;11.453861
741;1.8004397;-2.1260512;13.369223
742;1.2449849;-2.6144683;11.377247
743;0.45010993;-0.842759;12.08593
744;-1.6663644;-0.45968673;6.6079965
745;2.1739352;-1.3311762;7.4986396
746;0.06703765;-1.7621324;13.034034
747;-2.6527755;-1.3120226;12.861651
748;1.7046716;-1.6950948;8.015787
749;0.51714754;-0.82360536;8.063671
750;0.8331822;-0.4213795;8.408437
751;3.964798;-0.5554548;10.275913
752;2.566584;-1.3024458;11.9135475
753;1.1204864;-1.3024458;8.858546
754;1.13964;-0.58418524;8.226477
755;-1.1013328;-0.35434186;9.299079
756;0.047884032;-0.25857377;5.93762
757;-0.02873042;-0.21068975;6.8282633
758;-1.1971009;-1.6089035;12.74673
759;-1.4269443;-1.436521;11.827356
760;-0.61291564;-0.39264908;4.223372
761;1.0534488;-0.17238252;6.339846
762;-1.1683705;-0.7757214;13.196839
763;2.777274;-1.4556746;13.024457
764;4.2904096;-0.076614454;9.797073
765;-0.095768064;0.009576807;11.951855
766;-1.0151415;-0.19153613;10.91756
767;0.6512229;-0.095768064;8.236053
768;0.5267244;-0.8714894;10.390836
769;-3.3327289;-1.1300632;15.198392
770;-2.2218192;-0.7661445;10.208876
771;-0.16280572;1.0247183;3.2369606
772;-3.4284968;1.13964;10.170568
773;2.9783869;0.0;13.962984
774;4.0414124;1.1779473;10.840945
775;0.60333884;1.2258313;6.694188
776;2.4899697;1.0055647;9.864111
777;0.4309563;0.58418524;9.394848
778;0.62249243;0.33518824;7.374141
779;-0.47884035;0.25857377;10.266336
780;-4.663905;0.1436521;10.0269165
781;-1.7717092;0.29688102;5.995081
782;-1.8866309;1.1204864;6.847417
783;-1.7046716;0.17238252;11.87524
784;4.6351743;-1.5801731;12.239159
785;3.6391866;-0.10534488;13.081918
786;1.8579005;-0.37349546;8.801085
787;4.2904096;0.47884035;11.109096
788;-1.1587936;0.08619126;11.271901
789;-0.61291564;-0.92895025;10.793061
790;-0.18195933;0.24899697;8.580819
791;-3.7062242;0.0;10.247183
792;-0.8810662;-0.9672575;10.1226845
793;-1.340753;0.16280572;8.734048
794;1.292869;0.33518824;9.653421
795;1.8579005;0.59376204;12.555194
796;1.6184803;0.6512229;10.965444
797;5.046977;0.19153613;9.423578
798;-1.3024458;0.9672575;11.022904
799;-0.5746084;-0.29688102;12.5264635
800;3.217807;-0.61291564;11.051635
801;-3.6774938;0.31603462;9.32781
802;-3.122039;-0.4309563;7.3166804
803;0.31603462;-0.23942018;7.029376
804;-3.3135753;0.34476504;10.01734
805;3.1028855;-0.08619126;10.563218
806;2.9496565;1.3503298;9.854534
807;-0.36391866;0.45010993;10.505757
808;4.711789;-0.10534488;9.519346
809;1.5227122;0.40222588;9.998186
810;-1.532289;-0.39264908;11.166556
811;0.6607997;-0.32561144;11.568783
812;-3.265691;0.5554548;7.8529816
813;-2.0973208;0.4405331;5.00867
814;-0.7661445;0.4309563;9.701305
815;0.36391866;-0.8619126;12.861651
816;3.6583402;0.038307227;11.683704
817;0.8523358;-0.15322891;9.404425
818;1.5801731;0.7374141;10.275913
819;4.3957543;-0.45010993;11.836933
820;3.667917;-1.532289;14.058752
821;0.58418524;-1.4077905;14.001291
822;0.076614454;0.37349546;6.8282633
823;-3.41892;1.2641385;5.305551
824;-2.1739352;0.019153614;8.39886
825;-0.5554548;0.61291564;9.442732
826;2.7102363;0.10534488;6.83784
827;1.2545617;1.1300632;12.11466
828;4.2042184;-0.20111294;10.477027
829;1.4556746;0.90021986;6.9527617
830;2.2601264;-0.89064306;9.11712
831;1.1587936;-1.5705963;13.522451
832;-4.510676;-1.1683705;13.350069
833;-0.33518824;-1.292869;7.9104424
834;-1.5514427;0.2873042;7.5082164
835;-1.6759412;-0.39264908;10.228029
836;3.0933087;-0.05746084;12.392388
837;2.432509;-0.019153614;10.28549
838;-0.6991069;0.5363012;9.155427
839;0.038307227;0.2873042;10.314221
840;-0.78529817;0.6799533;8.916007
841;3.217807;0.25857377;9.5385
842;-0.58418524;0.16280572;12.555194
843;-1.5897499;0.45010993;10.477027
844;2.2218192;0.8523358;6.3206925
845;-2.0398598;1.3599066;9.672575
846;0.45968673;0.15322891;12.0571995
847;-0.21068975;0.79487497;8.944737
848;-0.18195933;1.3120226;8.312668
849;1.9536686;1.1204864;9.892841
850;-1.0630256;0.9864111;10.381259
851;2.5474305;-0.095768064;9.471462
852;0.80445176;0.1436521;10.505757
853;-1.8579005;-0.20111294;10.208876
854;0.076614454;-0.23942018;7.967903
855;-0.41180268;0.1340753;7.9583263
856;-0.9768343;-0.15322891;10.505757
857;-0.93852705;-0.1340753;9.662998
858;1.5514427;0.45968673;9.097966
859;1.5801731;-0.019153614;9.758766
860;-0.7661445;-0.22984336;11.070788
861;1.1683705;-0.5554548;10.994174
862;0.05746084;0.0;10.67814
863;-1.9440918;0.10534488;11.281479
864;0.6991069;0.08619126;10.496181
865;-2.336741;1.0726024;7.7667904
866;0.62249243;0.92895025;8.66701
867;1.2354081;0.5363012;11.003751
868;1.3311762;0.39264908;11.971008
869;-0.2681506;1.8674773;7.929596
870;-0.2681506;1.6567876;6.8186865
871;0.91937345;0.019153614;11.099519
872;-2.3654714;-0.29688102;14.949395
873;2.3175871;-0.59376204;11.36767
874;-1.4748282;0.7661445;7.249643
875;-2.27928;-0.06703765;7.422025
876;1.8100165;0.9959879;12.0571995
877;-0.10534488;0.45968673;10.716447
878;0.7565677;-0.29688102;10.802638
879;-0.009576807;0.076614454;9.11712
880;-0.38307226;0.29688102;10.582372
881;3.3327289;-0.32561144;11.070788
882;-2.585738;-0.58418524;13.40753
883;0.12449849;-2.0398598;13.656527
884;0.5267244;-0.39264908;10.419566
885;-0.7278373;0.8523358;7.536947
886;2.4899697;0.02873042;6.7708025
887;-2.5474305;1.1492168;11.15698
888;2.777274;-0.8331822;12.53604
889;3.1316159;0.50757074;12.143391
890;-2.0111294;0.4309563;10.333375
891;3.572149;1.3215994;7.019799
892;2.4995465;1.0630256;7.690176
893;-0.1340753;-0.7086837;12.50731
894;-0.4213795;-0.11492168;11.798626
895;-1.4077905;0.78529817;6.991069
896;-1.8195933;1.1204864;1.6472107
897;1.541866;0.36391866;10.5440645
898;1.8004397;-0.22984336;12.449849
899;2.0207062;0.095768064;10.907983
900;1.9919758;-0.1340753;7.5465236
901;-1.8770541;-0.34476504;10.46745
902;0.90021986;-0.22984336;10.1226845
903;1.6376339;-0.7374141;9.289502
904;-2.3463178;-1.6950948;13.43626
905;-2.6527755;-1.7429788;12.4785795
906;3.6583402;-0.641646;8.0924015
907;0.9672575;-0.08619126;8.781932
908;-2.681506;-0.45968673;13.369223
909;4.6926355;-0.5746084;12.105083
910;1.9919758;0.60333884;9.5385
911;-1.2162545;0.16280572;10.093954
912;0.095768064;0.9959879;10.812215
913;0.30645782;0.5746084;8.772355
914;0.9576807;-0.7565677;10.371682
915;-3.6104562;0.2777274;11.9135475
916;-0.93852705;-1.5705963;8.159439
917;-1.0342951;-0.019153614;7.680599
918;-2.030283;-0.6895301;11.013328
919;3.9552212;-1.532289;13.062764
920;0.8810662;0.6703765;11.856087
921;5.592855;-0.2873042;10.553641
922;2.384625;0.82360536;9.136273
923;-2.4133554;0.12449849;12.277467
924;3.4476504;-0.38307226;8.24563
925;-3.8498764;0.93852705;8.916007
926;-4.1276035;0.41180268;7.5944076
927;-0.81402856;1.0630256;8.025364
928;1.043872;2.0207062;4.6255975
929;0.17238252;1.8195933;9.509769
930;1.484405;0.59376204;13.120225
931;6.2823853;0.78529817;11.032481
932;-0.78529817;2.3175871;7.0581064
933;-0.7565677;1.1587936;9.308656
934;3.8115692;0.48841715;9.653421
935;-1.8100165;0.48841715;10.160992
936;0.1340753;-0.6512229;11.405977
937;-2.8921957;0.45968673;9.883265
938;-2.2888567;0.33518824;7.2209125
939;3.217807;-0.34476504;12.995727
940;0.2681506;-0.16280572;17.027563
941;1.5705963;-0.7565677;13.350069
942;5.085284;-0.08619126;9.097966
943;-2.0685902;1.043872;11.453861
944;-2.8634653;-0.16280572;13.417107
945;4.3766007;-0.45968673;9.720459
946;-4.2425256;0.8810662;12.287044
947;-0.02873042;0.45010993;8.389283
948;0.17238252;1.3311762;5.602432
949;-3.265691;1.5035586;11.252748
950;0.18195933;0.46926352;11.233594
951;1.5993267;1.8100165;1.5035586
952;-1.7238252;0.6607997;9.662998
953;-0.45010993;0.4213795;13.053187
954;4.951209;-0.2777274;6.3111157
955;0.50757074;2.0590134;0.8810662
956;-3.763685;-0.29688102;14.384364
957;4.912902;-1.4939818;13.9151
958;-2.4229321;1.2545617;6.540959
959;-3.1028855;2.231396;2.0398598
960;-2.6144683;1.4077905;7.5944076
961;2.777274;0.39264908;11.664551
962;3.1028855;-0.94810385;13.40753
963;-0.6895301;-0.50757074;13.579912
964;2.4037786;-1.0055647;12.53604
965;3.7445314;-0.7565677;10.084377
966;-1.5801731;-0.58418524;11.520899
967;0.30645782;-1.7046716;13.283031
968;0.89064306;-1.1492168;11.281479
969;-4.759673;1.5897499;6.4739213
970;1.2641385;0.47884035;5.2768207
971;1.13964;0.095768064;12.564771
972;1.3311762;-0.2873042;14.700398
973;4.223372;-0.4213795;10.266336
974;-0.08619126;-0.009576807;6.9048777
975;-1.2258313;-0.59376204;11.3964
976;2.633622;-0.009576807;10.352529
977;-1.1300632;0.9959879;10.907983
978;-3.5529952;0.5267244;8.303091
979;-0.48841715;-0.05746084;6.6175733
980;0.7278373;0.58418524;8.992621
981;0.35434186;0.08619126;13.43626
982;4.711789;-1.3982137;14.719552
983;1.1204864;0.38307226;11.520899
984;0.90979666;-0.25857377;6.694188
985;-0.2681506;-0.50757074;9.816227
986;-5.5737014;0.076614454;14.393941
987;4.4436383;-1.1587936;8.90643
988;-4.261679;1.733402;8.446744
989;-3.514688;-0.59376204;12.421119
990;6.3589997;-0.6991069;6.042965
991;-2.6240451;2.135628;8.341399
992;2.528277;1.5801731;7.642292
993;2.8443117;0.7565677;7.9104424
994;-0.076614454;0.5267244;9.203311
995;-0.25857377;-0.1340753;11.33894
996;-1.1013328;0.0;8.073248
997;-2.5474305;0.0;6.9623384
998;-3.4476504;-0.8619126;11.530476
999;-2.2026656;-1.1300632;11.176133
1000;-0.39264908;-0.095768064;6.9240313
1001;1.6376339;-0.49799395;10.208876
1002;0.8619126;0.18195933;14.84405
1003;3.0262709;0.16280572;12.947843
1004;6.9527617;-0.038307227;12.095507
1005;-0.40222588;0.2873042;10.754754
1006;0.60333884;-0.49799395;11.386824
1007;-1.0151415;1.091756;10.400413
1008;-2.2697031;0.05746084;7.929596
1009;-0.9672575;0.45968673;8.935161
1010;-3.9743748;0.29688102;9.500193
1011;-1.6472107;0.9768343;7.4028716
1012;2.5187001;1.541866;8.226477
1013;2.3080103;0.82360536;11.003751
1014;3.265691;0.2873042;11.999739
1015;5.353435;-0.019153614;11.808203
1016;2.0590134;0.7278373;10.630256
1017;0.60333884;-0.94810385;11.664551
1018;0.5650316;-0.8714894;10.94629
1019;-2.9496565;0.0;6.742072
1020;-0.29688102;0.019153614;5.363012
1021;-2.3750482;0.22984336;8.513782
1022;-3.0933087;0.641646;7.6710224
1023;2.5091233;1.3694834;2.2601264
1024;-1.5993267;1.4269443;9.921572
1025;3.6487634;0.12449849;9.739613
1026;4.903325;0.39264908;7.920019
1027;-0.92895025;0.7661445;8.264784
1028;-0.35434186;-0.4309563;10.927136
1029;-1.9728222;-0.18195933;9.222465
1030;-1.3694834;-0.4309563;8.66701
1031;-4.232949;-1.2737153;12.77546
1032;-0.62249243;-0.9959879;12.947843
1033;-1.091756;-0.6895301;7.469909
1034;-0.58418524;-1.1109096;12.947843
1035;2.0494366;-0.6512229;17.678785
1036;-0.22026655;-0.60333884;16.328455
1037;1.0726024;-0.93852705;12.325351
1038;0.94810385;-1.13964;12.53604
1039;-3.3901896;0.20111294;14.279019
1040;-1.4652514;-0.51714754;11.21444
1041;-2.2697031;0.9768343;7.1251445
1042;0.25857377;1.3790601;7.335834
1043;3.4859576;0.8331822;7.28795
1044;-0.8714894;2.087744;11.971008
1045;4.2904096;0.6703765;8.647857
1046;5.8322754;0.90979666;9.452309
1047;-0.15322891;0.61291564;9.002198
1048;4.7979803;-0.39264908;8.63828
1049;1.0534488;-0.5554548;7.6710224
1050;-0.6607997;-1.3503298;7.1634517
1051;1.5610195;-1.6280571;6.703765
1052;1.388637;0.009576807;7.747637
1053;-0.8714894;-0.7661445;7.144298
1054;1.0821792;0.02873042;3.964798
1055;4.31914;-0.39264908;5.631162
1056;-5.104438;-1.2545617;10.04607
1057;2.6527755;-1.6950948;13.876793
1058;0.33518824;1.1109096;6.847417
1059;-2.6719291;-0.33518824;10.170568
1060;-0.49799395;0.842759;11.089942
1061;-0.2777274;0.18195933;17.420212
1062;0.91937345;0.5363012;14.81532
1063;-3.6774938;3.4859576;12.11466
1064;-3.3135753;3.7349546;10.601525
1065;2.27928;4.0414124;16.280571
1066;-4.10845;6.9144545;16.807297
1067;1.1204864;4.759673;11.951855
1068;-1.4460979;3.5242648;13.67568
1069;-12.08593;5.267244;12.105083
1070;2.4899697;4.060566;7.374141
1071;1.3311762;4.4723687;5.4779334
1072;-11.884817;7.0581064;14.470555
1073;1.4460979;3.821146;14.250289
1074;2.9113493;3.1794999;3.3327289
1075;-9.107543;0.5746084;18.914194
1076;5.6982;-6.0142345;19.6133
1077;6.5601125;2.9879637;-2.4708161
1078;-5.3438582;2.1164744;-0.63206923
1079;2.2218192;-0.047884032;14.54717
1080;-2.6240451;-4.2999864;19.776106
1081;1.283292;-0.02873042;-11.128249
1082;-7.52737;2.4612393;-2.719813
1083;-0.91937345;-1.8291701;10.218452
1084;2.078167;-0.6799533;14.700398
1085;1.541866;1.0821792;-6.5601125
1086;-4.9799395;1.934515;-5.544971
1087;-1.2737153;-0.37349546;10.812215
1088;7.4124484;-2.8443117;14.33648
1089;8.054094;-2.1068976;13.263878
1090;-0.31603462;-1.6089035;9.481039
1091;7.6710224;-1.7429788;21.38501
1092;1.6950948;-2.1164744;20.944477
1093;-2.4229321;-0.50757074;20.178331
1094;1.1875241;3.6008794;8.676587
1095;-8.456321;6.6175733;2.7581203
1096;0.6703765;1.3311762;10.658986
1097;-2.7485435;5.3725886;18.148048
1098;-0.02873042;4.8841715;7.920019
1099;-1.9919758;7.8529816;-0.08619126
1100;-2.0685902;7.4028716;4.644751
1101;6.1387334;6.435614;13.350069
1102;9.576807;-1.8674773;15.006856
1103;0.20111294;-0.78529817;16.041151
1104;-3.4763808;-4.31914;10.036493
1105;-1.8579005;-3.9935284;9.672575
1106;-0.45010993;-1.2641385;12.593501
1107;-2.2601264;-1.1492168;12.29662
1108;3.9073372;-3.5051112;14.116213
1109;-1.6472107;-0.45010993;17.056293
1110;-2.6910827;-3.4859576;17.401058
1111;3.9456444;-3.715801;12.344504
1112;-5.947197;1.6567876;10.91756
1113;-3.4380736;-3.2273839;9.299079
1114;-0.6799533;0.7469909;7.0102224
1115;-2.2409728;-1.7717092;8.542512
1116;-0.7565677;-3.667917;11.032481
1117;-4.213795;-0.40222588;9.174581
1118;-0.8714894;0.4405331;-3.8402996
1119;0.11492168;1.3982137;-3.964798
1120;-8.054094;2.1452048;11.463438
1121;1.7525556;-2.6240451;10.333375
1122;3.2848446;1.4269443;-5.8322754
1123;-9.80665;2.030283;-3.1028855
1124;0.6607997;0.79487497;6.8282633
1125;1.4173675;1.13964;3.9839516
1126;1.1013328;1.0151415;7.642292
1127;-3.6391866;0.31603462;11.271901
1128;3.2465374;-1.0534488;5.094861
1129;1.8770541;1.7046716;5.631162
1130;0.39264908;2.72939;15.859192
1131;15.1696615;-2.7006595;24.641125
1132;4.050989;2.882619;21.883003
1133;1.6280571;-0.4309563;12.842498
1134;13.01488;0.5746084;15.131354
1135;-4.146757;2.9783869;26.795906
1136;1.9919758;-0.25857377;25.828648
1137;7.699753;-1.4652514;18.83758
1138;-7.9104424;0.8523358;13.790602
1139;-5.6790466;3.9839516;19.000385
1140;16.510414;-1.13964;21.739351
1141;3.2752678;7.1059904;5.717354
1142;-9.423578;4.501099;8.983045
1143;7.2304893;-0.4213795;12.947843
1144;-11.473015;1.8195933;12.708423
1145;-8.063671;1.8866309;5.1523223
1146;2.2984335;-0.009576807;5.0182467
1147;-10.400413;0.5746084;9.251195
1148;-8.916007;-0.89064306;5.45878
1149;-4.156334;-0.40222588;3.9935284
1150;-12.909535;1.7238252;3.4572272
1151;-0.46926352;0.51714754;0.8810662
1152;-4.663905;3.514688;1.9728222
1153;-7.1059904;3.1507695;-5.6120086
1154;4.0222588;0.641646;-3.8881836
1155;-6.1195793;4.232949;8.935161
1156;-5.3342814;2.135628;2.920926
1157;6.483498;4.1659107;-11.923124
1158;0.22984336;5.353435;4.663905
1159;-0.9768343;5.410896;17.228676
1160;5.6120086;6.646304;-6.5026517
1161;-7.517793;9.787497;-6.655881
1162;-4.175488;6.0238113;3.916914
1163;5.9567738;4.146757;5.48751
1164;5.6407394;-0.6512229;7.97748
1165;-1.6759412;-0.6607997;14.4609785
1166;6.0238113;-4.0701427;18.904617
1167;6.742072;-4.098873;15.792154
1168;-8.274361;-3.4955344;18.282124
1169;5.7365074;-12.871228;28.376078
1170;2.3654714;-6.2823853;34.112587
1171;-3.6104562;-10.295067;30.731974
1172;11.674128;-9.595961;35.616146
1173;4.213795;-10.093954;34.48608
1174;0.009576807;-17.84159;26.987442
1175;6.3111157;-6.742072;9.509769
1176;1.8100165;-1.4077905;15.380352
1177;-2.1452048;-0.81402856;9.883265
1178;0.7469909;-0.009576807;8.724471
1179;-0.30645782;0.49799395;9.097966
1180;-2.5953147;0.641646;5.48751
1181;3.2848446;0.12449849;4.405331
1182;-1.4748282;1.388637;9.452309
1183;-3.122039;1.1109096;8.714894
1184;2.1260512;1.1300632;3.1794999
1185;-4.9895163;2.0685902;4.405331
1186;0.22026655;1.7908629;5.1140146
1187;0.46926352;1.292869;2.920926
1188;-6.1387334;1.9057846;7.374141
1189;0.21068975;0.46926352;7.201759
1190;-0.90979666;1.8866309;3.8402996
1191;-2.528277;1.1204864;8.389283
1192;-1.2258313;0.7565677;10.189722
1193;4.8458643;-0.7565677;8.130709
1194;-4.2425256;1.0055647;9.710882
1195;0.6607997;-1.8866309;14.5567465
1196;2.6623523;0.17238252;6.215348
1197;-2.5187001;1.7238252;6.5984197
1198;3.6487634;-0.038307227;13.455414
1199;-0.095768064;0.7565677;12.938266
1200;-0.50757074;0.32561144;6.483498
1201;0.6895301;0.9576807;8.130709
1202;-1.4077905;0.92895025;11.166556
1203;2.1547816;-0.40222588;11.568783
1204;0.06703765;-1.283292;11.463438
1205;-2.3942018;-0.91937345;12.545617
1206;3.3901896;-1.5035586;12.200851
1207;1.541866;-1.043872;10.151415
1208;2.2505496;-1.0534488;11.750742
1209;1.5705963;-0.02873042;14.33648
1210;1.0821792;-1.5131354;10.994174
1211;-1.0247183;1.1971009;6.1770406
1212;2.777274;1.13964;9.615114
1213;1.292869;0.10534488;12.124237
1214;-5.659893;0.2873042;8.0445175
1215;2.6719291;-0.076614454;5.133168
1216;-2.1547816;1.7717092;9.260772
1217;-3.7445314;1.4939818;11.022904
1218;5.353435;-0.17238252;7.843405
1219;1.4269443;0.58418524;13.599066
1220;-2.2122424;0.4405331;11.836933
1221;2.681506;1.3599066;5.0374002
1222;0.45968673;2.030283;5.305551
1223;-2.4133554;0.9672575;15.150508
1224;-1.436521;-0.60333884;9.643845
1225;-5.535394;0.7565677;5.9184666
1226;0.641646;-1.6376339;10.783484
1227;-2.27928;-0.095768064;13.139379
1228;0.038307227;0.05746084;9.739613
1229;5.305551;-1.1109096;13.158532
1230;-4.548983;-0.8810662;17.956512
1231;-0.2777274;-0.7661445;11.195287
1232;3.6296098;0.6991069;3.8881836
1233;-3.2848446;1.4748282;12.124237
1234;-0.8714894;0.45968673;13.713987
1235;0.9959879;1.0247183;2.4037786
1236;-3.964798;2.7102363;4.0797195
1237;-0.4213795;0.545878;11.33894
1238;2.4516625;1.340753;10.572795
1239;-1.5801731;-0.34476504;7.1826053
1240;-0.47884035;-0.05746084;11.836933
1241;1.0151415;0.7661445;9.844957
1242;3.7349546;1.6759412;4.050989
1243;0.7278373;2.4133554;11.176133
1244;2.72939;-1.340753;12.210428
1245;-3.323152;-0.15322891;8.303091
1246;1.4460979;0.076614454;7.4507556
1247;-1.8004397;2.0685902;10.266336
1248;-1.7142484;-1.4460979;8.724471
1249;4.1276035;-1.8866309;15.437813
1250;-3.3806129;-0.9672575;16.950949
1251;0.2777274;-0.90979666;11.281479
1252;5.3438582;-0.2777274;5.947197
1253;-4.367024;0.62249243;13.484144
1254;-0.7374141;-2.2409728;14.116213
1255;1.532289;-0.7182605;7.335834
1256;-3.371036;0.7757214;8.178593
1257;4.2904096;0.49799395;9.969456
1258;-2.6048915;-0.05746084;8.887277
1259;0.8331822;-2.2505496;7.326257
1260;2.6431987;0.06703765;11.224017
1261;-0.15322891;0.7086837;9.308656
1262;3.5051112;0.0;6.38773
1263;-1.7142484;-0.6895301;7.7572136
1264;-2.3750482;-0.47884035;9.184157
1265;1.8100165;0.9672575;9.059659
1266;-0.22984336;1.5131354;9.289502
1267;1.5131354;-3.514688;8.992621
1268;1.2258313;-1.6663644;12.890382
1269;-0.91937345;0.39264908;12.459426
1270;5.535394;-0.8714894;7.28795
1271;0.33518824;0.009576807;14.441825
1272;-1.8100165;-2.0973208;17.946936
1273;2.2026656;-3.0071173;11.425131
1274;0.22026655;0.82360536;7.5848308
1275;2.882619;0.5267244;13.713987
1276;-0.50757074;-0.047884032;14.537593
1277;-0.29688102;-1.2258313;7.0006456
1278;-0.48841715;0.25857377;8.858546
1279;0.81402856;1.1492168;12.53604
1280;2.1452048;0.4213795;6.090849
1281;1.9632454;0.41180268;10.97502
1282;2.4037786;0.019153614;13.01488
1283;1.4173675;2.384625;5.650316
1284;2.0398598;3.2273839;3.8498764
1285;0.93852705;0.5363012;8.1881695
1286;-2.7006595;0.2873042;13.302185
1287;0.4213795;0.47884035;8.6095495
1288;-0.59376204;1.5610195;7.5082164
1289;-2.825158;1.3311762;8.66701
1290;2.9400797;0.18195933;7.52737
1291;3.1411927;0.6991069;9.548077
1292;0.58418524;0.59376204;12.909535
1293;0.90021986;0.8523358;10.362105
1294;0.33518824;0.7086837;6.033388
1295;-0.6512229;0.2777274;9.375694
1296;0.009576807;-0.16280572;13.867216
1297;0.6607997;-0.81402856;13.522451
1298;0.7469909;0.4309563;9.270349
1299;-2.2984335;0.60333884;7.8050976
1300;-1.3790601;-0.35434186;11.473015
1301;2.5187001;-0.12449849;11.310209
1302;2.183512;1.2258313;11.501745
1303;-0.9672575;0.6799533;9.222465
1304;-0.11492168;1.3599066;8.350976
1305;2.4229321;0.21068975;8.724471
1306;-1.091756;0.7182605;13.168109
1307;-0.7469909;-0.08619126;10.898406
1308;0.39264908;0.30645782;8.149862
1309;-2.3750482;1.1013328;8.599973
1310;0.19153613;-0.009576807;11.501745
1311;0.20111294;0.25857377;10.007763
1312;1.8866309;1.091756;9.251195
1313;1.532289;0.9864111;9.375694
1314;-0.12449849;0.16280572;9.691729
1315;2.3750482;0.0;8.475474
1316;-0.7565677;0.50757074;10.180145
1317;-0.8810662;-0.2777274;11.061212
1318;0.29688102;-0.41180268;9.433155
1319;-1.6376339;-0.18195933;9.270349
1320;1.5801731;-0.94810385;9.749189
1321;-2.4708161;0.06703765;10.97502
1322;0.30645782;-0.51714754;11.63582
1323;5.2289367;-0.4309563;9.959879
1324;-0.5746084;0.545878;9.758766
1325;-0.90021986;0.6991069;8.63828
1326;2.930503;1.0342951;7.374141
1327;-0.61291564;0.8714894;11.022904
1328;-0.46926352;-0.019153614;13.024457
1329;-2.6144683;1.388637;4.855441
1330;-0.2681506;1.3694834;4.759673
1331;-1.9919758;1.0247183;13.01488
1332;-3.6583402;0.7182605;10.994174
1333;5.0661306;0.36391866;4.146757
1334;0.90021986;1.0726024;11.386824
1335;-1.1300632;0.019153614;13.426683
1336;2.4995465;0.038307227;8.743625
1337;1.6759412;0.7565677;7.575254
1338;-3.9935284;-0.89064306;16.711529
1339;-2.2697031;-0.8619126;14.81532
1340;1.0534488;0.45968673;1.3790601
1341;-2.9879637;0.8714894;9.375694
1342;-2.5187001;-0.41180268;18.176779
1343;1.0055647;0.92895025;11.769896
1344;5.3247046;1.8291701;1.5801731
1345;-1.5897499;2.0685902;12.344504
1346;3.1316159;0.05746084;11.281479
1347;3.6774938;2.078167;6.4164605
1348;-2.6623523;2.2026656;6.5696893
1349;0.24899697;-1.733402;17.113754
1350;-7.240066;0.7182605;10.802638
1351;0.2873042;1.7238252;1.292869
1352;0.842759;2.0398598;5.1810527
1353;-6.483498;1.0247183;18.090588
1354;9.576807;-0.7182605;13.522451
1355;1.5227122;2.2026656;4.807557
1356;-0.15322891;1.6567876;5.813122
1357;2.585738;0.80445176;11.980585
1358;2.183512;0.7086837;8.7053175
1359;-2.2218192;0.8714894;7.2113357
1360;-1.5514427;-0.16280572;16.041151
1361;-6.1770406;1.2162545;10.132261
1362;3.083732;0.6799533;6.4068837
1363;-2.4612393;2.0398598;9.490616
1364;-2.327164;0.6799533;17.659632
1365;8.025364;0.18195933;9.653421
1366;-0.32561144;1.7908629;9.595961
1367;-0.25857377;0.6703765;7.3071036
1368;2.930503;0.7182605;11.999739
1369;-1.6472107;0.5554548;12.650962
1370;0.32561144;0.10534488;9.864111
1371;-6.3781533;1.1492168;6.981492
1372;-1.4939818;0.4405331;11.616667
1373;0.11492168;0.11492168;12.459426
1374;-3.9935284;1.4652514;7.469909
1375;3.3327289;0.33518824;7.3549876
1376;3.064578;1.1300632;12.047623
1377;-0.2777274;0.6799533;15.571888
1378;6.1100025;0.19153613;7.153875
1379;1.388637;1.5705963;2.681506
1380;-4.55856;0.06703765;12.229582
1381;4.817134;-0.6895301;11.18571
1382;-5.1906295;1.0055647;7.967903
1383;-3.371036;0.41180268;3.4284968
1384;1.6759412;0.9576807;5.133168
1385;0.10534488;1.0151415;10.936713
1386;3.916914;-1.8483237;15.638926
1387;1.1971009;-0.19153613;12.4785795
1388;2.078167;0.019153614;5.899313
1389;1.6472107;0.9864111;8.686164
1390;-2.0111294;-0.29688102;16.156073
1391;1.6280571;-2.920926;14.010868
1392;-2.4133554;-0.17238252;11.415554
1393;-1.541866;-0.17238252;8.513782
1394;1.3982137;1.5897499;6.129156
1395;-0.7757214;0.9959879;11.21444
1396;2.5761611;-1.0055647;12.583924
1397;-1.9057846;0.095768064;12.871228
1398;1.5705963;-0.545878;7.97748
1399;-1.9919758;1.388637;6.081272
1400;-0.9576807;0.36391866;8.015787
1401;-0.18195933;0.29688102;13.733141
1402;0.076614454;-2.0111294;11.549629
1403;-1.8100165;-0.1436521;6.291962
1404;1.0726024;0.79487497;7.517793
1405;3.2752678;1.1204864;11.750742
1406;0.076614454;-0.30645782;14.077906
1407;2.2218192;-1.541866;8.456321
1408;-5.2959743;-0.8714894;6.1387334
1409;-7.1730285;-0.009576807;10.141838
1410;2.3942018;-0.94810385;12.813767
1411;-2.27928;1.0821792;7.249643
1412;-3.2465374;1.0534488;5.085284
1413;3.8115692;2.3175871;8.034941
1414;2.5761611;-0.22026655;11.81778
1415;-0.6703765;-1.1971009;13.340492
1416;1.1492168;-1.6759412;13.733141
1417;-2.3463178;0.9672575;9.595961
1418;-3.8019924;1.0247183;6.1195793
1419;-2.27928;0.22026655;13.445837
1420;-4.5298295;-0.29688102;13.857639
1421;-0.63206923;0.17238252;6.4068837
1422;3.466804;0.6895301;11.884817
1423;-0.5554548;2.9017725;13.168109
1424;3.5529952;1.0151415;8.542512
1425;4.2042184;0.4405331;5.209783
1426;-5.4204726;0.33518824;17.046717
1427;-2.1260512;-1.6376339;16.16565
1428;-2.6048915;-0.6799533;6.3302693
1429;-6.14831;2.030283;1.7142484
1430;1.091756;1.8100165;6.14831
1431;0.4213795;0.545878;12.98615
1432;0.9768343;-0.93852705;13.350069
1433;1.8770541;0.7565677;10.965444
1434;-3.6487634;2.2026656;9.002198
1435;4.6926355;0.4213795;9.481039
1436;0.89064306;0.9768343;8.887277
1437;-6.339846;-0.18195933;16.452953
1438;1.9919758;-2.0973208;12.325351
1439;-6.3781533;0.58418524;7.7189064
1440;-2.8634653;2.4420857;3.265691
1441;1.1971009;2.3463178;7.2687964
1442;-2.3558946;1.0055647;11.36767
1443;1.0534488;-0.06703765;12.0571995
1444;-1.3120226;-0.17238252;6.981492
1445;-0.82360536;0.80445176;6.493075
1446;0.7757214;-0.009576807;10.199299
1447;-2.0015526;-0.545878;11.798626
1448;-1.9632454;-1.2258313;7.086837
1449;-1.8004397;-0.19153613;7.0006456
1450;0.24899697;-0.7086837;11.87524
1451;1.283292;-0.91937345;13.034034
1452;0.6607997;-0.45010993;11.089942
1453;-2.0111294;0.047884032;7.153875
1454;-0.8523358;-0.08619126;8.580819
1455;-0.7086837;-0.6703765;12.928689
1456;-2.9400797;-1.9632454;13.713987
1457;0.36391866;-0.4405331;9.749189
1458;-1.9632454;1.3599066;6.6367273
1459;2.078167;-0.038307227;9.787497
1460;3.371036;0.25857377;13.148955
1461;-0.81402856;-1.5705963;14.958972
1462;1.1587936;-1.8770541;11.520899
1463;-6.157887;0.9864111;9.107543
1464;-0.80445176;0.16280572;7.1634517
1465;1.0342951;-0.2777274;7.642292
1466;-2.5953147;-0.6799533;16.089035
1467;2.0590134;-1.9919758;9.959879
1468;-1.7429788;0.641646;3.7541082
1469;1.0247183;0.36391866;7.1826053
1470;3.6487634;0.5267244;10.563218
1471;1.1492168;-0.4213795;9.461885
1472;-1.1013328;-0.7374141;8.944737
1473;-2.7485435;-0.51714754;10.879252
1474;-1.7621324;-1.0342951;8.178593
1475;-2.0207062;-1.1875241;9.481039
1476;-2.8538885;-0.48841715;13.292608
1477;1.1587936;-1.3982137;10.907983
1478;1.340753;-0.21068975;12.555194
1479;-0.63206923;-1.1683705;11.501745
1480;3.8115692;0.37349546;10.697293
1481;4.4915223;0.82360536;10.773908
1482;-2.4420857;0.60333884;10.419566
1483;-1.0726024;0.63206923;8.66701
1484;-5.583278;1.9440918;5.0374002
1485;-2.767697;1.3215994;5.851429
1486;-1.2545617;1.6089035;7.872135
1487;0.36391866;0.4405331;10.984597
1488;3.2848446;-0.8810662;10.400413
1489;-1.13964;1.2449849;12.804191
1490;4.271256;-1.0247183;10.67814
1491;-0.11492168;0.50757074;11.18571
1492;-0.7182605;0.30645782;10.065224
1493;0.23942018;-0.24899697;10.505757
1494;-3.8115692;-0.9768343;11.329363
1495;-3.3614593;-0.50757074;10.5919485
1496;-2.3175871;0.076614454;9.509769
1497;1.1300632;-0.08619126;10.43872
1498;-0.5363012;1.685518;10.036493
1499;-2.4037786;2.6144683;8.236053
1500;3.5242648;1.6663644;7.536947
1501;-0.36391866;2.2026656;10.46745
1502;-0.095768064;1.8579005;9.299079
1503;1.3790601;2.5187001;5.9663506
1504;-1.8387469;1.982399;10.132261
1505;0.38307226;-0.076614454;12.842498
1506;-0.019153614;-0.8714894;12.641385
1507;-0.9864111;-0.46926352;10.036493
1508;-1.0630256;-0.095768064;8.274361
1509;-1.340753;0.46926352;12.804191
1510;0.5554548;-1.8770541;13.656527
1511;0.12449849;-1.5610195;11.9135475
1512;-0.842759;0.94810385;11.18571
1513;1.7142484;-0.7278373;6.033388
1514;0.6703765;0.93852705;10.160992
1515;-1.1587936;0.23942018;12.229582
1516;1.3311762;-0.7374141;9.682152
1517;-2.2026656;-1.0726024;10.01734
1518;-3.514688;0.02873042;11.118672
1519;1.4748282;0.06703765;6.3589997
1520;-1.1013328;1.532289;6.483498
1521;-3.2848446;0.91937345;10.189722
1522;1.4077905;0.20111294;7.967903
1523;0.29688102;0.9576807;8.169016
1524;0.7469909;-0.35434186;10.46745
1525;1.091756;-0.90979666;9.442732
1526;-1.091756;-1.2641385;7.795521
1527;0.6895301;-2.8921957;12.583924
1528;-2.825158;-2.777274;14.441825
1529;-0.81402856;-3.0550013;12.248735
1530;1.3694834;-1.9153614;8.303091
1531;-0.8714894;-1.1779473;10.457873
1532;1.2354081;-2.0111294;12.29662
1533;1.0630256;-3.4284968;11.271901
1534;0.2873042;-2.4708161;10.534488
1535;1.1204864;-1.5035586;9.385271
1536;1.0342951;-1.5035586;9.701305
1537;0.24899697;-2.1260512;9.921572
1538;-2.9879637;-1.8866309;13.081918
1539;-1.283292;-2.2888567;10.247183
1540;-0.16280572;-0.17238252;7.2304893
1541;-0.22026655;0.8619126;7.920019
1542;0.9864111;0.91937345;7.575254
1543;3.6870706;0.6895301;10.218452
1544;0.33518824;-0.4309563;11.080365
1545;-1.733402;-0.2777274;9.337387
1546;-0.29688102;0.41180268;9.184157
1547;-2.8634653;-0.6799533;11.099519
1548;-2.1739352;-0.61291564;11.712435
1549;2.777274;-0.94810385;12.488156
1550;-0.7661445;-0.5267244;13.828909
1551;-2.0973208;-0.18195933;12.947843
1552;3.3997664;-0.1436521;11.109096
1553;-1.7525556;-0.4309563;14.566323
1554;0.019153614;-0.51714754;12.0093155
1555;4.9416323;-0.59376204;6.789956
1556;-3.1507695;1.1013328;12.344504
1557;-4.309563;0.23942018;16.01242
1558;3.572149;0.5554548;5.1906295
1559;-6.3781533;3.323152;0.58418524
1560;2.3654714;-0.9672575;13.062764
1561;-1.0630256;1.8674773;9.701305
1562;-0.23942018;3.2944214;2.4612393
1563;0.79487497;3.6008794;6.445191
1564;-1.7525556;2.7964275;13.024457
1565;3.8307228;1.2641385;8.820239
1566;0.34476504;2.336741;8.111555
1567;-2.0590134;2.825158;7.795521
1568;-2.719813;1.7238252;7.2687964
1569;0.10534488;0.93852705;10.515334
1570;-1.8962077;0.8810662;13.857639
1571;-0.545878;1.1492168;10.400413
1572;1.5993267;-0.16280572;11.597513
1573;-4.185065;2.1643584;13.139379
1574;2.9592333;-0.33518824;14.451402
1575;5.48751;-0.038307227;13.819332
1576;-5.45878;0.7565677;14.891934
1577;2.7868507;1.6089035;10.611102
1578;-0.08619126;3.3327289;4.7405195
1579;-3.8115692;1.8291701;10.697293
1580;-0.6512229;1.1587936;12.26789
1581;-1.982399;2.3942018;3.7253778
1582;-0.9864111;2.5474305;4.8745947
1583;-1.9440918;1.982399;11.769896
1584;1.4077905;2.2409728;12.066776
1585;2.1643584;1.283292;7.5848308
1586;0.50757074;1.484405;14.365211
1587;1.1109096;2.825158;13.168109
1588;2.9017725;0.7182605;7.7093296
1589;-2.834735;1.2641385;7.249643
1590;-2.0111294;0.076614454;13.541605
1591;-0.36391866;0.38307226;11.425131
1592;-4.405331;1.685518;6.895301
1593;0.11492168;1.8195933;7.2113357
1594;0.90021986;1.5514427;11.444284
1595;2.5474305;1.1779473;10.25676
1596;2.1739352;1.8579005;6.8569937
1597;1.340753;3.0262709;9.241618
1598;3.083732;0.59376204;10.965444
1599;-0.80445176;2.2984335;9.500193
1600;-0.29688102;0.6895301;3.86903
1601;-0.6512229;1.5801731;4.76925
1602;-2.5953147;0.5554548;11.377247
1603;0.30645782;-0.15322891;13.139379
1604;0.32561144;0.1340753;8.8777
1605;-0.40222588;1.2545617;9.050082
1606;1.0821792;1.1300632;11.626244
1607;4.673482;-1.283292;12.603078
1608;0.50757074;0.8714894;12.344504
1609;-1.5514427;0.6703765;12.095507
1610;1.0055647;0.7182605;8.552089
1611;-4.3766007;2.1164744;8.159439
1612;-0.89064306;1.4939818;9.500193
1613;3.4380736;-0.41180268;12.880805
1614;-2.834735;0.2777274;12.0093155
1615;-0.16280572;1.5993267;10.534488
1616;-0.22984336;1.0726024;9.14585
1617;-0.7086837;0.9768343;13.43626
1618;2.7006595;-0.32561144;12.497733
1619;-1.091756;0.41180268;12.679692
1620;1.3311762;0.842759;8.954314
1621;-2.231396;1.3503298;9.279925
1622;-2.27928;1.388637;6.8186865
1623;-1.2162545;1.5035586;5.9567738
1624;-1.6376339;0.80445176;9.548077
1625;2.1164744;0.46926352;11.243171
1626;1.0630256;0.24899697;9.691729
1627;2.1164744;-0.45968673;9.835381
1628;0.24899697;0.641646;11.87524
1629;0.7661445;1.091756;10.390836
1630;-0.9864111;0.7374141;8.264784
1631;-3.7828386;0.90021986;9.844957
1632;0.5267244;-0.10534488;10.323798
1633;-1.3215994;0.38307226;10.036493
1634;-1.0247183;0.9864111;9.251195
1635;1.7429788;1.8962077;7.9391727
1636;-2.480393;2.7102363;6.0238113
1637;0.6607997;2.432509;7.7572136
1638;0.59376204;1.1779473;11.654974
1639;-0.23942018;0.7757214;10.218452
1640;1.283292;1.1875241;9.768343
1641;-1.2066777;0.7278373;10.496181
1642;0.36391866;1.1013328;11.128249
1643;0.61291564;1.283292;8.619126
1644;-1.6376339;1.1875241;10.170568
1645;0.48841715;0.15322891;12.0571995
1646;0.30645782;0.095768064;12.287044
1647;0.6512229;0.6703765;12.6222315
1648;0.8714894;1.2258313;9.576807
1649;0.10534488;2.0015526;7.747637
1650;1.8674773;2.1930888;11.597513
1651;-1.1013328;1.9153614;13.838486
1652;2.087744;1.0726024;9.500193
1653;0.5746084;1.8962077;8.513782
1654;-0.47884035;0.79487497;11.386824
1655;2.6527755;1.6759412;12.0093155
1656;-0.9672575;3.620033;7.967903
1657;-2.7868507;2.0590134;7.3549876
1658;2.825158;1.8770541;9.739613
1659;-0.02873042;1.5035586;9.835381
1660;-0.38307226;0.9959879;8.331821
1661;2.4995465;2.3175871;10.113108
1662;-0.4405331;2.7102363;8.590396
1663;-0.31603462;2.2409728;6.167464
1664;-0.545878;2.0494366;9.77792
1665;-2.1068976;1.0534488;11.434708
1666;-1.0055647;0.47884035;8.312668
1667;-3.2944214;1.1875241;8.37013
1668;0.20111294;0.62249243;11.243171
1669;0.82360536;0.21068975;11.990162
1670;0.23942018;1.3790601;12.5743475
1671;2.1739352;1.4939818;10.381259
1672;-3.0454245;2.3750482;9.308656
1673;0.7278373;1.6089035;10.6398325
1674;-2.0494366;0.8331822;10.43872
1675;-2.777274;0.9768343;11.051635
1676;1.3024458;1.8291701;9.816227
1677;-2.2026656;2.2122424;9.212888
1678;3.016694;1.6950948;7.52737
1679;3.0550013;2.9496565;11.405977
1680;-0.6991069;2.930503;10.036493
1681;1.1779473;2.4420857;6.9144545
1682;-3.074155;1.3120226;9.557653
1683;-1.9153614;0.41180268;12.095507
1684;-1.043872;0.9576807;9.251195
1685;-4.012682;1.1683705;8.762778
1686;-0.91937345;0.7757214;9.394848
1687;2.183512;0.7757214;11.003751
1688;1.340753;0.61291564;10.888829
1689;2.3463178;-0.02873042;11.386824
1690;1.484405;-0.05746084;12.631808
1691;1.2066777;-0.095768064;12.152967
1692;0.10534488;0.29688102;9.375694
1693;-2.1452048;0.30645782;8.916007
1694;-0.25857377;0.50757074;9.682152
1695;-2.873042;0.89064306;9.32781
1696;-1.2641385;0.94810385;8.303091
1697;-0.076614454;1.532289;9.423578
1698;1.5897499;1.2162545;10.036493
1699;2.0685902;0.9864111;9.883265
1700;1.5705963;1.2162545;10.218452
1701;1.5897499;0.8331822;9.988609
1702;-1.7142484;0.9768343;9.969456
1703;-1.388637;1.13964;8.954314
1704;-0.90021986;1.3982137;8.695741
1705;-2.7006595;1.6184803;8.236053
1706;-0.38307226;1.13964;8.791509
1707;-0.08619126;0.94810385;9.720459
1708;1.9536686;0.47884035;11.884817
1709;1.6759412;0.48841715;11.60709
1710;2.7006595;0.08619126;11.568783
1711;0.40222588;0.63206923;11.252748
1712;0.89064306;0.7661445;11.473015
1713;-0.20111294;1.3120226;9.883265
1714;-0.33518824;0.7757214;8.944737
1715;-0.7086837;1.0821792;10.28549
1716;0.8523358;0.78529817;10.409989
1717;0.22026655;0.8523358;9.835381
1718;-0.7182605;1.0247183;10.802638
1719;1.6376339;0.94810385;10.352529
1720;-0.47884035;1.3790601;11.21444
1721;0.5554548;1.5035586;9.710882
1722;1.1779473;1.8195933;9.883265
1723;-0.047884032;1.8387469;9.77792
1724;1.2449849;1.8770541;8.303091
1725;-0.9864111;1.8866309;8.283937
1726;-1.5035586;1.5227122;9.165004
1727;-0.37349546;1.3790601;8.054094
1728;-1.3311762;1.3790601;8.456321
1729;-1.2162545;0.93852705;8.743625
1730;0.82360536;0.8619126;9.337387
1731;0.30645782;1.283292;10.352529
1732;0.5650316;1.5035586;10.266336
1733;1.8866309;1.436521;9.433155
1734;0.29688102;1.7717092;9.624691
1735;1.733402;1.2066777;9.988609
1736;-0.12449849;1.541866;10.658986
1737;-0.9959879;1.4939818;9.423578
1738;0.45010993;1.5514427;9.059659
1739;-2.183512;1.3024458;10.084377
1740;0.047884032;0.9768343;10.936713
1741;-0.8714894;0.8619126;11.425131
1742;-1.388637;0.7661445;11.386824
1743;0.8714894;0.9576807;12.488156
1744;0.095768064;1.3694834;11.310209
1745;1.4173675;1.3024458;11.176133
1746;0.45968673;1.7717092;11.147403
1747;-0.31603462;1.541866;9.864111
1748;-0.15322891;1.6567876;9.797073
1749;-0.91937345;1.9440918;9.710882
1750;0.842759;1.7717092;9.528923
1751;0.10534488;1.8866309;8.8777
1752;0.81402856;1.388637;9.835381
1753;1.1587936;1.2162545;10.534488
1754;0.46926352;1.1779473;9.634268
1755;0.20111294;1.340753;8.944737
1756;0.2681506;1.5897499;8.896853
1757;0.49799395;1.5035586;9.356541
1758;1.3215994;1.2545617;9.998186
1759;0.25857377;1.5227122;9.77792
1760;1.9153614;1.283292;9.299079
1761;1.283292;1.4556746;9.394848
1762;1.1492168;1.2641385;9.586384
1763;2.135628;1.2162545;9.816227
1764;0.06703765;1.1971009;9.557653
1765;0.7182605;1.2545617;9.270349
1766;0.48841715;1.1683705;9.835381
1767;0.2873042;1.1492168;9.902418
1768;0.29688102;0.92895025;9.461885
1769;-0.10534488;0.6703765;9.988609
1770;-0.06703765;0.46926352;10.764331
1771;0.047884032;0.30645782;10.036493
1772;0.05746084;0.02873042;11.032481
1773;-0.32561144;-0.17238252;11.520899
1774;0.06703765;-0.2777274;10.927136
1775;-0.47884035;-0.16280572;11.099519
1776;-1.1683705;-0.20111294;11.176133
1777;-0.91937345;-0.009576807;10.247183
1778;-0.9959879;0.41180268;9.586384
1779;-0.7565677;0.51714754;10.247183
1780;-0.23942018;0.9959879;10.0269165
1781;0.5363012;1.2066777;8.772355
1782;-0.25857377;1.292869;9.80665
1783;1.1587936;0.9576807;9.701305
1784;0.06703765;1.0247183;8.916007
1785;-0.62249243;0.59376204;9.77792
1786;0.038307227;0.30645782;10.496181
1787;-0.90021986;0.34476504;9.548077
1788;-0.47884035;0.2777274;9.77792
1789;-0.2681506;0.23942018;10.160992
1790;0.47884035;0.35434186;10.208876
1791;0.18195933;0.23942018;10.649409
1792;0.58418524;0.31603462;10.409989
1793;0.8331822;0.41180268;10.113108
1794;-0.23942018;0.49799395;10.25676
1795;0.48841715;0.50757074;10.342952
1796;-0.16280572;0.61291564;9.835381
1797;-0.019153614;0.59376204;9.653421
1798;0.009576807;0.7086837;9.749189
1799;0.15322891;0.8331822;9.643845
1800;0.1340753;0.94810385;9.662998
1801;-0.11492168;1.1013328;9.5385
1802;0.17238252;1.1875241;9.56723
1803;-0.06703765;1.13964;9.80665
1804;-0.25857377;1.3215994;9.720459
1805;-0.038307227;1.3503298;9.576807
1806;-0.29688102;1.4748282;9.77792
1807;-0.05746084;1.4077905;10.01734
1808;-0.17238252;1.4748282;9.835381
1809;-0.15322891;1.4939818;9.950302
1810;-0.19153613;1.6089035;10.055647
1811;-0.009576807;1.7238252;9.902418
1812;0.11492168;1.7429788;9.835381
1813;-0.009576807;1.8387469;10.04607
1814;0.22984336;1.9153614;10.007763
1815;0.29688102;1.9728222;9.77792
1816;0.33518824;2.1068976;9.691729
1817;0.40222588;2.1452048;9.720459
1818;0.47884035;2.1452048;9.701305
1819;0.30645782;2.2122424;9.662998
1820;0.5363012;2.135628;9.662998
1821;0.49799395;2.135628;9.634268
1822;0.7278373;2.0973208;9.816227
1823;0.7086837;2.030283;9.758766
1824;0.59376204;2.2122424;9.615114
1825;0.7374141;2.1643584;9.77792
1826;0.2681506;2.1068976;9.854534
1827;0.20111294;2.0494366;9.691729
1828;0.18195933;1.9440918;9.691729
1829;-0.20111294;1.8962077;9.864111
1830;0.08619126;1.8100165;9.844957
1831;0.02873042;1.6567876;10.103531
1832;-0.20111294;1.4269443;10.170568
1833;0.18195933;1.3599066;9.988609
1834;0.02873042;1.2737153;10.151415
1835;0.15322891;1.091756;10.553641
1836;0.047884032;0.8619126;10.362105
1837;-0.095768064;0.7661445;10.180145
1838;0.047884032;0.6895301;10.275913
1839;-0.23942018;0.5363012;10.0269165
1840;-0.019153614;0.51714754;10.055647
1841;-0.22984336;0.4213795;9.9790325
1842;-0.16280572;0.40222588;9.835381
1843;-0.08619126;0.46926352;10.055647
1844;-0.22984336;0.40222588;9.950302
1845;-0.038307227;0.36391866;9.950302
1846;-0.095768064;0.29688102;9.959879
1847;-0.05746084;0.24899697;9.998186
1848;-0.095768064;0.23942018;9.969456
1849;-0.1436521;0.19153613;10.01734
1850;-0.047884032;0.2681506;9.892841
1851;0.047884032;0.20111294;9.940725
1852;-0.009576807;0.18195933;9.883265
1853;0.08619126;0.19153613;9.873688
1854;0.095768064;0.12449849;9.940725
1855;0.12449849;0.095768064;9.950302
1856;0.11492168;0.019153614;9.940725
1857;0.11492168;0.047884032;9.902418
1858;0.1436521;0.0;9.969456
1859;0.076614454;-0.009576807;9.959879
1860;0.11492168;-0.038307227;9.931149
1861;0.1436521;-0.009576807;9.854534
1862;0.06703765;-0.02873042;9.864111
1863;0.12449849;-0.009576807;10.01734
1864;0.076614454;-0.06703765;9.825804
1865;0.095768064;-0.06703765;9.921572
1866;0.019153614;-0.08619126;9.921572
1867;0.1436521;-0.076614454;9.921572
1868;0.095768064;-0.10534488;9.959879
1869;0.06703765;-0.095768064;9.854534
1870;0.02873042;-0.095768064;9.921572
1871;0.10534488;-0.047884032;9.883265
1872;0.05746084;-0.038307227;9.883265
1873;0.10534488;-0.08619126;9.892841
1874;0.02873042;-0.02873042;9.883265
1875;0.095768064;-0.05746084;9.931149
1876;0.02873042;-0.06703765;9.988609
1877;0.11492168;-0.047884032;9.873688
1878;0.1436521;-0.038307227;9.911995
1879;0.10534488;-0.02873042;9.892841
1880;0.12449849;-0.076614454;9.940725
1881;0.06703765;-0.02873042;9.902418
1882;0.095768064;-0.02873042;9.873688
1883;0.10534488;-0.05746084;10.007763
1884;0.05746084;-0.02873042;9.931149
1885;0.16280572;0.019153614;9.911995
1886;0.095768064;-0.038307227;9.892841
1887;0.095768064;-0.08619126;9.883265
1888;0.11492168;0.0;9.931149
1889;0.095768064;-0.009576807;9.854534
1890;0.095768064;-0.019153614;9.950302
1891;0.08619126;-0.06703765;9.921572
1892;0.05746084;-0.009576807;9.892841
1893;0.08619126;-0.11492168;9.950302
1894;0.009576807;-0.047884032;9.911995
1895;0.1340753;0.0;9.940725
1896;0.095768064;-0.05746084;9.969456
1897;0.11492168;-0.02873042;9.902418
1898;0.11492168;-0.10534488;9.998186
1899;0.05746084;-0.06703765;9.921572
1900;0.08619126;-0.08619126;9.9790325
1901;0.076614454;-0.038307227;9.959879
1902;0.08619126;-0.095768064;9.873688
1903;0.1340753;-0.08619126;9.883265
1904;0.095768064;-0.06703765;9.892841
1905;0.095768064;-0.038307227;9.864111
1906;0.095768064;0.0;9.950302
1907;0.05746084;-0.095768064;9.892841
1908;0.11492168;-0.076614454;9.998186
1909;0.02873042;0.0;9.873688
1910;0.11492168;-0.019153614;9.911995
1911;0.11492168;-0.10534488;10.01734
1912;0.05746084;-0.038307227;9.998186
1913;0.06703765;-0.019153614;9.911995
1914;0.17238252;-0.06703765;9.931149
1915;0.009576807;-0.1436521;10.065224
1916;0.076614454;-0.1436521;9.883265
1917;0.10534488;-0.1436521;9.873688
1918;0.10534488;-0.05746084;9.80665
1919;0.038307227;-0.038307227;9.844957
1920;-0.1436521;-0.095768064;9.835381
1921;0.24899697;-0.10534488;9.969456
1922;-0.02873042;-0.11492168;9.758766
1923;0.08619126;-0.076614454;9.864111
1924;0.095768064;-0.06703765;9.969456
1925;0.095768064;-0.12449849;9.892841
1926;0.11492168;-0.19153613;10.007763
1927;0.02873042;-0.08619126;9.9790325
1928;0.095768064;-0.1436521;10.007763
1929;0.047884032;-0.076614454;9.883265
1930;0.10534488;-0.06703765;9.959879
1931;0.095768064;-0.12449849;9.969456
1932;0.02873042;-0.1340753;9.950302
1933;0.10534488;-0.047884032;9.9790325
1934;0.08619126;-0.10534488;9.911995
1935;0.076614454;-0.047884032;9.998186
1936;0.06703765;-0.06703765;9.959879
1937;0.047884032;-0.019153614;9.873688
1938;0.1340753;-0.019153614;9.921572
1939;0.10534488;-0.08619126;9.950302
1940;0.05746084;-0.02873042;9.835381
1941;0.16280572;-0.06703765;9.902418
1942;0.076614454;-0.076614454;9.940725
1943;0.1340753;-0.009576807;9.902418
1944;0.08619126;-0.02873042;9.998186
1945;0.047884032;-0.009576807;9.873688
1946;0.1340753;-0.019153614;10.055647
1947;0.076614454;-0.095768064;9.892841
1948;0.095768064;-0.047884032;9.892841
1949;0.05746084;-0.06703765;9.902418
1950;0.11492168;-0.08619126;9.940725
1951;0.06703765;-0.05746084;9.931149
1952;0.038307227;-0.047884032;9.902418
1953;0.11492168;-0.009576807;9.969456
1954;0.076614454;-0.076614454;9.950302
1955;0.06703765;-0.05746084;9.844957
1956;0.11492168;-0.05746084;9.911995
1957;0.019153614;-0.06703765;9.940725
1958;0.076614454;-0.095768064;9.940725
1959;0.06703765;-0.05746084;9.825804
1960;0.08619126;-0.06703765;9.931149
1961;0.11492168;-0.038307227;9.969456
1962;0.047884032;-0.02873042;9.854534
1963;0.10534488;-0.06703765;9.864111
1964;0.095768064;-0.038307227;9.921572
1965;0.12449849;-0.05746084;9.844957
1966;0.1340753;-0.06703765;9.911995
1967;0.05746084;-0.076614454;9.931149
1968;0.1340753;-0.047884032;9.835381
1969;0.11492168;-0.047884032;9.873688
1970;0.08619126;-0.019153614;9.998186
1971;0.05746084;-0.019153614;10.065224
1972;0.095768064;-0.076614454;9.873688
1973;0.08619126;-0.10534488;9.892841
1974;0.095768064;-0.076614454;9.931149
1975;0.038307227;-0.095768064;9.921572
1976;0.10534488;-0.05746084;10.065224
1977;0.047884032;-0.095768064;9.816227
1978;0.10534488;0.038307227;9.835381
1979;0.095768064;-0.11492168;10.055647
1980;-0.076614454;-0.06703765;10.04607
1981;0.11492168;-0.02873042;9.787497
1982;0.05746084;-0.02873042;9.672575
1983;0.047884032;-0.12449849;10.0269165
1984;0.02873042;-0.10534488;10.275913
1985;-0.009576807;-0.047884032;9.873688
1986;0.22026655;-0.02873042;9.595961
1987;0.038307227;0.0;9.749189
1988;-0.076614454;-0.11492168;10.228029
